-9.99995733333 969.55227273
-9.99495466667 970.561385806
-9.989952 969.857155556
-9.98494933333 969.90798232
-9.97994666667 969.27604748
-9.974944 969.793816412
-9.96994133333 969.171886735
-9.96493866667 969.521060344
-9.959936 969.604059235
-9.95493333333 969.745329225
-9.94993066667 969.144573485
-9.944928 968.772288683
-9.93992533333 968.969453181
-9.93492266667 969.162222317
-9.92992 968.525344475
-9.92491733333 968.396146052
-9.91991466667 968.179824355
-9.914912 967.985001246
-9.90990933333 967.697183994
-9.90490666667 968.007908858
-9.899904 967.642248867
-9.89490133333 967.74421687
-9.88989866667 966.983814758
-9.884896 966.703472371
-9.87989333333 965.49909011
-9.87489066667 964.425375311
-9.869888 963.50032842
-9.86488533333 964.801601902
-9.85988266667 965.606576144
-9.85488 965.584985496
-9.84987733333 966.10173992
-9.84487466667 965.983169901
-9.839872 965.461341839
-9.83486933333 963.681492129
-9.82986666667 964.669862781
-9.824864 964.794539963
-9.81986133333 965.002109136
-9.81485866667 964.613721453
-9.809856 964.415962698
-9.80485333333 964.580543938
-9.79985066667 964.379946747
-9.794848 964.854916093
-9.78984533333 963.907162474
-9.78484266667 963.321320774
-9.77984 963.700746406
-9.77483733333 964.02057512
-9.76983466667 963.459649298
-9.764832 963.357660889
-9.75982933333 962.960396653
-9.75482666667 963.841221405
-9.749824 963.645412298
-9.74482133333 964.181288316
-9.73981866667 963.627425447
-9.734816 965.13407994
-9.72981333333 965.325304332
-9.72481066667 966.103048769
-9.719808 966.139383689
-9.71480533333 965.884438727
-9.70980266667 963.341609092
-9.7048 963.688457045
-9.69979733333 964.347034541
-9.69479466667 964.811997361
-9.689792 963.941138921
-9.68478933333 963.90628442
-9.67978666667 963.294220023
-9.674784 963.178946717
-9.66978133333 962.695800424
-9.66477866667 962.652627733
-9.659776 962.194827403
-9.65477333333 965.115357392
-9.64977066667 964.982117184
-9.644768 965.075020726
-9.63976533333 964.20158581
-9.63476266667 963.78162922
-9.62976 963.282516529
-9.62475733333 963.488724081
-9.61975466667 962.502211609
-9.614752 962.581693933
-9.60974933333 961.858217693
-9.60474666667 962.173259008
-9.599744 961.525386814
-9.59474133333 961.633097983
-9.58973866667 961.116729503
-9.584736 961.268696947
-9.57973333333 960.951679451
-9.57473066667 961.579539687
-9.569728 960.566880585
-9.56472533333 960.825511446
-9.55972266667 959.965459686
-9.55472 958.136111191
-9.54971733333 957.584479339
-9.54471466667 958.463134989
-9.539712 957.9477854
-9.53470933333 958.082687167
-9.52970666667 957.900377078
-9.524704 957.907031313
-9.51970133333 957.579189121
-9.51469866667 958.112172133
-9.509696 957.30018774
-9.50469333333 957.563782473
-9.49969066667 957.376408867
-9.494688 958.096412053
-9.48968533333 957.518285888
-9.48468266667 957.548910021
-9.47968 956.905166967
-9.47467733333 957.351850269
-9.46967466667 956.922209004
-9.464672 956.982100545
-9.45966933333 956.64752176
-9.45466666667 956.867792249
-9.449664 956.572650064
-9.44466133333 956.287215874
-9.43965866667 956.609289459
-9.434656 957.159069059
-9.42965333333 956.5750691
-9.42465066667 956.57855236
-9.419648 956.032000741
-9.41464533333 955.994292534
-9.40964266667 955.285767419
-9.40464 955.872474532
-9.39963733333 955.382407798
-9.39463466667 955.428812223
-9.389632 955.03663389
-9.38462933333 955.217400718
-9.37962666667 954.451144711
-9.374624 954.579741017
-9.36962133333 954.037182178
-9.36461866667 956.209302314
-9.359616 955.808183751
-9.35461333333 955.952041286
-9.34961066667 955.572892934
-9.344608 955.623462592
-9.33960533333 955.684871509
-9.33460266667 955.173077884
-9.3296 954.926686637
-9.32459733333 955.185470875
-9.31959466667 955.222338728
-9.314592 955.217128248
-9.30958933333 955.484052196
-9.30458666667 956.915153792
-9.299584 955.832806299
-9.29458133333 956.550972935
-9.28957866667 956.128753588
-9.284576 957.006864516
-9.27957333333 956.444500972
-9.27457066667 956.71166191
-9.269568 955.669577512
-9.26456533333 955.37212682
-9.25956266667 955.012855951
-9.25456 955.121299188
-9.24955733333 955.285667913
-9.24455466667 955.991221268
-9.239552 955.974239131
-9.23454933333 956.43648955
-9.22954666667 955.863343103
-9.224544 955.765608633
-9.21954133333 955.240832312
-9.21453866667 955.576925997
-9.209536 955.08810682
-9.20453333333 955.81704156
-9.19953066667 955.409756787
-9.194528 955.393279489
-9.18952533333 954.565503057
-9.18452266667 955.195385242
-9.17952 955.593452084
-9.17451733333 957.689555862
-9.16951466667 957.865925827
-9.164512 957.857031186
-9.15950933333 957.680735909
-9.15450666667 959.315577321
-9.149504 959.954673053
-9.14450133333 960.469968155
-9.13949866667 961.514513589
-9.134496 963.487920018
-9.12949333333 965.805556823
-9.12449066667 972.177134057
-9.119488 975.468267226
-9.11448533333 978.202801108
-9.10948266667 978.800904963
-9.10448 979.431391635
-9.09947733333 961.008877675
-9.09447466667 958.575860629
-9.089472 957.681236146
-9.08446933333 960.095320701
-9.07946666667 957.220461635
-9.074464 957.017768346
-9.06946133333 955.078158101
-9.06445866667 955.368453505
-9.059456 956.124759192
-9.05445333333 957.455949765
-9.04945066667 958.239815003
-9.044448 959.494302508
-9.03944533333 959.985580145
-9.03444266667 960.47682217
-9.02944 963.257701373
-9.02443733333 968.087457596
-9.01943466667 966.949169218
-9.014432 970.486541565
-9.00942933333 976.252210582
-9.00442666667 991.836145764
-8.999424 991.593692332
-8.99442133333 988.7167524
-8.98941866667 979.40179047
-8.984416 989.222059661
-8.97941333333 991.424647929
-8.97441066667 991.980156909
-8.969408 992.072692986
-8.96440533333 992.347736829
-8.95940266667 991.215784898
-8.9544 990.799152254
-8.94939733333 989.279531567
-8.94439466667 986.451815482
-8.939392 974.525393765
-8.93438933333 971.655056944
-8.92938666667 970.594982133
-8.924384 969.844137189
-8.91938133333 968.498096101
-8.91437866667 968.068983152
-8.909376 967.295071559
-8.90437333333 966.757078159
-8.89937066667 965.377357104
-8.894368 964.372873841
-8.88936533333 962.289662546
-8.88436266667 961.801764857
-8.87936 960.587178983
-8.87435733333 960.776982538
-8.86935466667 959.782604829
-8.864352 959.152552699
-8.85934933333 957.896256114
-8.85434666667 958.123520625
-8.849344 957.066989115
-8.84434133333 957.32340208
-8.83933866667 956.177738062
-8.834336 956.514664483
-8.82933333333 955.613415634
-8.82433066667 955.708860285
-8.819328 954.835285694
-8.81432533333 954.343937446
-8.80932266667 954.244881317
-8.80432 954.476559973
-8.79931733333 954.101835604
-8.79431466667 954.575606834
-8.789312 953.582691564
-8.78430933333 953.593096635
-8.77930666667 952.788181537
-8.774304 953.134440511
-8.76930133333 952.071397094
-8.76429866667 952.124728553
-8.759296 951.819997435
-8.75429333333 952.399967174
-8.74929066667 951.17511711
-8.744288 951.478595255
-8.73928533333 950.976629447
-8.73428266667 951.592811808
-8.72928 950.824446583
-8.72427733333 950.462041159
-8.71927466667 950.29304766
-8.714272 950.736941475
-8.70926933333 949.545231859
-8.70426666667 950.223882999
-8.699264 949.732768409
-8.69426133333 950.221815183
-8.68925866667 949.697874963
-8.684256 949.982764697
-8.67925333333 949.387015193
-8.67425066667 950.126931399
-8.669248 949.599091608
-8.66424533333 950.014701052
-8.65924266667 949.489442641
-8.65424 950.129603244
-8.64923733333 949.358314734
-8.64423466667 949.830925031
-8.639232 949.678633049
-8.63422933333 950.233528202
-8.62922666667 950.643994643
-8.624224 952.132041268
-8.61922133333 952.478114619
-8.61421866667 954.941042117
-8.609216 955.397548543
-8.60421333333 957.91432163
-8.59921066667 958.751682832
-8.594208 958.500028364
-8.58920533333 957.61209297
-8.58420266667 957.356362273
-8.5792 957.015580789
-8.57419733333 956.723645431
-8.56919466667 955.154831368
-8.564192 955.145038007
-8.55918933333 954.648786633
-8.55418666667 954.434673196
-8.549184 954.247856437
-8.54418133333 953.940764716
-8.53917866667 954.016779075
-8.534176 954.63075468
-8.52917333333 955.331498686
-8.52417066667 953.175768468
-8.519168 950.361163008
-8.51416533333 951.102694754
-8.50916266667 952.267434838
-8.50416 953.850697883
-8.49915733333 951.441541507
-8.49415466667 950.090519578
-8.489152 947.88185046
-8.48414933333 946.776020733
-8.47914666667 944.947319297
-8.474144 946.030926579
-8.46914133333 945.32671908
-8.46413866667 944.19842138
-8.459136 944.29994886
-8.45413333333 946.390771094
-8.44913066667 946.763349427
-8.444128 946.256325469
-8.43912533333 947.49292282
-8.43412266667 950.616393993
-8.42912 952.58985243
-8.42411733333 954.626365488
-8.41911466667 958.019232789
-8.414112 956.73988465
-8.40910933333 949.916553688
-8.40410666667 952.313418075
-8.399104 950.018553029
-8.39410133333 951.394636401
-8.38909866667 950.149524756
-8.384096 952.344534308
-8.37909333333 951.716453313
-8.37409066667 951.787553872
-8.369088 952.231669376
-8.36408533333 953.08918644
-8.35908266667 954.151515655
-8.35408 955.056586506
-8.34907733333 956.345277278
-8.34407466667 959.651735233
-8.339072 965.125380278
-8.33406933333 967.71052894
-8.32906666667 967.849473957
-8.324064 968.918564897
-8.31906133333 974.295529345
-8.31405866667 972.871409774
-8.309056 970.638885898
-8.30405333333 973.444884124
-8.29905066667 977.908826576
-8.294048 970.096719032
-8.28904533333 968.23312881
-8.28404266667 972.59549108
-8.27904 971.106135886
-8.27403733333 972.187348266
-8.26903466667 972.173052076
-8.264032 969.45097257
-8.25902933333 968.038423482
-8.25402666667 968.315472021
-8.249024 966.73786549
-8.24402133333 966.288557988
-8.23901866667 965.485781875
-8.234016 965.668605169
-8.22901333333 965.364475554
-8.22401066667 965.685524467
-8.219008 965.736042386
-8.21400533333 965.95964423
-8.20900266667 965.53879356
-8.204 966.451975668
-8.19899733333 966.328193013
-8.19399466667 966.851171227
-8.188992 966.498059923
-8.18398933333 966.936422698
-8.17898666667 966.769502011
-8.173984 967.027911435
-8.16898133333 966.677917957
-8.16397866667 967.175734121
-8.158976 966.966894639
-8.15397333333 967.410594396
-8.14897066667 966.980959259
-8.143968 967.705289305
-8.13896533333 967.287907402
-8.13396266667 967.252961685
-8.12896 966.783714747
-8.12395733333 967.308052276
-8.11895466667 967.154694957
-8.113952 967.089947577
-8.10894933333 966.617732195
-8.10394666667 966.903732379
-8.098944 966.336273604
-8.09394133333 966.261776943
-8.08893866667 965.400352239
-8.083936 966.461199905
-8.07893333333 965.6320911
-8.07393066667 965.912630911
-8.068928 965.376728754
-8.06392533333 965.692454043
-8.05892266667 965.461799002
-8.05392 966.054693896
-8.04891733333 965.663692472
-8.04391466667 965.993345942
-8.038912 965.682170801
-8.03390933333 965.874554966
-8.02890666667 965.660823527
-8.023904 965.60663206
-8.01890133333 965.263218117
-8.01389866667 965.429117385
-8.008896 965.458005707
-8.00389333333 965.863218636
-7.99889066667 965.539932826
-7.993888 965.405285597
-7.98888533333 965.525050068
-7.98388266667 966.221084923
-7.97888 965.783153754
-7.97387733333 966.218925021
-7.96887466667 965.905836772
-7.963872 966.097490771
-7.95886933333 965.573542203
-7.95386666667 966.074354757
-7.948864 965.569580237
-7.94386133333 965.959513693
-7.93885866667 965.484983728
-7.933856 966.301507961
-7.92885333333 966.592049073
-7.92385066667 966.897234887
-7.918848 966.188866599
-7.91384533333 966.354432819
-7.90884266667 966.512491424
-7.90384 967.271815887
-7.89883733333 966.469143172
-7.89383466667 967.253238863
-7.888832 967.114706637
-7.88382933333 968.367894061
-7.87882666667 968.006269662
-7.873824 969.131589841
-7.86882133333 969.073045223
-7.86381866667 969.331338719
-7.858816 967.609612965
-7.85381333333 967.819677577
-7.84881066667 967.518307318
-7.843808 967.602652744
-7.83880533333 967.918377621
-7.83380266667 968.639734268
-7.8288 968.100205232
-7.82379733333 968.05586023
-7.81879466667 968.36896146
-7.813792 969.073741907
-7.80878933333 968.902601912
-7.80378666667 969.358737485
-7.798784 968.733853844
-7.79378133333 969.648054448
-7.78877866667 969.094529617
-7.783776 969.799044687
-7.77877333333 968.959678109
-7.77377066667 969.661871975
-7.768768 969.234120006
-7.76376533333 969.642187234
-7.75876266667 969.392624814
-7.75376 969.888866015
-7.74875733333 969.780513057
-7.74375466667 970.014669045
-7.738752 969.619803833
-7.73374933333 970.038637239
-7.72874666667 969.707522637
-7.723744 970.106233955
-7.71874133333 970.049427954
-7.71373866667 970.302915357
-7.708736 969.898313392
-7.70373333333 970.218860427
-7.69873066667 969.782502446
-7.693728 970.585091516
-7.68872533333 969.699659023
-7.68372266667 970.023715227
-7.67872 970.330536531
-7.67371733333 970.274425436
-7.66871466667 969.923439924
-7.663712 970.196343986
-7.65870933333 969.86827561
-7.65370666667 969.957171527
-7.648704 969.65870026
-7.64370133333 970.204419451
-7.63869866667 969.78892659
-7.633696 968.832514341
-7.62869333333 968.385593505
-7.62369066667 969.373857307
-7.618688 969.36215406
-7.61368533333 971.100977217
-7.60868266667 970.715155899
-7.60368 971.148115104
-7.59867733333 968.956347926
-7.59367466667 968.492594205
-7.588672 968.285453994
-7.58366933333 968.931154083
-7.57866666667 968.821698294
-7.573664 969.013711882
-7.56866133333 968.870414583
-7.56365866667 969.925824344
-7.558656 969.532719723
-7.55365333333 970.587525363
-7.54865066667 970.399795296
-7.543648 970.115744703
-7.53864533333 970.064432906
-7.53364266667 970.18869532
-7.52864 969.693152305
-7.52363733333 970.254760459
-7.51863466667 969.809873188
-7.513632 970.145379534
-7.50862933333 969.086742055
-7.50362666667 968.97310709
-7.498624 968.996457104
-7.49362133333 969.256360507
-7.48861866667 968.454131486
-7.483616 969.410667114
-7.47861333333 969.192213226
-7.47361066667 968.464615755
-7.468608 964.676023596
-7.46360533333 964.379924758
-7.45860266667 963.895896952
-7.4536 964.059522034
-7.44859733333 963.59594429
-7.44359466667 963.727908904
-7.438592 964.003637531
-7.43358933333 964.007503497
-7.42858666667 963.215257158
-7.423584 963.468707851
-7.41858133333 962.946376826
-7.41357866667 963.071792739
-7.408576 962.564193165
-7.40357333333 962.434177814
-7.39857066667 962.305180237
-7.393568 962.587945471
-7.38856533333 962.107661211
-7.38356266667 962.180801448
-7.37856 961.721225211
-7.37355733333 962.441449952
-7.36855466667 962.648323641
-7.363552 962.520124708
-7.35854933333 962.4940229
-7.35354666667 962.196436373
-7.348544 961.716072003
-7.34354133333 962.324734044
-7.33853866667 961.619068976
-7.333536 961.859227259
-7.32853333333 961.754317784
-7.32353066667 961.962719101
-7.318528 961.484003373
-7.31352533333 961.167760181
-7.30852266667 960.705376776
-7.30352 961.017495299
-7.29851733333 959.836664588
-7.29351466667 959.171427486
-7.288512 957.70243041
-7.28350933333 957.90840387
-7.27850666667 957.209878104
-7.273504 956.962011009
-7.26850133333 956.378783017
-7.26349866667 956.500802829
-7.258496 956.009333805
-7.25349333333 955.884612519
-7.24849066667 955.587353421
-7.243488 956.35246576
-7.23848533333 956.471540265
-7.23348266667 956.18961828
-7.22848 955.532895608
-7.22347733333 955.294057257
-7.21847466667 954.695332753
-7.213472 955.444181089
-7.20846933333 955.627867864
-7.20346666667 955.585589908
-7.198464 955.280106038
-7.19346133333 954.29149322
-7.18845866667 953.859945857
-7.183456 954.327500646
-7.17845333333 953.715646627
-7.17345066667 953.684034055
-7.168448 953.443045843
-7.16344533333 952.515945077
-7.15844266667 952.134561416
-7.15344 952.95779414
-7.14843733333 952.225435344
-7.14343466667 952.966378116
-7.138432 952.835967844
-7.13342933333 952.704186219
-7.12842666667 952.56847469
-7.123424 951.763389811
-7.11842133333 951.094977097
-7.11341866667 951.505503985
-7.108416 951.04679294
-7.10341333333 951.334170203
-7.09841066667 950.867972414
-7.093408 950.992451359
-7.08840533333 950.655060057
-7.08340266667 950.714729193
-7.0784 950.707398237
-7.07339733333 951.519842763
-7.06839466667 950.953818689
-7.063392 951.28069863
-7.05838933333 950.998337477
-7.05338666667 951.400889135
-7.048384 951.422973682
-7.04338133333 951.29544203
-7.03837866667 951.275667206
-7.033376 951.282500583
-7.02837333333 951.405315821
-7.02337066667 951.675318573
-7.018368 951.617930105
-7.01336533333 952.193941523
-7.00836266667 951.909158589
-7.00336 952.450766791
-6.99835733333 952.214367196
-6.99335466667 952.381490667
-6.988352 952.13842401
-6.98334933333 952.161598351
-6.97834666667 952.376349053
-6.973344 952.378130531
-6.96834133333 952.423674574
-6.96333866667 952.339365826
-6.958336 952.429157679
-6.95333333333 952.259577187
-6.94833066667 952.452011363
-6.943328 952.620933228
-6.93832533333 953.18934541
-6.93332266667 953.408871797
-6.92832 952.807863646
-6.92331733333 954.167229659
-6.91831466667 955.956217214
-6.913312 956.433760068
-6.90830933333 955.962616887
-6.90330666667 955.418975712
-6.898304 955.969944129
-6.89330133333 955.635493203
-6.88829866667 955.211287642
-6.883296 954.242713877
-6.87829333333 954.186695991
-6.87329066667 954.067998304
-6.868288 953.320646639
-6.86328533333 952.974395463
-6.85828266667 953.266371552
-6.85328 953.017518428
-6.84827733333 953.215649146
-6.84327466667 954.649777747
-6.838272 954.632179238
-6.83326933333 954.851069547
-6.82826666667 955.20971904
-6.823264 955.765204703
-6.81826133333 955.559036649
-6.81325866667 955.734369364
-6.808256 955.453072113
-6.80325333333 955.961769279
-6.79825066667 955.702435824
-6.793248 955.943762375
-6.78824533333 955.893444995
-6.78324266667 955.880710852
-6.77824 956.788385633
-6.77323733333 957.001546974
-6.76823466667 956.660146636
-6.763232 956.166336258
-6.75822933333 955.503722454
-6.75322666667 955.442245943
-6.748224 955.242876908
-6.74322133333 955.118823059
-6.73821866667 954.807053235
-6.733216 954.929967014
-6.72821333333 954.249191767
-6.72321066667 955.943077527
-6.718208 956.71484024
-6.71320533333 957.09764784
-6.70820266667 956.904710377
-6.7032 956.657028145
-6.69819733333 956.490884218
-6.69319466667 956.341067333
-6.688192 956.672678087
-6.68318933333 956.27809163
-6.67818666667 956.947320494
-6.673184 955.593684213
-6.66818133333 955.925461725
-6.66317866667 955.4444612
-6.658176 955.183563204
-6.65317333333 956.569865551
-6.64817066667 955.583104367
-6.643168 955.032735606
-6.63816533333 953.835155193
-6.63316266667 954.426719177
-6.62816 954.238907658
-6.62315733333 954.436393684
-6.61815466667 954.460277497
-6.613152 955.480534236
-6.60814933333 955.553428537
-6.60314666667 954.499275642
-6.598144 954.037428932
-6.59314133333 954.438351276
-6.58813866667 955.054530457
-6.583136 957.307048346
-6.57813333333 958.630078509
-6.57313066667 957.851525016
-6.568128 958.078859877
-6.56312533333 959.211338802
-6.55812266667 959.321325961
-6.55312 959.125768603
-6.54811733333 959.281443802
-6.54311466667 958.662786982
-6.538112 958.87362607
-6.53310933333 958.823755153
-6.52810666667 958.843492527
-6.523104 958.94234876
-6.51810133333 958.801152866
-6.51309866667 958.829213448
-6.508096 958.474980861
-6.50309333333 958.725763743
-6.49809066667 958.417695466
-6.493088 958.920412432
-6.48808533333 957.858896233
-6.48308266667 957.233970878
-6.47808 957.075511196
-6.47307733333 957.481614871
-6.46807466667 957.382176849
-6.463072 957.344385128
-6.45806933333 957.282560186
-6.45306666667 958.155656576
-6.448064 957.400040781
-6.44306133333 957.356937226
-6.43805866667 957.842928564
-6.433056 957.906372451
-6.42805333333 958.469882831
-6.42305066667 958.637011075
-6.418048 958.708833769
-6.41304533333 958.661888204
-6.40804266667 958.458660129
-6.40304 958.211035285
-6.39803733333 957.329420759
-6.39303466667 958.526116731
-6.388032 958.081234758
-6.38302933333 958.42797544
-6.37802666667 958.383507439
-6.373024 958.691675295
-6.36802133333 958.37752263
-6.36301866667 957.771143824
-6.358016 956.79740625
-6.35301333333 955.74806422
-6.34801066667 954.632489707
-6.343008 953.65839516
-6.33800533333 953.476490875
-6.33300266667 954.333407532
-6.328 953.667573179
-6.32299733333 953.058973974
-6.31799466667 953.960927069
-6.312992 954.268284921
-6.30798933333 954.206784153
-6.30298666667 953.860131268
-6.297984 953.93758456
-6.29298133333 953.953095352
-6.28797866667 953.819647155
-6.282976 953.196139433
-6.27797333333 952.413266685
-6.27297066667 953.087716447
-6.267968 952.340874493
-6.26296533333 952.182996632
-6.25796266667 952.437569412
-6.25296 953.846719772
-6.24795733333 952.756825598
-6.24295466667 954.073460595
-6.237952 954.511174477
-6.23294933333 955.045291438
-6.22794666667 955.286285867
-6.222944 957.22156406
-6.21794133333 957.237766257
-6.21293866667 957.286087261
-6.207936 957.323899682
-6.20293333333 957.092552971
-6.19793066667 956.918466466
-6.192928 957.130356048
-6.18792533333 957.274897827
-6.18292266667 957.349243889
-6.17792 957.258316028
-6.17291733333 956.694685227
-6.16791466667 956.662849675
-6.162912 956.002594886
-6.15790933333 956.206252599
-6.15290666667 955.19043558
-6.147904 955.012212071
-6.14290133333 954.958223297
-6.13789866667 955.133661838
-6.132896 956.296330145
-6.12789333333 956.486406055
-6.12289066667 956.708606049
-6.117888 954.867602472
-6.11288533333 955.334625833
-6.10788266667 955.688885452
-6.10288 955.39090755
-6.09787733333 951.399023622
-6.09287466667 949.937324317
-6.087872 949.595721333
-6.08286933333 950.346188874
-6.07786666667 951.102563431
-6.072864 952.013940554
-6.06786133333 952.16178389
-6.06285866667 951.801439715
-6.057856 951.285952385
-6.05285333333 950.399185288
-6.04785066667 951.731432668
-6.042848 951.552190747
-6.03784533333 952.067186009
-6.03284266667 951.938005704
-6.02784 951.617497767
-6.02283733333 951.973692107
-6.01783466667 952.095485531
-6.012832 952.104787442
-6.00782933333 952.188594601
-6.00282666667 952.103529591
-5.997824 952.20888297
-5.99282133333 952.649527387
-5.98781866667 952.675899252
-5.982816 953.461926554
-5.97781333333 953.320450094
-5.97281066667 951.853308884
-5.967808 951.913186049
-5.96280533333 950.933923174
-5.95780266667 950.800039602
-5.9528 950.237400574
-5.94779733333 950.606742974
-5.94279466667 950.256002486
-5.937792 950.544716478
-5.93278933333 949.945148327
-5.92778666667 949.691640785
-5.922784 949.465226219
-5.91778133333 949.183384777
-5.91277866667 949.867173584
-5.907776 949.925534257
-5.90277333333 950.119662422
-5.89777066667 950.035418576
-5.892768 949.694232723
-5.88776533333 949.961646549
-5.88276266667 949.778832392
-5.87776 949.618593585
-5.87275733333 949.19373321
-5.86775466667 949.354336106
-5.862752 949.092225125
-5.85774933333 949.227245358
-5.85274666667 949.227242147
-5.847744 948.843578997
-5.84274133333 948.591416353
-5.83773866667 948.902639077
-5.832736 948.892299111
-5.82773333333 948.545945813
-5.82273066667 948.872732094
-5.817728 948.343485676
-5.81272533333 948.334529995
-5.80772266667 948.104729668
-5.80272 948.455337652
-5.79771733333 948.305371151
-5.79271466667 948.349909345
-5.787712 948.134250406
-5.78270933333 948.242125426
-5.77770666667 948.407016083
-5.772704 948.116680345
-5.76770133333 947.734551696
-5.76269866667 947.831470428
-5.757696 947.805710717
-5.75269333333 947.488553249
-5.74769066667 947.582407444
-5.742688 947.536200121
-5.73768533333 947.185894132
-5.73268266667 947.399097513
-5.72768 946.179303328
-5.72267733333 945.435010067
-5.71767466667 945.597472792
-5.712672 945.358324915
-5.70766933333 945.176394758
-5.70266666667 945.323498902
-5.697664 945.925730066
-5.69266133333 946.695274566
-5.68765866667 946.559627745
-5.682656 945.934994447
-5.67765333333 945.266045965
-5.67265066667 945.016875708
-5.667648 944.37035609
-5.66264533333 944.552925668
-5.65764266667 944.49198526
-5.65264 943.969970806
-5.64763733333 943.843475812
-5.64263466667 943.132850327
-5.637632 942.448370014
-5.63262933333 944.143547553
-5.62762666667 943.414636848
-5.622624 943.139938616
-5.61762133333 943.154529511
-5.61261866667 943.157100078
-5.607616 943.201609272
-5.60261333333 942.73963484
-5.59761066667 943.348755188
-5.592608 943.292507822
-5.58760533333 943.119810388
-5.58260266667 943.321907499
-5.5776 943.961383953
-5.57259733333 944.180270589
-5.56759466667 944.113158814
-5.562592 943.796562524
-5.55758933333 944.197197561
-5.55258666667 944.420903862
-5.547584 944.397498504
-5.54258133333 944.635193253
-5.53757866667 945.125319606
-5.532576 947.40464019
-5.52757333333 948.13696607
-5.52257066667 948.048211359
-5.517568 947.969282175
-5.51256533333 948.097902985
-5.50756266667 948.145932861
-5.50256 948.465975537
-5.49755733333 948.752095616
-5.49255466667 948.17056966
-5.487552 948.353636449
-5.48254933333 948.505945913
-5.47754666667 949.938281259
-5.472544 951.281774994
-5.46754133333 952.960082647
-5.46253866667 955.456804323
-5.457536 956.584612351
-5.45253333333 957.389507359
-5.44753066667 961.085266112
-5.442528 960.595360425
-5.43752533333 958.339061513
-5.43252266667 954.106291555
-5.42752 953.749590819
-5.42251733333 952.332679094
-5.41751466667 953.262876952
-5.412512 953.797826414
-5.40750933333 955.493638234
-5.40250666667 955.800461293
-5.397504 956.837800563
-5.39250133333 955.771966595
-5.38749866667 957.22985863
-5.382496 958.199067007
-5.37749333333 958.76707131
-5.37249066667 962.317448633
-5.367488 963.56574842
-5.36248533333 964.689230502
-5.35748266667 966.501779634
-5.35248 968.491622949
-5.34747733333 968.468282116
-5.34247466667 969.136181968
-5.337472 967.188712466
-5.33246933333 964.823731677
-5.32746666667 963.907045599
-5.322464 963.579170361
-5.31746133333 962.83126604
-5.31245866667 961.975557731
-5.307456 961.3998242
-5.30245333333 960.804973401
-5.29745066667 960.652760355
-5.292448 959.531633858
-5.28744533333 959.38427521
-5.28244266667 958.917736299
-5.27744 957.575866907
-5.27243733333 957.331668012
-5.26743466667 956.775203586
-5.262432 955.703078281
-5.25742933333 955.018269642
-5.25242666667 954.425121788
-5.247424 954.188563705
-5.24242133333 954.221968569
-5.23741866667 953.907477809
-5.232416 953.640241779
-5.22741333333 952.961133927
-5.22241066667 953.133339726
-5.217408 953.417696242
-5.21240533333 952.802175366
-5.20740266667 952.83758459
-5.2024 952.104748865
-5.19739733333 952.206075555
-5.19239466667 951.766625621
-5.187392 951.616511358
-5.18238933333 951.681477596
-5.17738666667 952.589513815
-5.172384 952.273078564
-5.16738133333 952.251818501
-5.16237866667 952.049561355
-5.157376 951.581255403
-5.15237333333 951.430292051
-5.14737066667 950.252680623
-5.142368 949.799439985
-5.13736533333 949.864306505
-5.13236266667 949.834494804
-5.12736 949.607541279
-5.12235733333 949.681341061
-5.11735466667 950.093085097
-5.112352 949.548228653
-5.10734933333 949.393386141
-5.10234666667 949.40484994
-5.097344 949.34490282
-5.09234133333 949.07060788
-5.08733866667 949.296950762
-5.082336 949.169884234
-5.07733333333 949.012239386
-5.07233066667 948.547237442
-5.067328 948.474919736
-5.06232533333 948.709011361
-5.05732266667 948.391490637
-5.05232 948.365921703
-5.04731733333 948.247177839
-5.04231466667 947.773199788
-5.037312 947.42200357
-5.03230933333 947.042226819
-5.02730666667 947.437035429
-5.022304 947.502891536
-5.01730133333 948.344252304
-5.01229866667 947.93985522
-5.007296 948.37226858
-5.00229333333 948.706502343
-4.99729066667 949.055952964
-4.992288 949.171750263
-4.98728533333 948.567612718
-4.98228266667 948.140958633
-4.97728 948.020305291
-4.97227733333 947.876442854
-4.96727466667 948.103665837
-4.962272 949.796479624
-4.95726933333 951.444839283
-4.95226666667 952.255783988
-4.947264 952.942989795
-4.94226133333 952.894274604
-4.93725866667 953.414361492
-4.932256 953.416712812
-4.92725333333 953.131563941
-4.92225066667 952.699653245
-4.917248 952.413523517
-4.91224533333 950.693165704
-4.90724266667 950.834041512
-4.90224 950.397934005
-4.89723733333 950.722618574
-4.89223466667 950.772692666
-4.887232 949.772698591
-4.88222933333 947.181068127
-4.87722666667 946.168632038
-4.872224 945.175725336
-4.86722133333 944.476382909
-4.86221866667 945.288120913
-4.857216 946.634600034
-4.85221333333 946.352550894
-4.84721066667 947.133390536
-4.842208 947.972899938
-4.83720533333 949.363598709
-4.83220266667 949.985254648
-4.8272 952.452707033
-4.82219733333 955.274468196
-4.81719466667 954.63659217
-4.812192 956.693339333
-4.80718933333 957.00803939
-4.80218666667 956.926009291
-4.797184 958.403333882
-4.79218133333 958.23915764
-4.78717866667 961.412267096
-4.782176 961.56266795
-4.77717333333 959.767295263
-4.77217066667 959.682785806
-4.767168 964.463472185
-4.76216533333 970.392163857
-4.75716266667 974.623866741
-4.75216 971.160836001
-4.74715733333 970.481548666
-4.74215466667 970.732886296
-4.737152 972.345064582
-4.73214933333 970.883164048
-4.72714666667 972.101535861
-4.722144 973.213814224
-4.71714133333 974.422835104
-4.71213866667 977.168684718
-4.707136 978.866523693
-4.70213333333 978.314663159
-4.69713066667 976.657463374
-4.692128 974.279312602
-4.68712533333 973.869176558
-4.68212266667 974.725148722
-4.67712 975.147752774
-4.67211733333 974.189576595
-4.66711466667 974.04748539
-4.662112 974.327117818
-4.65710933333 974.706343078
-4.65210666667 974.259408883
-4.647104 974.699765206
-4.64210133333 974.571881525
-4.63709866667 975.092526377
-4.632096 974.766728541
-4.62709333333 974.769396928
-4.62209066667 974.585295904
-4.617088 975.100862795
-4.61208533333 974.322566577
-4.60708266667 974.235997906
-4.60208 973.542695503
-4.59707733333 973.627261998
-4.59207466667 973.670162149
-4.587072 973.354557515
-4.58206933333 973.732133277
-4.57706666667 974.028274084
-4.572064 973.576877611
-4.56706133333 973.483743137
-4.56205866667 973.562947606
-4.557056 972.856266361
-4.55205333333 973.271016674
-4.54705066667 973.976797438
-4.542048 973.98966661
-4.53704533333 974.796915412
-4.53204266667 975.227184566
-4.52704 976.334269986
-4.52203733333 976.596853931
-4.51703466667 977.937761699
-4.512032 978.081821696
-4.50702933333 978.689454798
-4.50202666667 978.975852607
-4.497024 979.15726087
-4.49202133333 979.017177468
-4.48701866667 978.977433196
-4.482016 978.969255692
-4.47701333333 978.724605929
-4.47201066667 978.920973618
-4.467008 978.416600229
-4.46200533333 977.857818267
-4.45700266667 977.983305332
-4.452 977.680650294
-4.44699733333 978.144427195
-4.44199466667 978.21348517
-4.436992 978.229329196
-4.43198933333 978.349534015
-4.42698666667 979.063299995
-4.421984 979.409197643
-4.41698133333 979.414682109
-4.41197866667 978.645989443
-4.406976 978.144431447
-4.40197333333 977.561378285
-4.39697066667 978.032420511
-4.391968 977.773270478
-4.38696533333 977.683466272
-4.38196266667 977.09313308
-4.37696 977.075567808
-4.37195733333 977.030044692
-4.36695466667 977.311157961
-4.361952 977.184420265
-4.35694933333 977.19724965
-4.35194666667 976.699347072
-4.346944 976.872866517
-4.34194133333 976.870193971
-4.33693866667 977.059626051
-4.331936 976.640085391
-4.32693333333 976.899428564
-4.32193066667 976.266832057
-4.316928 976.753239362
-4.31192533333 976.252282244
-4.30692266667 976.343046494
-4.30192 976.571190401
-4.29691733333 976.451330413
-4.29191466667 976.44437171
-4.286912 976.45142071
-4.28190933333 976.240303129
-4.27690666667 976.72256991
-4.271904 977.156976535
-4.26690133333 977.137817952
-4.26189866667 977.14580504
-4.256896 977.403024202
-4.25189333333 977.121647594
-4.24689066667 977.321053229
-4.241888 977.729887426
-4.23688533333 977.565112923
-4.23188266667 977.134591782
-4.22688 977.799948052
-4.22187733333 977.297859111
-4.21687466667 978.125711372
-4.211872 977.872614005
-4.20686933333 977.952612694
-4.20186666667 978.211045293
-4.196864 978.212194653
-4.19186133333 978.520194009
-4.18685866667 978.530954955
-4.181856 978.555911607
-4.17685333333 979.039291867
-4.17185066667 978.904272908
-4.166848 979.295586749
-4.16184533333 978.684238871
-4.15684266667 978.948107176
-4.15184 978.855114424
-4.14683733333 979.169706554
-4.14183466667 979.013072599
-4.136832 979.546902411
-4.13182933333 978.837253034
-4.12682666667 978.964772088
-4.121824 978.725804752
-4.11682133333 979.273358062
-4.11181866667 978.271385609
-4.106816 978.966504113
-4.10181333333 978.274365892
-4.09681066667 978.197535403
-4.091808 978.356821969
-4.08680533333 978.739655468
-4.08180266667 977.994369889
-4.0768 978.784464714
-4.07179733333 978.538247207
-4.06679466667 978.844019419
-4.061792 978.383237197
-4.05678933333 978.238050668
-4.05178666667 978.495296124
-4.046784 979.05926816
-4.04178133333 978.369531517
-4.03677866667 978.718475499
-4.031776 978.228568317
-4.02677333333 979.064338798
-4.02177066667 978.110481173
-4.016768 978.615947453
-4.01176533333 977.7756673
-4.00676266667 978.413962039
-4.00176 977.881898076
-3.99675733333 977.947388516
-3.99175466667 977.451228183
-3.986752 977.640670078
-3.98174933333 977.749046891
-3.97674666667 977.952237096
-3.971744 977.426739374
-3.96674133333 977.271219436
-3.96173866667 977.270019082
-3.956736 977.041278071
-3.95173333333 976.934015645
-3.94673066667 977.079888866
-3.941728 976.837436227
-3.93672533333 977.515914508
-3.93172266667 977.077000719
-3.92672 977.62884094
-3.92171733333 977.25034863
-3.91671466667 977.424552971
-3.911712 976.874906613
-3.90670933333 976.670862041
-3.90170666667 976.067841398
-3.896704 976.213750616
-3.89170133333 975.944064929
-3.88669866667 975.535434519
-3.881696 975.693909465
-3.87669333333 976.000985114
-3.87169066667 975.666825449
-3.866688 976.040248824
-3.86168533333 975.818169891
-3.85668266667 975.745668648
-3.85168 975.199564533
-3.84667733333 975.709598721
-3.84167466667 975.137260642
-3.836672 975.392801516
-3.83166933333 975.116645966
-3.82666666667 976.031571014
-3.821664 975.28352537
-3.81666133333 976.032266191
-3.81165866667 975.335485883
-3.806656 975.97349899
-3.80165333333 975.190635705
-3.79665066667 973.91764031
-3.791648 973.512543815
-3.78664533333 974.235471817
-3.78164266667 974.181966288
-3.77664 973.895694597
-3.77163733333 973.073538813
-3.76663466667 973.688665023
-3.761632 973.626935567
-3.75662933333 972.91188062
-3.75162666667 973.112787462
-3.746624 974.409541356
-3.74162133333 974.332909666
-3.73661866667 975.404211967
-3.731616 974.993460366
-3.72661333333 976.050796442
-3.72161066667 975.484455671
-3.716608 976.214867115
-3.71160533333 975.469120206
-3.70660266667 975.663858368
-3.7016 975.725715582
-3.69659733333 975.719295444
-3.69159466667 975.77031399
-3.686592 975.181426774
-3.68158933333 975.065423063
-3.67658666667 975.294672906
-3.671584 974.400797167
-3.66658133333 974.379508542
-3.66157866667 974.290448229
-3.656576 972.946127747
-3.65157333333 972.736220701
-3.64657066667 972.938834628
-3.641568 972.383619234
-3.63656533333 971.843733229
-3.63156266667 972.430235461
-3.62656 972.937521847
-3.62155733333 972.972961832
-3.61655466667 973.953969071
-3.611552 973.206505801
-3.60654933333 973.580535926
-3.60154666667 973.057543191
-3.596544 973.709281321
-3.59154133333 972.474148602
-3.58653866667 970.39961484
-3.581536 969.024141248
-3.57653333333 968.183440548
-3.57153066667 967.363136007
-3.566528 966.942981403
-3.56152533333 966.308987904
-3.55652266667 966.184502316
-3.55152 965.355134371
-3.54651733333 965.810197642
-3.54151466667 965.366719399
-3.536512 965.598108798
-3.53150933333 964.723865581
-3.52650666667 965.098524264
-3.521504 964.205143919
-3.51650133333 964.001176903
-3.51149866667 963.413272982
-3.506496 963.653625737
-3.50149333333 963.181517312
-3.49649066667 963.88557912
-3.491488 963.272164513
-3.48648533333 963.775973839
-3.48148266667 963.609859748
-3.47648 964.226783701
-3.47147733333 965.402248094
-3.46647466667 968.415547374
-3.461472 967.576729465
-3.45646933333 969.654513841
-3.45146666667 968.315781814
-3.446464 967.692235965
-3.44146133333 969.280252052
-3.43645866667 969.836940452
-3.431456 967.657959186
-3.42645333333 967.205342137
-3.42145066667 966.512974237
-3.416448 966.645219343
-3.41144533333 966.590874193
-3.40644266667 966.59582173
-3.40144 966.059736384
-3.39643733333 966.089021371
-3.39143466667 966.390910323
-3.386432 966.398535859
-3.38142933333 965.59090916
-3.37642666667 966.416326084
-3.371424 965.382382995
-3.36642133333 966.257620703
-3.36141866667 966.105597305
-3.356416 966.081417485
-3.35141333333 965.679116194
-3.34641066667 965.828301961
-3.341408 965.900565842
-3.33640533333 965.825424255
-3.33140266667 965.37875811
-3.3264 965.988743598
-3.32139733333 965.08398891
-3.31639466667 966.62541736
-3.311392 966.383303623
-3.30638933333 966.626695642
-3.30138666667 965.96574582
-3.296384 966.615304226
-3.29138133333 965.649500669
-3.28637866667 965.789242304
-3.281376 965.394539274
-3.27637333333 966.111566907
-3.27137066667 965.48613298
-3.266368 966.323655821
-3.26136533333 966.397155824
-3.25636266667 967.144704893
-3.25136 966.510202434
-3.24635733333 967.677188952
-3.24135466667 967.321948992
-3.236352 967.580024917
-3.23134933333 967.40083499
-3.22634666667 967.726394091
-3.221344 966.85954366
-3.21634133333 967.121250814
-3.21133866667 966.316426352
-3.206336 966.25500727
-3.20133333333 965.854094911
-3.19633066667 965.703604172
-3.191328 962.612805657
-3.18632533333 962.052445931
-3.18132266667 962.025102111
-3.17632 962.039239297
-3.17131733333 961.8775481
-3.16631466667 962.062092621
-3.161312 961.561898002
-3.15630933333 961.671931558
-3.15130666667 961.737057934
-3.146304 962.747029774
-3.14130133333 962.06614621
-3.13629866667 962.50161787
-3.131296 962.249376282
-3.12629333333 961.952483751
-3.12129066667 961.441108989
-3.116288 961.814718223
-3.11128533333 961.280948658
-3.10628266667 962.754347702
-3.10128 962.422584828
-3.09627733333 963.373157813
-3.09127466667 963.610104077
-3.086272 964.050239366
-3.08126933333 964.550415568
-3.07626666667 965.589751874
-3.071264 964.692564544
-3.06626133333 964.819704424
-3.06125866667 964.073125665
-3.056256 964.162811126
-3.05125333333 962.88193005
-3.04625066667 962.538766122
-3.041248 961.289147481
-3.03624533333 961.185297591
-3.03124266667 961.753273448
-3.02624 961.864889685
-3.02123733333 961.492562687
-3.01623466667 961.499487603
-3.011232 961.099075957
-3.00622933333 961.497300133
-3.00122666667 961.151442129
-2.996224 961.267571792
-2.99122133333 960.616777227
-2.98621866667 960.604112129
-2.981216 960.121444846
-2.97621333333 959.987955977
-2.97121066667 959.364698397
-2.966208 959.390843619
-2.96120533333 958.901105177
-2.95620266667 958.588399266
-2.9512 958.171419757
-2.94619733333 958.917801359
-2.94119466667 957.906827617
-2.936192 957.896115595
-2.93118933333 957.157127527
-2.92618666667 957.48441602
-2.921184 956.142009991
-2.91618133333 954.63124647
-2.91117866667 954.14911475
-2.906176 954.270048942
-2.90117333333 953.97959472
-2.89617066667 956.354672782
-2.891168 955.451668188
-2.88616533333 956.397627917
-2.88116266667 957.355606628
-2.87616 957.32568372
-2.87115733333 956.585072371
-2.86615466667 957.309500371
-2.861152 956.791741026
-2.85614933333 956.379730396
-2.85114666667 955.080953053
-2.846144 955.071389399
-2.84114133333 954.340348387
-2.83613866667 954.737300277
-2.831136 954.135642596
-2.82613333333 954.578318459
-2.82113066667 953.820415264
-2.816128 954.753219163
-2.81112533333 954.391238456
-2.80612266667 954.812133812
-2.80112 954.407060127
-2.79611733333 954.567056927
-2.79111466667 954.179828605
-2.786112 954.389572878
-2.78110933333 954.159382569
-2.77610666667 953.674768688
-2.771104 952.608176176
-2.76610133333 952.422908775
-2.76109866667 952.358706122
-2.756096 953.816644115
-2.75109333333 952.987225947
-2.74609066667 953.32209199
-2.741088 953.002794232
-2.73608533333 953.508430659
-2.73108266667 953.542920624
-2.72608 953.86369729
-2.72107733333 953.409749324
-2.71607466667 953.747830659
-2.711072 953.614905794
-2.70606933333 953.739890605
-2.70106666667 953.376243771
-2.696064 953.897448969
-2.69106133333 953.498120185
-2.68605866667 953.725243003
-2.681056 953.494541502
-2.67605333333 953.813923118
-2.67105066667 953.416542586
-2.666048 954.002573227
-2.66104533333 953.88395126
-2.65604266667 954.08300595
-2.65104 953.349026014
-2.64603733333 954.030724193
-2.64103466667 953.714145833
-2.636032 953.782964842
-2.63102933333 953.380649754
-2.62602666667 953.938462113
-2.621024 953.449245969
-2.61602133333 953.74109558
-2.61101866667 953.638269736
-2.606016 953.547719744
-2.60101333333 953.462255496
-2.59601066667 952.434400539
-2.591008 952.187640569
-2.58600533333 953.367771446
-2.58100266667 953.603427196
-2.576 954.148296847
-2.57099733333 954.043081648
-2.56599466667 953.778925838
-2.560992 953.094873404
-2.55598933333 953.148303775
-2.55098666667 951.455252654
-2.545984 951.486198379
-2.54098133333 954.684531524
-2.53597866667 956.758159583
-2.530976 955.974933891
-2.52597333333 956.325293963
-2.52097066667 956.362701028
-2.515968 956.343937234
-2.51096533333 956.105924889
-2.50596266667 956.594232119
-2.50096 955.83262837
-2.49595733333 955.820157041
-2.49095466667 954.949806143
-2.485952 955.881318179
-2.48094933333 955.793757712
-2.47594666667 956.498411936
-2.470944 955.723211087
-2.46594133333 954.151110807
-2.46093866667 951.621238586
-2.455936 952.077371699
-2.45093333333 952.173018929
-2.44593066667 952.939464721
-2.440928 953.065515228
-2.43592533333 954.821402833
-2.43092266667 954.342595742
-2.42592 954.454797093
-2.42091733333 954.947601031
-2.41591466667 955.018473697
-2.410912 955.391948582
-2.40590933333 955.413442741
-2.40090666667 955.115162534
-2.395904 955.383278534
-2.39090133333 954.812348445
-2.38589866667 953.821053451
-2.380896 953.172139069
-2.37589333333 953.002484873
-2.37089066667 952.47776021
-2.365888 952.131826355
-2.36088533333 950.638226388
-2.35588266667 952.083217671
-2.35088 951.924428043
-2.34587733333 952.557084787
-2.34087466667 952.088826412
-2.335872 951.025602996
-2.33086933333 950.554676701
-2.32586666667 950.85524876
-2.320864 951.431683709
-2.31586133333 951.115033995
-2.31085866667 950.983956785
-2.305856 952.584161919
-2.30085333333 953.022084949
-2.29585066667 953.123422263
-2.290848 951.940222871
-2.28584533333 952.621553389
-2.28084266667 952.221229492
-2.27584 952.441131665
-2.27083733333 951.021908683
-2.26583466667 952.873552166
-2.260832 952.527853388
-2.25582933333 952.780812329
-2.25082666667 952.017578117
-2.245824 952.27482038
-2.24082133333 951.564389728
-2.23581866667 951.503940509
-2.230816 951.462354455
-2.22581333333 951.638443191
-2.22081066667 951.003164153
-2.215808 951.289554979
-2.21080533333 950.964012664
-2.20580266667 951.238277716
-2.2008 951.214333526
-2.19579733333 951.596093598
-2.19079466667 950.841147871
-2.185792 951.368363186
-2.18078933333 950.810414201
-2.17578666667 951.27908336
-2.170784 950.831639954
-2.16578133333 951.421164874
-2.16077866667 950.883706777
-2.155776 951.070187427
-2.15077333333 950.741082535
-2.14577066667 951.104565633
-2.140768 950.55777222
-2.13576533333 951.001570124
-2.13076266667 949.919107977
-2.12576 950.534952181
-2.12075733333 949.969938174
-2.11575466667 949.892620964
-2.110752 949.549169874
-2.10574933333 950.087901969
-2.10074666667 949.633002155
-2.095744 949.66492766
-2.09074133333 949.10010323
-2.08573866667 949.777367883
-2.080736 949.225802485
-2.07573333333 949.150381514
-2.07073066667 949.366857582
-2.065728 949.684619276
-2.06072533333 949.799965415
-2.05572266667 949.790639937
-2.05072 949.182741175
-2.04571733333 949.26954614
-2.04071466667 948.983444199
-2.035712 948.528682875
-2.03070933333 947.968391137
-2.02570666667 948.06841492
-2.020704 947.574369804
-2.01570133333 947.603442488
-2.01069866667 946.380730803
-2.005696 946.435736594
-2.00069333333 945.791612752
-1.99569066667 946.039224627
-1.990688 945.421816587
-1.98568533333 945.909446132
-1.98068266667 945.950584038
-1.97568 946.256900879
-1.97067733333 945.766490695
-1.96567466667 945.79916954
-1.960672 945.937903532
-1.95566933333 946.070977543
-1.95066666667 945.69118612
-1.945664 945.855121277
-1.94066133333 945.447759287
-1.93565866667 945.961578443
-1.930656 945.724792528
-1.92565333333 945.783534815
-1.92065066667 945.791556389
-1.915648 946.090149435
-1.91064533333 945.471779104
-1.90564266667 945.718435821
-1.90064 946.002292685
-1.89563733333 946.448673875
-1.89063466667 945.568676851
-1.885632 945.986413539
-1.88062933333 945.665589783
-1.87562666667 946.091713475
-1.870624 945.845355716
-1.86562133333 946.287868988
-1.86061866667 947.278921084
-1.855616 947.44775582
-1.85061333333 947.227533811
-1.84561066667 947.737097158
-1.840608 947.837388117
-1.83560533333 948.356374256
-1.83060266667 948.087983207
-1.8256 947.423303237
-1.82059733333 947.370197938
-1.81559466667 947.962224709
-1.810592 948.830113725
-1.80558933333 950.279242735
-1.80058666667 950.217398853
-1.795584 951.18115693
-1.79058133333 951.075402578
-1.78557866667 952.422614329
-1.780576 952.374662884
-1.77557333333 953.570169358
-1.77057066667 953.916386307
-1.765568 955.050975069
-1.76056533333 955.369440236
-1.75556266667 956.629184634
-1.75056 956.486832236
-1.74555733333 958.046560084
-1.74055466667 959.631821756
-1.735552 956.704124913
-1.73054933333 954.58141055
-1.72554666667 954.159867183
-1.720544 952.670155173
-1.71554133333 953.142698873
-1.71053866667 952.769549701
-1.705536 953.205044371
-1.70053333333 953.216258977
-1.69553066667 954.298716891
-1.690528 953.734594307
-1.68552533333 954.485669939
-1.68052266667 953.745192636
-1.67552 953.937903423
-1.67051733333 953.019702868
-1.66551466667 953.104117973
-1.660512 953.286047434
-1.65550933333 953.309087778
-1.65050666667 952.993943026
-1.645504 952.946522826
-1.64050133333 952.551997882
-1.63549866667 952.370111764
-1.630496 951.842792649
-1.62549333333 951.623924581
-1.62049066667 951.28191067
-1.615488 950.964675471
-1.61048533333 950.426664046
-1.60548266667 950.036245275
-1.60048 949.412334346
-1.59547733333 949.133583997
-1.59047466667 948.503938496
-1.585472 948.393739391
-1.58046933333 948.118240814
-1.57546666667 948.103238173
-1.570464 947.775692063
-1.56546133333 947.701009253
-1.56045866667 946.802296179
-1.555456 947.210881408
-1.55045333333 946.648932821
-1.54545066667 946.603967389
-1.540448 946.420946725
-1.53544533333 946.781436982
-1.53044266667 946.490086124
-1.52544 946.500126817
-1.52043733333 945.975208826
-1.51543466667 946.287479105
-1.510432 945.226986289
-1.50542933333 945.52204986
-1.50042666667 944.927793832
-1.495424 945.182532127
-1.49042133333 944.718174108
-1.48541866667 944.775695136
-1.480416 944.595452721
-1.47541333333 944.409793636
-1.47041066667 944.158126518
-1.465408 944.305394885
-1.46040533333 943.845355886
-1.45540266667 943.686931876
-1.4504 943.741704468
-1.44539733333 943.514981459
-1.44039466667 943.062916902
-1.435392 943.244997784
-1.43038933333 942.974163368
-1.42538666667 942.931467725
-1.420384 942.467420797
-1.41538133333 942.609796698
-1.41037866667 941.957910278
-1.405376 942.658130615
-1.40037333333 942.066920177
-1.39537066667 941.828744668
-1.390368 941.08741388
-1.38536533333 941.685462543
-1.38036266667 941.327361499
-1.37536 941.481813253
-1.37035733333 940.876496086
-1.36535466667 940.241180393
-1.360352 940.675919786
-1.35534933333 940.800010956
-1.35034666667 940.399489722
-1.345344 940.682883866
-1.34034133333 940.666640562
-1.33533866667 940.791098532
-1.330336 940.150387366
-1.32533333333 940.153291568
-1.32033066667 940.043909586
-1.315328 939.9924912
-1.31032533333 937.94659689
-1.30532266667 937.749796471
-1.30032 938.283406316
-1.29531733333 940.288757663
-1.29031466667 939.135382897
-1.285312 938.937667332
-1.28030933333 939.7423904
-1.27530666667 939.369221612
-1.270304 938.717688146
-1.26530133333 938.905227763
-1.26029866667 938.946197343
-1.255296 939.889804947
-1.25029333333 939.736977418
-1.24529066667 939.593415964
-1.240288 940.657009913
-1.23528533333 941.109432095
-1.23028266667 941.033907623
-1.22528 942.802167486
-1.22027733333 943.132769116
-1.21527466667 943.053194334
-1.210272 943.643405174
-1.20526933333 944.983302888
-1.20026666667 947.328650403
-1.195264 950.617410282
-1.19026133333 950.345925052
-1.18525866667 947.641358783
-1.180256 950.586000898
-1.17525333333 954.730247135
-1.17025066667 953.272939331
-1.165248 954.323976978
-1.16024533333 955.641525754
-1.15524266667 958.438881414
-1.15024 960.007626801
-1.14523733333 961.298773659
-1.14023466667 963.278394236
-1.135232 965.189538346
-1.13022933333 968.05239759
-1.12522666667 969.415026366
-1.120224 971.576488072
-1.11522133333 971.848474817
-1.11021866667 970.631748649
-1.105216 970.134104641
-1.10021333333 971.113357261
-1.09521066667 972.939840103
-1.090208 973.339719996
-1.08520533333 975.427975806
-1.08020266667 977.972314774
-1.0752 980.17974631
-1.07019733333 981.747161414
-1.06519466667 981.835909554
-1.060192 982.631644565
-1.05518933333 983.330044512
-1.05018666667 984.305213375
-1.045184 985.529671184
-1.04018133333 986.737305108
-1.03517866667 987.166252529
-1.030176 987.314072938
-1.02517333333 987.912239977
-1.02017066667 987.874647072
-1.015168 988.781928723
-1.01016533333 988.705452057
-1.00516266667 988.833108559
-1.00016 988.913949666
-0.995157333333 989.387802714
-0.990154666667 989.350338742
-0.985152 989.323516629
-0.980149333333 989.145822071
-0.975146666667 989.114404722
-0.970144 989.530650093
-0.965141333333 989.434134167
-0.960138666667 988.870991344
-0.955136 989.659970219
-0.950133333333 988.793640178
-0.945130666667 989.341598393
-0.940128 988.917071913
-0.935125333333 989.07330469
-0.930122666667 989.513029653
-0.92512 990.223050813
-0.920117333333 989.049415652
-0.915114666667 989.095561656
-0.910112 988.755625377
-0.905109333333 988.726715777
-0.900106666667 988.836612162
-0.895104 990.098402614
-0.890101333333 990.040747108
-0.885098666667 989.910627792
-0.880096 989.783256152
-0.875093333333 989.85425466
-0.870090666667 989.311892994
-0.865088 989.738609622
-0.860085333333 990.034645644
-0.855082666667 990.524826531
-0.85008 990.475174542
-0.845077333333 991.150169832
-0.840074666667 991.404409179
-0.835072 991.506178994
-0.830069333333 991.525661783
-0.825066666667 992.015775165
-0.820064 991.75763498
-0.815061333333 992.138133797
-0.810058666667 991.836652764
-0.805056 992.646771476
-0.800053333333 992.52491776
-0.795050666667 992.727473373
-0.790048 992.312066297
-0.785045333333 992.322386919
-0.780042666667 992.481352733
-0.77504 992.554150158
-0.770037333333 992.54152637
-0.765034666667 992.379894499
-0.760032 992.915956156
-0.755029333333 992.364042863
-0.750026666667 992.271702046
-0.745024 992.032133367
-0.740021333333 992.358310519
-0.735018666667 992.435345738
-0.730016 992.174539321
-0.725013333333 992.242536082
-0.720010666667 992.531210385
-0.715008 992.404882636
-0.710005333333 991.822675407
-0.705002666667 991.96958644
-0.7 991.631269306
-0.694997333333 991.991172754
-0.689994666667 991.439338572
-0.684992 991.411441374
-0.679989333333 991.502032771
-0.674986666667 991.329855898
-0.669984 991.344887687
-0.664981333333 991.040080351
-0.659978666667 990.926346893
-0.654976 990.892406884
-0.649973333333 990.667209945
-0.644970666667 990.888009131
-0.639968 990.864050888
-0.634965333333 990.49948449
-0.629962666667 990.515587363
-0.62496 990.837865392
-0.619957333333 990.185061836
-0.614954666667 990.334503552
-0.609952 990.137411921
-0.604949333333 990.37408566
-0.599946666667 990.109464391
-0.594944 990.630435753
-0.589941333333 990.197703265
-0.584938666667 990.019228452
-0.579936 990.595756985
-0.574933333333 989.991141005
-0.569930666667 990.216603403
-0.564928 990.011617802
-0.559925333333 990.014148923
-0.554922666667 990.258933698
-0.54992 990.235424782
-0.544917333333 990.277807878
-0.539914666667 990.131387759
-0.534912 990.096607854
-0.529909333333 989.910891896
-0.524906666667 989.998134934
-0.519904 989.596797557
-0.514901333333 989.752433714
-0.509898666667 989.639134055
-0.504896 989.891301681
-0.499893333333 989.817510215
-0.494890666667 989.847064115
-0.489888 989.484194083
-0.484885333333 989.893598642
-0.479882666667 989.326991625
-0.47488 989.471542498
-0.469877333333 988.799675775
-0.464874666667 988.956031559
-0.459872 989.301883972
-0.454869333333 988.922549968
-0.449866666667 988.846701069
-0.444864 989.258589471
-0.439861333333 988.988988729
-0.434858666667 989.119114638
-0.429856 988.807196212
-0.424853333333 989.134502205
-0.419850666667 988.966485163
-0.414848 989.039766106
-0.409845333333 988.836795899
-0.404842666667 989.205641656
-0.39984 988.993842903
-0.394837333333 988.804575698
-0.389834666667 988.073055853
-0.384832 988.64586428
-0.379829333333 988.42635391
-0.374826666667 988.27858907
-0.369824 987.948656104
-0.364821333333 988.000504838
-0.359818666667 988.18433116
-0.354816 988.068717834
-0.349813333333 987.7527738
-0.344810666667 987.714360731
-0.339808 987.707066064
-0.334805333333 987.665047125
-0.329802666667 987.627074366
-0.3248 987.466293329
-0.319797333333 986.99840508
-0.314794666667 987.359508508
-0.309792 987.504960276
-0.304789333333 987.183557953
-0.299786666667 987.101074066
-0.294784 986.897406726
-0.289781333333 987.066002945
-0.284778666667 986.92290935
-0.279776 986.860375616
-0.274773333333 987.10192101
-0.269770666667 986.843353089
-0.264768 986.915890764
-0.259765333333 986.672426529
-0.254762666667 986.803629838
-0.24976 986.870977716
-0.244757333333 986.944077307
-0.239754666667 986.91905787
-0.234752 986.911901524
-0.229749333333 986.258387879
-0.224746666667 986.744223402
-0.219744 986.7718898
-0.214741333333 987.0532199
-0.209738666667 986.523194142
-0.204736 987.729287391
-0.199733333333 987.665569729
-0.194730666667 988.256400232
-0.189728 988.061751282
-0.184725333333 987.98529403
-0.179722666667 987.99419764
-0.17472 987.897371125
-0.169717333333 987.823368961
-0.164714666667 988.432800884
-0.159712 987.992309332
-0.154709333333 987.754784089
-0.149706666667 987.528812783
-0.144704 987.809418201
-0.139701333333 987.74092041
-0.134698666667 987.65217825
-0.129696 987.41598328
-0.124693333333 987.47070106
-0.119690666667 987.746431737
-0.114688 987.397283697
-0.109685333333 987.050923354
-0.104682666667 987.082904467
-0.09968 987.023448344
-0.0946773333333 987.142036498
-0.0896746666667 986.81231221
-0.084672 986.798352299
-0.0796693333333 986.708572002
-0.0746666666667 987.041571927
-0.069664 987.245917147
-0.0646613333333 987.228676423
-0.0596586666667 987.100184263
-0.054656 987.518663749
-0.0496533333333 987.54207615
-0.0446506666667 987.874314778
-0.039648 988.119193957
-0.0346453333333 987.833283581
-0.0296426666667 987.135217973
-0.02464 987.482077574
-0.0196373333333 987.236679538
-0.0146346666667 987.086351519
-0.009632 987.006734961
-0.00462933333333 986.629977684
