-9.99995733333 312.800623106
-9.99495466667 312.714330038
-9.989952 312.768267594
-9.98494933333 312.772228291
-9.97994666667 312.822849119
-9.974944 312.740880112
-9.96994133333 312.777147538
-9.96493866667 312.801319732
-9.959936 312.824415499
-9.95493333333 312.802522737
-9.94993066667 312.814168872
-9.944928 312.822795862
-9.93992533333 312.824050188
-9.93492266667 312.842039114
-9.92992 312.830700811
-9.92491733333 312.813434256
-9.91991466667 312.823094724
-9.914912 312.797805542
-9.90990933333 312.778914368
-9.90490666667 312.820766112
-9.899904 312.905937457
-9.89490133333 312.848397289
-9.88989866667 312.940753323
-9.884896 312.902306478
-9.87989333333 312.863056392
-9.87489066667 312.889948987
-9.869888 312.921189938
-9.86488533333 312.930287892
-9.85988266667 312.966976541
-9.85488 312.964702763
-9.84987733333 313.000091501
-9.84487466667 313.033203973
-9.839872 313.013197397
-9.83486933333 312.93888323
-9.82986666667 313.015394817
-9.824864 313.035052641
-9.81986133333 313.02109483
-9.81485866667 312.998414355
-9.809856 313.047689922
-9.80485333333 313.048894897
-9.79985066667 313.032727028
-9.794848 313.064094292
-9.78984533333 313.02629311
-9.78484266667 313.01070802
-9.77984 313.052884939
-9.77483733333 313.068791873
-9.76983466667 313.050978674
-9.764832 313.085776327
-9.75982933333 313.042706808
-9.75482666667 313.039112199
-9.749824 313.029148944
-9.74482133333 313.136871998
-9.73981866667 313.071425628
-9.734816 313.021380138
-9.72981333333 313.087448642
-9.72481066667 313.061804119
-9.719808 313.100367633
-9.71480533333 313.138309573
-9.70980266667 313.076768343
-9.7048 313.121897634
-9.69979733333 313.076062351
-9.69479466667 313.076160699
-9.689792 313.137760762
-9.68478933333 313.129825667
-9.67978666667 313.160659602
-9.674784 313.147191644
-9.66978133333 313.104389844
-9.66477866667 313.162253167
-9.659776 313.145874878
-9.65477333333 313.1005531
-9.64977066667 313.184695555
-9.644768 313.214803508
-9.63976533333 313.166146684
-9.63476266667 313.233186045
-9.62976 313.197744979
-9.62475733333 313.253316534
-9.61975466667 313.264818558
-9.614752 313.233940962
-9.60974933333 313.193655754
-9.60474666667 313.271899238
-9.599744 313.250248079
-9.59474133333 313.219691406
-9.58973866667 313.223950135
-9.584736 313.266441169
-9.57973333333 313.219481344
-9.57473066667 313.231103145
-9.569728 313.204311207
-9.56472533333 313.309274833
-9.55972266667 313.230105881
-9.55472 313.298805158
-9.54971733333 313.245465627
-9.54471466667 313.305690631
-9.539712 313.253002128
-9.53470933333 313.264986231
-9.52970666667 313.322229674
-9.524704 313.212412256
-9.51970133333 313.283526731
-9.51469866667 313.274016832
-9.509696 313.206952607
-9.50469333333 313.341689756
-9.49969066667 313.240286332
-9.494688 313.268398991
-9.48968533333 313.263919209
-9.48468266667 313.252201607
-9.47968 313.229784174
-9.47467733333 313.278826057
-9.46967466667 313.22633388
-9.464672 313.258302974
-9.45966933333 313.269022164
-9.45466666667 313.17709651
-9.449664 313.238272317
-9.44466133333 313.285392489
-9.43965866667 313.254096307
-9.434656 313.230234655
-9.42965333333 313.243226757
-9.42465066667 313.281751457
-9.419648 313.26886479
-9.41464533333 313.293319765
-9.40964266667 313.255596393
-9.40464 313.306896284
-9.39963733333 313.278023861
-9.39463466667 313.22168004
-9.389632 313.266646558
-9.38462933333 313.320779498
-9.37962666667 313.249953867
-9.374624 313.222408109
-9.36962133333 313.230972309
-9.36461866667 313.259267627
-9.359616 313.219658684
-9.35461333333 313.180191083
-9.34961066667 313.144951482
-9.344608 313.189953895
-9.33960533333 313.109344323
-9.33460266667 313.161793808
-9.3296 313.129104476
-9.32459733333 313.106718167
-9.31959466667 313.083599804
-9.314592 313.022656075
-9.30958933333 313.00771345
-9.30458666667 313.058570535
-9.299584 313.026487
-9.29458133333 313.012279109
-9.28957866667 312.978075502
-9.284576 312.929963591
-9.27957333333 312.920392488
-9.27457066667 312.864687826
-9.269568 312.832911191
-9.26456533333 312.862656742
-9.25956266667 312.826963912
-9.25456 312.770987965
-9.24955733333 312.763545136
-9.24455466667 312.735679471
-9.239552 312.676591976
-9.23454933333 312.67345789
-9.22954666667 312.606056392
-9.224544 312.618889227
-9.21954133333 312.596191899
-9.21453866667 312.572221064
-9.209536 312.509666775
-9.20453333333 312.593092853
-9.19953066667 312.444090027
-9.194528 312.447201944
-9.18952533333 312.438502121
-9.18452266667 312.440882858
-9.17952 312.322815228
-9.17451733333 312.359517919
-9.16951466667 312.213342286
-9.164512 312.229506696
-9.15950933333 312.129658169
-9.15450666667 312.102522578
-9.149504 312.002662472
-9.14450133333 312.013696137
-9.13949866667 311.993483093
-9.134496 312.078080476
-9.12949333333 312.026806322
-9.12449066667 312.231562513
-9.119488 312.258138841
-9.11448533333 312.25369448
-9.10948266667 312.369195277
-9.10448 312.51790146
-9.09947733333 312.572043555
-9.09447466667 312.766804898
-9.089472 312.822609537
-9.08446933333 313.02185046
-9.07946666667 313.102449258
-9.074464 313.304508129
-9.06946133333 313.347201917
-9.06445866667 313.536399264
-9.059456 313.612973715
-9.05445333333 313.693177042
-9.04945066667 313.694253025
-9.044448 313.796093104
-9.03944533333 313.755327967
-9.03444266667 313.828825492
-9.02944 313.776496201
-9.02443733333 313.811884631
-9.01943466667 313.76648146
-9.014432 313.819064325
-9.00942933333 313.794156152
-9.00442666667 313.911090397
-8.999424 313.846992199
-8.99442133333 313.949189291
-8.98941866667 313.909282375
-8.984416 313.880512225
-8.97941333333 313.847042704
-8.97441066667 313.835102094
-8.969408 313.803268566
-8.96440533333 313.913712864
-8.95940266667 313.900195401
-8.9544 313.946355333
-8.94939733333 313.908740001
-8.94439466667 314.004962123
-8.939392 313.990627311
-8.93438933333 314.095541043
-8.92938666667 314.054838984
-8.924384 314.115630465
-8.91938133333 314.0943443
-8.91437866667 314.082560186
-8.909376 314.072781144
-8.90437333333 314.162177509
-8.89937066667 314.069998208
-8.894368 314.078360625
-8.88936533333 314.091226081
-8.88436266667 314.090022554
-8.87936 314.03233566
-8.87435733333 314.06096792
-8.86935466667 314.064820542
-8.864352 314.185680819
-8.85934933333 314.082396527
-8.85434666667 314.094099244
-8.849344 314.123516329
-8.84434133333 314.146119857
-8.83933866667 314.12023489
-8.834336 314.179803521
-8.82933333333 314.091551576
-8.82433066667 314.237037307
-8.819328 314.20989118
-8.81432533333 314.210415826
-8.80932266667 314.23222509
-8.80432 314.267197942
-8.79931733333 314.212541235
-8.79431466667 314.337860179
-8.789312 314.29347262
-8.78430933333 314.346962361
-8.77930666667 314.331191451
-8.774304 314.441186091
-8.76930133333 314.380630747
-8.76429866667 314.456979093
-8.759296 314.362267594
-8.75429333333 314.411906146
-8.74929066667 314.297279105
-8.744288 314.342427097
-8.73928533333 314.301106575
-8.73428266667 314.34588207
-8.72928 314.263313077
-8.72427733333 314.310959864
-8.71927466667 314.251094883
-8.714272 314.222954119
-8.70926933333 314.220091632
-8.70426666667 314.287861596
-8.699264 314.196450447
-8.69426133333 314.259578141
-8.68925866667 314.176638092
-8.684256 314.169370742
-8.67925333333 314.115605235
-8.67425066667 314.072729638
-8.669248 313.980436608
-8.66424533333 313.984402909
-8.65924266667 313.868958006
-8.65424 313.839060367
-8.64923733333 313.752756354
-8.64423466667 313.732650187
-8.639232 313.59601652
-8.63422933333 313.632588382
-8.62922666667 313.478488496
-8.624224 313.562741537
-8.61922133333 313.431797266
-8.61421866667 313.45936171
-8.609216 313.331555898
-8.60421333333 313.353249928
-8.59921066667 313.264035341
-8.594208 313.292331551
-8.58920533333 313.235644988
-8.58420266667 313.288738164
-8.5792 313.196053756
-8.57419733333 313.228478159
-8.56919466667 313.180531898
-8.564192 313.234942201
-8.55918933333 313.088990074
-8.55418666667 313.158773113
-8.549184 313.094593264
-8.54418133333 313.112718207
-8.53917866667 313.129336578
-8.534176 313.12759046
-8.52917333333 313.037544578
-8.52417066667 313.091970995
-8.519168 313.044465632
-8.51416533333 313.044345537
-8.50916266667 312.985402192
-8.50416 313.021884378
-8.49915733333 312.910103787
-8.49415466667 312.947530115
-8.489152 312.915338176
-8.48414933333 312.97135076
-8.47914666667 312.810378521
-8.474144 312.884270465
-8.46914133333 312.773489467
-8.46413866667 312.859975902
-8.459136 312.77571538
-8.45413333333 312.753352397
-8.44913066667 312.74896114
-8.444128 312.797601737
-8.43912533333 312.720149505
-8.43412266667 312.774512733
-8.42912 312.71752591
-8.42411733333 312.822981086
-8.41911466667 312.711597849
-8.414112 312.81440719
-8.40910933333 312.769628844
-8.40410666667 312.862093311
-8.399104 312.822700276
-8.39410133333 312.90481242
-8.38909866667 312.859484414
-8.384096 312.903008364
-8.37909333333 312.805452145
-8.37409066667 312.836152569
-8.369088 312.780940804
-8.36408533333 312.833093607
-8.35908266667 312.7671893
-8.35408 312.82221219
-8.34907733333 312.789890361
-8.34407466667 312.890161633
-8.339072 312.793456975
-8.33406933333 312.903519214
-8.32906666667 312.875549478
-8.324064 312.935924567
-8.31906133333 312.90322377
-8.31405866667 312.977685697
-8.309056 312.919366967
-8.30405333333 313.081373457
-8.29905066667 312.987167472
-8.294048 313.085780279
-8.28904533333 313.014824759
-8.28404266667 313.032007965
-8.27904 312.964162027
-8.27403733333 313.08051643
-8.26903466667 312.928523688
-8.264032 313.049183546
-8.25902933333 312.984350426
-8.25402666667 313.043348237
-8.249024 312.99840778
-8.24402133333 313.040116066
-8.23901866667 312.972287138
-8.234016 313.067375914
-8.22901333333 312.936608858
-8.22401066667 313.054000344
-8.219008 312.997678872
-8.21400533333 312.980910571
-8.20900266667 312.908023144
-8.204 313.053544229
-8.19899733333 312.94061395
-8.19399466667 313.026696314
-8.188992 312.979432694
-8.18398933333 313.06506573
-8.17898666667 312.972821502
-8.173984 313.0738178
-8.16898133333 312.986660232
-8.16397866667 313.060531399
-8.158976 312.988617675
-8.15397333333 313.087920474
-8.14897066667 313.037800981
-8.143968 313.141450302
-8.13896533333 312.973056304
-8.13396266667 313.070622707
-8.12896 313.024528967
-8.12395733333 313.160679027
-8.11895466667 313.02477029
-8.113952 313.068842852
-8.10894933333 313.034434738
-8.10394666667 313.078264846
-8.098944 313.007600648
-8.09394133333 313.112670531
-8.08893866667 313.036246799
-8.083936 313.045400701
-8.07893333333 312.988558122
-8.07393066667 313.035696423
-8.068928 312.987402739
-8.06392533333 313.011087199
-8.05892266667 312.946004845
-8.05392 312.965445367
-8.04891733333 312.966617911
-8.04391466667 313.015601277
-8.038912 312.884994476
-8.03390933333 312.994874707
-8.02890666667 312.936746869
-8.023904 312.955245763
-8.01890133333 312.896187833
-8.01389866667 312.96838248
-8.008896 312.902062037
-8.00389333333 312.997165932
-7.99889066667 312.88343093
-7.993888 312.98287556
-7.98888533333 312.936937963
-7.98388266667 312.9427342
-7.97888 312.91140354
-7.97387733333 312.983410099
-7.96887466667 312.899227864
-7.963872 312.980405011
-7.95886933333 312.924284324
-7.95386666667 312.951439935
-7.948864 312.923707871
-7.94386133333 312.945765656
-7.93885866667 312.905578429
-7.933856 313.000106941
-7.92885333333 312.893966468
-7.92385066667 313.008844676
-7.918848 312.923353121
-7.91384533333 312.95351339
-7.90884266667 312.883413296
-7.90384 312.980506977
-7.89883733333 312.892881685
-7.89383466667 312.981139529
-7.888832 312.927274842
-7.88382933333 312.940641904
-7.87882666667 312.902926438
-7.873824 312.983806491
-7.86882133333 312.899850494
-7.86381866667 312.963860301
-7.858816 312.940994126
-7.85381333333 312.933391636
-7.84881066667 312.953621677
-7.843808 313.015214099
-7.83880533333 312.90715631
-7.83380266667 313.020570554
-7.8288 312.940650585
-7.82379733333 312.968237022
-7.81879466667 312.857022852
-7.813792 312.954720124
-7.80878933333 312.916932135
-7.80378666667 312.962195364
-7.798784 312.882793996
-7.79378133333 312.978918574
-7.78877866667 312.852112176
-7.783776 312.93095437
-7.77877333333 312.848593035
-7.77377066667 312.933106693
-7.768768 312.876273166
-7.76376533333 312.9681573
-7.75876266667 312.889936937
-7.75376 312.961895262
-7.74875733333 312.859607694
-7.74375466667 312.971058466
-7.738752 312.831396257
-7.73374933333 312.989467076
-7.72874666667 312.834685869
-7.723744 312.877246073
-7.71874133333 312.844653798
-7.71373866667 312.920829119
-7.708736 312.836388928
-7.70373333333 312.97374362
-7.69873066667 312.846171852
-7.693728 312.917390427
-7.68872533333 312.901551622
-7.68372266667 312.996990694
-7.67872 312.916888982
-7.67371733333 312.931590218
-7.66871466667 312.882014721
-7.663712 312.995632491
-7.65870933333 312.835777635
-7.65370666667 312.972761427
-7.648704 312.868624483
-7.64370133333 312.943281937
-7.63869866667 312.871528823
-7.633696 312.889606744
-7.62869333333 312.838413197
-7.62369066667 312.905575002
-7.618688 312.849371276
-7.61368533333 312.888984419
-7.60868266667 312.790894569
-7.60368 312.908418812
-7.59867733333 312.777463952
-7.59367466667 312.914255671
-7.588672 312.86043306
-7.58366933333 312.892671897
-7.57866666667 312.752256362
-7.573664 312.876411932
-7.56866133333 312.735754011
-7.56365866667 312.842393679
-7.558656 312.789295878
-7.55365333333 312.796938715
-7.54865066667 312.692605191
-7.543648 312.841573645
-7.53864533333 312.676600491
-7.53364266667 312.810341369
-7.52864 312.72089493
-7.52363733333 312.800221287
-7.51863466667 312.716049479
-7.513632 312.786692704
-7.50862933333 312.718962403
-7.50362666667 312.773192425
-7.498624 312.683367796
-7.49362133333 312.774929252
-7.48861866667 312.666783601
-7.483616 312.70481939
-7.47861333333 312.651575017
-7.47361066667 312.744522331
-7.468608 312.663258433
-7.46360533333 312.741862079
-7.45860266667 312.607126737
-7.4536 312.733881395
-7.44859733333 312.628378089
-7.44359466667 312.737677456
-7.438592 312.641600915
-7.43358933333 312.677210948
-7.42858666667 312.59135559
-7.423584 312.624442964
-7.41858133333 312.59282876
-7.41357866667 312.664147423
-7.408576 312.543070593
-7.40357333333 312.650027995
-7.39857066667 312.555262719
-7.393568 312.634815457
-7.38856533333 312.550675794
-7.38356266667 312.647139767
-7.37856 312.547392115
-7.37355733333 312.652004951
-7.36855466667 312.588226811
-7.363552 312.648920891
-7.35854933333 312.553151106
-7.35354666667 312.589982154
-7.348544 312.547363967
-7.34354133333 312.620471318
-7.33853866667 312.472660475
-7.333536 312.549607371
-7.32853333333 312.508111382
-7.32353066667 312.541920861
-7.318528 312.483153739
-7.31352533333 312.532333089
-7.30852266667 312.467043896
-7.30352 312.544244804
-7.29851733333 312.435152477
-7.29351466667 312.550383614
-7.288512 312.486370387
-7.28350933333 312.551209232
-7.27850666667 312.475674539
-7.273504 312.543361021
-7.26850133333 312.42972894
-7.26349866667 312.529132902
-7.258496 312.455031607
-7.25349333333 312.477640708
-7.24849066667 312.391911426
-7.243488 312.497220396
-7.23848533333 312.389072486
-7.23348266667 312.467645301
-7.22848 312.379766643
-7.22347733333 312.470033459
-7.21847466667 312.367944506
-7.213472 312.475403977
-7.20846933333 312.365017299
-7.20346666667 312.473243271
-7.198464 312.377820318
-7.19346133333 312.428317857
-7.18845866667 312.418062303
-7.183456 312.504320374
-7.17845333333 312.371165398
-7.17345066667 312.452916662
-7.168448 312.41092803
-7.16344533333 312.537270674
-7.15844266667 312.474346289
-7.15344 312.495172002
-7.14843733333 312.439449154
-7.14343466667 312.540235475
-7.138432 312.434884116
-7.13342933333 312.508066819
-7.12842666667 312.455302477
-7.123424 312.520030524
-7.11842133333 312.474552398
-7.11341866667 312.544894435
-7.108416 312.450099848
-7.10341333333 312.551767613
-7.09841066667 312.421202625
-7.093408 312.49581979
-7.08840533333 312.422961661
-7.08340266667 312.522858324
-7.0784 312.413072356
-7.07339733333 312.53620664
-7.06839466667 312.45493879
-7.063392 312.526404283
-7.05838933333 312.381672604
-7.05338666667 312.447329572
-7.048384 312.389253456
-7.04338133333 312.486854803
-7.03837866667 312.353495844
-7.033376 312.45872143
-7.02837333333 312.466252696
-7.02337066667 312.462193788
-7.018368 312.368024544
-7.01336533333 312.488376611
-7.00836266667 312.338912033
-7.00336 312.472347543
-6.99835733333 312.350099847
-6.99335466667 312.425812945
-6.988352 312.398097929
-6.98334933333 312.445200392
-6.97834666667 312.33224723
-6.973344 312.470275999
-6.96834133333 312.36244817
-6.96333866667 312.44658115
-6.958336 312.386308566
-6.95333333333 312.411820201
-6.94833066667 312.371488142
-6.943328 312.471335707
-6.93832533333 312.36451202
-6.93332266667 312.441594123
-6.92832 312.405466288
-6.92331733333 312.475030049
-6.91831466667 312.458330701
-6.913312 312.491961344
-6.90830933333 312.482539598
-6.90330666667 312.493698956
-6.898304 312.417499858
-6.89330133333 312.468980869
-6.88829866667 312.46644466
-6.883296 312.505882185
-6.87829333333 312.401864159
-6.87329066667 312.518877744
-6.868288 312.461342422
-6.86328533333 312.55029116
-6.85828266667 312.440113148
-6.85328 312.512568039
-6.84827733333 312.510089289
-6.84327466667 312.617314904
-6.838272 312.468443035
-6.83326933333 312.556222182
-6.82826666667 312.514844186
-6.823264 312.575201591
-6.81826133333 312.493322046
-6.81325866667 312.57131284
-6.808256 312.538387267
-6.80325333333 312.61923718
-6.79825066667 312.551141779
-6.793248 312.570836854
-6.78824533333 312.557700617
-6.78324266667 312.653985405
-6.77824 312.529854403
-6.77323733333 312.611090019
-6.76823466667 312.584592914
-6.763232 312.71794231
-6.75822933333 312.579684699
-6.75322666667 312.680816463
-6.748224 312.607834934
-6.74322133333 312.70465142
-6.73821866667 312.60073412
-6.733216 312.719462828
-6.72821333333 312.677890427
-6.72321066667 312.734634759
-6.718208 312.662049449
-6.71320533333 312.708761827
-6.70820266667 312.64744866
-6.7032 312.755063449
-6.69819733333 312.623389752
-6.69319466667 312.751642211
-6.688192 312.655788591
-6.68318933333 312.705380725
-6.67818666667 312.646761472
-6.673184 312.700856051
-6.66818133333 312.655163065
-6.66317866667 312.690375172
-6.658176 312.609639449
-6.65317333333 312.673491717
-6.64817066667 312.587007993
-6.643168 312.736896046
-6.63816533333 312.574808693
-6.63316266667 312.664670671
-6.62816 312.691358679
-6.62315733333 312.674859584
-6.61815466667 312.625078021
-6.613152 312.672489138
-6.60814933333 312.618833775
-6.60314666667 312.658506414
-6.598144 312.598272938
-6.59314133333 312.641111843
-6.58813866667 312.580093656
-6.583136 312.685103371
-6.57813333333 312.598235948
-6.57313066667 312.625122768
-6.568128 312.553724894
-6.56312533333 312.67354202
-6.55812266667 312.545915804
-6.55312 312.604035111
-6.54811733333 312.589459526
-6.54311466667 312.653142708
-6.538112 312.576611034
-6.53310933333 312.612708798
-6.52810666667 312.562385743
-6.523104 312.607273306
-6.51810133333 312.525039369
-6.51309866667 312.590687501
-6.508096 312.453268407
-6.50309333333 312.523424906
-6.49809066667 312.435955985
-6.493088 312.472959042
-6.48808533333 312.450992515
-6.48308266667 312.500079934
-6.47808 312.388700603
-6.47307733333 312.4818432
-6.46807466667 312.38599637
-6.463072 312.465568381
-6.45806933333 312.428377379
-6.45306666667 312.473532378
-6.448064 312.422140077
-6.44306133333 312.453838061
-6.43805866667 312.366347421
-6.433056 312.364026395
-6.42805333333 312.381715629
-6.42305066667 312.411247465
-6.418048 312.323776322
-6.41304533333 312.39261389
-6.40804266667 312.297452681
-6.40304 312.365373685
-6.39803733333 312.321059632
-6.39303466667 312.335047952
-6.388032 312.338564675
-6.38302933333 312.340674199
-6.37802666667 312.251116261
-6.373024 312.330554609
-6.36802133333 312.295310916
-6.36301866667 312.355358645
-6.358016 312.325659066
-6.35301333333 312.342383001
-6.34801066667 312.285949592
-6.343008 312.347132793
-6.33800533333 312.254957339
-6.33300266667 312.243487931
-6.328 312.241957125
-6.32299733333 312.311272368
-6.31799466667 312.185788778
-6.312992 312.230512065
-6.30798933333 312.155563371
-6.30298666667 312.153258371
-6.297984 312.129904519
-6.29298133333 312.154072552
-6.28797866667 312.094029558
-6.282976 312.121930072
-6.27797333333 312.041284261
-6.27297066667 312.104068458
-6.267968 312.096672085
-6.26296533333 312.026111936
-6.25796266667 311.937578067
-6.25296 311.972320586
-6.24795733333 311.901839364
-6.24295466667 311.959138234
-6.237952 311.818264416
-6.23294933333 311.866269166
-6.22794666667 311.783564354
-6.222944 311.847389479
-6.21794133333 311.743154037
-6.21293866667 311.783490166
-6.207936 311.797963165
-6.20293333333 311.812951147
-6.19793066667 311.691331385
-6.192928 311.726805699
-6.18792533333 311.664041815
-6.18292266667 311.725356047
-6.17792 311.658999782
-6.17291733333 311.653012077
-6.16791466667 311.647612837
-6.162912 311.645975282
-6.15790933333 311.533738213
-6.15290666667 311.61592992
-6.147904 311.542112888
-6.14290133333 311.641626909
-6.13789866667 311.549101584
-6.132896 311.587903639
-6.12789333333 311.553279699
-6.12289066667 311.66675293
-6.117888 311.53335942
-6.11288533333 311.62426253
-6.10788266667 311.615039364
-6.10288 311.664317829
-6.09787733333 311.640371659
-6.09287466667 311.753131769
-6.087872 311.716366013
-6.08286933333 311.790935414
-6.07786666667 311.76342614
-6.072864 311.86748887
-6.06786133333 311.888548095
-6.06285866667 312.011200778
-6.057856 311.948715352
-6.05285333333 312.087356736
-6.04785066667 312.138895212
-6.042848 312.183759945
-6.03784533333 312.155578649
-6.03284266667 312.306665236
-6.02784 312.321337235
-6.02283733333 312.376900847
-6.01783466667 312.391250888
-6.012832 312.527252709
-6.00782933333 312.563169545
-6.00282666667 312.66285336
-5.997824 312.660322798
-5.99282133333 312.749873099
-5.98781866667 312.754603634
-5.982816 312.860031592
-5.97781333333 312.76074501
-5.97281066667 312.893654802
-5.967808 312.848699476
-5.96280533333 312.929530852
-5.95780266667 312.919123732
-5.9528 313.021440484
-5.94779733333 312.95187884
-5.94279466667 313.027133275
-5.937792 313.002604102
-5.93278933333 313.036456241
-5.92778666667 312.979075752
-5.922784 313.06019891
-5.91778133333 312.976391179
-5.91277866667 312.968272765
-5.907776 312.99398892
-5.90277333333 312.980771406
-5.89777066667 312.938532643
-5.892768 312.940685935
-5.88776533333 312.896642472
-5.88276266667 312.916577575
-5.87776 312.754845689
-5.87275733333 312.766841079
-5.86775466667 312.739850848
-5.862752 312.760268666
-5.85774933333 312.633374081
-5.85274666667 312.645718367
-5.847744 312.578445699
-5.84274133333 312.597689363
-5.83773866667 312.483625635
-5.832736 312.478438741
-5.82773333333 312.368541124
-5.82273066667 312.383367766
-5.817728 312.284705576
-5.81272533333 312.283220754
-5.80772266667 312.277703343
-5.80272 312.251580877
-5.79771733333 312.147753343
-5.79271466667 312.181671247
-5.787712 312.048605223
-5.78270933333 312.058101348
-5.77770666667 311.930604897
-5.772704 311.897100065
-5.76770133333 311.848757845
-5.76269866667 311.86775752
-5.757696 311.743908862
-5.75269333333 311.682789613
-5.74769066667 311.643734391
-5.742688 311.612084938
-5.73768533333 311.551985286
-5.73268266667 311.554316125
-5.72768 311.427708816
-5.72267733333 311.401611056
-5.71767466667 311.27241108
-5.712672 311.192543834
-5.70766933333 311.145691808
-5.70266666667 311.082037036
-5.697664 310.944316382
-5.69266133333 310.935920868
-5.68765866667 310.912428037
-5.682656 310.914770198
-5.67765333333 310.901792583
-5.67265066667 310.931037685
-5.667648 310.945138192
-5.66264533333 310.977567532
-5.65764266667 310.950266426
-5.65264 311.025580311
-5.64763733333 311.027819162
-5.64263466667 311.106842374
-5.637632 310.992728063
-5.63262933333 311.006423563
-5.62762666667 310.999661971
-5.622624 311.045781974
-5.61762133333 310.984311716
-5.61261866667 311.001102566
-5.607616 310.994358933
-5.60261333333 311.038805128
-5.59761066667 310.911390109
-5.592608 310.945812573
-5.58760533333 310.9934488
-5.58260266667 310.992916531
-5.5776 310.968616397
-5.57259733333 310.976018391
-5.56759466667 310.914417289
-5.562592 310.970487596
-5.55758933333 310.897248338
-5.55258666667 310.94489119
-5.547584 311.034589317
-5.54258133333 310.969316721
-5.53757866667 310.881233191
-5.532576 310.883658769
-5.52757333333 310.91112584
-5.52257066667 310.952956161
-5.517568 310.905119274
-5.51256533333 310.916806627
-5.50756266667 310.884496343
-5.50256 310.946068888
-5.49755733333 310.850633558
-5.49255466667 310.883045747
-5.487552 310.903766016
-5.48254933333 310.95298156
-5.47754666667 310.901845218
-5.472544 310.958876852
-5.46754133333 310.984622046
-5.46253866667 311.046731354
-5.457536 310.940801218
-5.45253333333 311.013667245
-5.44753066667 311.050323584
-5.442528 311.003332881
-5.43752533333 311.025795058
-5.43252266667 311.082239096
-5.42752 311.092049855
-5.42251733333 311.131010936
-5.41751466667 311.110360377
-5.412512 311.107416696
-5.40750933333 311.10360161
-5.40250666667 311.179174282
-5.397504 311.124873825
-5.39250133333 311.158948223
-5.38749866667 311.184968599
-5.382496 311.230615652
-5.37749333333 311.215576184
-5.37249066667 311.269176543
-5.367488 311.289183779
-5.36248533333 311.340275407
-5.35748266667 311.279907497
-5.35248 311.302611067
-5.34747733333 311.373895897
-5.34247466667 311.421067894
-5.337472 311.387815064
-5.33246933333 311.442927929
-5.32746666667 311.456088259
-5.322464 311.4590801
-5.31746133333 311.467794296
-5.31245866667 311.479284509
-5.307456 311.533376382
-5.30245333333 311.551161542
-5.29745066667 311.50601673
-5.292448 311.638419706
-5.28744533333 311.640603506
-5.28244266667 311.641402916
-5.27744 311.60986405
-5.27243733333 311.638565327
-5.26743466667 311.646286797
-5.262432 311.65948208
-5.25742933333 311.671292017
-5.25242666667 311.682820726
-5.247424 311.725974031
-5.24242133333 311.711272895
-5.23741866667 311.678295414
-5.232416 311.758443683
-5.22741333333 311.748746076
-5.22241066667 311.725725942
-5.217408 311.745874742
-5.21240533333 311.7432177
-5.20740266667 311.760397925
-5.2024 311.818376641
-5.19739733333 311.768720479
-5.19239466667 311.768096923
-5.187392 311.811769149
-5.18238933333 311.789297503
-5.17738666667 311.778480528
-5.172384 311.792568012
-5.16738133333 311.767783045
-5.16237866667 311.767332667
-5.157376 311.729944944
-5.15237333333 311.735524143
-5.14737066667 311.718118356
-5.142368 311.719107787
-5.13736533333 311.691380218
-5.13236266667 311.754925328
-5.12736 311.771363257
-5.12235733333 311.807165255
-5.11735466667 311.745199795
-5.112352 311.753268722
-5.10734933333 311.829153386
-5.10234666667 311.876411913
-5.097344 311.771730186
-5.09234133333 311.812895775
-5.08733866667 311.831312867
-5.082336 311.794450907
-5.07733333333 311.803758482
-5.07233066667 311.840527749
-5.067328 311.799055031
-5.06232533333 311.822181454
-5.05732266667 311.842589254
-5.05232 311.783288004
-5.04731733333 311.842734764
-5.04231466667 311.872751121
-5.037312 311.805567228
-5.03230933333 311.804387408
-5.02730666667 311.812549032
-5.022304 311.798663325
-5.01730133333 311.767492794
-5.01229866667 311.8041431
-5.007296 311.781444058
-5.00229333333 311.783194895
-4.99729066667 311.818406577
-4.992288 311.813815096
-4.98728533333 311.803920348
-4.98228266667 311.787561711
-4.97728 311.76119803
-4.97227733333 311.797686367
-4.96727466667 311.785080606
-4.962272 311.848840923
-4.95726933333 311.79652835
-4.95226666667 311.774609369
-4.947264 311.78690158
-4.94226133333 311.783697797
-4.93725866667 311.74794288
-4.932256 311.78110552
-4.92725333333 311.777963012
-4.92225066667 311.814944744
-4.917248 311.769410143
-4.91224533333 311.762764938
-4.90724266667 311.733039365
-4.90224 311.722854359
-4.89723733333 311.754602606
-4.89223466667 311.74721431
-4.887232 311.750590404
-4.88222933333 311.790418048
-4.87722666667 311.762507355
-4.872224 311.736476336
-4.86722133333 311.76826564
-4.86221866667 311.74043574
-4.857216 311.723160413
-4.85221333333 311.759050327
-4.84721066667 311.71484567
-4.842208 311.775875817
-4.83720533333 311.775668647
-4.83220266667 311.736102983
-4.8272 311.849239019
-4.82219733333 311.761064394
-4.81719466667 311.763072778
-4.812192 311.73728749
-4.80718933333 311.806664271
-4.80218666667 311.774220087
-4.797184 311.73551465
-4.79218133333 311.715671643
-4.78717866667 311.803350128
-4.782176 311.757332798
-4.77717333333 311.752420443
-4.77217066667 311.760712789
-4.767168 311.70064002
-4.76216533333 311.758238586
-4.75716266667 311.752919588
-4.75216 311.764556807
-4.74715733333 311.770970754
-4.74215466667 311.769155125
-4.737152 311.756282607
-4.73214933333 311.696611257
-4.72714666667 311.82832837
-4.722144 311.754883418
-4.71714133333 311.731284157
-4.71213866667 311.707361708
-4.707136 311.711849667
-4.70213333333 311.688477277
-4.69713066667 311.702077734
-4.692128 311.646993934
-4.68712533333 311.72725683
-4.68212266667 311.729934093
-4.67712 311.638945526
-4.67211733333 311.684829839
-4.66711466667 311.73933734
-4.662112 311.741705323
-4.65710933333 311.700261785
-4.65210666667 311.702052793
-4.647104 311.700484933
-4.64210133333 311.719926075
-4.63709866667 311.701021366
-4.632096 311.670462122
-4.62709333333 311.685575577
-4.62209066667 311.685029884
-4.617088 311.642451407
-4.61208533333 311.680404663
-4.60708266667 311.655851327
-4.60208 311.639761519
-4.59707733333 311.670043974
-4.59207466667 311.623893287
-4.587072 311.662224962
-4.58206933333 311.625300001
-4.57706666667 311.60224781
-4.572064 311.604620316
-4.56706133333 311.667297306
-4.56205866667 311.592484091
-4.557056 311.646586813
-4.55205333333 311.582113242
-4.54705066667 311.580066531
-4.542048 311.577131485
-4.53704533333 311.590167341
-4.53204266667 311.491629325
-4.52704 311.571956269
-4.52203733333 311.514358108
-4.51703466667 311.513938831
-4.512032 311.513771636
-4.50702933333 311.527594004
-4.50202666667 311.509014911
-4.497024 311.501756761
-4.49202133333 311.451490506
-4.48701866667 311.512288653
-4.482016 311.503582631
-4.47701333333 311.494762539
-4.47201066667 311.489804408
-4.467008 311.507770706
-4.46200533333 311.501751699
-4.45700266667 311.553174273
-4.452 311.486541918
-4.44699733333 311.491295968
-4.44199466667 311.522865874
-4.436992 311.490294968
-4.43198933333 311.501847275
-4.42698666667 311.575568936
-4.421984 311.515410917
-4.41698133333 311.53524922
-4.41197866667 311.550149565
-4.406976 311.53988943
-4.40197333333 311.564035408
-4.39697066667 311.58931874
-4.391968 311.572906685
-4.38696533333 311.617051039
-4.38196266667 311.627488595
-4.37696 311.65196351
-4.37195733333 311.629071831
-4.36695466667 311.695896453
-4.361952 311.60350905
-4.35694933333 311.591830957
-4.35194666667 311.658801177
-4.346944 311.641889305
-4.34194133333 311.610362894
-4.33693866667 311.640129488
-4.331936 311.575653612
-4.32693333333 311.638699818
-4.32193066667 311.630763628
-4.316928 311.680641132
-4.31192533333 311.609582011
-4.30692266667 311.663768962
-4.30192 311.631188952
-4.29691733333 311.693342213
-4.29191466667 311.647692678
-4.286912 311.650603191
-4.28190933333 311.609469302
-4.27690666667 311.640460166
-4.271904 311.599955904
-4.26690133333 311.668210686
-4.26189866667 311.619288057
-4.256896 311.628371013
-4.25189333333 311.64901771
-4.24689066667 311.621864421
-4.241888 311.600779462
-4.23688533333 311.590179955
-4.23188266667 311.553704183
-4.22688 311.595200834
-4.22187733333 311.549202347
-4.21687466667 311.530628593
-4.211872 311.492765061
-4.20686933333 311.475307364
-4.20186666667 311.447322716
-4.196864 311.454090145
-4.19186133333 311.390964578
-4.18685866667 311.41985162
-4.181856 311.412824708
-4.17685333333 311.358756256
-4.17185066667 311.308308275
-4.166848 311.374023987
-4.16184533333 311.29807442
-4.15684266667 311.214741191
-4.15184 311.240803417
-4.14683733333 311.332903338
-4.14183466667 311.193159327
-4.136832 311.190746976
-4.13182933333 311.173810144
-4.12682666667 311.13899701
-4.121824 311.167942132
-4.11682133333 311.143842445
-4.11181866667 311.113951541
-4.106816 311.179683645
-4.10181333333 311.112808011
-4.09681066667 311.17262905
-4.091808 311.105987262
-4.08680533333 311.132494505
-4.08180266667 311.115397288
-4.0768 311.115446622
-4.07179733333 311.070911337
-4.06679466667 311.136660186
-4.061792 311.053889316
-4.05678933333 311.07143808
-4.05178666667 311.095853894
-4.046784 311.107404657
-4.04178133333 311.016299837
-4.03677866667 311.047738287
-4.031776 311.04956027
-4.02677333333 311.036376609
-4.02177066667 311.025952961
-4.016768 310.996013678
-4.01176533333 310.934161463
-4.00676266667 311.076852123
-4.00176 310.996185038
-3.99675733333 311.008220232
-3.99175466667 311.008674466
-3.986752 310.989191687
-3.98174933333 310.950112857
-3.97674666667 310.962048786
-3.971744 310.941875112
-3.96674133333 310.971544112
-3.96173866667 310.917426481
-3.956736 310.962946119
-3.95173333333 310.909373189
-3.94673066667 311.01093932
-3.941728 310.937112493
-3.93672533333 311.004481474
-3.93172266667 310.974181938
-3.92672 311.020066845
-3.92171733333 311.080956986
-3.91671466667 311.123934985
-3.911712 311.109989589
-3.90670933333 311.232698919
-3.90170666667 311.186550383
-3.896704 311.21074805
-3.89170133333 311.21659768
-3.88669866667 311.293521345
-3.881696 311.245830901
-3.87669333333 311.300347946
-3.87169066667 311.301990938
-3.866688 311.373931008
-3.86168533333 311.329404602
-3.85668266667 311.378703889
-3.85168 311.394056233
-3.84667733333 311.487308567
-3.84167466667 311.404390818
-3.836672 311.505221512
-3.83166933333 311.469354379
-3.82666666667 311.56095255
-3.821664 311.557106744
-3.81666133333 311.630622512
-3.81165866667 311.54595543
-3.806656 311.639884006
-3.80165333333 311.594449268
-3.79665066667 311.618815364
-3.791648 311.649621379
-3.78664533333 311.673191855
-3.78164266667 311.649735034
-3.77664 311.720128216
-3.77163733333 311.675030823
-3.76663466667 311.721301415
-3.761632 311.706672053
-3.75662933333 311.758708124
-3.75162666667 311.728360673
-3.746624 311.752657206
-3.74162133333 311.706088279
-3.73661866667 311.776299774
-3.731616 311.714595808
-3.72661333333 311.835710094
-3.72161066667 311.749559738
-3.716608 311.765268164
-3.71160533333 311.716064907
-3.70660266667 311.758654953
-3.7016 311.749789841
-3.69659733333 311.733312349
-3.69159466667 311.745592152
-3.686592 311.815520446
-3.68158933333 311.727252533
-3.67658666667 311.799995403
-3.671584 311.726701343
-3.66658133333 311.778374907
-3.66157866667 311.794312616
-3.656576 311.797694156
-3.65157333333 311.719808715
-3.64657066667 311.797375132
-3.641568 311.726878512
-3.63656533333 311.759074291
-3.63156266667 311.709698899
-3.62656 311.803563426
-3.62155733333 311.683928147
-3.61655466667 311.751374503
-3.611552 311.733476357
-3.60654933333 311.800179896
-3.60154666667 311.690858476
-3.596544 311.78428816
-3.59154133333 311.670045279
-3.58653866667 311.7486765
-3.581536 311.679304463
-3.57653333333 311.710368481
-3.57153066667 311.724091177
-3.566528 311.750332561
-3.56152533333 311.665622464
-3.55652266667 311.690017561
-3.55152 311.605229952
-3.54651733333 311.732771168
-3.54151466667 311.607380303
-3.536512 311.652239093
-3.53150933333 311.581385705
-3.52650666667 311.681705845
-3.521504 311.658939314
-3.51650133333 311.698166139
-3.51149866667 311.635165172
-3.506496 311.695157899
-3.50149333333 311.598347032
-3.49649066667 311.635691086
-3.491488 311.623721606
-3.48648533333 311.68243242
-3.48148266667 311.653057741
-3.47648 311.738706404
-3.47147733333 311.660008657
-3.46647466667 311.649306639
-3.461472 311.669848043
-3.45646933333 311.698596305
-3.45146666667 311.610147934
-3.446464 311.650913903
-3.44146133333 311.581526774
-3.43645866667 311.583118394
-3.431456 311.536426486
-3.42645333333 311.610011166
-3.42145066667 311.516270747
-3.416448 311.626860891
-3.41144533333 311.537462963
-3.40644266667 311.577438976
-3.40144 311.492912047
-3.39643733333 311.572426395
-3.39143466667 311.478351751
-3.386432 311.509676425
-3.38142933333 311.441778012
-3.37642666667 311.468104663
-3.371424 311.409281713
-3.36642133333 311.483134013
-3.36141866667 311.372719996
-3.356416 311.441760893
-3.35141333333 311.347015272
-3.34641066667 311.367084097
-3.341408 311.349604565
-3.33640533333 311.374893366
-3.33140266667 311.27190924
-3.3264 311.298557671
-3.32139733333 311.186668761
-3.31639466667 311.228170404
-3.311392 311.152604393
-3.30638933333 311.222049219
-3.30138666667 311.121036355
-3.296384 311.177467833
-3.29138133333 311.140162835
-3.28637866667 311.129324448
-3.281376 311.097979419
-3.27637333333 311.083246824
-3.27137066667 311.032375529
-3.266368 311.079809057
-3.26136533333 310.952572076
-3.25636266667 311.102133582
-3.25136 311.047806095
-3.24635733333 311.13919039
-3.24135466667 311.132576517
-3.236352 311.208474372
-3.23134933333 311.228562563
-3.22634666667 311.426324639
-3.221344 311.391236783
-3.21634133333 311.573366368
-3.21133866667 311.608950572
-3.206336 311.714418776
-3.20133333333 311.696483204
-3.19633066667 311.900901881
-3.191328 311.961098016
-3.18632533333 312.149945664
-3.18132266667 312.242574085
-3.17632 312.430529141
-3.17131733333 312.450409153
-3.16631466667 312.65716896
-3.161312 312.677619747
-3.15630933333 312.84118878
-3.15130666667 312.89951582
-3.146304 313.034406732
-3.14130133333 313.012236224
-3.13629866667 313.160490818
-3.131296 313.142817087
-3.12629333333 313.166820698
-3.12129066667 313.172105344
-3.116288 313.215054038
-3.11128533333 313.136816484
-3.10628266667 313.249259971
-3.10128 313.147455569
-3.09627733333 313.249565501
-3.09127466667 313.20396465
-3.086272 313.147910795
-3.08126933333 313.14851316
-3.07626666667 313.138969471
-3.071264 313.02999554
-3.06626133333 313.094263879
-3.06125866667 313.012672918
-3.056256 313.060596109
-3.05125333333 313.017548622
-3.04625066667 313.058951009
-3.041248 313.011170295
-3.03624533333 313.189375051
-3.03124266667 313.134331577
-3.02624 313.26788099
-3.02123733333 313.191712593
-3.01623466667 313.312535306
-3.011232 313.226747502
-3.00622933333 313.323246766
-3.00122666667 313.290303962
-2.996224 313.327029575
-2.99122133333 313.32943293
-2.98621866667 313.335183536
-2.981216 313.339727636
-2.97621333333 313.449760196
-2.97121066667 313.335621877
-2.966208 313.445792077
-2.96120533333 313.33332377
-2.95620266667 313.333112519
-2.9512 313.272488278
-2.94619733333 313.40665041
-2.94119466667 313.232899102
-2.936192 313.364296822
-2.93118933333 313.289232232
-2.92618666667 313.382849012
-2.921184 313.28791273
-2.91618133333 313.382432691
-2.91117866667 313.266255894
-2.906176 313.397040533
-2.90117333333 313.299826811
-2.89617066667 313.394776894
-2.891168 313.32924445
-2.88616533333 313.454981121
-2.88116266667 313.40723265
-2.87616 313.520591102
-2.87115733333 313.414848556
-2.86615466667 313.488162783
-2.861152 313.458922409
-2.85614933333 313.54415909
-2.85114666667 313.483287983
-2.846144 313.561295358
-2.84114133333 313.426228675
-2.83613866667 313.548793531
-2.831136 313.450407469
-2.82613333333 313.549879058
-2.82113066667 313.451936226
-2.816128 313.543764325
-2.81112533333 313.454828196
-2.80612266667 313.561283241
-2.80112 313.446156437
-2.79611733333 313.518847026
-2.79111466667 313.486037472
-2.786112 313.562931837
-2.78110933333 313.442038989
-2.77610666667 313.592164114
-2.771104 313.51444063
-2.76610133333 313.592740028
-2.76109866667 313.511154192
-2.756096 313.586243075
-2.75109333333 313.480384855
-2.74609066667 313.567493116
-2.741088 313.474833227
-2.73608533333 313.568802354
-2.73108266667 313.517982971
-2.72608 313.509794844
-2.72107733333 313.399538717
-2.71607466667 313.577649065
-2.711072 313.435276087
-2.70606933333 313.516108231
-2.70106666667 313.391243016
-2.696064 313.486302466
-2.69106133333 313.34831021
-2.68605866667 313.408039455
-2.681056 313.300978975
-2.67605333333 313.318546194
-2.67105066667 313.29038868
-2.666048 313.26593381
-2.66104533333 313.167206591
-2.65604266667 313.217412469
-2.65104 313.129439452
-2.64603733333 313.192879991
-2.64103466667 313.039324468
-2.636032 313.084170513
-2.63102933333 313.018805938
-2.62602666667 313.069134177
-2.621024 313.005998676
-2.61602133333 313.086885328
-2.61101866667 313.024666968
-2.606016 313.13244075
-2.60101333333 313.059602469
-2.59601066667 313.156985103
-2.591008 313.126002985
-2.58600533333 313.309445065
-2.58100266667 313.155773782
-2.576 313.255031593
-2.57099733333 313.125844753
-2.56599466667 313.134699563
-2.560992 313.092941745
-2.55598933333 313.190800163
-2.55098666667 313.028515164
-2.545984 313.126171237
-2.54098133333 313.00070069
-2.53597866667 313.033813232
-2.530976 312.930414006
-2.52597333333 313.030952822
-2.52097066667 312.877728862
-2.515968 312.901287772
-2.51096533333 312.815394425
-2.50596266667 312.850678456
-2.50096 312.753205299
-2.49595733333 312.876523642
-2.49095466667 312.714269035
-2.485952 312.798149366
-2.48094933333 312.674301075
-2.47594666667 312.722202139
-2.470944 312.620555201
-2.46594133333 312.697492214
-2.46093866667 312.568018826
-2.455936 312.670339418
-2.45093333333 312.565574712
-2.44593066667 312.678829934
-2.440928 312.537521738
-2.43592533333 312.598615432
-2.43092266667 312.503950094
-2.42592 312.576918444
-2.42091733333 312.535018
-2.41591466667 312.586793801
-2.410912 312.518173402
-2.40590933333 312.648249525
-2.40090666667 312.474736824
-2.395904 312.574998829
-2.39090133333 312.446341521
-2.38589866667 312.584877582
-2.380896 312.470883128
-2.37589333333 312.559732041
-2.37089066667 312.523681727
-2.365888 312.573076969
-2.36088533333 312.446134359
-2.35588266667 312.574033768
-2.35088 312.505947156
-2.34587733333 312.569317612
-2.34087466667 312.537602319
-2.335872 312.597551779
-2.33086933333 312.463028092
-2.32586666667 312.616244039
-2.320864 312.580564917
-2.31586133333 312.660957283
-2.31085866667 312.578995731
-2.305856 312.650310504
-2.30085333333 312.561321764
-2.29585066667 312.684657036
-2.290848 312.630960718
-2.28584533333 312.726596174
-2.28084266667 312.640186597
-2.27584 312.658848585
-2.27083733333 312.637474766
-2.26583466667 312.756223443
-2.260832 312.621281473
-2.25582933333 312.675627427
-2.25082666667 312.652378761
-2.245824 312.696682299
-2.24082133333 312.663489165
-2.23581866667 312.636607295
-2.230816 312.617042974
-2.22581333333 312.692578613
-2.22081066667 312.536105179
-2.215808 312.631460008
-2.21080533333 312.597681235
-2.20580266667 312.628381928
-2.2008 312.557532435
-2.19579733333 312.679480698
-2.19079466667 312.52424079
-2.185792 312.663951675
-2.18078933333 312.560843374
-2.17578666667 312.641359838
-2.170784 312.564877662
-2.16578133333 312.675763673
-2.16077866667 312.534843856
-2.155776 312.603082865
-2.15077333333 312.536976894
-2.14577066667 312.632710924
-2.140768 312.556315504
-2.13576533333 312.621910001
-2.13076266667 312.526906782
-2.12576 312.595358807
-2.12075733333 312.497880965
-2.11575466667 312.564910299
-2.110752 312.476140207
-2.10574933333 312.579499147
-2.10074666667 312.426395703
-2.095744 312.542337407
-2.09074133333 312.468397955
-2.08573866667 312.553599726
-2.080736 312.454368111
-2.07573333333 312.555220844
-2.07073066667 312.396841895
-2.065728 312.47838958
-2.06072533333 312.385106464
-2.05572266667 312.412336833
-2.05072 312.374980797
-2.04571733333 312.476916597
-2.04071466667 312.354442863
-2.035712 312.394868053
-2.03070933333 312.309977736
-2.02570666667 312.38942911
-2.020704 312.269874764
-2.01570133333 312.391873002
-2.01069866667 312.263073874
-2.005696 312.344337169
-2.00069333333 312.248853633
-1.99569066667 312.279413616
-1.990688 312.176823897
-1.98568533333 312.290653497
-1.98068266667 312.205028663
-1.97568 312.23063402
-1.97067733333 312.169529662
-1.96567466667 312.224665029
-1.960672 312.184293261
-1.95566933333 312.189076893
-1.95066666667 312.151334058
-1.945664 312.246600257
-1.94066133333 312.108598626
-1.93565866667 312.214971476
-1.930656 312.105816281
-1.92565333333 312.184337792
-1.92065066667 312.091220275
-1.915648 312.126728521
-1.91064533333 312.061193458
-1.90564266667 312.168513426
-1.90064 311.995305832
-1.89563733333 312.037736487
-1.89063466667 312.053702282
-1.885632 312.069972773
-1.88062933333 311.966249059
-1.87562666667 312.062948476
-1.870624 311.996684674
-1.86562133333 312.070731793
-1.86061866667 311.995463936
-1.855616 312.032103955
-1.85061333333 311.960490186
-1.84561066667 312.048224703
-1.840608 311.904514644
-1.83560533333 311.976811267
-1.83060266667 311.958902575
-1.8256 311.988855494
-1.82059733333 311.843599951
-1.81559466667 312.03266419
-1.810592 311.919519048
-1.80558933333 312.002306359
-1.80058666667 311.820446066
-1.795584 311.914287283
-1.79058133333 311.812968712
-1.78557866667 311.949204918
-1.780576 311.793440793
-1.77557333333 311.87643833
-1.77057066667 311.791233308
-1.765568 311.841743249
-1.76056533333 311.764601333
-1.75556266667 311.823036634
-1.75056 311.77027599
-1.74555733333 311.877581393
-1.74055466667 311.724888854
-1.735552 311.798527432
-1.73054933333 311.751669139
-1.72554666667 311.805708016
-1.720544 311.754819963
-1.71554133333 311.853624573
-1.71053866667 311.77310411
-1.705536 311.812520086
-1.70053333333 311.735145137
-1.69553066667 311.80471279
-1.690528 311.715143024
-1.68552533333 311.794117199
-1.68052266667 311.677158237
-1.67552 311.714208046
-1.67051733333 311.679756259
-1.66551466667 311.730540051
-1.660512 311.663026419
-1.65550933333 311.729560271
-1.65050666667 311.666127852
-1.645504 311.755008988
-1.64050133333 311.65672879
-1.63549866667 311.663848563
-1.630496 311.636783693
-1.62549333333 311.708529017
-1.62049066667 311.584477386
-1.615488 311.617931288
-1.61048533333 311.608008682
-1.60548266667 311.669705985
-1.60048 311.611872807
-1.59547733333 311.674509998
-1.59047466667 311.557510385
-1.585472 311.602061863
-1.58046933333 311.521846162
-1.57546666667 311.627197163
-1.570464 311.569576077
-1.56546133333 311.641243999
-1.56045866667 311.537821312
-1.555456 311.631541448
-1.55045333333 311.53166703
-1.54545066667 311.642252045
-1.540448 311.55029418
-1.53544533333 311.622631216
-1.53044266667 311.585381701
-1.52544 311.661526118
-1.52043733333 311.586711358
-1.51543466667 311.652686319
-1.510432 311.600919866
-1.50542933333 311.640204288
-1.50042666667 311.56476874
-1.495424 311.654794738
-1.49042133333 311.595886201
-1.48541866667 311.672328787
-1.480416 311.569307723
-1.47541333333 311.627928991
-1.47041066667 311.569459189
-1.465408 311.644672057
-1.46040533333 311.516746035
-1.45540266667 311.629419792
-1.4504 311.54181052
-1.44539733333 311.637321331
-1.44039466667 311.655135761
-1.435392 311.667366548
-1.43038933333 311.608849184
-1.42538666667 311.69352476
-1.420384 311.605986367
-1.41538133333 311.677384839
-1.41037866667 311.635479569
-1.405376 311.680166637
-1.40037333333 311.579770902
-1.39537066667 311.71015472
-1.390368 311.665499708
-1.38536533333 311.768795144
-1.38036266667 311.757648094
-1.37536 311.809300371
-1.37035733333 311.762337475
-1.36535466667 311.87916974
-1.360352 311.782798988
-1.35534933333 311.901647132
-1.35034666667 311.885417489
-1.345344 311.994620159
-1.34034133333 311.919595533
-1.33533866667 312.021167104
-1.330336 312.020040618
-1.32533333333 312.112127963
-1.32033066667 312.039547382
-1.315328 312.149216062
-1.31032533333 312.147111005
-1.30532266667 312.238377059
-1.30032 312.177296589
-1.29531733333 312.276670276
-1.29031466667 312.238899325
-1.285312 312.308581396
-1.28030933333 312.301438175
-1.27530666667 312.382403926
-1.270304 312.308334892
-1.26530133333 312.448170071
-1.26029866667 312.328055802
-1.255296 312.417302815
-1.25029333333 312.409221982
-1.24529066667 312.471304015
-1.240288 312.376025028
-1.23528533333 312.452219792
-1.23028266667 312.416715599
-1.22528 312.452141131
-1.22027733333 312.374257232
-1.21527466667 312.457217923
-1.210272 312.410013177
-1.20526933333 312.464440274
-1.20026666667 312.37792334
-1.195264 312.394712107
-1.19026133333 312.375562883
-1.18525866667 312.356902392
-1.180256 312.311516404
-1.17525333333 312.379342065
-1.17025066667 312.288135551
-1.165248 312.407593075
-1.16024533333 312.290568225
-1.15524266667 312.326039202
-1.15024 312.296983072
-1.14523733333 312.303489908
-1.14023466667 312.210624965
-1.135232 312.239624917
-1.13022933333 312.182628587
-1.12522666667 312.203202678
-1.120224 312.116447617
-1.11522133333 312.171298091
-1.11021866667 312.126700611
-1.105216 312.12066092
-1.10021333333 312.023448701
-1.09521066667 312.00189049
-1.090208 311.976445811
-1.08520533333 312.008059811
-1.08020266667 311.87495101
-1.0752 311.908603806
-1.07019733333 311.843855167
-1.06519466667 311.96015711
-1.060192 311.789003023
-1.05518933333 311.813034336
-1.05018666667 311.799978929
-1.045184 311.818937822
-1.04018133333 311.685895374
-1.03517866667 311.80431171
-1.030176 311.717417772
-1.02517333333 311.718559097
-1.02017066667 311.617210842
-1.015168 311.658253609
-1.01016533333 311.550176651
-1.00516266667 311.598803141
-1.00016 311.517872211
-0.995157333333 311.484288518
-0.990154666667 311.431613972
-0.985152 311.454715738
-0.980149333333 311.326753937
-0.975146666667 311.395112432
-0.970144 311.320977569
-0.965141333333 311.2732578
-0.960138666667 311.189438644
-0.955136 311.143356852
-0.950133333333 311.084075552
-0.945130666667 311.132160619
-0.940128 311.025693787
-0.935125333333 311.096756529
-0.930122666667 311.035184282
-0.92512 311.116250403
-0.920117333333 311.010770098
-0.915114666667 311.066564718
-0.910112 311.070449952
-0.905109333333 311.122892077
-0.900106666667 311.170871916
-0.895104 311.177308528
-0.890101333333 311.155841845
-0.885098666667 311.184947422
-0.880096 311.176051617
-0.875093333333 311.221883956
-0.870090666667 311.251483936
-0.865088 311.218195106
-0.860085333333 311.207149761
-0.855082666667 311.264205739
-0.85008 311.261480523
-0.845077333333 311.341393789
-0.840074666667 311.262694641
-0.835072 311.312390957
-0.830069333333 311.312667117
-0.825066666667 311.305576585
-0.820064 311.245639324
-0.815061333333 311.282293017
-0.810058666667 311.23541133
-0.805056 311.248978606
-0.800053333333 311.207976322
-0.795050666667 311.191942093
-0.790048 311.212383208
-0.785045333333 311.233101923
-0.780042666667 311.110676654
-0.77504 311.16051976
-0.770037333333 311.153340126
-0.765034666667 311.195382567
-0.760032 311.128013349
-0.755029333333 311.140582379
-0.750026666667 311.116541168
-0.745024 311.089325156
-0.740021333333 311.046451769
-0.735018666667 311.042582494
-0.730016 311.052381247
-0.725013333333 311.080590102
-0.720010666667 310.970620023
-0.715008 311.041621428
-0.710005333333 311.022359341
-0.705002666667 310.965937533
-0.7 310.97421111
-0.694997333333 311.060499857
-0.689994666667 311.012078575
-0.684992 311.124831043
-0.679989333333 311.070661657
-0.674986666667 311.092367585
-0.669984 311.148770403
-0.664981333333 311.167985503
-0.659978666667 311.098291573
-0.654976 311.205748424
-0.649973333333 311.255721551
-0.644970666667 311.266627424
-0.639968 311.228843052
-0.634965333333 311.275506484
-0.629962666667 311.266978323
-0.62496 311.352888824
-0.619957333333 311.316547318
-0.614954666667 311.355222858
-0.609952 311.370803863
-0.604949333333 311.464667866
-0.599946666667 311.363739012
-0.594944 311.35702494
-0.589941333333 311.420282225
-0.584938666667 311.480385377
-0.579936 311.396250745
-0.574933333333 311.491371164
-0.569930666667 311.445946753
-0.564928 311.493496288
-0.559925333333 311.443057255
-0.554922666667 311.454646237
-0.54992 311.480699339
-0.544917333333 311.554993836
-0.539914666667 311.444674435
-0.534912 311.52724452
-0.529909333333 311.53798555
-0.524906666667 311.500050688
-0.519904 311.501125014
-0.514901333333 311.518632836
-0.509898666667 311.520561527
-0.504896 311.580132962
-0.499893333333 311.509219411
-0.494890666667 311.523481914
-0.489888 311.536598178
-0.484885333333 311.541508318
-0.479882666667 311.473717563
-0.47488 311.501721714
-0.469877333333 311.527843203
-0.464874666667 311.58404311
-0.459872 311.488779341
-0.454869333333 311.506537875
-0.449866666667 311.574944735
-0.444864 311.581656484
-0.439861333333 311.539022102
-0.434858666667 311.610758095
-0.429856 311.587163018
-0.424853333333 311.604592051
-0.419850666667 311.618715828
-0.414848 311.623585053
-0.409845333333 311.621349011
-0.404842666667 311.624741181
-0.39984 311.655068462
-0.394837333333 311.665982449
-0.389834666667 311.724637392
-0.384832 311.691022281
-0.379829333333 311.656490824
-0.374826666667 311.689772344
-0.369824 311.691297447
-0.364821333333 311.711743302
-0.359818666667 311.716471712
-0.354816 311.686615921
-0.349813333333 311.686308774
-0.344810666667 311.750325278
-0.339808 311.640147891
-0.334805333333 311.703060425
-0.329802666667 311.776740905
-0.3248 311.747705884
-0.319797333333 311.718876971
-0.314794666667 311.775812586
-0.309792 311.745096414
-0.304789333333 311.755459285
-0.299786666667 311.800599834
-0.294784 311.752190508
-0.289781333333 311.776148541
-0.284778666667 311.78648001
-0.279776 311.73497332
-0.274773333333 311.762760662
-0.269770666667 311.76397772
-0.264768 311.780139088
-0.259765333333 311.72910697
-0.254762666667 311.805511621
-0.24976 311.821563365
-0.244757333333 311.830321682
-0.239754666667 311.85585144
-0.234752 311.795820507
-0.229749333333 311.816787164
-0.224746666667 311.839799918
-0.219744 311.769457711
-0.214741333333 311.841194727
-0.209738666667 311.830764749
-0.204736 311.82577008
-0.199733333333 311.847044519
-0.194730666667 311.851215987
-0.189728 311.827458736
-0.184725333333 311.871536552
-0.179722666667 311.815476157
-0.17472 311.866246594
-0.169717333333 311.880725918
-0.164714666667 311.913524255
-0.159712 311.872179776
-0.154709333333 311.926504206
-0.149706666667 311.871240489
-0.144704 311.897881441
-0.139701333333 311.913357219
-0.134698666667 311.916168137
-0.129696 311.950562566
-0.124693333333 311.952817406
-0.119690666667 311.873870419
-0.114688 311.934184808
-0.109685333333 311.939020774
-0.104682666667 311.894083888
-0.09968 311.971689246
-0.0946773333333 311.968253012
-0.0896746666667 311.959678989
-0.084672 311.998117285
-0.0796693333333 311.922270009
-0.0746666666667 311.942738045
-0.069664 311.951859696
-0.0646613333333 312.018085735
-0.0596586666667 311.933358571
-0.054656 311.983020855
-0.0496533333333 311.976551877
-0.0446506666667 311.917037066
-0.039648 311.96346158
-0.0346453333333 311.974213341
-0.0296426666667 312.000617427
-0.02464 312.007214376
-0.0196373333333 311.982427739
-0.0146346666667 311.970300425
-0.009632 312.010672994
-0.00462933333333 311.977872476
