-9.99995733333 321.316657423
-9.99495466667 321.352854913
-9.989952 321.321184158
-9.98494933333 321.434262192
-9.97994666667 321.34215995
-9.974944 321.438472276
-9.96994133333 321.39565456
-9.96493866667 321.420203331
-9.959936 321.420978359
-9.95493333333 321.382599443
-9.94993066667 321.381104706
-9.944928 321.404277987
-9.93992533333 321.319470458
-9.93492266667 321.343912288
-9.92992 321.26988618
-9.92491733333 321.332560572
-9.91991466667 321.287324008
-9.914912 321.301716946
-9.90990933333 321.214757203
-9.90490666667 321.29534712
-9.899904 321.247682932
-9.89490133333 321.311617723
-9.88989866667 321.223769133
-9.884896 321.294192476
-9.87989333333 321.30094397
-9.87489066667 321.261731132
-9.869888 321.323610537
-9.86488533333 321.315060555
-9.85988266667 321.304841371
-9.85488 321.341178627
-9.84987733333 321.298061758
-9.84487466667 321.288732626
-9.839872 321.336604391
-9.83486933333 321.356918944
-9.82986666667 321.27562857
-9.824864 321.308909772
-9.81986133333 321.259351767
-9.81485866667 321.254295231
-9.809856 321.238825393
-9.80485333333 321.258619794
-9.79985066667 321.217236654
-9.794848 321.234042113
-9.78984533333 321.223464101
-9.78484266667 321.233998345
-9.77984 321.195210517
-9.77483733333 321.250552941
-9.76983466667 321.167599026
-9.764832 321.180784995
-9.75982933333 321.138321732
-9.75482666667 321.125266474
-9.749824 321.13470708
-9.74482133333 321.191350796
-9.73981866667 321.046211271
-9.734816 321.062870918
-9.72981333333 321.02125254
-9.72481066667 321.06083547
-9.719808 321.006980275
-9.71480533333 321.01858964
-9.70980266667 321.024871808
-9.7048 321.024792975
-9.69979733333 320.973067826
-9.69479466667 321.013420893
-9.689792 320.994729032
-9.68478933333 321.023012771
-9.67978666667 320.967768383
-9.674784 321.031285217
-9.66978133333 320.947353951
-9.66477866667 320.979862532
-9.659776 320.964947581
-9.65477333333 321.026919653
-9.64977066667 320.993694901
-9.644768 321.050543871
-9.63976533333 320.991657625
-9.63476266667 321.053666136
-9.62976 321.020702164
-9.62475733333 321.108343216
-9.61975466667 321.027803805
-9.614752 321.00304212
-9.60974933333 320.976435714
-9.60474666667 321.074287048
-9.599744 320.983083779
-9.59474133333 320.972606724
-9.58973866667 320.952240143
-9.584736 320.998760948
-9.57973333333 320.955420614
-9.57473066667 321.012961811
-9.569728 320.986541824
-9.56472533333 321.040380927
-9.55972266667 321.018317733
-9.55472 320.99569845
-9.54971733333 320.981830456
-9.54471466667 321.017435591
-9.539712 321.029579171
-9.53470933333 321.03518099
-9.52970666667 321.012707952
-9.524704 321.1114804
-9.51970133333 320.999433729
-9.51469866667 321.115276886
-9.509696 321.100141301
-9.50469333333 321.117614146
-9.49969066667 321.065543978
-9.494688 321.148953971
-9.48968533333 321.13733796
-9.48468266667 321.15506948
-9.47968 321.103882546
-9.47467733333 321.193514153
-9.46967466667 321.118268589
-9.464672 321.207661465
-9.45966933333 321.124344617
-9.45466666667 321.203196905
-9.449664 321.133684349
-9.44466133333 321.16129077
-9.43965866667 321.14192
-9.434656 321.177320806
-9.42965333333 321.12975014
-9.42465066667 321.182846895
-9.419648 321.214724644
-9.41464533333 321.149891738
-9.40964266667 321.157100516
-9.40464 321.177158208
-9.39963733333 321.126795326
-9.39463466667 321.179329832
-9.389632 321.181072896
-9.38462933333 321.214042372
-9.37962666667 321.173470026
-9.374624 321.169179654
-9.36962133333 321.14962283
-9.36461866667 321.182059576
-9.359616 321.113101596
-9.35461333333 321.208965786
-9.34961066667 321.119503245
-9.344608 321.170046261
-9.33960533333 321.131558882
-9.33460266667 321.137345645
-9.3296 321.119746195
-9.32459733333 321.127841554
-9.31959466667 321.070649274
-9.314592 321.163393821
-9.30958933333 321.082579313
-9.30458666667 321.135399276
-9.299584 321.108340587
-9.29458133333 321.157202967
-9.28957866667 321.051261993
-9.284576 321.143194733
-9.27957333333 321.068660028
-9.27457066667 321.108949713
-9.269568 321.033340916
-9.26456533333 321.133318216
-9.25956266667 321.060048994
-9.25456 321.065071176
-9.24955733333 321.015702881
-9.24455466667 321.158478122
-9.239552 320.98342049
-9.23454933333 321.052100862
-9.22954666667 321.019543574
-9.224544 321.11550048
-9.21954133333 321.037474355
-9.21453866667 321.030355789
-9.209536 320.976678115
-9.20453333333 321.032536254
-9.19953066667 320.921029283
-9.194528 321.030434998
-9.18952533333 320.873213748
-9.18452266667 320.952466728
-9.17952 320.870548451
-9.17451733333 320.890925566
-9.16951466667 320.795063197
-9.164512 320.8218225
-9.15950933333 320.727084665
-9.15450666667 320.79880451
-9.149504 320.731945255
-9.14450133333 320.799461731
-9.13949866667 320.736343949
-9.134496 320.76648199
-9.12949333333 320.692235924
-9.12449066667 320.745176306
-9.119488 320.666833772
-9.11448533333 320.711540544
-9.10948266667 320.651057292
-9.10448 320.662419457
-9.09947733333 320.655510852
-9.09447466667 320.616956888
-9.089472 320.581527336
-9.08446933333 320.669496168
-9.07946666667 320.485985142
-9.074464 320.595835447
-9.06946133333 320.506430099
-9.06445866667 320.496219961
-9.059456 320.458310641
-9.05445333333 320.515713328
-9.04945066667 320.345555904
-9.044448 320.434635388
-9.03944533333 320.388270929
-9.03444266667 320.369050819
-9.02944 320.272314116
-9.02443733333 320.336477073
-9.01943466667 320.286774315
-9.014432 320.161344425
-9.00942933333 320.104274109
-9.00442666667 320.219957948
-8.999424 320.061017944
-8.99442133333 320.157673523
-8.98941866667 320.092830797
-8.984416 320.20517325
-8.97941333333 320.199727967
-8.97441066667 320.281215287
-8.969408 320.265714761
-8.96440533333 320.426543266
-8.95940266667 320.403292009
-8.9544 320.55631652
-8.94939733333 320.599162411
-8.94439466667 320.787960032
-8.939392 320.908459354
-8.93438933333 321.135422876
-8.92938666667 321.174650987
-8.924384 321.428614105
-8.91938133333 321.524827421
-8.91437866667 321.763768197
-8.909376 321.827158603
-8.90437333333 322.037645501
-8.89937066667 322.08198721
-8.894368 322.294270082
-8.88936533333 322.271424207
-8.88436266667 322.456596064
-8.87936 322.373359345
-8.87435733333 322.498693238
-8.86935466667 322.471123075
-8.864352 322.50951911
-8.85934933333 322.543239577
-8.85434666667 322.555188505
-8.849344 322.522091319
-8.84434133333 322.576126017
-8.83933866667 322.466915699
-8.834336 322.533595323
-8.82933333333 322.44394588
-8.82433066667 322.431511932
-8.819328 322.320214426
-8.81432533333 322.381841601
-8.80932266667 322.286184789
-8.80432 322.342117197
-8.79931733333 322.235800174
-8.79431466667 322.345191196
-8.789312 322.242490436
-8.78430933333 322.380800241
-8.77930666667 322.279622917
-8.774304 322.31484444
-8.76930133333 322.307260521
-8.76429866667 322.376000328
-8.759296 322.266491106
-8.75429333333 322.356618817
-8.74929066667 322.260156293
-8.744288 322.365144256
-8.73928533333 322.233153115
-8.73428266667 322.243646653
-8.72928 322.140219312
-8.72427733333 322.298613183
-8.71927466667 322.153376182
-8.714272 322.251382299
-8.70926933333 322.152120279
-8.70426666667 322.24721769
-8.699264 322.191945461
-8.69426133333 322.239161848
-8.68925866667 322.183907422
-8.684256 322.302813914
-8.67925333333 322.164445245
-8.67425066667 322.252193932
-8.669248 322.157538378
-8.66424533333 322.237516621
-8.65924266667 322.150230364
-8.65424 322.196841273
-8.64923733333 322.179925773
-8.64423466667 322.286907386
-8.639232 322.091421923
-8.63422933333 322.248121672
-8.62922666667 322.143934984
-8.624224 322.220650684
-8.61922133333 322.15960879
-8.61421866667 322.222518893
-8.609216 322.090657513
-8.60421333333 322.185140602
-8.59921066667 322.095498446
-8.594208 322.132502966
-8.58920533333 322.036035546
-8.58420266667 322.184205431
-8.5792 322.088367534
-8.57419733333 322.124975546
-8.56919466667 322.064644149
-8.564192 322.205124198
-8.55918933333 322.062047092
-8.55418666667 322.091997526
-8.549184 322.050946055
-8.54418133333 322.105301719
-8.53917866667 322.03297566
-8.534176 322.001598336
-8.52917333333 322.009697867
-8.52417066667 322.019434978
-8.519168 321.912895379
-8.51416533333 321.998855769
-8.50916266667 321.892123076
-8.50416 321.964709295
-8.49915733333 321.842174735
-8.49415466667 321.91488247
-8.489152 321.911486548
-8.48414933333 321.890013497
-8.47914666667 321.830794653
-8.474144 321.93768573
-8.46914133333 321.826631781
-8.46413866667 321.938406695
-8.459136 321.775242607
-8.45413333333 321.876145447
-8.44913066667 321.751712905
-8.444128 321.897473975
-8.43912533333 321.792074276
-8.43412266667 321.945803721
-8.42912 321.83782536
-8.42411733333 322.015955829
-8.41911466667 321.935903087
-8.414112 322.00591191
-8.40910933333 321.90797013
-8.40410666667 322.066789931
-8.399104 322.023732962
-8.39410133333 322.104893282
-8.38909866667 322.033446363
-8.384096 322.214339569
-8.37909333333 322.052303763
-8.37409066667 322.099570179
-8.369088 322.080945789
-8.36408533333 322.170518448
-8.35908266667 322.043250042
-8.35408 322.081768863
-8.34907733333 322.059952862
-8.34407466667 322.134521047
-8.339072 321.970105242
-8.33406933333 321.976320099
-8.32906666667 321.914076247
-8.324064 321.978307323
-8.31906133333 321.851970944
-8.31405866667 321.933660091
-8.309056 321.813963226
-8.30405333333 321.847564303
-8.29905066667 321.797373369
-8.294048 321.844999022
-8.28904533333 321.72252044
-8.28404266667 321.791638231
-8.27904 321.728933837
-8.27403733333 321.789590538
-8.26903466667 321.758458872
-8.264032 321.869730008
-8.25902933333 321.717636234
-8.25402666667 321.856116576
-8.249024 321.768127899
-8.24402133333 321.84318043
-8.23901866667 321.760440569
-8.234016 321.800118392
-8.22901333333 321.722915948
-8.22401066667 321.789972346
-8.219008 321.800235934
-8.21400533333 321.797405497
-8.20900266667 321.727443584
-8.204 321.817822162
-8.19899733333 321.684541311
-8.19399466667 321.796382476
-8.188992 321.722457329
-8.18398933333 321.838784355
-8.17898666667 321.700554385
-8.173984 321.859201713
-8.16898133333 321.793491465
-8.16397866667 321.815974047
-8.158976 321.759923189
-8.15397333333 321.792081123
-8.14897066667 321.768742182
-8.143968 321.85184061
-8.13896533333 321.751110233
-8.13396266667 321.798286367
-8.12896 321.703921091
-8.12395733333 321.791906176
-8.11895466667 321.693741329
-8.113952 321.72217415
-8.10894933333 321.693510295
-8.10394666667 321.745298336
-8.098944 321.665043224
-8.09394133333 321.710980801
-8.08893866667 321.618899312
-8.083936 321.714113339
-8.07893333333 321.639924273
-8.07393066667 321.69366367
-8.068928 321.59898413
-8.06392533333 321.7848108
-8.05892266667 321.598172769
-8.05392 321.629970587
-8.04891733333 321.612712357
-8.04391466667 321.650043171
-8.038912 321.554642845
-8.03390933333 321.690782006
-8.02890666667 321.567003174
-8.023904 321.645949663
-8.01890133333 321.511781457
-8.01389866667 321.618818413
-8.008896 321.549858513
-8.00389333333 321.600988506
-7.99889066667 321.500741755
-7.993888 321.57986207
-7.98888533333 321.502926378
-7.98388266667 321.635985201
-7.97888 321.489373889
-7.97387733333 321.629371009
-7.96887466667 321.52809985
-7.963872 321.573509471
-7.95886933333 321.516542653
-7.95386666667 321.615129667
-7.948864 321.470266957
-7.94386133333 321.504159101
-7.93885866667 321.483189816
-7.933856 321.509131845
-7.92885333333 321.457756465
-7.92385066667 321.524597712
-7.918848 321.475442811
-7.91384533333 321.469645231
-7.90884266667 321.432353687
-7.90384 321.538801029
-7.89883733333 321.404690784
-7.89383466667 321.534248016
-7.888832 321.446171239
-7.88382933333 321.490367081
-7.87882666667 321.379807132
-7.873824 321.465638607
-7.86882133333 321.342542201
-7.86381866667 321.481864319
-7.858816 321.317692086
-7.85381333333 321.463476357
-7.84881066667 321.351586072
-7.843808 321.351719112
-7.83880533333 321.297954843
-7.83380266667 321.418782441
-7.8288 321.32444416
-7.82379733333 321.398579849
-7.81879466667 321.261170474
-7.813792 321.367318926
-7.80878933333 321.227739095
-7.80378666667 321.317222728
-7.798784 321.249829966
-7.79378133333 321.227576483
-7.78877866667 321.192246921
-7.783776 321.253243916
-7.77877333333 321.112943161
-7.77377066667 321.187023062
-7.768768 321.075012704
-7.76376533333 321.212325118
-7.75876266667 321.114726381
-7.75376 321.149140582
-7.74875733333 321.096316623
-7.74375466667 321.202930184
-7.738752 321.096712973
-7.73374933333 321.196774556
-7.72874666667 321.098610786
-7.723744 321.202774882
-7.71874133333 321.086613129
-7.71373866667 321.136296607
-7.708736 321.123538824
-7.70373333333 321.186616899
-7.69873066667 321.055881669
-7.693728 321.176949599
-7.68872533333 321.035602501
-7.68372266667 321.235539268
-7.67872 321.050319787
-7.67371733333 321.178510245
-7.66871466667 321.081133081
-7.663712 321.150465089
-7.65870933333 321.033186004
-7.65370666667 321.142652449
-7.648704 321.032563318
-7.64370133333 321.163258811
-7.63869866667 320.98222219
-7.633696 320.991538574
-7.62869333333 320.981932474
-7.62369066667 321.071769278
-7.618688 320.929873363
-7.61368533333 321.011198546
-7.60868266667 320.959162936
-7.60368 321.044094709
-7.59867733333 320.873154432
-7.59367466667 320.979201932
-7.588672 320.869435311
-7.58366933333 320.965392711
-7.57866666667 320.84232254
-7.573664 320.92121137
-7.56866133333 320.831830207
-7.56365866667 320.945842579
-7.558656 320.805970779
-7.55365333333 320.817648303
-7.54865066667 320.752022629
-7.543648 320.775053259
-7.53864533333 320.716451206
-7.53364266667 320.802357081
-7.52864 320.619302791
-7.52363733333 320.763226326
-7.51863466667 320.630583659
-7.513632 320.712538366
-7.50862933333 320.603427749
-7.50362666667 320.695468815
-7.498624 320.604578352
-7.49362133333 320.644650424
-7.48861866667 320.558131594
-7.483616 320.678511114
-7.47861333333 320.582726415
-7.47361066667 320.636380052
-7.468608 320.565885356
-7.46360533333 320.633678516
-7.45860266667 320.641227506
-7.4536 320.707171208
-7.44859733333 320.637853141
-7.44359466667 320.847055976
-7.438592 320.656155584
-7.43358933333 320.766196148
-7.42858666667 320.728258438
-7.423584 320.820740848
-7.41858133333 320.74005279
-7.41357866667 320.87027329
-7.408576 320.808087816
-7.40357333333 320.94095222
-7.39857066667 320.85452257
-7.393568 320.987816721
-7.38856533333 320.923912269
-7.38356266667 321.074321816
-7.37856 320.987734532
-7.37355733333 321.125395359
-7.36855466667 321.062424536
-7.363552 321.167457138
-7.35854933333 321.136623274
-7.35354666667 321.304191683
-7.348544 321.149463291
-7.34354133333 321.298948917
-7.33853866667 321.257376311
-7.333536 321.246327634
-7.32853333333 321.228288828
-7.32353066667 321.350785475
-7.318528 321.154451565
-7.31352533333 321.209497952
-7.30852266667 321.124365102
-7.30352 321.233710207
-7.29851733333 321.077350685
-7.29351466667 321.181764608
-7.288512 321.120432513
-7.28350933333 321.209364277
-7.27850666667 321.060856245
-7.273504 321.151932673
-7.26850133333 321.053711965
-7.26349866667 321.152629801
-7.258496 321.02657345
-7.25349333333 321.096170778
-7.24849066667 320.988217556
-7.243488 321.146926275
-7.23848533333 320.969942383
-7.23348266667 321.125187857
-7.22848 321.039949586
-7.22347733333 321.131282042
-7.21847466667 321.061601048
-7.213472 321.118578375
-7.20846933333 321.014867892
-7.20346666667 321.123427301
-7.198464 320.994549968
-7.19346133333 321.066799921
-7.18845866667 321.047220935
-7.183456 321.130241392
-7.17845333333 321.048875492
-7.17345066667 321.076893067
-7.168448 321.033629787
-7.16344533333 321.090479958
-7.15844266667 320.989278179
-7.15344 321.118589891
-7.14843733333 321.074588335
-7.14343466667 321.121573549
-7.138432 321.009518895
-7.13342933333 321.088222756
-7.12842666667 320.963728257
-7.123424 321.175644602
-7.11842133333 320.983299994
-7.11341866667 321.100936025
-7.108416 321.008928485
-7.10341333333 321.076280899
-7.09841066667 320.96234633
-7.093408 321.040432245
-7.08840533333 321.018366233
-7.08340266667 321.09176586
-7.0784 320.968695535
-7.07339733333 321.069060733
-7.06839466667 321.015716417
-7.063392 321.070579132
-7.05838933333 320.987803381
-7.05338666667 321.031342559
-7.048384 320.99558025
-7.04338133333 321.05853692
-7.03837866667 320.902281901
-7.033376 321.025226188
-7.02837333333 320.897454057
-7.02337066667 320.973321639
-7.018368 320.89141729
-7.01336533333 320.925444331
-7.00836266667 320.873578642
-7.00336 321.003241215
-6.99835733333 320.854350925
-6.99335466667 320.914901061
-6.988352 320.831969042
-6.98334933333 320.943349462
-6.97834666667 320.827991937
-6.973344 320.912151416
-6.96834133333 320.90367303
-6.96333866667 320.953981078
-6.958336 320.829800248
-6.95333333333 320.934847766
-6.94833066667 320.931118334
-6.943328 320.980440292
-6.93832533333 320.869591265
-6.93332266667 321.003829622
-6.92832 320.963809652
-6.92331733333 321.037135048
-6.91831466667 320.943483334
-6.913312 321.053299307
-6.90830933333 320.993514282
-6.90330666667 321.099956551
-6.898304 320.976651544
-6.89330133333 321.02943872
-6.88829866667 321.067701325
-6.883296 321.121305176
-6.87829333333 321.023142024
-6.87329066667 321.086625842
-6.868288 321.007924955
-6.86328533333 321.094556217
-6.85828266667 321.019612009
-6.85328 321.151177448
-6.84827733333 321.079325025
-6.84327466667 321.16589967
-6.838272 321.119608161
-6.83326933333 321.174391604
-6.82826666667 321.147083458
-6.823264 321.229418748
-6.81826133333 321.155161729
-6.81325866667 321.22482733
-6.808256 321.25511976
-6.80325333333 321.304347362
-6.79825066667 321.172076046
-6.793248 321.285378401
-6.78824533333 321.176032889
-6.78324266667 321.314087287
-6.77824 321.153993507
-6.77323733333 321.269266834
-6.76823466667 321.32785166
-6.763232 321.335966529
-6.75822933333 321.179452416
-6.75322666667 321.274883076
-6.748224 321.248783596
-6.74322133333 321.355412864
-6.73821866667 321.239508889
-6.733216 321.345666298
-6.72821333333 321.358024909
-6.72321066667 321.42591573
-6.718208 321.362004799
-6.71320533333 321.432233412
-6.70820266667 321.373452054
-6.7032 321.475942953
-6.69819733333 321.444728392
-6.69319466667 321.48168723
-6.688192 321.465712125
-6.68318933333 321.561955965
-6.67818666667 321.436267811
-6.673184 321.500784184
-6.66818133333 321.406735674
-6.66317866667 321.554143981
-6.658176 321.472042117
-6.65317333333 321.538749499
-6.64817066667 321.524022688
-6.643168 321.522275547
-6.63816533333 321.376956834
-6.63316266667 321.554311297
-6.62816 321.450586575
-6.62315733333 321.570676761
-6.61815466667 321.520265489
-6.613152 321.521302121
-6.60814933333 321.507401301
-6.60314666667 321.566911746
-6.598144 321.503303518
-6.59314133333 321.564616865
-6.58813866667 321.522202103
-6.583136 321.605630914
-6.57813333333 321.508798489
-6.57313066667 321.597417858
-6.568128 321.541785004
-6.56312533333 321.635522182
-6.55812266667 321.569673439
-6.55312 321.633843953
-6.54811733333 321.55591474
-6.54311466667 321.704612796
-6.538112 321.587920855
-6.53310933333 321.65182796
-6.52810666667 321.625793688
-6.523104 321.649114788
-6.51810133333 321.539011693
-6.51309866667 321.57129131
-6.508096 321.551324584
-6.50309333333 321.587531348
-6.49809066667 321.453770865
-6.493088 321.512073829
-6.48808533333 321.490077692
-6.48308266667 321.57795495
-6.47808 321.455942065
-6.47307733333 321.466813247
-6.46807466667 321.421949258
-6.463072 321.528832294
-6.45806933333 321.417432845
-6.45306666667 321.494250051
-6.448064 321.454013673
-6.44306133333 321.495987181
-6.43805866667 321.45307131
-6.433056 321.54009878
-6.42805333333 321.435965456
-6.42305066667 321.543163815
-6.418048 321.505108059
-6.41304533333 321.524258507
-6.40804266667 321.481086732
-6.40304 321.549569349
-6.39803733333 321.536211129
-6.39303466667 321.529372993
-6.388032 321.494219025
-6.38302933333 321.609577628
-6.37802666667 321.491063337
-6.373024 321.519514501
-6.36802133333 321.517267722
-6.36301866667 321.53460418
-6.358016 321.502886248
-6.35301333333 321.528467231
-6.34801066667 321.509408741
-6.343008 321.615238374
-6.33800533333 321.497745935
-6.33300266667 321.56258447
-6.328 321.565812628
-6.32299733333 321.643425124
-6.31799466667 321.514639485
-6.312992 321.576590869
-6.30798933333 321.554759668
-6.30298666667 321.61627992
-6.297984 321.445376408
-6.29298133333 321.587321487
-6.28797866667 321.570742048
-6.282976 321.560193113
-6.27797333333 321.558550485
-6.27297066667 321.605189415
-6.267968 321.593709233
-6.26296533333 321.622574892
-6.25796266667 321.549951964
-6.25296 321.555950461
-6.24795733333 321.608501182
-6.24295466667 321.639550178
-6.237952 321.572204399
-6.23294933333 321.615583627
-6.22794666667 321.533732475
-6.222944 321.642164693
-6.21794133333 321.495623794
-6.21293866667 321.609139504
-6.207936 321.526519088
-6.20293333333 321.576491016
-6.19793066667 321.469579629
-6.192928 321.542506239
-6.18792533333 321.473222123
-6.18292266667 321.559428943
-6.17792 321.429449
-6.17291733333 321.520122913
-6.16791466667 321.461129705
-6.162912 321.48048826
-6.15790933333 321.452530812
-6.15290666667 321.493382302
-6.147904 321.474895104
-6.14290133333 321.442779457
-6.13789866667 321.447103046
-6.132896 321.459923315
-6.12789333333 321.447817569
-6.12289066667 321.475202015
-6.117888 321.421077175
-6.11288533333 321.43098376
-6.10788266667 321.444122986
-6.10288 321.465984712
-6.09787733333 321.393951193
-6.09287466667 321.502446902
-6.087872 321.433654874
-6.08286933333 321.510028382
-6.07786666667 321.457679118
-6.072864 321.49809807
-6.06786133333 321.507376445
-6.06285866667 321.493434919
-6.057856 321.448826495
-6.05285333333 321.547122248
-6.04785066667 321.460344863
-6.042848 321.4670383
-6.03784533333 321.438540929
-6.03284266667 321.439887034
-6.02784 321.483497474
-6.02283733333 321.448973912
-6.01783466667 321.402527877
-6.012832 321.466718116
-6.00782933333 321.395410393
-6.00282666667 321.479104945
-5.997824 321.417200704
-5.99282133333 321.437073738
-5.98781866667 321.405312186
-5.982816 321.465728887
-5.97781333333 321.384406324
-5.97281066667 321.46111779
-5.967808 321.435723866
-5.96280533333 321.451052867
-5.95780266667 321.436804832
-5.9528 321.371377162
-5.94779733333 321.424815266
-5.94279466667 321.44314248
-5.937792 321.367651923
-5.93278933333 321.407470124
-5.92778666667 321.340608959
-5.922784 321.372043731
-5.91778133333 321.334278262
-5.91277866667 321.357188209
-5.907776 321.306729019
-5.90277333333 321.315880942
-5.89777066667 321.235795625
-5.892768 321.299051702
-5.88776533333 321.325674132
-5.88276266667 321.348053593
-5.87776 321.269116158
-5.87275733333 321.332499522
-5.86775466667 321.3169601
-5.862752 321.272804672
-5.85774933333 321.281958213
-5.85274666667 321.299265792
-5.847744 321.212168836
-5.84274133333 321.316817087
-5.83773866667 321.202897095
-5.832736 321.219871763
-5.82773333333 321.275691177
-5.82273066667 321.303382784
-5.817728 321.159811108
-5.81272533333 321.251227177
-5.80772266667 321.209443139
-5.80272 321.229639945
-5.79771733333 321.187039392
-5.79271466667 321.243927583
-5.787712 321.197241723
-5.78270933333 321.239362993
-5.77770666667 321.20335506
-5.772704 321.143395441
-5.76770133333 321.164910755
-5.76269866667 321.19051504
-5.757696 321.100288699
-5.75269333333 321.128852942
-5.74769066667 321.056168354
-5.742688 321.075191137
-5.73768533333 321.014459502
-5.73268266667 321.064517336
-5.72768 320.97493235
-5.72267733333 321.057508004
-5.71767466667 320.939550257
-5.712672 320.940051036
-5.70766933333 320.927276162
-5.70266666667 320.894955217
-5.697664 320.850903925
-5.69266133333 320.819764597
-5.68765866667 320.743697646
-5.682656 320.767939941
-5.67765333333 320.637600869
-5.67265066667 320.682563761
-5.667648 320.658943633
-5.66264533333 320.606768728
-5.65764266667 320.538285253
-5.65264 320.548901222
-5.64763733333 320.511570715
-5.64263466667 320.514838591
-5.637632 320.403613922
-5.63262933333 320.402604755
-5.62762666667 320.425761095
-5.622624 320.366071918
-5.61762133333 320.351923752
-5.61261866667 320.308797451
-5.607616 320.313342869
-5.60261333333 320.298447635
-5.59761066667 320.28221887
-5.592608 320.279478117
-5.58760533333 320.222173059
-5.58260266667 320.220422276
-5.5776 320.182044411
-5.57259733333 320.130719225
-5.56759466667 320.204755942
-5.562592 320.12174912
-5.55758933333 320.132811102
-5.55258666667 320.178035534
-5.547584 320.15615134
-5.54258133333 320.105939261
-5.53757866667 320.086221842
-5.532576 320.077791339
-5.52757333333 320.017903476
-5.52257066667 320.06861505
-5.517568 319.952728465
-5.51256533333 319.985452991
-5.50756266667 320.011076862
-5.50256 319.968188727
-5.49755733333 319.92202492
-5.49255466667 319.926337422
-5.487552 319.965901046
-5.48254933333 319.946475147
-5.47754666667 319.817065978
-5.472544 319.861203128
-5.46754133333 319.778617676
-5.46253866667 319.809198818
-5.457536 319.768938933
-5.45253333333 319.742588845
-5.44753066667 319.765233753
-5.442528 319.745564542
-5.43752533333 319.732880611
-5.43252266667 319.65063086
-5.42752 319.606697218
-5.42251733333 319.677117805
-5.41751466667 319.651819877
-5.412512 319.623594487
-5.40750933333 319.62759921
-5.40250666667 319.716814132
-5.397504 319.595579445
-5.39250133333 319.64603733
-5.38749866667 319.664555921
-5.382496 319.648613146
-5.37749333333 319.657196042
-5.37249066667 319.624552596
-5.367488 319.73988855
-5.36248533333 319.754579604
-5.35748266667 319.698187178
-5.35248 319.712255259
-5.34747733333 319.696521619
-5.34247466667 319.766813794
-5.337472 319.715313824
-5.33246933333 319.808725403
-5.32746666667 319.892214341
-5.322464 319.838541717
-5.31746133333 319.913625946
-5.31245866667 319.925974268
-5.307456 319.909627534
-5.30245333333 319.989386781
-5.29745066667 320.068717957
-5.292448 320.077864642
-5.28744533333 320.081823252
-5.28244266667 320.147914447
-5.27744 320.184054344
-5.27243733333 320.216107635
-5.26743466667 320.265836092
-5.262432 320.353997256
-5.25742933333 320.321356401
-5.25242666667 320.414492282
-5.247424 320.466765728
-5.24242133333 320.508421981
-5.23741866667 320.514284154
-5.232416 320.627972389
-5.22741333333 320.616330445
-5.22241066667 320.630452884
-5.217408 320.624697169
-5.21240533333 320.585872939
-5.20740266667 320.751840738
-5.2024 320.667613612
-5.19739733333 320.641828178
-5.19239466667 320.698431348
-5.187392 320.712416604
-5.18238933333 320.720274833
-5.17738666667 320.704517648
-5.172384 320.682258167
-5.16738133333 320.770149989
-5.16237866667 320.718845263
-5.157376 320.746726281
-5.15237333333 320.724059197
-5.14737066667 320.750358463
-5.142368 320.82710893
-5.13736533333 320.764040247
-5.13236266667 320.725977957
-5.12736 320.81203265
-5.12235733333 320.808595066
-5.11735466667 320.827522683
-5.112352 320.825795689
-5.10734933333 320.834680248
-5.10234666667 320.883892938
-5.097344 320.837766635
-5.09234133333 320.847889689
-5.08733866667 320.887300278
-5.082336 320.861267345
-5.07733333333 320.864597353
-5.07233066667 320.85728971
-5.067328 320.853541354
-5.06232533333 320.890319394
-5.05732266667 320.856968086
-5.05232 320.874705534
-5.04731733333 320.883874864
-5.04231466667 320.886395542
-5.037312 320.907290215
-5.03230933333 320.947772535
-5.02730666667 320.916787604
-5.022304 320.964697761
-5.01730133333 320.920235082
-5.01229866667 320.951742236
-5.007296 320.983253774
-5.00229333333 320.970439546
-4.99729066667 320.985906605
-4.992288 320.933883053
-4.98728533333 321.026025916
-4.98228266667 320.897837167
-4.97728 320.935234085
-4.97227733333 320.939050089
-4.96727466667 320.994939361
-4.962272 320.861331588
-4.95726933333 320.888959659
-4.95226666667 320.896339041
-4.947264 320.882315531
-4.94226133333 320.870178951
-4.93725866667 320.86851856
-4.932256 320.867855801
-4.92725333333 320.899622124
-4.92225066667 320.895668969
-4.917248 320.88015749
-4.91224533333 320.825138351
-4.90724266667 320.836916213
-4.90224 320.833697055
-4.89723733333 320.777528581
-4.89223466667 320.836043493
-4.887232 320.827791426
-4.88222933333 320.800943534
-4.87722666667 320.77416448
-4.872224 320.793808389
-4.86722133333 320.780730662
-4.86221866667 320.738163527
-4.857216 320.734638876
-4.85221333333 320.762611803
-4.84721066667 320.774174735
-4.842208 320.729702449
-4.83720533333 320.743370912
-4.83220266667 320.717990559
-4.8272 320.74439059
-4.82219733333 320.760893747
-4.81719466667 320.786213493
-4.812192 320.734656256
-4.80718933333 320.773907609
-4.80218666667 320.757353278
-4.797184 320.801242736
-4.79218133333 320.727383902
-4.78717866667 320.739708769
-4.782176 320.744715219
-4.77717333333 320.708041067
-4.77217066667 320.706642035
-4.767168 320.709366444
-4.76216533333 320.643081129
-4.75716266667 320.633246654
-4.75216 320.609028218
-4.74715733333 320.679206481
-4.74215466667 320.694523734
-4.737152 320.639497851
-4.73214933333 320.68838972
-4.72714666667 320.66511175
-4.722144 320.703939387
-4.71714133333 320.652139881
-4.71213866667 320.636485712
-4.707136 320.730624605
-4.70213333333 320.679638828
-4.69713066667 320.706898211
-4.692128 320.687834503
-4.68712533333 320.736092083
-4.68212266667 320.676188925
-4.67712 320.765482663
-4.67211733333 320.652968227
-4.66711466667 320.750536472
-4.662112 320.713252748
-4.65710933333 320.702848917
-4.65210666667 320.770446623
-4.647104 320.754190044
-4.64210133333 320.71311541
-4.63709866667 320.789493659
-4.632096 320.795601075
-4.62709333333 320.86272842
-4.62209066667 320.828932211
-4.617088 320.916861175
-4.61208533333 320.867898233
-4.60708266667 320.917953148
-4.60208 320.913015544
-4.59707733333 320.906338319
-4.59207466667 320.81672013
-4.587072 320.829020988
-4.58206933333 320.787357642
-4.57706666667 320.708699571
-4.572064 320.606648101
-4.56706133333 320.552633419
-4.56205866667 320.483042753
-4.557056 320.445567108
-4.55205333333 320.377803856
-4.54705066667 320.468158952
-4.542048 320.498475142
-4.53704533333 320.654386434
-4.53204266667 320.654041878
-4.52704 320.765997185
-4.52203733333 320.898972095
-4.51703466667 320.98671454
-4.512032 321.072416509
-4.50702933333 321.197027678
-4.50202666667 321.226644226
-4.497024 321.326450406
-4.49202133333 321.386339162
-4.48701866667 321.527043552
-4.482016 321.486159873
-4.47701333333 321.766231129
-4.47201066667 321.889279289
-4.467008 321.584233669
-4.46200533333 321.577640377
-4.45700266667 321.636221444
-4.452 321.604768489
-4.44699733333 321.617781507
-4.44199466667 321.673145277
-4.436992 321.678328919
-4.43198933333 321.61263996
-4.42698666667 321.692768549
-4.421984 321.666289539
-4.41698133333 321.689344297
-4.41197866667 321.689763885
-4.406976 321.785460961
-4.40197333333 321.762539064
-4.39697066667 321.793389563
-4.391968 321.828181402
-4.38696533333 321.895942117
-4.38196266667 321.909047925
-4.37696 321.947953052
-4.37195733333 321.976810015
-4.36695466667 322.111164112
-4.361952 322.176974772
-4.35694933333 322.173239484
-4.35194666667 322.251572466
-4.346944 322.345228024
-4.34194133333 322.265084771
-4.33693866667 322.375937408
-4.331936 322.432096901
-4.32693333333 322.52487968
-4.32193066667 322.502196437
-4.316928 322.57031636
-4.31192533333 322.565184093
-4.30692266667 322.569327679
-4.30192 322.556953785
-4.29691733333 322.658105099
-4.29191466667 322.613783564
-4.286912 322.714692443
-4.28190933333 322.627062926
-4.27690666667 322.625173766
-4.271904 322.661713587
-4.26690133333 322.661933593
-4.26189866667 322.638100613
-4.256896 322.637253108
-4.25189333333 322.545208314
-4.24689066667 322.624977353
-4.241888 322.591071495
-4.23688533333 322.566482235
-4.23188266667 322.531052883
-4.22688 322.592247747
-4.22187733333 322.526975019
-4.21687466667 322.608290064
-4.211872 322.543925564
-4.20686933333 322.678752342
-4.20186666667 322.596169019
-4.196864 322.657243886
-4.19186133333 322.613701154
-4.18685866667 322.658258959
-4.181856 322.594902654
-4.17685333333 322.599972682
-4.17185066667 322.538042231
-4.166848 322.565488836
-4.16184533333 322.500680347
-4.15684266667 322.538007181
-4.15184 322.539993923
-4.14683733333 322.483718877
-4.14183466667 322.477528549
-4.136832 322.52566992
-4.13182933333 322.44827304
-4.12682666667 322.530705484
-4.121824 322.476025876
-4.11682133333 322.485499268
-4.11181866667 322.44109319
-4.106816 322.457365174
-4.10181333333 322.443986384
-4.09681066667 322.409758052
-4.091808 322.358160232
-4.08680533333 322.481974513
-4.08180266667 322.423944833
-4.0768 322.431723284
-4.07179733333 322.34933387
-4.06679466667 322.447283796
-4.061792 322.307109826
-4.05678933333 322.30915502
-4.05178666667 322.305319934
-4.046784 322.289190992
-4.04178133333 322.182074261
-4.03677866667 322.202465824
-4.031776 322.111055048
-4.02677333333 322.150160594
-4.02177066667 322.064178455
-4.016768 322.061670622
-4.01176533333 321.981057633
-4.00676266667 322.08962035
-4.00176 321.990708167
-3.99675733333 322.017092355
-3.99175466667 321.979737584
-3.986752 321.961820093
-3.98174933333 321.969212007
-3.97674666667 322.045403586
-3.971744 321.979985617
-3.96674133333 322.011749514
-3.96173866667 321.962502977
-3.956736 322.063902394
-3.95173333333 321.967875665
-3.94673066667 322.110164658
-3.941728 322.050912456
-3.93672533333 322.085080071
-3.93172266667 322.020569765
-3.92672 322.097092606
-3.92171733333 322.041696094
-3.91671466667 322.101716968
-3.911712 322.004269418
-3.90670933333 321.959355712
-3.90170666667 321.85423412
-3.896704 321.911400699
-3.89170133333 321.756532342
-3.88669866667 321.800474997
-3.881696 321.646745587
-3.87669333333 321.598283343
-3.87169066667 321.465504313
-3.866688 321.539855947
-3.86168533333 321.397307668
-3.85668266667 321.399191411
-3.85168 321.350749868
-3.84667733333 321.325257693
-3.84167466667 321.20145795
-3.836672 321.223830285
-3.83166933333 321.139016576
-3.82666666667 321.166692418
-3.821664 320.986459498
-3.81666133333 321.012278148
-3.81165866667 320.908395155
-3.806656 320.901807328
-3.80165333333 320.829711191
-3.79665066667 320.852393492
-3.791648 320.76326633
-3.78664533333 320.749240686
-3.78164266667 320.664504707
-3.77664 320.682274098
-3.77163733333 320.601934766
-3.76663466667 320.66221664
-3.761632 320.532958618
-3.75662933333 320.550302263
-3.75162666667 320.473693322
-3.746624 320.54906355
-3.74162133333 320.449963191
-3.73661866667 320.416120163
-3.731616 320.355615573
-3.72661333333 320.42848204
-3.72161066667 320.268181955
-3.716608 320.35760609
-3.71160533333 320.244582433
-3.70660266667 320.3031003
-3.7016 320.20945928
-3.69659733333 320.158631289
-3.69159466667 320.1314728
-3.686592 320.150981661
-3.68158933333 320.031629649
-3.67658666667 320.045284512
-3.671584 319.964363491
-3.66658133333 320.030946302
-3.66157866667 319.881774378
-3.656576 319.990059098
-3.65157333333 319.956905467
-3.64657066667 319.933353697
-3.641568 319.909264676
-3.63656533333 319.896262699
-3.63156266667 319.866098535
-3.62656 319.901887352
-3.62155733333 319.863851922
-3.61655466667 319.86259806
-3.611552 319.792631328
-3.60654933333 319.827181829
-3.60154666667 319.817568506
-3.596544 319.843744561
-3.59154133333 319.737719035
-3.58653866667 319.862030662
-3.581536 319.760320693
-3.57653333333 319.817257097
-3.57153066667 319.77857839
-3.566528 319.80441282
-3.56152533333 319.719123985
-3.55652266667 319.738090378
-3.55152 319.68628303
-3.54651733333 319.76802734
-3.54151466667 319.750231572
-3.536512 319.799959084
-3.53150933333 319.682161038
-3.52650666667 319.810610944
-3.521504 319.725881393
-3.51650133333 319.845873848
-3.51149866667 319.723538399
-3.506496 319.830848039
-3.50149333333 319.755592697
-3.49649066667 319.835734009
-3.491488 319.783837387
-3.48648533333 319.869431582
-3.48148266667 319.861222997
-3.47648 319.946047678
-3.47147733333 319.886879558
-3.46647466667 320.006476746
-3.461472 319.904712813
-3.45646933333 319.997942685
-3.45146666667 319.983326056
-3.446464 320.039107716
-3.44146133333 320.006836905
-3.43645866667 320.019873639
-3.431456 319.953053149
-3.42645333333 320.081342481
-3.42145066667 319.959632309
-3.416448 319.995341642
-3.41144533333 319.948657671
-3.40644266667 320.010648439
-3.40144 319.933140902
-3.39643733333 320.011441343
-3.39143466667 319.887918621
-3.386432 320.017116552
-3.38142933333 319.824037846
-3.37642666667 319.950352392
-3.371424 319.845387453
-3.36642133333 319.873293223
-3.36141866667 319.810265736
-3.356416 319.863889356
-3.35141333333 319.827441571
-3.34641066667 319.897687441
-3.341408 319.80870726
-3.33640533333 319.830943258
-3.33140266667 319.797635013
-3.3264 319.841548692
-3.32139733333 319.754555882
-3.31639466667 319.8218243
-3.311392 319.632987484
-3.30638933333 319.847506519
-3.30138666667 319.746181335
-3.296384 319.770065055
-3.29138133333 319.7746195
-3.28637866667 319.827180692
-3.281376 319.735005908
-3.27637333333 319.804825709
-3.27137066667 319.684154707
-3.266368 319.821968647
-3.26136533333 319.681708687
-3.25636266667 319.800692148
-3.25136 319.722761579
-3.24635733333 319.829019545
-3.24135466667 319.741928386
-3.236352 319.850823791
-3.23134933333 319.804559741
-3.22634666667 319.932593073
-3.221344 319.81260447
-3.21634133333 319.954501085
-3.21133866667 319.995042198
-3.206336 320.10426869
-3.20133333333 320.051031782
-3.19633066667 320.169380513
-3.191328 320.128377673
-3.18632533333 320.290440854
-3.18132266667 320.237963201
-3.17632 320.407917794
-3.17131733333 320.359791792
-3.16631466667 320.41998289
-3.161312 320.417086389
-3.15630933333 320.445191847
-3.15130666667 320.411283462
-3.146304 320.573360457
-3.14130133333 320.483357002
-3.13629866667 320.586184058
-3.131296 320.553093703
-3.12629333333 320.641016952
-3.12129066667 320.565973301
-3.116288 320.738135796
-3.11128533333 320.668908375
-3.10628266667 320.824451432
-3.10128 320.784257652
-3.09627733333 320.958213772
-3.09127466667 320.938633107
-3.086272 321.035263795
-3.08126933333 321.013685449
-3.07626666667 321.10909783
-3.071264 321.109075932
-3.06626133333 321.210755123
-3.06125866667 321.121664455
-3.056256 321.249412168
-3.05125333333 321.131036606
-3.04625066667 321.153779379
-3.041248 321.12507538
-3.03624533333 321.132071147
-3.03124266667 321.053171378
-3.02624 321.050972706
-3.02123733333 320.878974998
-3.01623466667 320.896887288
-3.011232 320.827540851
-3.00622933333 320.892700658
-3.00122666667 320.755479786
-2.996224 320.826815532
-2.99122133333 320.76108946
-2.98621866667 320.907799243
-2.981216 320.77748562
-2.97621333333 320.910406631
-2.97121066667 320.822544551
-2.966208 320.907509054
-2.96120533333 320.866650753
-2.95620266667 320.931270154
-2.9512 320.854995337
-2.94619733333 320.944062333
-2.94119466667 320.850759561
-2.936192 320.972797063
-2.93118933333 320.909129367
-2.92618666667 320.864516523
-2.921184 320.843083108
-2.91618133333 320.879148841
-2.91117866667 320.775877662
-2.906176 320.93264976
-2.90117333333 320.790507195
-2.89617066667 320.9076073
-2.891168 320.787614201
-2.88616533333 320.88167449
-2.88116266667 320.763603175
-2.87616 320.843506975
-2.87115733333 320.74754347
-2.86615466667 320.846904972
-2.861152 320.774504512
-2.85614933333 320.889328974
-2.85114666667 320.713771918
-2.846144 320.85967697
-2.84114133333 320.775864923
-2.83613866667 320.887026046
-2.831136 320.802469754
-2.82613333333 320.921002769
-2.82113066667 320.751759107
-2.816128 320.846841657
-2.81112533333 320.804508606
-2.80612266667 320.882154269
-2.80112 320.768477458
-2.79611733333 320.89535796
-2.79111466667 320.811310206
-2.786112 320.968259273
-2.78110933333 320.846036169
-2.77610666667 320.977982661
-2.771104 320.906781209
-2.76610133333 321.012617527
-2.76109866667 320.954467826
-2.756096 321.012218374
-2.75109333333 320.995219063
-2.74609066667 321.087159203
-2.741088 321.016918066
-2.73608533333 321.117358714
-2.73108266667 320.99269723
-2.72608 321.104799356
-2.72107733333 321.031610238
-2.71607466667 321.099157593
-2.711072 321.050114424
-2.70606933333 321.18760205
-2.70106666667 321.069422857
-2.696064 321.259326629
-2.69106133333 321.13737725
-2.68605866667 321.230871739
-2.681056 321.114131403
-2.67605333333 321.220067725
-2.67105066667 321.156316719
-2.666048 321.329799661
-2.66104533333 321.2006356
-2.65604266667 321.375070937
-2.65104 321.220028451
-2.64603733333 321.351820101
-2.64103466667 321.232905975
-2.636032 321.333154965
-2.63102933333 321.265808071
-2.62602666667 321.397142267
-2.621024 321.303345696
-2.61602133333 321.39642989
-2.61101866667 321.323078435
-2.606016 321.359556568
-2.60101333333 321.244036472
-2.59601066667 321.289503016
-2.591008 321.273648355
-2.58600533333 321.228336301
-2.58100266667 321.198366293
-2.576 321.307083259
-2.57099733333 321.123081681
-2.56599466667 321.238300179
-2.560992 321.086760277
-2.55598933333 321.137814195
-2.55098666667 321.081693083
-2.545984 321.152824759
-2.54098133333 320.995369416
-2.53597866667 321.14555944
-2.530976 321.039591638
-2.52597333333 321.072898656
-2.52097066667 320.973167712
-2.515968 321.048418842
-2.51096533333 320.983222543
-2.50596266667 321.045955422
-2.50096 320.91976611
-2.49595733333 320.990800954
-2.49095466667 320.893963396
-2.485952 320.99708771
-2.48094933333 320.838162035
-2.47594666667 320.942403477
-2.470944 320.85011795
-2.46594133333 320.895137007
-2.46093866667 320.799638661
-2.455936 320.927457804
-2.45093333333 320.824790415
-2.44593066667 320.94411415
-2.440928 320.827946676
-2.43592533333 320.867004497
-2.43092266667 320.820595068
-2.42592 320.826697962
-2.42091733333 320.769771567
-2.41591466667 320.892652323
-2.410912 320.755496683
-2.40590933333 320.836084533
-2.40090666667 320.738439565
-2.395904 320.763031489
-2.39090133333 320.680305839
-2.38589866667 320.804300991
-2.380896 320.709515427
-2.37589333333 320.780365663
-2.37089066667 320.653968826
-2.365888 320.819710833
-2.36088533333 320.694483451
-2.35588266667 320.835838146
-2.35088 320.784687215
-2.34587733333 320.85684815
-2.34087466667 320.744015374
-2.335872 320.849544343
-2.33086933333 320.751847384
-2.32586666667 320.894895039
-2.320864 320.813793851
-2.31586133333 320.858658976
-2.31085866667 320.812443845
-2.305856 320.819875258
-2.30085333333 320.700914947
-2.29585066667 320.837836919
-2.290848 320.761852144
-2.28584533333 320.816288601
-2.28084266667 320.706349108
-2.27584 320.81307945
-2.27083733333 320.74781743
-2.26583466667 320.786499294
-2.260832 320.668895176
-2.25582933333 320.808284587
-2.25082666667 320.640328233
-2.245824 320.845482055
-2.24082133333 320.76918896
-2.23581866667 320.89149988
-2.230816 320.767484808
-2.22581333333 320.891327994
-2.22081066667 320.787851717
-2.215808 320.888962578
-2.21080533333 320.811846731
-2.20580266667 320.948092786
-2.2008 320.826030539
-2.19579733333 320.921410135
-2.19079466667 320.864517113
-2.185792 320.932301685
-2.18078933333 320.908390569
-2.17578666667 320.998642129
-2.170784 320.910986834
-2.16578133333 321.024350129
-2.16077866667 320.922534855
-2.155776 321.062748244
-2.15077333333 320.990851566
-2.14577066667 321.093757317
-2.140768 321.019345796
-2.13576533333 321.103035922
-2.13076266667 321.010136823
-2.12576 321.144303454
-2.12075733333 321.072731395
-2.11575466667 321.146421298
-2.110752 321.163940727
-2.10574933333 321.20781756
-2.10074666667 321.133032196
-2.095744 321.234277258
-2.09074133333 321.094727991
-2.08573866667 321.211390867
-2.080736 321.055935033
-2.07573333333 321.128203129
-2.07073066667 321.11621998
-2.065728 321.131977622
-2.06072533333 321.064175813
-2.05572266667 321.145062655
-2.05072 321.091428329
-2.04571733333 321.177546285
-2.04071466667 321.05291435
-2.035712 321.174039906
-2.03070933333 321.179555554
-2.02570666667 321.184226967
-2.020704 321.124246601
-2.01570133333 321.197709668
-2.01069866667 321.12967263
-2.005696 321.284367662
-2.00069333333 321.172287386
-1.99569066667 321.240164757
-1.990688 321.204439857
-1.98568533333 321.299109909
-1.98068266667 321.283698753
-1.97568 321.37676845
-1.97067733333 321.281443303
-1.96567466667 321.374168183
-1.960672 321.266090733
-1.95566933333 321.401066822
-1.95066666667 321.314668027
-1.945664 321.371682318
-1.94066133333 321.294749931
-1.93565866667 321.430440076
-1.930656 321.321717515
-1.92565333333 321.492051308
-1.92065066667 321.307547245
-1.915648 321.376404346
-1.91064533333 321.375200846
-1.90564266667 321.449097854
-1.90064 321.284619393
-1.89563733333 321.423198464
-1.89063466667 321.331581378
-1.885632 321.453259477
-1.88062933333 321.339086248
-1.87562666667 321.447574408
-1.870624 321.386234289
-1.86562133333 321.453865571
-1.86061866667 321.358593371
-1.855616 321.452292465
-1.85061333333 321.351792295
-1.84561066667 321.458609831
-1.840608 321.363104415
-1.83560533333 321.4862758
-1.83060266667 321.418921226
-1.8256 321.540981241
-1.82059733333 321.48220969
-1.81559466667 321.507147512
-1.810592 321.448338078
-1.80558933333 321.582022327
-1.80058666667 321.472140134
-1.795584 321.547476235
-1.79058133333 321.47634323
-1.78557866667 321.56575146
-1.780576 321.451502684
-1.77557333333 321.499222952
-1.77057066667 321.479290515
-1.765568 321.527898025
-1.76056533333 321.496183974
-1.75556266667 321.532718871
-1.75056 321.494201427
-1.74555733333 321.543983423
-1.74055466667 321.526185422
-1.735552 321.595240909
-1.73054933333 321.604952592
-1.72554666667 321.788911322
-1.720544 321.638591665
-1.71554133333 321.771913013
-1.71053866667 321.742248924
-1.705536 321.833426557
-1.70053333333 321.744848126
-1.69553066667 321.869934418
-1.690528 321.70071676
-1.68552533333 321.875232855
-1.68052266667 321.834347026
-1.67552 321.84340832
-1.67051733333 321.798230753
-1.66551466667 321.947126249
-1.660512 321.822205951
-1.65550933333 321.840466259
-1.65050666667 321.77700429
-1.645504 321.802101868
-1.64050133333 321.618064633
-1.63549866667 321.674812903
-1.630496 321.59351964
-1.62549333333 321.612187035
-1.62049066667 321.512899398
-1.615488 321.570507695
-1.61048533333 321.488195292
-1.60548266667 321.579965476
-1.60048 321.449384607
-1.59547733333 321.534375783
-1.59047466667 321.499392799
-1.585472 321.628241161
-1.58046933333 321.503720645
-1.57546666667 321.604680525
-1.570464 321.60135893
-1.56546133333 321.679482249
-1.56045866667 321.608827923
-1.555456 321.765873715
-1.55045333333 321.790418226
-1.54545066667 321.801781742
-1.540448 321.777760854
-1.53544533333 321.872775084
-1.53044266667 321.805471916
-1.52544 321.934393913
-1.52043733333 321.789237217
-1.51543466667 321.870961992
-1.510432 321.828043585
-1.50542933333 321.94746744
-1.50042666667 321.861971621
-1.495424 321.883404758
-1.49042133333 321.89329256
-1.48541866667 321.998565648
-1.480416 321.90308472
-1.47541333333 322.027104823
-1.47041066667 322.023740986
-1.465408 322.07626232
-1.46040533333 321.997162363
-1.45540266667 322.096278085
-1.4504 322.09360434
-1.44539733333 322.171791674
-1.44039466667 322.067589303
-1.435392 322.213987434
-1.43038933333 322.110321899
-1.42538666667 322.193341333
-1.420384 322.188585385
-1.41538133333 322.250640614
-1.41037866667 322.214419934
-1.405376 322.331510046
-1.40037333333 322.209046713
-1.39537066667 322.304358301
-1.390368 322.299368273
-1.38536533333 322.413203771
-1.38036266667 322.327541989
-1.37536 322.379770177
-1.37035733333 322.33429706
-1.36535466667 322.453946728
-1.360352 322.358480117
-1.35534933333 322.457258942
-1.35034666667 322.450234154
-1.345344 322.486750581
-1.34034133333 322.467446943
-1.33533866667 322.471882166
-1.330336 322.448291346
-1.32533333333 322.501036973
-1.32033066667 322.428265595
-1.315328 322.469652226
-1.31032533333 322.474951968
-1.30532266667 322.455651491
-1.30032 322.514313653
-1.29531733333 322.525138911
-1.29031466667 322.54691628
-1.285312 322.679126744
-1.28030933333 322.512215867
-1.27530666667 322.675838354
-1.270304 322.657058939
-1.26530133333 322.674428215
-1.26029866667 322.662016248
-1.255296 322.687305559
-1.25029333333 322.593218786
-1.24529066667 322.66365644
-1.240288 322.605270199
-1.23528533333 322.725651565
-1.23028266667 322.62424442
-1.22528 322.71036834
-1.22027733333 322.63087152
-1.21527466667 322.690061916
-1.210272 322.656948843
-1.20526933333 322.731758754
-1.20026666667 322.601969032
-1.195264 322.755719484
-1.19026133333 322.702763501
-1.18525866667 322.793403889
-1.180256 322.710133239
-1.17525333333 322.698706319
-1.17025066667 322.715683444
-1.165248 322.763026813
-1.16024533333 322.7136711
-1.15524266667 322.810974749
-1.15024 322.725935315
-1.14523733333 322.809386399
-1.14023466667 322.711900828
-1.135232 322.734831032
-1.13022933333 322.707385673
-1.12522666667 322.760046256
-1.120224 322.686971998
-1.11522133333 322.749239914
-1.11021866667 322.668026446
-1.105216 322.702216968
-1.10021333333 322.606734482
-1.09521066667 322.633798021
-1.090208 322.607389684
-1.08520533333 322.61866136
-1.08020266667 322.394239529
-1.0752 322.563167018
-1.07019733333 322.457273229
-1.06519466667 322.486136741
-1.060192 322.474541988
-1.05518933333 322.469557675
-1.05018666667 322.41200335
-1.045184 322.47170249
-1.04018133333 322.387362709
-1.03517866667 322.455310431
-1.030176 322.432469761
-1.02517333333 322.475598464
-1.02017066667 322.437763631
-1.015168 322.463484295
-1.01016533333 322.484502892
-1.00516266667 322.570830453
-1.00016 322.441857456
-0.995157333333 322.568837142
-0.990154666667 322.509072345
-0.985152 322.596153232
-0.980149333333 322.508233555
-0.975146666667 322.544105189
-0.970144 322.526812597
-0.965141333333 322.471452601
-0.960138666667 322.415557105
-0.955136 322.458318429
-0.950133333333 322.33015665
-0.945130666667 322.434863776
-0.940128 322.333138924
-0.935125333333 322.352911561
-0.930122666667 322.260046148
-0.92512 322.251490071
-0.920117333333 322.179367369
-0.915114666667 322.181913411
-0.910112 322.09887124
-0.905109333333 322.12528718
-0.900106666667 321.98437543
-0.895104 321.973654017
-0.890101333333 321.927225828
-0.885098666667 321.96252298
-0.880096 321.865533271
-0.875093333333 321.890090927
-0.870090666667 321.879723428
-0.865088 321.918159503
-0.860085333333 321.838338529
-0.855082666667 321.839290011
-0.85008 321.823541907
-0.845077333333 321.792179775
-0.840074666667 321.653917947
-0.835072 321.726141567
-0.830069333333 321.604128325
-0.825066666667 321.688651422
-0.820064 321.597656739
-0.815061333333 321.611431161
-0.810058666667 321.572946091
-0.805056 321.664642584
-0.800053333333 321.577870916
-0.795050666667 321.684321911
-0.790048 321.527496607
-0.785045333333 321.654088104
-0.780042666667 321.529048324
-0.77504 321.56277209
-0.770037333333 321.575556806
-0.765034666667 321.597783501
-0.760032 321.566687767
-0.755029333333 321.629222391
-0.750026666667 321.575476411
-0.745024 321.650397708
-0.740021333333 321.578591426
-0.735018666667 321.632015179
-0.730016 321.625445579
-0.725013333333 321.641012649
-0.720010666667 321.593699995
-0.715008 321.617208068
-0.710005333333 321.632819213
-0.705002666667 321.673665492
-0.7 321.711942268
-0.694997333333 321.708586845
-0.689994666667 321.738356428
-0.684992 321.767536755
-0.679989333333 321.711484635
-0.674986666667 321.792787614
-0.669984 321.795465877
-0.664981333333 321.825371879
-0.659978666667 321.756429757
-0.654976 321.78571908
-0.649973333333 321.730063501
-0.644970666667 321.8366631
-0.639968 321.790592525
-0.634965333333 321.805013895
-0.629962666667 321.762650829
-0.62496 321.849085817
-0.619957333333 321.755834714
-0.614954666667 321.808285941
-0.609952 321.870795418
-0.604949333333 321.838783746
-0.599946666667 321.809793307
-0.594944 321.878617569
-0.589941333333 321.855529978
-0.584938666667 321.9604286
-0.579936 321.832958651
-0.574933333333 321.925179282
-0.569930666667 321.913236542
-0.564928 321.947010152
-0.559925333333 321.944649572
-0.554922666667 321.933676875
-0.54992 321.983560624
-0.544917333333 321.988852956
-0.539914666667 321.915794411
-0.534912 321.945326635
-0.529909333333 322.022165547
-0.524906666667 321.992542462
-0.519904 321.949205559
-0.514901333333 322.025998387
-0.509898666667 321.987190183
-0.504896 322.0357416
-0.499893333333 321.95834115
-0.494890666667 321.997284286
-0.489888 321.94894182
-0.484885333333 321.983294972
-0.479882666667 321.993808004
-0.47488 321.965737967
-0.469877333333 321.972331525
-0.464874666667 321.992052114
-0.459872 321.868002476
-0.454869333333 321.952401587
-0.449866666667 321.97278113
-0.444864 321.985043297
-0.439861333333 321.981474027
-0.434858666667 321.911461175
-0.429856 321.90970158
-0.424853333333 321.930230523
-0.419850666667 321.815896477
-0.414848 321.87381971
-0.409845333333 321.896397974
-0.404842666667 321.874005744
-0.39984 321.767717679
-0.394837333333 321.834084349
-0.389834666667 321.818386864
-0.384832 321.856167418
-0.379829333333 321.777473213
-0.374826666667 321.820918692
-0.369824 321.785718193
-0.364821333333 321.757171047
-0.359818666667 321.731169654
-0.354816 321.73429278
-0.349813333333 321.737637187
-0.344810666667 321.758112067
-0.339808 321.681818305
-0.334805333333 321.726287143
-0.329802666667 321.628335427
-0.3248 321.667844256
-0.319797333333 321.652535004
-0.314794666667 321.643649803
-0.309792 321.610180504
-0.304789333333 321.645172121
-0.299786666667 321.57042247
-0.294784 321.600454595
-0.289781333333 321.63519782
-0.284778666667 321.611798229
-0.279776 321.572247591
-0.274773333333 321.547650436
-0.269770666667 321.605787086
-0.264768 321.611838433
-0.259765333333 321.554286851
-0.254762666667 321.606584194
-0.24976 321.620549522
-0.244757333333 321.541276945
-0.239754666667 321.559352252
-0.234752 321.618133695
-0.229749333333 321.595553489
-0.224746666667 321.608229905
-0.219744 321.553782541
-0.214741333333 321.571924564
-0.209738666667 321.563617201
-0.204736 321.592195945
-0.199733333333 321.546802566
-0.194730666667 321.54636432
-0.189728 321.549859568
-0.184725333333 321.580014603
-0.179722666667 321.483495163
-0.17472 321.510245318
-0.169717333333 321.51636721
-0.164714666667 321.463643181
-0.159712 321.477786532
-0.154709333333 321.510070482
-0.149706666667 321.548111828
-0.144704 321.463535886
-0.139701333333 321.43595142
-0.134698666667 321.443382954
-0.129696 321.448058441
-0.124693333333 321.447394031
-0.119690666667 321.4395659
-0.114688 321.431160357
-0.109685333333 321.451762925
-0.104682666667 321.422839937
-0.09968 321.385930261
-0.0946773333333 321.460575635
-0.0896746666667 321.415870747
-0.084672 321.410896418
-0.0796693333333 321.333067067
-0.0746666666667 321.36845091
-0.069664 321.331895491
-0.0646613333333 321.42377683
-0.0596586666667 321.268467267
-0.054656 321.334047863
-0.0496533333333 321.305692102
-0.0446506666667 321.362992111
-0.039648 321.26163996
-0.0346453333333 321.312337625
-0.0296426666667 321.263032878
-0.02464 321.261083771
-0.0196373333333 321.244672078
-0.0146346666667 321.240209024
-0.009632 321.267850297
-0.00462933333333 321.251728578
