-9.99995733333 312.75943159
-9.99495466667 312.810263252
-9.989952 312.788758559
-9.98494933333 312.817487243
-9.97994666667 312.790300464
-9.974944 312.826990901
-9.96994133333 312.794357058
-9.96493866667 312.878726699
-9.959936 312.740092205
-9.95493333333 312.864674881
-9.94993066667 312.822932168
-9.944928 312.898709915
-9.93992533333 312.817856985
-9.93492266667 312.936790471
-9.92992 312.828705761
-9.92491733333 312.934461562
-9.91991466667 312.838443043
-9.914912 312.960966399
-9.90990933333 312.907834524
-9.90490666667 312.937999348
-9.899904 312.867440722
-9.89490133333 312.960587013
-9.88989866667 312.880912399
-9.884896 313.009948684
-9.87989333333 312.920754895
-9.87489066667 312.95579923
-9.869888 312.933700548
-9.86488533333 313.013516691
-9.85988266667 312.889646231
-9.85488 312.993602601
-9.84987733333 312.908107162
-9.84487466667 313.022400939
-9.839872 312.933717144
-9.83486933333 312.979541707
-9.82986666667 312.930190417
-9.824864 313.066737449
-9.81986133333 312.921955562
-9.81485866667 313.044355768
-9.809856 312.934176722
-9.80485333333 312.969011836
-9.79985066667 312.919620068
-9.794848 313.005007687
-9.78984533333 312.937067371
-9.78484266667 313.014069303
-9.77984 312.879868424
-9.77483733333 313.020134146
-9.76983466667 312.883552482
-9.764832 313.034629143
-9.75982933333 312.924214805
-9.75482666667 312.997189527
-9.749824 312.916792743
-9.74482133333 313.010269751
-9.73981866667 312.915108173
-9.734816 313.004198967
-9.72981333333 312.955126132
-9.72481066667 312.990398405
-9.719808 312.932733972
-9.71480533333 312.999765673
-9.70980266667 312.920137724
-9.7048 312.979290044
-9.69979733333 312.924084517
-9.69479466667 312.960747362
-9.689792 312.950084484
-9.68478933333 312.998720408
-9.67978666667 312.887708736
-9.674784 312.99606268
-9.66978133333 312.896569655
-9.66477866667 313.01618503
-9.659776 312.893909062
-9.65477333333 312.975161041
-9.64977066667 312.940852379
-9.644768 313.002248528
-9.63976533333 312.886415714
-9.63476266667 312.94353352
-9.62976 312.941217
-9.62475733333 313.006180028
-9.61975466667 312.889522937
-9.614752 312.979428804
-9.60974933333 312.924062941
-9.60474666667 313.026713603
-9.599744 312.915324604
-9.59474133333 312.900281574
-9.58973866667 312.890488369
-9.584736 312.997951821
-9.57973333333 312.897321021
-9.57473066667 312.939506189
-9.569728 312.867213233
-9.56472533333 312.986156283
-9.55972266667 312.85645566
-9.55472 312.965971803
-9.54971733333 312.938013326
-9.54471466667 312.9502499
-9.539712 312.865307665
-9.53470933333 312.966190847
-9.52970666667 312.927809379
-9.524704 313.009836172
-9.51970133333 312.922366813
-9.51469866667 312.978509301
-9.509696 312.908779609
-9.50469333333 313.033659395
-9.49969066667 312.938031223
-9.494688 313.001680891
-9.48968533333 312.957901436
-9.48468266667 312.988617365
-9.47968 312.892440889
-9.47467733333 312.988553218
-9.46967466667 312.980257771
-9.464672 313.034127419
-9.45966933333 312.894853988
-9.45466666667 312.974430556
-9.449664 312.921803955
-9.44466133333 313.002999584
-9.43965866667 312.919683314
-9.434656 313.03196683
-9.42965333333 312.887722933
-9.42465066667 312.981711078
-9.419648 312.86967026
-9.41464533333 312.936264525
-9.40964266667 312.947144094
-9.40464 313.01911563
-9.39963733333 312.917281267
-9.39463466667 313.007430032
-9.389632 312.951631424
-9.38462933333 312.950557969
-9.37962666667 312.906234818
-9.374624 312.986910172
-9.36962133333 312.88654516
-9.36461866667 312.920012035
-9.359616 312.836498398
-9.35461333333 312.928136805
-9.34961066667 312.875672859
-9.344608 312.892017965
-9.33960533333 312.83167186
-9.33460266667 312.872470279
-9.3296 312.798441115
-9.32459733333 312.827272486
-9.31959466667 312.75799931
-9.314592 312.81060042
-9.30958933333 312.775603129
-9.30458666667 312.816306654
-9.299584 312.690479403
-9.29458133333 312.776808913
-9.28957866667 312.739087561
-9.284576 312.812626786
-9.27957333333 312.69540794
-9.27457066667 312.772414629
-9.269568 312.734482621
-9.26456533333 312.757053372
-9.25956266667 312.733938566
-9.25456 312.829549372
-9.24955733333 312.736394664
-9.24455466667 312.79597941
-9.239552 312.734821415
-9.23454933333 312.778189465
-9.22954666667 312.709073572
-9.224544 312.814678011
-9.21954133333 312.702067689
-9.21453866667 312.76712549
-9.209536 312.770209568
-9.20453333333 312.770425303
-9.19953066667 312.681375567
-9.194528 312.740357953
-9.18952533333 312.731431064
-9.18452266667 312.791343526
-9.17952 312.709138611
-9.17451733333 312.764004895
-9.16951466667 312.724467131
-9.164512 312.715564882
-9.15950933333 312.681473536
-9.15450666667 312.754954649
-9.149504 312.633880559
-9.14450133333 312.701719749
-9.13949866667 312.636138662
-9.134496 312.6495172
-9.12949333333 312.654158822
-9.12449066667 312.642303552
-9.119488 312.542396615
-9.11448533333 312.64418795
-9.10948266667 312.583872291
-9.10448 312.624711314
-9.09947733333 312.583882718
-9.09447466667 312.636212075
-9.089472 312.578879291
-9.08446933333 312.630004969
-9.07946666667 312.551521853
-9.074464 312.639958229
-9.06946133333 312.54132811
-9.06445866667 312.581036054
-9.059456 312.494393826
-9.05445333333 312.534279486
-9.04945066667 312.519013492
-9.044448 312.611976981
-9.03944533333 312.49150834
-9.03444266667 312.561968152
-9.02944 312.56775561
-9.02443733333 312.54112716
-9.01943466667 312.51371485
-9.014432 312.583566144
-9.00942933333 312.546693606
-9.00442666667 312.565839106
-8.999424 312.497846163
-8.99442133333 312.543112234
-8.98941866667 312.527184981
-8.984416 312.545407858
-8.97941333333 312.503317231
-8.97441066667 312.546391837
-8.969408 312.481455608
-8.96440533333 312.560261826
-8.95940266667 312.42941885
-8.9544 312.490611572
-8.94939733333 312.515138909
-8.94439466667 312.498438176
-8.939392 312.45594291
-8.93438933333 312.516358311
-8.92938666667 312.486565039
-8.924384 312.500193949
-8.91938133333 312.516742329
-8.91437866667 312.499731673
-8.909376 312.485591556
-8.90437333333 312.515598542
-8.89937066667 312.469548663
-8.894368 312.532626391
-8.88936533333 312.500294101
-8.88436266667 312.516466872
-8.87936 312.56106196
-8.87435733333 312.533231498
-8.86935466667 312.536064636
-8.864352 312.58315275
-8.85934933333 312.49878406
-8.85434666667 312.531318863
-8.849344 312.481185207
-8.84434133333 312.530783048
-8.83933866667 312.509477277
-8.834336 312.518754361
-8.82933333333 312.530437855
-8.82433066667 312.615187155
-8.819328 312.514769126
-8.81432533333 312.584175047
-8.80932266667 312.593473428
-8.80432 312.595531534
-8.79931733333 312.537671853
-8.79431466667 312.603350073
-8.789312 312.53498233
-8.78430933333 312.67361429
-8.77930666667 312.621910249
-8.774304 312.578213076
-8.76930133333 312.595979528
-8.76429866667 312.620921368
-8.759296 312.547655574
-8.75429333333 312.637213038
-8.74929066667 312.630870004
-8.744288 312.683758608
-8.73928533333 312.677076669
-8.73428266667 312.672381698
-8.72928 312.663275071
-8.72427733333 312.701659469
-8.71927466667 312.634406558
-8.714272 312.678296913
-8.70926933333 312.673228947
-8.70426666667 312.731039034
-8.699264 312.721263783
-8.69426133333 312.738309998
-8.68925866667 312.724279406
-8.684256 312.772319942
-8.67925333333 312.699386764
-8.67425066667 312.761439707
-8.669248 312.782970559
-8.66424533333 312.801647585
-8.65924266667 312.720815433
-8.65424 312.808971583
-8.64923733333 312.860458554
-8.64423466667 312.876908545
-8.639232 312.792427491
-8.63422933333 312.874865394
-8.62922666667 312.891578642
-8.624224 312.933645952
-8.61922133333 312.905683924
-8.61421866667 312.91115813
-8.609216 312.951907287
-8.60421333333 312.945864083
-8.59921066667 312.945300752
-8.594208 312.946441003
-8.58920533333 312.946384551
-8.58420266667 312.981612786
-8.5792 312.861580453
-8.57419733333 312.948731404
-8.56919466667 312.988675309
-8.564192 312.999881208
-8.55918933333 312.93200635
-8.55418666667 312.968523623
-8.549184 312.964138823
-8.54418133333 313.017205886
-8.53917866667 312.902262647
-8.534176 312.972735352
-8.52917333333 312.942565086
-8.52417066667 313.017899531
-8.519168 312.941571234
-8.51416533333 312.970497308
-8.50916266667 312.929600134
-8.50416 312.957582567
-8.49915733333 312.881533635
-8.49415466667 312.896463781
-8.489152 312.906660914
-8.48414933333 312.909759601
-8.47914666667 312.834256838
-8.474144 312.869924647
-8.46914133333 312.831171452
-8.46413866667 312.826450426
-8.459136 312.820399474
-8.45413333333 312.81564052
-8.44913066667 312.822901717
-8.444128 312.792085104
-8.43912533333 312.734662338
-8.43412266667 312.756422645
-8.42912 312.726426577
-8.42411733333 312.752564549
-8.41911466667 312.655580246
-8.414112 312.648093655
-8.40910933333 312.571796759
-8.40410666667 312.646392325
-8.399104 312.505252446
-8.39410133333 312.44779122
-8.38909866667 312.428179071
-8.384096 312.391780125
-8.37909333333 312.340296618
-8.37409066667 312.280582565
-8.369088 312.295064778
-8.36408533333 312.229296639
-8.35908266667 312.15350745
-8.35408 312.151293996
-8.34907733333 312.18990603
-8.34407466667 312.246664157
-8.339072 312.277672715
-8.33406933333 312.358112981
-8.32906666667 312.384976251
-8.324064 312.549113942
-8.31906133333 312.603998601
-8.31405866667 312.624894593
-8.309056 312.776071806
-8.30405333333 312.874560563
-8.29905066667 312.930064171
-8.294048 313.06114354
-8.28904533333 313.170538146
-8.28404266667 313.281655846
-8.27904 313.390673736
-8.27403733333 313.51998796
-8.26903466667 313.690086089
-8.264032 313.788861411
-8.25902933333 313.92831736
-8.25402666667 314.113263294
-8.249024 314.223690597
-8.24402133333 314.39633547
-8.23901866667 314.443939091
-8.234016 314.51262429
-8.22901333333 314.557759814
-8.22401066667 314.632973585
-8.219008 314.568912224
-8.21400533333 314.62561856
-8.20900266667 314.730736608
-8.204 314.693453099
-8.19899733333 314.66332684
-8.19399466667 314.667396027
-8.188992 314.64377366
-8.18398933333 314.585517651
-8.17898666667 314.444759226
-8.173984 314.400709847
-8.16898133333 314.386105432
-8.16397866667 314.367232716
-8.158976 314.223564881
-8.15397333333 314.224321833
-8.14897066667 314.090037439
-8.143968 314.080205515
-8.13896533333 314.00355141
-8.13396266667 313.988854065
-8.12896 314.021087251
-8.12395733333 313.998121467
-8.11895466667 313.903336546
-8.113952 313.873642008
-8.10894933333 313.802943033
-8.10394666667 313.749933061
-8.098944 313.706589753
-8.09394133333 313.702313886
-8.08893866667 313.681383864
-8.083936 313.711740453
-8.07893333333 313.585845419
-8.07393066667 313.602597002
-8.068928 313.567807272
-8.06392533333 313.552092225
-8.05892266667 313.459810332
-8.05392 313.476121573
-8.04891733333 313.421728008
-8.04391466667 313.431488173
-8.038912 313.395334668
-8.03390933333 313.434871442
-8.02890666667 313.408095216
-8.023904 313.410638643
-8.01890133333 313.383195528
-8.01389866667 313.468560047
-8.008896 313.450015138
-8.00389333333 313.489793689
-7.99889066667 313.464630527
-7.993888 313.473223732
-7.98888533333 313.505912186
-7.98388266667 313.550867245
-7.97888 313.589463899
-7.97387733333 313.566537281
-7.96887466667 313.60093085
-7.963872 313.622798504
-7.95886933333 313.604756804
-7.95386666667 313.617277331
-7.948864 313.667477873
-7.94386133333 313.604919323
-7.93885866667 313.576161858
-7.933856 313.576354885
-7.92885333333 313.627762266
-7.92385066667 313.590586219
-7.918848 313.563393356
-7.91384533333 313.591023869
-7.90884266667 313.589785939
-7.90384 313.560574873
-7.89883733333 313.583770542
-7.89383466667 313.612003433
-7.888832 313.681859196
-7.88382933333 313.689437006
-7.87882666667 313.614080675
-7.873824 313.653593133
-7.86882133333 313.689094754
-7.86381866667 313.713656205
-7.858816 313.705018487
-7.85381333333 313.711420283
-7.84881066667 313.719522092
-7.843808 313.688208004
-7.83880533333 313.563359917
-7.83380266667 313.616703891
-7.8288 313.633141472
-7.82379733333 313.565053411
-7.81879466667 313.556265436
-7.813792 313.565494085
-7.80878933333 313.571265213
-7.80378666667 313.592606289
-7.798784 313.550440004
-7.79378133333 313.590023636
-7.78877866667 313.590878212
-7.783776 313.585306913
-7.77877333333 313.618423158
-7.77377066667 313.58926835
-7.768768 313.558291853
-7.76376533333 313.587572283
-7.75876266667 313.5207684
-7.75376 313.58158647
-7.74875733333 313.614895734
-7.74375466667 313.651706359
-7.738752 313.651114219
-7.73374933333 313.751898639
-7.72874666667 313.730705659
-7.723744 313.760818954
-7.71874133333 313.754963738
-7.71373866667 313.759514679
-7.708736 313.751338168
-7.70373333333 313.783085583
-7.69873066667 313.674544927
-7.693728 313.716012469
-7.68872533333 313.623902003
-7.68372266667 313.641077654
-7.67872 313.602273242
-7.67371733333 313.499969989
-7.66871466667 313.498505889
-7.663712 313.428764943
-7.65870933333 313.317937767
-7.65370666667 313.295344979
-7.648704 313.27927635
-7.64370133333 313.20690965
-7.63869866667 313.224471542
-7.633696 313.176623957
-7.62869333333 313.128283751
-7.62369066667 313.151085843
-7.618688 313.097823235
-7.61368533333 313.083160759
-7.60868266667 313.081396872
-7.60368 313.05137421
-7.59867733333 312.972103507
-7.59367466667 313.002329152
-7.588672 312.961889452
-7.58366933333 312.997363498
-7.57866666667 312.923387285
-7.573664 312.905528875
-7.56866133333 312.941957018
-7.56365866667 312.926235428
-7.558656 312.870333043
-7.55365333333 312.827823859
-7.54865066667 312.879051017
-7.543648 312.833371826
-7.53864533333 312.789342062
-7.53364266667 312.756230325
-7.52864 312.78144101
-7.52363733333 312.805483737
-7.51863466667 312.646619826
-7.513632 312.728316076
-7.50862933333 312.750397161
-7.50362666667 312.73279206
-7.498624 312.68647307
-7.49362133333 312.641936248
-7.48861866667 312.643397878
-7.483616 312.635074815
-7.47861333333 312.616149896
-7.47361066667 312.589590712
-7.468608 312.615532279
-7.46360533333 312.540337635
-7.45860266667 312.577915547
-7.4536 312.577942947
-7.44859733333 312.662734214
-7.44359466667 312.623868067
-7.438592 312.620911857
-7.43358933333 312.666498651
-7.42858666667 312.686054823
-7.423584 312.661907536
-7.41858133333 312.630489593
-7.41357866667 312.657983541
-7.408576 312.659841014
-7.40357333333 312.683489539
-7.39857066667 312.677750301
-7.393568 312.620731275
-7.38856533333 312.734863142
-7.38356266667 312.654158634
-7.37856 312.688328257
-7.37355733333 312.735605332
-7.36855466667 312.768678196
-7.363552 312.764629346
-7.35854933333 312.778039194
-7.35354666667 312.758148057
-7.348544 312.860453867
-7.34354133333 312.890450346
-7.33853866667 312.862955358
-7.333536 312.938011121
-7.32853333333 312.937538924
-7.32353066667 312.933860454
-7.318528 312.983018234
-7.31352533333 312.901700021
-7.30852266667 312.992161106
-7.30352 312.975701209
-7.29851733333 312.919288709
-7.29351466667 312.91600649
-7.288512 312.981467166
-7.28350933333 312.891731539
-7.27850666667 312.910157269
-7.273504 312.902552657
-7.26850133333 312.94005149
-7.26349866667 312.941706349
-7.258496 312.895576615
-7.25349333333 312.894818903
-7.24849066667 312.976103585
-7.243488 312.900228335
-7.23848533333 312.891033584
-7.23348266667 312.900420702
-7.22848 312.93059173
-7.22347733333 312.888907373
-7.21847466667 312.878851673
-7.213472 312.842572275
-7.20846933333 312.875376134
-7.20346666667 312.854506527
-7.198464 312.82760554
-7.19346133333 312.841163768
-7.18845866667 312.856882103
-7.183456 312.765900224
-7.17845333333 312.786259417
-7.17345066667 312.735631517
-7.168448 312.729704908
-7.16344533333 312.74398752
-7.15844266667 312.724540686
-7.15344 312.692717508
-7.14843733333 312.684447279
-7.14343466667 312.692936001
-7.138432 312.699553141
-7.13342933333 312.614017797
-7.12842666667 312.675359471
-7.123424 312.632572347
-7.11842133333 312.61549073
-7.11341866667 312.635826259
-7.108416 312.630327727
-7.10341333333 312.606674965
-7.09841066667 312.637607575
-7.093408 312.601798555
-7.08840533333 312.658146219
-7.08340266667 312.629160369
-7.0784 312.617483869
-7.07339733333 312.608732326
-7.06839466667 312.677146307
-7.063392 312.668175583
-7.05838933333 312.696338478
-7.05338666667 312.693628496
-7.048384 312.704410028
-7.04338133333 312.689974797
-7.03837866667 312.728850912
-7.033376 312.643720876
-7.02837333333 312.66401769
-7.02337066667 312.699646321
-7.018368 312.675562252
-7.01336533333 312.622952379
-7.00836266667 312.659752301
-7.00336 312.613758866
-6.99835733333 312.679282778
-6.99335466667 312.658198518
-6.988352 312.65771552
-6.98334933333 312.637909436
-6.97834666667 312.673884911
-6.973344 312.622930394
-6.96834133333 312.726563088
-6.96333866667 312.659454271
-6.958336 312.677758631
-6.95333333333 312.657329255
-6.94833066667 312.651248508
-6.943328 312.658900745
-6.93832533333 312.706033452
-6.93332266667 312.636749912
-6.92832 312.715608222
-6.92331733333 312.692383093
-6.91831466667 312.669450685
-6.913312 312.689229411
-6.90830933333 312.692644687
-6.90330666667 312.690056023
-6.898304 312.75764026
-6.89330133333 312.675287035
-6.88829866667 312.74324533
-6.883296 312.638390871
-6.87829333333 312.707387726
-6.87329066667 312.726373716
-6.868288 312.749469005
-6.86328533333 312.702756294
-6.85828266667 312.767608243
-6.85328 312.690765034
-6.84827733333 312.745237699
-6.84327466667 312.71184049
-6.838272 312.715156505
-6.83326933333 312.713157677
-6.82826666667 312.794808521
-6.823264 312.702179873
-6.81826133333 312.72517056
-6.81325866667 312.764429308
-6.808256 312.764532051
-6.80325333333 312.765377918
-6.79825066667 312.731083824
-6.793248 312.7319097
-6.78824533333 312.780875032
-6.78324266667 312.770458437
-6.77824 312.792188109
-6.77323733333 312.752085058
-6.76823466667 312.801968724
-6.763232 312.760493115
-6.75822933333 312.784372749
-6.75322666667 312.748235766
-6.748224 312.785771204
-6.74322133333 312.731021033
-6.73821866667 312.726147717
-6.733216 312.766935933
-6.72821333333 312.748782672
-6.72321066667 312.788741519
-6.718208 312.820176133
-6.71320533333 312.777876714
-6.70820266667 312.796204063
-6.7032 312.774076898
-6.69819733333 312.838706392
-6.69319466667 312.806418875
-6.688192 312.846691872
-6.68318933333 312.769350225
-6.67818666667 312.845570978
-6.673184 312.789334992
-6.66818133333 312.874982075
-6.66317866667 312.841752565
-6.658176 312.84739244
-6.65317333333 312.842375742
-6.64817066667 312.936776043
-6.643168 312.894795799
-6.63816533333 312.85155532
-6.63316266667 312.943210695
-6.62816 313.018395379
-6.62315733333 312.972518912
-6.61815466667 313.022585
-6.613152 313.01935789
-6.60814933333 313.131106962
-6.60314666667 313.067582055
-6.598144 313.156448075
-6.59314133333 313.091887278
-6.58813866667 313.221125929
-6.583136 313.121755145
-6.57813333333 313.245266934
-6.57313066667 313.217380168
-6.568128 313.322133053
-6.56312533333 313.238850785
-6.55812266667 313.282348658
-6.55312 313.286563555
-6.54811733333 313.408666177
-6.54311466667 313.27429397
-6.538112 313.339959268
-6.53310933333 313.316164656
-6.52810666667 313.344923933
-6.523104 313.387366565
-6.51810133333 313.40257573
-6.51309866667 313.346627269
-6.508096 313.460645796
-6.50309333333 313.365727324
-6.49809066667 313.39775081
-6.493088 313.372012656
-6.48808533333 313.444362401
-6.48308266667 313.391247823
-6.47808 313.431446244
-6.47307733333 313.355489849
-6.46807466667 313.446366927
-6.463072 313.371197693
-6.45806933333 313.447064621
-6.45306666667 313.414991318
-6.448064 313.468943637
-6.44306133333 313.418501008
-6.43805866667 313.44300194
-6.433056 313.449373245
-6.42805333333 313.439561637
-6.42305066667 313.384558646
-6.418048 313.442835904
-6.41304533333 313.41414486
-6.40804266667 313.418023294
-6.40304 313.359095928
-6.39803733333 313.443418557
-6.39303466667 313.34222075
-6.388032 313.452514532
-6.38302933333 313.382721971
-6.37802666667 313.379483541
-6.373024 313.366919983
-6.36802133333 313.496688006
-6.36301866667 313.385079255
-6.358016 313.436705425
-6.35301333333 313.388396758
-6.34801066667 313.415875736
-6.343008 313.400844004
-6.33800533333 313.451815959
-6.33300266667 313.432426858
-6.328 313.502791123
-6.32299733333 313.39054167
-6.31799466667 313.464011601
-6.312992 313.419258452
-6.30798933333 313.446416182
-6.30298666667 313.445304179
-6.297984 313.487071068
-6.29298133333 313.393809854
-6.28797866667 313.504010399
-6.282976 313.441032222
-6.27797333333 313.492340057
-6.27297066667 313.464721186
-6.267968 313.471124064
-6.26296533333 313.408165596
-6.25796266667 313.48065967
-6.25296 313.424520112
-6.24795733333 313.490947684
-6.24295466667 313.487323792
-6.237952 313.497466762
-6.23294933333 313.434501333
-6.22794666667 313.494982559
-6.222944 313.40901568
-6.21794133333 313.486170483
-6.21293866667 313.389475077
-6.207936 313.477165413
-6.20293333333 313.421156346
-6.19793066667 313.390720909
-6.192928 313.381430521
-6.18792533333 313.425402278
-6.18292266667 313.354802622
-6.17792 313.406807309
-6.17291733333 313.287762877
-6.16791466667 313.358266719
-6.162912 313.293998396
-6.15790933333 313.319737147
-6.15290666667 313.265952948
-6.147904 313.363747338
-6.14290133333 313.261993511
-6.13789866667 313.326271434
-6.132896 313.202437851
-6.12789333333 313.2821075
-6.12289066667 313.250300199
-6.117888 313.214176918
-6.11288533333 313.122706855
-6.10788266667 313.207441271
-6.10288 313.150854954
-6.09787733333 313.237422162
-6.09287466667 313.152606973
-6.087872 313.182131967
-6.08286933333 313.017504761
-6.07786666667 313.190981611
-6.072864 313.116844583
-6.06786133333 313.191991719
-6.06285866667 313.110767512
-6.057856 313.130365274
-6.05285333333 313.045653314
-6.04785066667 313.110496563
-6.042848 313.032638373
-6.03784533333 313.128699091
-6.03284266667 313.017955093
-6.02784 313.079958672
-6.02283733333 312.975043197
-6.01783466667 313.013098174
-6.012832 313.020425685
-6.00782933333 313.062499242
-6.00282666667 313.000818741
-5.997824 313.083747527
-5.99282133333 312.990051837
-5.98781866667 313.014144107
-5.982816 312.982246624
-5.97781333333 313.11377945
-5.97281066667 312.943289402
-5.967808 313.025057968
-5.96280533333 312.910460738
-5.95780266667 313.040324761
-5.9528 312.941540288
-5.94779733333 312.971055936
-5.94279466667 312.876764113
-5.937792 312.939186603
-5.93278933333 312.823433473
-5.92778666667 312.935042919
-5.922784 312.844976132
-5.91778133333 312.937751378
-5.91277866667 312.862780062
-5.907776 312.901303256
-5.90277333333 312.78400972
-5.89777066667 312.899445736
-5.892768 312.808843503
-5.88776533333 312.884704282
-5.88276266667 312.740903469
-5.87776 312.821364141
-5.87275733333 312.687866076
-5.86775466667 312.750366924
-5.862752 312.618030252
-5.85774933333 312.662204508
-5.85274666667 312.536378837
-5.847744 312.606243616
-5.84274133333 312.493654955
-5.83773866667 312.426903442
-5.832736 312.416756911
-5.82773333333 312.459541947
-5.82273066667 312.321350853
-5.817728 312.344528484
-5.81272533333 312.286940692
-5.80772266667 312.309701192
-5.80272 312.219653504
-5.79771733333 312.281106202
-5.79271466667 312.197222697
-5.787712 312.213391194
-5.78270933333 312.126821306
-5.77770666667 312.179046735
-5.772704 312.101057579
-5.76770133333 312.086834424
-5.76269866667 311.977836145
-5.757696 311.98290684
-5.75269333333 311.902882441
-5.74769066667 311.941170843
-5.742688 311.811983307
-5.73768533333 311.835175436
-5.73268266667 311.778792661
-5.72768 311.803168433
-5.72267733333 311.69790691
-5.71767466667 311.72233168
-5.712672 311.662466638
-5.70766933333 311.703372582
-5.70266666667 311.570320074
-5.697664 311.62141501
-5.69266133333 311.521128676
-5.68765866667 311.609352279
-5.682656 311.499626602
-5.67765333333 311.576893398
-5.67265066667 311.442673981
-5.667648 311.516013377
-5.66264533333 311.447011929
-5.65764266667 311.488526562
-5.65264 311.371710272
-5.64763733333 311.431741037
-5.64263466667 311.352474118
-5.637632 311.376486394
-5.63262933333 311.335298498
-5.62762666667 311.401344974
-5.622624 311.30881583
-5.61762133333 311.375707888
-5.61261866667 311.266654068
-5.607616 311.305284767
-5.60261333333 311.282645914
-5.59761066667 311.290793103
-5.592608 311.216500012
-5.58760533333 311.285163973
-5.58260266667 311.206806981
-5.5776 311.288773367
-5.57259733333 311.199724556
-5.56759466667 311.340486616
-5.562592 311.274730682
-5.55758933333 311.331910374
-5.55258666667 311.250732771
-5.547584 311.334481918
-5.54258133333 311.24969749
-5.53757866667 311.294088628
-5.532576 311.247288583
-5.52757333333 311.378625662
-5.52257066667 311.262869272
-5.517568 311.344254635
-5.51256533333 311.308892312
-5.50756266667 311.418828356
-5.50256 311.366752492
-5.49755733333 311.465700744
-5.49255466667 311.394576529
-5.487552 311.536143538
-5.48254933333 311.456106573
-5.47754666667 311.54421943
-5.472544 311.469787912
-5.46754133333 311.660556136
-5.46253866667 311.566783417
-5.457536 311.640153719
-5.45253333333 311.611092574
-5.44753066667 311.704145429
-5.442528 311.66270205
-5.43752533333 311.804223792
-5.43252266667 311.727200762
-5.42752 311.802442857
-5.42251733333 311.78824043
-5.41751466667 311.877701731
-5.412512 311.818413844
-5.40750933333 311.923642412
-5.40250666667 311.82790453
-5.397504 311.974539703
-5.39250133333 311.882734928
-5.38749866667 312.009241351
-5.382496 311.974668658
-5.37749333333 312.066401209
-5.37249066667 312.026804733
-5.367488 312.121352387
-5.36248533333 312.03287381
-5.35748266667 312.150837838
-5.35248 312.16224387
-5.34747733333 312.237599767
-5.34247466667 312.18618936
-5.337472 312.30882243
-5.33246933333 312.241311426
-5.32746666667 312.336780598
-5.322464 312.257830465
-5.31746133333 312.361552147
-5.31245866667 312.288779505
-5.307456 312.382243112
-5.30245333333 312.310798091
-5.29745066667 312.451653762
-5.292448 312.390966384
-5.28744533333 312.503084851
-5.28244266667 312.45443293
-5.27744 312.498665066
-5.27243733333 312.499730712
-5.26743466667 312.569378002
-5.262432 312.536405406
-5.25742933333 312.711574066
-5.25242666667 312.630037771
-5.247424 312.708878211
-5.24242133333 312.649597375
-5.23741866667 312.73929055
-5.232416 312.71123985
-5.22741333333 312.878726621
-5.22241066667 312.747329747
-5.217408 312.900668844
-5.21240533333 312.75622698
-5.20740266667 312.912725603
-5.2024 312.820342118
-5.19739733333 312.921388328
-5.19239466667 312.896746288
-5.187392 312.988748662
-5.18238933333 312.904406543
-5.17738666667 313.006558096
-5.172384 313.020860182
-5.16738133333 313.103376886
-5.16237866667 313.039038496
-5.157376 313.147097242
-5.15237333333 313.07739622
-5.14737066667 313.204052923
-5.142368 313.087984182
-5.13736533333 313.180596818
-5.13236266667 313.171955019
-5.12736 313.241519239
-5.12235733333 313.118726226
-5.11735466667 313.254003155
-5.112352 313.201459713
-5.10734933333 313.295856785
-5.10234666667 313.201184787
-5.097344 313.244017016
-5.09234133333 313.264052219
-5.08733866667 313.32911882
-5.082336 313.197215054
-5.07733333333 313.306227004
-5.07233066667 313.242634715
-5.067328 313.323748019
-5.06232533333 313.232040539
-5.05732266667 313.367678305
-5.05232 313.284995405
-5.04731733333 313.389788421
-5.04231466667 313.265051747
-5.037312 313.34263256
-5.03230933333 313.308990776
-5.02730666667 313.400274357
-5.022304 313.320131538
-5.01730133333 313.350274674
-5.01229866667 313.330191828
-5.007296 313.444028013
-5.00229333333 313.345634467
-4.99729066667 313.39833675
-4.992288 313.359027628
-4.98728533333 313.424375965
-4.98228266667 313.303186766
-4.97728 313.414717171
-4.97227733333 313.359306993
-4.96727466667 313.42926473
-4.962272 313.327482597
-4.95726933333 313.437547606
-4.95226666667 313.373802225
-4.947264 313.49108642
-4.94226133333 313.400092302
-4.93725866667 313.507669671
-4.932256 313.398656236
-4.92725333333 313.535672484
-4.92225066667 313.438439616
-4.917248 313.511984736
-4.91224533333 313.460386468
-4.90724266667 313.549796723
-4.90224 313.448285806
-4.89723733333 313.585237887
-4.89223466667 313.510795778
-4.887232 313.549242764
-4.88222933333 313.490760851
-4.87722666667 313.579665339
-4.872224 313.479690824
-4.86722133333 313.646595728
-4.86221866667 313.453981968
-4.857216 313.579972736
-4.85221333333 313.507345226
-4.84721066667 313.594736692
-4.842208 313.48682349
-4.83720533333 313.619560968
-4.83220266667 313.555871755
-4.8272 313.719871877
-4.82219733333 313.556492892
-4.81719466667 313.626127396
-4.812192 313.624052896
-4.80718933333 313.691445738
-4.80218666667 313.561048901
-4.797184 313.682966666
-4.79218133333 313.610091291
-4.78717866667 313.661418037
-4.782176 313.603195982
-4.77717333333 313.611521268
-4.77217066667 313.541826092
-4.767168 313.661970222
-4.76216533333 313.55095443
-4.75716266667 313.661927757
-4.75216 313.556500215
-4.74715733333 313.647315686
-4.74215466667 313.532051638
-4.737152 313.660209935
-4.73214933333 313.590299919
-4.72714666667 313.671314887
-4.722144 313.593390491
-4.71714133333 313.628304237
-4.71213866667 313.574182131
-4.707136 313.61544695
-4.70213333333 313.491999429
-4.69713066667 313.631963621
-4.692128 313.494013183
-4.68712533333 313.527903948
-4.68212266667 313.467341255
-4.67712 313.501275215
-4.67211733333 313.41308317
-4.66711466667 313.5129157
-4.662112 313.422818262
-4.65710933333 313.477186147
-4.65210666667 313.451965365
-4.647104 313.556523758
-4.64210133333 313.430437232
-4.63709866667 313.515323773
-4.632096 313.501528972
-4.62709333333 313.57469453
-4.62209066667 313.43817288
-4.617088 313.589949487
-4.61208533333 313.535096593
-4.60708266667 313.589659719
-4.60208 313.542288712
-4.59707733333 313.606324749
-4.59207466667 313.519689121
-4.587072 313.639925773
-4.58206933333 313.51524189
-4.57706666667 313.589579236
-4.572064 313.558740884
-4.56706133333 313.605808081
-4.56205866667 313.51333788
-4.557056 313.6154089
-4.55205333333 313.533343661
-4.54705066667 313.62649
-4.542048 313.471369869
-4.53704533333 313.547599306
-4.53204266667 313.50764584
-4.52704 313.534707651
-4.52203733333 313.41145508
-4.51703466667 313.527895118
-4.512032 313.408159586
-4.50702933333 313.489362543
-4.50202666667 313.401547954
-4.497024 313.420480234
-4.49202133333 313.38526507
-4.48701866667 313.491781639
-4.482016 313.298450935
-4.47701333333 313.426380366
-4.47201066667 313.391713801
-4.467008 313.441596145
-4.46200533333 313.397923003
-4.45700266667 313.389980544
-4.452 313.393382268
-4.44699733333 313.445052025
-4.44199466667 313.313696962
-4.436992 313.397484894
-4.43198933333 313.365948225
-4.42698666667 313.389259371
-4.421984 313.276798541
-4.41698133333 313.39569745
-4.41197866667 313.263687442
-4.406976 313.339825328
-4.40197333333 313.240775695
-4.39697066667 313.343033152
-4.391968 313.254063881
-4.38696533333 313.306317938
-4.38196266667 313.204558016
-4.37696 313.280606276
-4.37195733333 313.21891138
-4.36695466667 313.339847347
-4.361952 313.194848292
-4.35694933333 313.288643824
-4.35194666667 313.268869121
-4.346944 313.296601785
-4.34194133333 313.198576544
-4.33693866667 313.319827996
-4.331936 313.229858227
-4.32693333333 313.223928878
-4.32193066667 313.144532252
-4.316928 313.181683167
-4.31192533333 313.12539509
-4.30692266667 313.181306843
-4.30192 313.045290194
-4.29691733333 313.119157809
-4.29191466667 313.034420466
-4.286912 313.119251027
-4.28190933333 313.030966567
-4.27690666667 313.005776521
-4.271904 313.008072038
-4.26690133333 313.080931692
-4.26189866667 312.921190331
-4.256896 312.999744089
-4.25189333333 312.989462044
-4.24689066667 313.025822328
-4.241888 312.922850533
-4.23688533333 312.931490994
-4.23188266667 312.857060782
-4.22688 313.004371721
-4.22187733333 312.941431557
-4.21687466667 312.960303422
-4.211872 312.968775109
-4.20686933333 313.035480236
-4.20186666667 313.01359897
-4.196864 313.073991469
-4.19186133333 313.040755626
-4.18685866667 313.101682751
-4.181856 313.052411675
-4.17685333333 313.047902532
-4.17185066667 313.068051484
-4.166848 313.143651878
-4.16184533333 313.025067144
-4.15684266667 313.043135125
-4.15184 313.023899897
-4.14683733333 313.061299803
-4.14183466667 312.973623559
-4.136832 312.995558976
-4.13182933333 312.973149695
-4.12682666667 313.028786506
-4.121824 312.926987931
-4.11682133333 312.919983149
-4.11181866667 312.893588778
-4.106816 312.976250941
-4.10181333333 312.947109999
-4.09681066667 312.91853838
-4.091808 312.878545098
-4.08680533333 312.925584381
-4.08180266667 312.752400522
-4.0768 312.873652325
-4.07179733333 312.804944471
-4.06679466667 312.891341551
-4.061792 312.76852443
-4.05678933333 312.781817264
-4.05178666667 312.693095514
-4.046784 312.719961046
-4.04178133333 312.597346087
-4.03677866667 312.568471398
-4.031776 312.454197333
-4.02677333333 312.455119962
-4.02177066667 312.383670008
-4.016768 312.352890916
-4.01176533333 312.335647863
-4.00676266667 312.382963199
-4.00176 312.327244113
-3.99675733333 312.374834568
-3.99175466667 312.385113826
-3.986752 312.457938275
-3.98174933333 312.425272348
-3.97674666667 312.496979181
-3.971744 312.448821053
-3.96674133333 312.548316885
-3.96173866667 312.511667476
-3.956736 312.583766169
-3.95173333333 312.569952203
-3.94673066667 312.679845038
-3.941728 312.662465032
-3.93672533333 312.738764212
-3.93172266667 312.783731214
-3.92672 312.929745434
-3.92171733333 312.886058113
-3.91671466667 313.072913548
-3.911712 313.068717252
-3.90670933333 313.187505855
-3.90170666667 313.123245572
-3.896704 313.157419291
-3.89170133333 313.116357218
-3.88669866667 313.140985541
-3.881696 313.091361035
-3.87669333333 313.180400168
-3.87169066667 313.073059795
-3.866688 313.149882875
-3.86168533333 313.124014046
-3.85668266667 313.157363387
-3.85168 313.195422923
-3.84667733333 313.241082124
-3.84167466667 313.208604119
-3.836672 313.282800155
-3.83166933333 313.277395243
-3.82666666667 313.330030082
-3.821664 313.227123218
-3.81666133333 313.299903617
-3.81165866667 313.277968286
-3.806656 313.329306631
-3.80165333333 313.244160708
-3.79665066667 313.285023947
-3.791648 313.244526105
-3.78664533333 313.264492578
-3.78164266667 313.270994819
-3.77664 313.218941207
-3.77163733333 313.156654371
-3.76663466667 313.200687679
-3.761632 313.107332281
-3.75662933333 313.172112342
-3.75162666667 313.162042771
-3.746624 313.199262467
-3.74162133333 313.128286589
-3.73661866667 313.18484667
-3.731616 313.126497414
-3.72661333333 313.190728255
-3.72161066667 313.099653492
-3.716608 313.128966073
-3.71160533333 313.131838549
-3.70660266667 313.166008211
-3.7016 313.032296828
-3.69659733333 313.136267457
-3.69159466667 313.074074943
-3.686592 313.174098772
-3.68158933333 313.073968117
-3.67658666667 313.096365531
-3.671584 313.086639725
-3.66658133333 313.097522258
-3.66157866667 313.006279919
-3.656576 313.055069812
-3.65157333333 313.038326542
-3.64657066667 313.04734711
-3.641568 313.015136697
-3.63656533333 313.039409098
-3.63156266667 313.014802279
-3.62656 313.065479092
-3.62155733333 313.029590849
-3.61655466667 313.054547112
-3.611552 313.049605315
-3.60654933333 313.107097806
-3.60154666667 313.015130894
-3.596544 313.061571049
-3.59154133333 313.024153718
-3.58653866667 313.069354767
-3.581536 312.987862569
-3.57653333333 313.032834559
-3.57153066667 312.995356329
-3.566528 313.003815569
-3.56152533333 312.91094542
-3.55652266667 313.007806215
-3.55152 312.92117462
-3.54651733333 313.05167395
-3.54151466667 312.933465096
-3.536512 312.927921735
-3.53150933333 313.021945348
-3.52650666667 313.044753219
-3.521504 312.894628744
-3.51650133333 312.960077974
-3.51149866667 312.934956006
-3.506496 312.931057
-3.50149333333 312.879158914
-3.49649066667 312.895901946
-3.491488 312.872957655
-3.48648533333 312.900489284
-3.48148266667 312.799764921
-3.47648 312.860183834
-3.47147733333 312.806451641
-3.46647466667 312.816034322
-3.461472 312.749591977
-3.45646933333 312.809810034
-3.45146666667 312.76366184
-3.446464 312.801006361
-3.44146133333 312.68768123
-3.43645866667 312.750500587
-3.431456 312.696349025
-3.42645333333 312.723740012
-3.42145066667 312.590867178
-3.416448 312.692487337
-3.41144533333 312.594564333
-3.40644266667 312.660433873
-3.40144 312.575575981
-3.39643733333 312.621128024
-3.39143466667 312.622111622
-3.386432 312.645146436
-3.38142933333 312.547130059
-3.37642666667 312.598559611
-3.371424 312.54534313
-3.36642133333 312.652782991
-3.36141866667 312.611696586
-3.356416 312.628210728
-3.35141333333 312.652806092
-3.34641066667 312.682369015
-3.341408 312.65681708
-3.33640533333 312.693207487
-3.33140266667 312.75310094
-3.3264 312.740036982
-3.32139733333 312.689790921
-3.31639466667 312.774398725
-3.311392 312.732505938
-3.30638933333 312.781051785
-3.30138666667 312.678692887
-3.296384 312.725642951
-3.29138133333 312.739617747
-3.28637866667 312.775213407
-3.281376 312.77897557
-3.27637333333 312.789606735
-3.27137066667 312.811769763
-3.266368 312.868508556
-3.26136533333 312.837675428
-3.25636266667 312.91333071
-3.25136 312.928571412
-3.24635733333 312.993868446
-3.24135466667 312.917759258
-3.236352 313.039814111
-3.23134933333 313.024855045
-3.22634666667 313.07800972
-3.221344 313.01752778
-3.21634133333 313.017620956
-3.21133866667 313.034844144
-3.206336 313.033589773
-3.20133333333 312.964112619
-3.19633066667 313.012115526
-3.191328 312.972965705
-3.18632533333 313.059136525
-3.18132266667 312.993652911
-3.17632 313.013220962
-3.17131733333 313.038263458
-3.16631466667 313.089339936
-3.161312 312.975411589
-3.15630933333 313.050142907
-3.15130666667 313.041574016
-3.146304 313.067683292
-3.14130133333 313.01086909
-3.13629866667 313.052627262
-3.131296 313.068841361
-3.12629333333 313.083534275
-3.12129066667 312.988663424
-3.116288 313.045664477
-3.11128533333 313.037638567
-3.10628266667 313.01484041
-3.10128 312.997728051
-3.09627733333 313.064006996
-3.09127466667 313.071793628
-3.086272 313.105155175
-3.08126933333 313.017640583
-3.07626666667 313.045689075
-3.071264 313.06745138
-3.06626133333 313.062109059
-3.06125866667 313.072171381
-3.056256 313.061472345
-3.05125333333 313.093863008
-3.04625066667 313.121560299
-3.041248 313.070918828
-3.03624533333 313.118899548
-3.03124266667 313.151221395
-3.02624 313.168184657
-3.02123733333 313.137292244
-3.01623466667 313.213729162
-3.011232 313.28023984
-3.00622933333 313.337676538
-3.00122666667 313.327280706
-2.996224 313.364050781
-2.99122133333 313.40067822
-2.98621866667 313.423576567
-2.981216 313.354626642
-2.97621333333 313.412827482
-2.97121066667 313.467904621
-2.966208 313.444589872
-2.96120533333 313.463908967
-2.95620266667 313.467435932
-2.9512 313.452530424
-2.94619733333 313.560306605
-2.94119466667 313.509804404
-2.936192 313.53139238
-2.93118933333 313.523923077
-2.92618666667 313.547376643
-2.921184 313.587630568
-2.91618133333 313.585597592
-2.91117866667 313.60144157
-2.906176 313.64906331
-2.90117333333 313.579221863
-2.89617066667 313.587974759
-2.891168 313.662482172
-2.88616533333 313.645909028
-2.88116266667 313.596267753
-2.87616 313.639426717
-2.87115733333 313.610099563
-2.86615466667 313.625807352
-2.861152 313.566718196
-2.85614933333 313.490423738
-2.85114666667 313.570450693
-2.846144 313.530523377
-2.84114133333 313.43213929
-2.83613866667 313.485168926
-2.831136 313.442932522
-2.82613333333 313.437559029
-2.82113066667 313.489268678
-2.816128 313.381123742
-2.81112533333 313.422935777
-2.80612266667 313.397730673
-2.80112 313.325322156
-2.79611733333 313.375931961
-2.79111466667 313.330132026
-2.786112 313.279421109
-2.78110933333 313.290439169
-2.77610666667 313.321696192
-2.771104 313.317449198
-2.76610133333 313.326928495
-2.76109866667 313.237418329
-2.756096 313.239361621
-2.75109333333 313.272488061
-2.74609066667 313.20048437
-2.741088 313.205790572
-2.73608533333 313.230834119
-2.73108266667 313.206032672
-2.72608 313.229670274
-2.72107733333 313.147859859
-2.71607466667 313.143514136
-2.711072 313.154750827
-2.70606933333 313.170004812
-2.70106666667 313.116468495
-2.696064 313.13581241
-2.69106133333 313.158989326
-2.68605866667 313.146788745
-2.681056 313.145934112
-2.67605333333 313.145407638
-2.67105066667 313.192390165
-2.666048 313.208194392
-2.66104533333 313.152148054
-2.65604266667 313.204805738
-2.65104 313.261322182
-2.64603733333 313.244562437
-2.64103466667 313.303826147
-2.636032 313.274656721
-2.63102933333 313.326772637
-2.62602666667 313.336337706
-2.621024 313.288094279
-2.61602133333 313.359280968
-2.61101866667 313.43842775
-2.606016 313.422400756
-2.60101333333 313.45751623
-2.59601066667 313.43335998
-2.591008 313.476567206
-2.58600533333 313.455544615
-2.58100266667 313.423094728
-2.576 313.440773385
-2.57099733333 313.470810668
-2.56599466667 313.475640908
-2.560992 313.43887866
-2.55598933333 313.519570941
-2.55098666667 313.505113202
-2.545984 313.542590141
-2.54098133333 313.528448249
-2.53597866667 313.462162545
-2.530976 313.570799605
-2.52597333333 313.519134524
-2.52097066667 313.499570001
-2.515968 313.496288254
-2.51096533333 313.556796937
-2.50596266667 313.520924219
-2.50096 313.508874533
-2.49595733333 313.480240293
-2.49095466667 313.524797063
-2.485952 313.476063387
-2.48094933333 313.445084658
-2.47594666667 313.454253361
-2.470944 313.438016482
-2.46594133333 313.497089909
-2.46093866667 313.543959172
-2.455936 313.446387215
-2.45093333333 313.475432692
-2.44593066667 313.518325402
-2.440928 313.410217932
-2.43592533333 313.490559717
-2.43092266667 313.48856891
-2.42592 313.491251715
-2.42091733333 313.438846428
-2.41591466667 313.405047087
-2.410912 313.441694103
-2.40590933333 313.397833796
-2.40090666667 313.379454879
-2.395904 313.390067678
-2.39090133333 313.437005189
-2.38589866667 313.37305594
-2.380896 313.421744337
-2.37589333333 313.374857413
-2.37089066667 313.380316067
-2.365888 313.406657804
-2.36088533333 313.366978728
-2.35588266667 313.326719498
-2.35088 313.323064794
-2.34587733333 313.336569272
-2.34087466667 313.252043409
-2.335872 313.143280665
-2.33086933333 313.234983095
-2.32586666667 313.158187592
-2.320864 313.147230909
-2.31586133333 313.057296901
-2.31085866667 313.046077594
-2.305856 313.043602572
-2.30085333333 313.016790042
-2.29585066667 313.069034258
-2.290848 313.061995905
-2.28584533333 313.069851407
-2.28084266667 313.100208572
-2.27584 313.075661093
-2.27083733333 313.110715873
-2.26583466667 313.112201095
-2.260832 313.144829595
-2.25582933333 313.142794388
-2.25082666667 313.229129778
-2.245824 313.206969434
-2.24082133333 313.184660463
-2.23581866667 313.257273751
-2.230816 313.299439148
-2.22581333333 313.345290198
-2.22081066667 313.423991896
-2.215808 313.386798326
-2.21080533333 313.435925751
-2.20580266667 313.494758438
-2.2008 313.569417443
-2.19579733333 313.567040059
-2.19079466667 313.609646972
-2.185792 313.561444227
-2.18078933333 313.578239206
-2.17578666667 313.591292471
-2.170784 313.646348988
-2.16578133333 313.591235561
-2.16077866667 313.530250667
-2.155776 313.562473736
-2.15077333333 313.608080646
-2.14577066667 313.577990586
-2.140768 313.534791444
-2.13576533333 313.545439118
-2.13076266667 313.594948016
-2.12576 313.575460421
-2.12075733333 313.592362394
-2.11575466667 313.588131751
-2.110752 313.711734388
-2.10574933333 313.655861609
-2.10074666667 313.697014496
-2.095744 313.680466616
-2.09074133333 313.753252454
-2.08573866667 313.809070915
-2.080736 313.859543538
-2.07573333333 313.83777667
-2.07073066667 313.929212162
-2.065728 313.954210508
-2.06072533333 314.027828228
-2.05572266667 314.009959944
-2.05072 314.070314071
-2.04571733333 314.073196021
-2.04071466667 314.082771998
-2.035712 314.002783817
-2.03070933333 314.050534961
-2.02570666667 314.030491495
-2.020704 314.013305435
-2.01570133333 314.012049589
-2.01069866667 314.046008551
-2.005696 313.998537011
-2.00069333333 314.025076892
-1.99569066667 313.983432809
-1.990688 314.0398786
-1.98568533333 314.034940379
-1.98068266667 314.009539637
-1.97568 314.027381153
-1.97067733333 314.122915857
-1.96567466667 314.044617224
-1.960672 314.101368221
-1.95566933333 314.117342014
-1.95066666667 314.159914083
-1.945664 314.062619131
-1.94066133333 314.166915463
-1.93565866667 314.163969508
-1.930656 314.157661166
-1.92565333333 314.173842244
-1.92065066667 314.120192066
-1.915648 314.155570276
-1.91064533333 314.17519427
-1.90564266667 314.126070267
-1.90064 314.135229742
-1.89563733333 314.098680181
-1.89063466667 314.142729313
-1.885632 314.104131692
-1.88062933333 314.084582663
-1.87562666667 314.087579968
-1.870624 314.118877008
-1.86562133333 314.07271358
-1.86061866667 314.086182541
-1.855616 314.061847285
-1.85061333333 314.117375419
-1.84561066667 314.084666047
-1.840608 314.075227594
-1.83560533333 314.064660787
-1.83060266667 314.099785173
-1.8256 314.083892011
-1.82059733333 314.10425001
-1.81559466667 314.099382997
-1.810592 314.107378334
-1.80558933333 314.061826903
-1.80058666667 314.028654473
-1.795584 314.006869252
-1.79058133333 314.036516919
-1.78557866667 314.008992603
-1.780576 313.924489654
-1.77557333333 313.943364127
-1.77057066667 313.947150361
-1.765568 313.871582136
-1.76056533333 313.892610021
-1.75556266667 313.912358132
-1.75056 313.980882433
-1.74555733333 313.9455919
-1.74055466667 314.002780094
-1.735552 313.964477745
-1.73054933333 314.073982739
-1.72554666667 314.002332191
-1.720544 314.049963732
-1.71554133333 314.057115352
-1.71053866667 314.116079019
-1.705536 314.092672924
-1.70053333333 314.095919803
-1.69553066667 314.058578161
-1.690528 314.129172569
-1.68552533333 314.031535263
-1.68052266667 314.054675816
-1.67552 314.059858846
-1.67051733333 314.118110989
-1.66551466667 314.082616746
-1.660512 314.144188976
-1.65550933333 314.026418724
-1.65050666667 314.081065502
-1.645504 314.023818682
-1.64050133333 313.993071478
-1.63549866667 313.965815311
-1.630496 314.012785553
-1.62549333333 313.968687631
-1.62049066667 313.932301869
-1.615488 313.855197986
-1.61048533333 313.853508
-1.60548266667 313.817973859
-1.60048 313.753059809
-1.59547733333 313.727189484
-1.59047466667 313.746249397
-1.585472 313.629774823
-1.58046933333 313.730060791
-1.57546666667 313.646894355
-1.570464 313.66601717
-1.56546133333 313.640422795
-1.56045866667 313.619602138
-1.555456 313.622827523
-1.55045333333 313.615302838
-1.54545066667 313.643370093
-1.540448 313.602818946
-1.53544533333 313.601216294
-1.53044266667 313.627098148
-1.52544 313.592196324
-1.52043733333 313.590866822
-1.51543466667 313.527900104
-1.510432 313.597546769
-1.50542933333 313.540858293
-1.50042666667 313.63891287
-1.495424 313.630578378
-1.49042133333 313.600958294
-1.48541866667 313.525607843
-1.480416 313.638867325
-1.47541333333 313.581035197
-1.47041066667 313.62243043
-1.465408 313.625932944
-1.46040533333 313.638420912
-1.45540266667 313.631411925
-1.4504 313.733360721
-1.44539733333 313.747074301
-1.44039466667 313.739511808
-1.435392 313.738985273
-1.43038933333 313.837865995
-1.42538666667 313.791956981
-1.420384 313.859522087
-1.41538133333 313.847658666
-1.41037866667 313.937331532
-1.405376 313.914458378
-1.40037333333 314.003320134
-1.39537066667 313.96044225
-1.390368 314.060694726
-1.38536533333 314.017946744
-1.38036266667 314.06039292
-1.37536 314.078141469
-1.37035733333 314.094370959
-1.36535466667 314.083438262
-1.360352 314.090835411
-1.35534933333 314.10857577
-1.35034666667 314.178296468
-1.345344 314.106132446
-1.34034133333 314.138487076
-1.33533866667 314.157178312
-1.330336 314.241697758
-1.32533333333 314.174904817
-1.32033066667 314.19806168
-1.315328 314.196407653
-1.31032533333 314.267450066
-1.30532266667 314.142138417
-1.30032 314.263589687
-1.29531733333 314.17166549
-1.29031466667 314.144661297
-1.285312 314.152049135
-1.28030933333 314.137140688
-1.27530666667 314.121027866
-1.270304 314.169486182
-1.26530133333 314.100530924
-1.26029866667 314.140444073
-1.255296 314.059142065
-1.25029333333 314.172967735
-1.24529066667 314.084921067
-1.240288 314.159989302
-1.23528533333 314.07069304
-1.23028266667 314.144751243
-1.22528 314.081280068
-1.22027733333 314.111880612
-1.21527466667 314.089182461
-1.210272 314.159088116
-1.20526933333 314.04920891
-1.20026666667 314.116326664
-1.195264 314.014911361
-1.19026133333 314.108187993
-1.18525866667 314.031403325
-1.180256 314.061114268
-1.17525333333 313.999971604
-1.17025066667 314.042727516
-1.165248 313.982597678
-1.16024533333 314.002573925
-1.15524266667 313.948311973
-1.15024 314.026338278
-1.14523733333 313.865380687
-1.14023466667 313.919949578
-1.135232 313.870142423
-1.13022933333 313.965733377
-1.12522666667 313.834344703
-1.120224 313.888172269
-1.11522133333 313.819086497
-1.11021866667 313.859885454
-1.105216 313.846283648
-1.10021333333 313.914666465
-1.09521066667 313.792571947
-1.090208 313.860636801
-1.08520533333 313.78145918
-1.08020266667 313.776644389
-1.0752 313.746721978
-1.07019733333 313.795763994
-1.06519466667 313.696246823
-1.060192 313.680843403
-1.05518933333 313.617548103
-1.05018666667 313.702302675
-1.045184 313.576814346
-1.04018133333 313.618890134
-1.03517866667 313.571687854
-1.030176 313.592457421
-1.02517333333 313.505253881
-1.02017066667 313.565205033
-1.015168 313.463645106
-1.01016533333 313.474017586
-1.00516266667 313.461014783
-1.00016 313.478722795
-0.995157333333 313.417047424
-0.990154666667 313.514513176
-0.985152 313.45554882
-0.980149333333 313.437972582
-0.975146666667 313.410200701
-0.970144 313.510549306
-0.965141333333 313.391588291
-0.960138666667 313.414862087
-0.955136 313.304944724
-0.950133333333 313.428834464
-0.945130666667 313.30835423
-0.940128 313.36283796
-0.935125333333 313.292121515
-0.930122666667 313.360685098
-0.92512 313.246692947
-0.920117333333 313.37836825
-0.915114666667 313.248334106
-0.910112 313.398651924
-0.905109333333 313.285367873
-0.900106666667 313.332951412
-0.895104 313.230014109
-0.890101333333 313.306201585
-0.885098666667 313.266736804
-0.880096 313.303701343
-0.875093333333 313.222978939
-0.870090666667 313.337451773
-0.865088 313.224311113
-0.860085333333 313.23707535
-0.855082666667 313.2225313
-0.85008 313.281751935
-0.845077333333 313.163157973
-0.840074666667 313.246907986
-0.835072 313.166120027
-0.830069333333 313.24657639
-0.825066666667 313.184559654
-0.820064 313.279281928
-0.815061333333 313.13359996
-0.810058666667 313.21700248
-0.805056 313.159209945
-0.800053333333 313.159091491
-0.795050666667 313.164391911
-0.790048 313.205262512
-0.785045333333 313.134698196
-0.780042666667 313.202269539
-0.77504 313.124891395
-0.770037333333 313.217296934
-0.765034666667 313.11803973
-0.760032 313.193520061
-0.755029333333 313.110107298
-0.750026666667 313.239946339
-0.745024 313.135953924
-0.740021333333 313.19081494
-0.735018666667 313.093887944
-0.730016 313.220257441
-0.725013333333 313.13983173
-0.720010666667 313.237197314
-0.715008 313.172005645
-0.710005333333 313.223766184
-0.705002666667 313.183097074
-0.7 313.207362092
-0.694997333333 313.144792397
-0.689994666667 313.273451439
-0.684992 313.14883408
-0.679989333333 313.193205651
-0.674986666667 313.160126982
-0.669984 313.247371485
-0.664981333333 313.119720482
-0.659978666667 313.162789362
-0.654976 313.155325165
-0.649973333333 313.238903789
-0.644970666667 313.134860465
-0.639968 313.19805679
-0.634965333333 313.146398984
-0.629962666667 313.271633211
-0.62496 313.142499925
-0.619957333333 313.263296149
-0.614954666667 313.180785379
-0.609952 313.275985121
-0.604949333333 313.179682009
-0.599946666667 313.212236284
-0.594944 313.153977699
-0.589941333333 313.289206524
-0.584938666667 313.176298956
-0.579936 313.23693998
-0.574933333333 313.167089967
-0.569930666667 313.239956212
-0.564928 313.165202875
-0.559925333333 313.217097544
-0.554922666667 313.12435137
-0.54992 313.245716045
-0.544917333333 313.138978528
-0.539914666667 313.220220454
-0.534912 313.152147164
-0.529909333333 313.253979027
-0.524906666667 313.181103287
-0.519904 313.219702015
-0.514901333333 313.156052199
-0.509898666667 313.290037963
-0.504896 313.191892192
-0.499893333333 313.239685584
-0.494890666667 313.165993272
-0.489888 313.272350608
-0.484885333333 313.170789272
-0.479882666667 313.271886866
-0.47488 313.147473803
-0.469877333333 313.304752732
-0.464874666667 313.183758644
-0.459872 313.235796864
-0.454869333333 313.177543299
-0.449866666667 313.284272862
-0.444864 313.17139948
-0.439861333333 313.250259188
-0.434858666667 313.165520305
-0.429856 313.258656864
-0.424853333333 313.161065789
-0.419850666667 313.19947803
-0.414848 313.164328068
-0.409845333333 313.325086319
-0.404842666667 313.21470676
-0.39984 313.276573598
-0.394837333333 313.266657916
-0.389834666667 313.29632024
-0.384832 313.20213487
-0.379829333333 313.348912817
-0.374826666667 313.25070783
-0.369824 313.359761119
-0.364821333333 313.2626226
-0.359818666667 313.319796834
-0.354816 313.265030837
-0.349813333333 313.415724607
-0.344810666667 313.30533008
-0.339808 313.390670782
-0.334805333333 313.276158848
-0.329802666667 313.450550373
-0.3248 313.325273955
-0.319797333333 313.417976662
-0.314794666667 313.365443914
-0.309792 313.423320314
-0.304789333333 313.324755788
-0.299786666667 313.448765965
-0.294784 313.330572641
-0.289781333333 313.47048047
-0.284778666667 313.435431622
-0.279776 313.48564858
-0.274773333333 313.412456326
-0.269770666667 313.554607796
-0.264768 313.498852843
-0.259765333333 313.548573732
-0.254762666667 313.438369587
-0.24976 313.482596762
-0.244757333333 313.444739546
-0.239754666667 313.467696631
-0.234752 313.39448407
-0.229749333333 313.561365551
-0.224746666667 313.394531702
-0.219744 313.488318149
-0.214741333333 313.448089167
-0.209738666667 313.4958178
-0.204736 313.398105327
-0.199733333333 313.524880324
-0.194730666667 313.352039552
-0.189728 313.503124584
-0.184725333333 313.389808991
-0.179722666667 313.483511819
-0.17472 313.401367879
-0.169717333333 313.500122995
-0.164714666667 313.379474704
-0.159712 313.449642224
-0.154709333333 313.385070017
-0.149706666667 313.48415247
-0.144704 313.423788225
-0.139701333333 313.471517568
-0.134698666667 313.385974864
-0.129696 313.486947682
-0.124693333333 313.359834435
-0.119690666667 313.468965675
-0.114688 313.374607779
-0.109685333333 313.462981965
-0.104682666667 313.391479674
-0.09968 313.496068512
-0.0946773333333 313.390066058
-0.0896746666667 313.493902184
-0.084672 313.401373107
-0.0796693333333 313.48968345
-0.0746666666667 313.385983362
-0.069664 313.451442424
-0.0646613333333 313.401483194
-0.0596586666667 313.434727936
-0.054656 313.359946036
-0.0496533333333 313.501551471
-0.0446506666667 313.326014266
-0.039648 313.408400402
-0.0346453333333 313.378238611
-0.0296426666667 313.419420488
-0.02464 313.336253889
-0.0196373333333 313.460975961
-0.0146346666667 313.36930881
-0.009632 313.437132516
-0.00462933333333 313.347296444
