-1.99994666667 1330.99284563
-1.994944 1330.65419326
-1.98994133333 1330.53057415
-1.98493866667 1330.71059426
-1.979936 1331.1783681
-1.97493333333 1331.14429104
-1.96993066667 1331.95683563
-1.964928 1331.12589004
-1.95992533333 1331.41534319
-1.95492266667 1331.37649182
-1.94992 1330.76231065
-1.94491733333 1330.59338044
-1.93991466667 1330.77978304
-1.934912 1330.76938066
-1.92990933333 1330.75354919
-1.92490666667 1330.27905798
-1.919904 1330.87643554
-1.91490133333 1331.18683295
-1.90989866667 1330.84669927
-1.904896 1331.01176052
-1.89989333333 1330.67786871
-1.89489066667 1330.75351761
-1.889888 1330.5542047
-1.88488533333 1330.70452294
-1.87988266667 1330.44869105
-1.87488 1330.75564516
-1.86987733333 1330.44826041
-1.86487466667 1330.86502329
-1.859872 1331.3235635
-1.85486933333 1331.7675752
-1.84986666667 1331.53364496
-1.844864 1331.50479748
-1.83986133333 1331.02953546
-1.83485866667 1331.42471887
-1.829856 1330.42146408
-1.82485333333 1331.36876577
-1.81985066667 1330.89132327
-1.814848 1331.68596573
-1.80984533333 1330.79166573
-1.80484266667 1330.88082251
-1.79984 1330.46728571
-1.79483733333 1330.73260179
-1.78983466667 1330.00672449
-1.784832 1330.24634888
-1.77982933333 1329.63119064
-1.77482666667 1330.6090483
-1.769824 1329.70087346
-1.76482133333 1329.82486176
-1.75981866667 1329.54971071
-1.754816 1329.30595642
-1.74981333333 1329.10219276
-1.74481066667 1329.46252693
-1.739808 1329.04181495
-1.73480533333 1329.22168017
-1.72980266667 1328.80761575
-1.7248 1329.28967737
-1.71979733333 1329.99686474
-1.71479466667 1329.32958293
-1.709792 1329.14637286
-1.70478933333 1329.50117258
-1.69978666667 1329.89196374
-1.694784 1329.11583605
-1.68978133333 1329.09885918
-1.68477866667 1329.9071258
-1.679776 1329.71503221
-1.67477333333 1330.20058878
-1.66977066667 1329.89004395
-1.664768 1329.83032629
-1.65976533333 1329.07673641
-1.65476266667 1329.717124
-1.64976 1329.34104312
-1.64475733333 1329.14889706
-1.63975466667 1329.4266591
-1.634752 1328.96949126
-1.62974933333 1329.54481336
-1.62474666667 1329.15674722
-1.619744 1330.08481465
-1.61474133333 1329.61072212
-1.60973866667 1329.74977573
-1.604736 1329.55701461
-1.59973333333 1329.20677574
-1.59473066667 1329.5220099
-1.589728 1330.44967936
-1.58472533333 1329.90021614
-1.57972266667 1330.11211928
-1.57472 1329.50696339
-1.56971733333 1329.88538611
-1.56471466667 1330.48665334
-1.559712 1331.09613243
-1.55470933333 1330.77795628
-1.54970666667 1330.80790098
-1.544704 1330.45659549
-1.53970133333 1330.90437321
-1.53469866667 1331.46741951
-1.529696 1331.37494118
-1.52469333333 1331.37344732
-1.51969066667 1331.84599357
-1.514688 1331.70158866
-1.50968533333 1331.27877111
-1.50468266667 1332.42653644
-1.49968 1331.94627
-1.49467733333 1331.97905638
-1.48967466667 1332.17567919
-1.484672 1332.09818133
-1.47966933333 1332.15365026
-1.47466666667 1332.07370821
-1.469664 1333.25468935
-1.46466133333 1334.17360736
-1.45965866667 1333.84368743
-1.454656 1333.07721859
-1.44965333333 1333.73270051
-1.44465066667 1334.62531551
-1.439648 1333.60867657
-1.43464533333 1334.57225732
-1.42964266667 1333.71232377
-1.42464 1333.90280939
-1.41963733333 1333.59847542
-1.41463466667 1334.56191037
-1.409632 1333.21647463
-1.40462933333 1333.40329158
-1.39962666667 1333.97496281
-1.394624 1334.09140509
-1.38962133333 1332.61532311
-1.38461866667 1333.17061333
-1.379616 1332.41880525
-1.37461333333 1333.72549052
-1.36961066667 1332.59495836
-1.364608 1332.64148372
-1.35960533333 1332.61923197
-1.35460266667 1332.60530642
-1.3496 1332.50332732
-1.34459733333 1333.32270506
-1.33959466667 1332.57234671
-1.334592 1333.45391315
-1.32958933333 1333.52125041
-1.32458666667 1334.26322783
-1.319584 1334.52746213
-1.31458133333 1333.83343806
-1.30957866667 1334.03654498
-1.304576 1335.60052893
-1.29957333333 1333.37157134
-1.29457066667 1334.25810139
-1.289568 1335.10053005
-1.28456533333 1335.28129543
-1.27956266667 1335.12611579
-1.27456 1335.04140623
-1.26955733333 1334.98434937
-1.26455466667 1335.28418855
-1.259552 1334.24818512
-1.25454933333 1333.96312544
-1.24954666667 1333.68753945
-1.244544 1334.81386202
-1.23954133333 1334.71723967
-1.23453866667 1334.44618512
-1.229536 1333.96535074
-1.22453333333 1333.69796638
-1.21953066667 1334.47948663
-1.214528 1333.91911909
-1.20952533333 1334.78750378
-1.20452266667 1333.24678209
-1.19952 1334.47702328
-1.19451733333 1333.92787658
-1.18951466667 1334.11840304
-1.184512 1333.46092501
-1.17950933333 1334.58589862
-1.17450666667 1334.85306014
-1.169504 1333.63795435
-1.16450133333 1334.07446058
-1.15949866667 1334.39445014
-1.154496 1332.91308679
-1.14949333333 1333.67748873
-1.14449066667 1334.16491082
-1.139488 1334.70466802
-1.13448533333 1334.56967505
-1.12948266667 1334.43758574
-1.12448 1334.98082959
-1.11947733333 1333.51683253
-1.11447466667 1334.47488037
-1.109472 1334.12758718
-1.10446933333 1334.63223497
-1.09946666667 1334.56120207
-1.094464 1334.27667054
-1.08946133333 1335.6628062
-1.08445866667 1334.64077762
-1.079456 1334.97047301
-1.07445333333 1334.62347338
-1.06945066667 1333.80744483
-1.064448 1334.90088778
-1.05944533333 1333.64614941
-1.05444266667 1333.69734985
-1.04944 1333.19504288
-1.04443733333 1333.95255877
-1.03943466667 1333.37730192
-1.034432 1332.11740022
-1.02942933333 1331.96437238
-1.02442666667 1332.06739054
-1.019424 1331.09438999
-1.01442133333 1331.00474385
-1.00941866667 1331.07162319
-1.004416 1330.95252518
-0.999413333333 1330.2512821
-0.994410666667 1330.98431022
-0.989408 1328.79467639
-0.984405333333 1329.92629716
-0.979402666667 1329.02001169
-0.9744 1328.45808781
-0.969397333333 1328.27638645
-0.964394666667 1328.56156474
-0.959392 1328.83942976
-0.954389333333 1327.81776883
-0.949386666667 1329.43799808
-0.944384 1330.19767
-0.939381333333 1330.5439721
-0.934378666667 1329.60033497
-0.929376 1328.23683511
-0.924373333333 1328.88738743
-0.919370666667 1329.82343807
-0.914368 1329.88822355
-0.909365333333 1329.38288114
-0.904362666667 1329.06003742
-0.89936 1329.68252939
-0.894357333333 1329.79802398
-0.889354666667 1329.07399498
-0.884352 1330.15105132
-0.879349333333 1329.59120199
-0.874346666667 1329.17143001
-0.869344 1329.1335025
-0.864341333333 1329.4686264
-0.859338666667 1328.82735687
-0.854336 1329.67733161
-0.849333333333 1328.94937615
-0.844330666667 1329.22266495
-0.839328 1330.08809371
-0.834325333333 1329.46240279
-0.829322666667 1329.65803233
-0.82432 1329.21264486
-0.819317333333 1329.0186858
-0.814314666667 1330.10087523
-0.809312 1330.08672624
-0.804309333333 1329.61410889
-0.799306666667 1329.34386059
-0.794304 1329.92623726
-0.789301333333 1328.9636829
-0.784298666667 1328.41453088
-0.779296 1328.20224526
-0.774293333333 1328.21400629
-0.769290666667 1328.03166491
-0.764288 1328.20242641
-0.759285333333 1327.83026159
-0.754282666667 1328.88668355
-0.74928 1327.88072694
-0.744277333333 1328.05403415
-0.739274666667 1327.41471508
-0.734272 1327.57095333
-0.729269333333 1328.22984833
-0.724266666667 1329.45210175
-0.719264 1327.8107641
-0.714261333333 1329.19952515
-0.709258666667 1329.14168348
-0.704256 1329.56904558
-0.699253333333 1329.26523455
-0.694250666667 1330.01281888
-0.689248 1329.27506556
-0.684245333333 1330.98893307
-0.679242666667 1328.50011429
-0.67424 1329.88251334
-0.669237333333 1329.53921149
-0.664234666667 1330.38856712
-0.659232 1329.87788678
-0.654229333333 1330.10581249
-0.649226666667 1329.36065708
-0.644224 1329.58928912
-0.639221333333 1328.47757011
-0.634218666667 1330.11231121
-0.629216 1328.02515008
-0.624213333333 1328.2423369
-0.619210666667 1328.53031237
-0.614208 1328.74690885
-0.609205333333 1328.08158056
-0.604202666667 1328.78326651
-0.5992 1328.92205638
-0.594197333333 1329.06378183
-0.589194666667 1328.63911962
-0.584192 1329.19363326
-0.579189333333 1329.40295794
-0.574186666667 1329.89853278
-0.569184 1329.42900373
-0.564181333333 1330.93512276
-0.559178666667 1329.23018924
-0.554176 1329.70696686
-0.549173333333 1330.60767544
-0.544170666667 1330.43970466
-0.539168 1330.57639363
-0.534165333333 1329.88630828
-0.529162666667 1330.51244275
-0.52416 1330.61230584
-0.519157333333 1330.67865095
-0.514154666667 1330.86586442
-0.509152 1330.94233642
-0.504149333333 1329.80148097
-0.499146666667 1329.62700496
-0.494144 1330.48529996
-0.489141333333 1329.73758386
-0.484138666667 1329.68477387
-0.479136 1330.15779044
-0.474133333333 1329.88206761
-0.469130666667 1330.91250846
-0.464128 1329.28862358
-0.459125333333 1330.28114955
-0.454122666667 1329.56814469
-0.44912 1329.37648974
-0.444117333333 1329.52084067
-0.439114666667 1329.30154585
-0.434112 1329.77098422
-0.429109333333 1329.44752997
-0.424106666667 1329.85373816
-0.419104 1329.60794475
-0.414101333333 1328.48640935
-0.409098666667 1330.09312991
-0.404096 1329.61958552
-0.399093333333 1329.36252444
-0.394090666667 1330.172652
-0.389088 1329.82167793
-0.384085333333 1330.06982562
-0.379082666667 1329.53263234
-0.37408 1330.28628184
-0.369077333333 1329.32870203
-0.364074666667 1329.78322703
-0.359072 1329.15515452
-0.354069333333 1330.36447806
-0.349066666667 1329.18646222
-0.344064 1330.42451988
-0.339061333333 1330.38540774
-0.334058666667 1329.90123084
-0.329056 1328.71766612
-0.324053333333 1328.90838361
-0.319050666667 1329.47878585
-0.314048 1329.72938048
-0.309045333333 1328.52855902
-0.304042666667 1329.08112651
-0.29904 1328.49964235
-0.294037333333 1329.08631056
-0.289034666667 1328.59477651
-0.284032 1329.71317798
-0.279029333333 1329.62074182
-0.274026666667 1329.43928172
-0.269024 1329.46276985
-0.264021333333 1329.75476004
-0.259018666667 1329.61204065
-0.254016 1329.60586746
-0.249013333333 1329.38645981
-0.244010666667 1329.42271685
-0.239008 1328.97966585
-0.234005333333 1329.30036792
-0.229002666667 1330.88722401
-0.224 1329.75447208
-0.218997333333 1330.13244226
-0.213994666667 1330.72400344
-0.208992 1330.6058976
-0.203989333333 1330.07790084
-0.198986666667 1329.97551689
-0.193984 1330.71181298
-0.188981333333 1329.52554813
-0.183978666667 1330.50102009
-0.178976 1329.93456224
-0.173973333333 1330.23149709
-0.168970666667 1330.27490505
-0.163968 1330.1955637
-0.158965333333 1329.74188917
-0.153962666667 1330.79260766
-0.14896 1330.84733508
-0.143957333333 1330.40810952
-0.138954666667 1330.91492794
-0.133952 1329.99068162
-0.128949333333 1330.28913291
-0.123946666667 1330.54758933
-0.118944 1329.49328117
-0.113941333333 1330.69165944
-0.108938666667 1330.92264488
-0.103936 1331.00708914
-0.0989333333333 1329.86515411
-0.0939306666667 1330.44680867
-0.088928 1329.74239404
-0.0839253333333 1329.76788916
-0.0789226666667 1330.29142731
-0.07392 1330.57825635
-0.0689173333333 1329.64190177
-0.0639146666667 1330.79685109
-0.058912 1330.53082133
-0.0539093333333 1330.62005797
-0.0489066666667 1329.04293464
-0.043904 1330.52418037
-0.0389013333333 1329.23310664
-0.0338986666667 1329.51269257
-0.028896 1329.47001769
-0.0238933333333 1329.67970815
-0.0188906666667 1329.2685539
-0.013888 1328.89449385
-0.00888533333333 1328.25372837
-0.00388266666667 1328.7529364
