-9.99995733333 1011.22858621
-9.99495466667 1011.46335571
-9.989952 1010.80820662
-9.98494933333 1010.54823687
-9.97994666667 1010.98002388
-9.974944 1010.99062808
-9.96994133333 1011.23814433
-9.96493866667 1010.52571112
-9.959936 1010.40228563
-9.95493333333 1010.27673209
-9.94993066667 1010.72626774
-9.944928 1010.98271672
-9.93992533333 1010.80796678
-9.93492266667 1011.8350871
-9.92992 1011.34459546
-9.92491733333 1011.01964313
-9.91991466667 1011.32279371
-9.914912 1010.79276954
-9.90990933333 1010.88961135
-9.90490666667 1010.82522558
-9.899904 1011.34093635
-9.89490133333 1011.14228496
-9.88989866667 1011.31953544
-9.884896 1011.14209459
-9.87989333333 1011.29519223
-9.87489066667 1011.34125762
-9.869888 1010.77361309
-9.86488533333 1010.6433007
-9.85988266667 1011.45376644
-9.85488 1011.05043047
-9.84987733333 1011.04323699
-9.84487466667 1011.5998491
-9.839872 1011.47750392
-9.83486933333 1011.69705283
-9.82986666667 1011.42966721
-9.824864 1011.69407839
-9.81986133333 1012.25451153
-9.81485866667 1011.83481038
-9.809856 1012.10182432
-9.80485333333 1012.31287967
-9.79985066667 1012.37595308
-9.794848 1012.27307169
-9.78984533333 1012.00726365
-9.78484266667 1012.28510148
-9.77984 1012.66131506
-9.77483733333 1012.90364248
-9.76983466667 1012.31786681
-9.764832 1012.74084455
-9.75982933333 1012.58486821
-9.75482666667 1012.87325447
-9.749824 1012.95411884
-9.74482133333 1012.59651639
-9.73981866667 1013.02687699
-9.734816 1013.2400054
-9.72981333333 1013.03371784
-9.72481066667 1012.91140275
-9.719808 1012.32827798
-9.71480533333 1013.01231564
-9.70980266667 1012.72428449
-9.7048 1013.31500288
-9.69979733333 1012.84047044
-9.69479466667 1012.74494441
-9.689792 1012.71445997
-9.68478933333 1012.46635906
-9.67978666667 1012.55262882
-9.674784 1012.20617253
-9.66978133333 1012.57762762
-9.66477866667 1012.41529334
-9.659776 1012.5462648
-9.65477333333 1012.33456954
-9.64977066667 1012.72554051
-9.644768 1012.42293753
-9.63976533333 1012.23122249
-9.63476266667 1012.30709385
-9.62976 1011.66009937
-9.62475733333 1012.15202631
-9.61975466667 1012.10737748
-9.614752 1012.06192231
-9.60974933333 1011.93745427
-9.60474666667 1011.79582667
-9.599744 1011.9028584
-9.59474133333 1011.8341635
-9.58973866667 1011.80680594
-9.584736 1011.20458169
-9.57973333333 1011.65355608
-9.57473066667 1010.94255002
-9.569728 1011.22835071
-9.56472533333 1011.12983318
-9.55972266667 1010.92598059
-9.55472 1010.66195343
-9.54971733333 1010.39589616
-9.54471466667 1010.43507932
-9.539712 1010.47355027
-9.53470933333 1010.25598467
-9.52970666667 1010.59299226
-9.524704 1010.37856467
-9.51970133333 1009.17155159
-9.51469866667 1008.99549316
-9.509696 1010.57791845
-9.50469333333 1010.19199684
-9.49969066667 1009.1968662
-9.494688 1008.85038433
-9.48968533333 1008.50779802
-9.48468266667 1008.23697608
-9.47968 1008.43182048
-9.47467733333 1008.65948757
-9.46967466667 1008.26868276
-9.464672 1008.10727987
-9.45966933333 1008.27251446
-9.45466666667 1009.02612614
-9.449664 1009.35281545
-9.44466133333 1009.52197758
-9.43965866667 1010.00350494
-9.434656 1009.25401971
-9.42965333333 1009.97681459
-9.42465066667 1009.74611945
-9.419648 1009.68917607
-9.41464533333 1009.01123458
-9.40964266667 1009.29383514
-9.40464 1009.67913636
-9.39963733333 1009.76361423
-9.39463466667 1009.88238276
-9.389632 1009.74427901
-9.38462933333 1009.74541008
-9.37962666667 1009.85303973
-9.374624 1010.17880777
-9.36962133333 1010.11430343
-9.36461866667 1010.18673889
-9.359616 1010.48745109
-9.35461333333 1010.81050642
-9.34961066667 1010.51942021
-9.344608 1010.885279
-9.33960533333 1010.89150907
-9.33460266667 1010.70357287
-9.3296 1010.95352919
-9.32459733333 1011.36010087
-9.31959466667 1011.52285213
-9.314592 1011.43452942
-9.30958933333 1011.21375892
-9.30458666667 1011.44876727
-9.299584 1011.8380785
-9.29458133333 1011.77091566
-9.28957866667 1011.96558415
-9.284576 1011.91006923
-9.27957333333 1011.69710253
-9.27457066667 1011.99362459
-9.269568 1012.10434763
-9.26456533333 1012.50012871
-9.25956266667 1012.19674438
-9.25456 1012.18101857
-9.24955733333 1012.63971205
-9.24455466667 1012.35628432
-9.239552 1013.23892259
-9.23454933333 1013.17824152
-9.22954666667 1013.26398099
-9.224544 1013.18508523
-9.21954133333 1013.05881584
-9.21453866667 1013.03845786
-9.209536 1012.82046781
-9.20453333333 1012.9880125
-9.19953066667 1012.83561315
-9.194528 1012.27280472
-9.18952533333 1012.4837095
-9.18452266667 1011.85387454
-9.17952 1011.77940312
-9.17451733333 1011.72115093
-9.16951466667 1011.71829796
-9.164512 1010.85695054
-9.15950933333 1011.27721913
-9.15450666667 1011.10522476
-9.149504 1011.01580752
-9.14450133333 1011.0109132
-9.13949866667 1011.15747117
-9.134496 1011.46939166
-9.12949333333 1010.80813367
-9.12449066667 1010.95598138
-9.119488 1011.32737773
-9.11448533333 1012.87080625
-9.10948266667 1012.88196943
-9.10448 1012.70398634
-9.09947733333 1012.89105214
-9.09447466667 1012.96707855
-9.089472 1012.62288779
-9.08446933333 1012.77832829
-9.07946666667 1012.85521846
-9.074464 1012.49696138
-9.06946133333 1012.83732726
-9.06445866667 1012.68121379
-9.059456 1013.20515202
-9.05445333333 1013.50739202
-9.04945066667 1013.48470148
-9.044448 1013.8070807
-9.03944533333 1013.70137458
-9.03444266667 1014.23516451
-9.02944 1013.93957507
-9.02443733333 1014.06478876
-9.01943466667 1013.81578592
-9.014432 1014.01284661
-9.00942933333 1014.41380607
-9.00442666667 1014.29652391
-8.999424 1014.59229931
-8.99442133333 1015.01509367
-8.98941866667 1014.99152025
-8.984416 1015.35369644
-8.97941333333 1015.55018685
-8.97441066667 1015.48545588
-8.969408 1015.5596705
-8.96440533333 1016.10783917
-8.95940266667 1016.50274104
-8.9544 1016.52931393
-8.94939733333 1016.80510799
-8.94439466667 1017.1963591
-8.939392 1017.67387673
-8.93438933333 1018.00559751
-8.92938666667 1019.00552011
-8.924384 1019.86498342
-8.91938133333 1021.43415752
-8.91437866667 1023.27513939
-8.909376 1025.48565244
-8.90437333333 1027.0209373
-8.89937066667 1029.33855102
-8.894368 1031.13477498
-8.88936533333 1036.15167455
-8.88436266667 1038.58273831
-8.87936 1038.19933911
-8.87435733333 1036.05182987
-8.86935466667 1034.2484302
-8.864352 1033.01227318
-8.85934933333 1033.42683508
-8.85434666667 1030.82792594
-8.849344 1032.31529113
-8.84434133333 1045.99147452
-8.83933866667 1052.54741386
-8.834336 1050.66652901
-8.82933333333 1057.69149471
-8.82433066667 1058.08844042
-8.819328 1063.64094401
-8.81432533333 1060.28121904
-8.80932266667 1060.21555408
-8.80432 1060.17392417
-8.79931733333 1064.39398663
-8.79431466667 1094.22510333
-8.789312 1091.03792214
-8.78430933333 1087.0521509
-8.77930666667 1083.70569609
-8.774304 1082.38127545
-8.76930133333 1082.23322561
-8.76429866667 1080.45160602
-8.759296 1071.57586943
-8.75429333333 1075.01230017
-8.74929066667 1075.70146395
-8.744288 1067.18011739
-8.73928533333 1056.03786611
-8.73428266667 1053.98952833
-8.72928 1053.73241029
-8.72427733333 1053.67520601
-8.71927466667 1052.60255627
-8.714272 1051.34773445
-8.70926933333 1050.4237062
-8.70426666667 1050.09189209
-8.699264 1049.80466752
-8.69426133333 1047.95397309
-8.68925866667 1047.47268878
-8.684256 1047.43326167
-8.67925333333 1046.29273068
-8.67425066667 1045.78679148
-8.669248 1045.21582056
-8.66424533333 1044.7915485
-8.65924266667 1044.64137138
-8.65424 1044.03295158
-8.64923733333 1044.07712755
-8.64423466667 1042.99205288
-8.639232 1043.30986283
-8.63422933333 1042.69259418
-8.62922666667 1042.71517631
-8.624224 1042.26632862
-8.61922133333 1042.04761397
-8.61421866667 1041.88982119
-8.609216 1043.29956196
-8.60421333333 1044.06604632
-8.59921066667 1042.82440611
-8.594208 1043.56701586
-8.58920533333 1042.21195791
-8.58420266667 1037.42793904
-8.5792 1036.6999312
-8.57419733333 1034.87624097
-8.56919466667 1033.72016136
-8.564192 1032.86150288
-8.55918933333 1032.6625145
-8.55418666667 1032.21478144
-8.549184 1032.35820575
-8.54418133333 1031.86017746
-8.53917866667 1031.22872007
-8.534176 1030.64101541
-8.52917333333 1030.60971834
-8.52417066667 1030.82249371
-8.519168 1032.53760951
-8.51416533333 1031.10889584
-8.50916266667 1030.55540516
-8.50416 1030.19886155
-8.49915733333 1030.99684996
-8.49415466667 1031.56042821
-8.489152 1031.8786158
-8.48414933333 1032.2690353
-8.47914666667 1033.54732447
-8.474144 1035.56429757
-8.46914133333 1035.49466113
-8.46413866667 1035.51481901
-8.459136 1035.18555249
-8.45413333333 1035.22176574
-8.44913066667 1035.44436797
-8.444128 1035.52003802
-8.43912533333 1034.93756366
-8.43412266667 1034.64902033
-8.42912 1034.96292375
-8.42411733333 1034.52601053
-8.41911466667 1034.3319622
-8.414112 1034.20090845
-8.40910933333 1034.43089496
-8.40410666667 1034.00452844
-8.399104 1034.88338358
-8.39410133333 1034.07718808
-8.38909866667 1033.82800116
-8.384096 1034.18909207
-8.37909333333 1034.07669897
-8.37409066667 1033.68671799
-8.369088 1033.7458384
-8.36408533333 1033.42788181
-8.35908266667 1033.74777102
-8.35408 1033.08165798
-8.34907733333 1032.88448864
-8.34407466667 1032.54094957
-8.339072 1032.81675537
-8.33406933333 1032.86025002
-8.32906666667 1032.72442021
-8.324064 1031.89791442
-8.31906133333 1031.99096718
-8.31405866667 1031.50026467
-8.309056 1031.57031773
-8.30405333333 1032.4924583
-8.29905066667 1033.69037677
-8.294048 1034.00078773
-8.28904533333 1035.8762925
-8.28404266667 1038.90607304
-8.27904 1043.42830741
-8.27403733333 1047.93379492
-8.26903466667 1050.83819199
-8.264032 1052.15317695
-8.25902933333 1055.37264414
-8.25402666667 1056.38315099
-8.249024 1054.19932881
-8.24402133333 1049.69069534
-8.23901866667 1048.0025609
-8.234016 1050.04947551
-8.22901333333 1050.24068354
-8.22401066667 1050.62957961
-8.219008 1058.66496771
-8.21400533333 1055.30193513
-8.20900266667 1060.4350954
-8.204 1056.94168511
-8.19899733333 1054.06397917
-8.19399466667 1057.55366107
-8.188992 1061.35700383
-8.18398933333 1062.13457555
-8.17898666667 1061.87371422
-8.173984 1069.85651472
-8.16898133333 1066.70549765
-8.16397866667 1058.59954333
-8.158976 1043.21054978
-8.15397333333 1042.66620194
-8.14897066667 1056.01390974
-8.143968 1052.19532095
-8.13896533333 1042.91817707
-8.13396266667 1054.75386269
-8.12896 1065.26701749
-8.12395733333 1062.32967005
-8.11895466667 1062.69718432
-8.113952 1062.81637574
-8.10894933333 1062.44776658
-8.10394666667 1060.33797184
-8.098944 1059.93153638
-8.09394133333 1059.70273619
-8.08893866667 1057.44103707
-8.083936 1057.06924378
-8.07893333333 1057.22347416
-8.07393066667 1054.44943834
-8.068928 1052.96402789
-8.06392533333 1055.78137579
-8.05892266667 1055.84819117
-8.05392 1056.16661536
-8.04891733333 1055.55785919
-8.04391466667 1051.81691136
-8.038912 1050.83822487
-8.03390933333 1049.66594014
-8.02890666667 1049.73795617
-8.023904 1049.58656014
-8.01890133333 1051.10240052
-8.01389866667 1051.20257141
-8.008896 1051.21282312
-8.00389333333 1051.39927477
-7.99889066667 1052.24846634
-7.993888 1052.43713353
-7.98888533333 1052.1585884
-7.98388266667 1051.36717733
-7.97888 1051.34400989
-7.97387733333 1050.291235
-7.96887466667 1050.36261881
-7.963872 1049.83432666
-7.95886933333 1048.98079991
-7.95386666667 1047.1652168
-7.948864 1043.83311943
-7.94386133333 1041.98319243
-7.93885866667 1041.83065699
-7.933856 1038.27201773
-7.92885333333 1038.26148013
-7.92385066667 1036.60730001
-7.918848 1035.64959905
-7.91384533333 1034.61880343
-7.90884266667 1034.51300245
-7.90384 1033.3389603
-7.89883733333 1032.9175809
-7.89383466667 1031.26204254
-7.888832 1031.48020905
-7.88382933333 1030.80150331
-7.87882666667 1030.98450029
-7.873824 1030.69671063
-7.86882133333 1030.91574824
-7.86381866667 1031.16108182
-7.858816 1030.95586286
-7.85381333333 1030.55681154
-7.84881066667 1030.52294412
-7.843808 1030.29011353
-7.83880533333 1030.30732949
-7.83380266667 1029.28253731
-7.8288 1029.67663946
-7.82379733333 1029.17603837
-7.81879466667 1029.08367269
-7.813792 1028.70779897
-7.80878933333 1028.607775
-7.80378666667 1028.3735079
-7.798784 1028.10465394
-7.79378133333 1028.19275775
-7.78877866667 1028.0291804
-7.783776 1028.59639567
-7.77877333333 1028.46792176
-7.77377066667 1027.97414071
-7.768768 1028.74994345
-7.76376533333 1027.39868634
-7.75876266667 1027.91076594
-7.75376 1027.5645513
-7.74875733333 1028.37514583
-7.74375466667 1027.51896998
-7.738752 1027.51217476
-7.73374933333 1027.55259882
-7.72874666667 1027.63549095
-7.723744 1027.31827853
-7.71874133333 1027.66296176
-7.71373866667 1027.45772622
-7.708736 1026.92213259
-7.70373333333 1026.96898982
-7.69873066667 1026.95725568
-7.693728 1026.77753357
-7.68872533333 1026.63806723
-7.68372266667 1026.62671782
-7.67872 1026.2996202
-7.67371733333 1025.79027411
-7.66871466667 1026.10879368
-7.663712 1025.40873253
-7.65870933333 1025.50644665
-7.65370666667 1025.40087581
-7.648704 1025.05471301
-7.64370133333 1025.19785615
-7.63869866667 1025.3661803
-7.633696 1025.10831238
-7.62869333333 1025.10882701
-7.62369066667 1024.48146167
-7.618688 1024.88493899
-7.61368533333 1024.66177439
-7.60868266667 1025.01498034
-7.60368 1024.85652688
-7.59867733333 1024.99995415
-7.59367466667 1024.30096735
-7.588672 1024.51909823
-7.58366933333 1024.29454975
-7.57866666667 1024.54312324
-7.573664 1024.0120869
-7.56866133333 1024.34379971
-7.56365866667 1023.76338187
-7.558656 1023.80443293
-7.55365333333 1023.85276055
-7.54865066667 1024.75077113
-7.543648 1024.19532795
-7.53864533333 1024.16652636
-7.53364266667 1023.80682256
-7.52864 1023.78382074
-7.52363733333 1023.5432491
-7.51863466667 1023.91165544
-7.513632 1023.54466036
-7.50862933333 1024.48030402
-7.50362666667 1023.75690321
-7.498624 1024.3784787
-7.49362133333 1023.82366327
-7.48861866667 1024.07510322
-7.483616 1023.86217903
-7.47861333333 1023.78962508
-7.47361066667 1024.04282342
-7.468608 1023.88559324
-7.46360533333 1023.49213347
-7.45860266667 1024.19043812
-7.4536 1023.64721783
-7.44859733333 1024.51033902
-7.44359466667 1024.00812676
-7.438592 1024.56360167
-7.43358933333 1024.17971688
-7.42858666667 1024.47639891
-7.423584 1024.43904707
-7.41858133333 1024.58008914
-7.41357866667 1024.72457899
-7.408576 1024.66918171
-7.40357333333 1025.04309627
-7.39857066667 1025.9764589
-7.393568 1025.43350875
-7.38856533333 1025.49140759
-7.38356266667 1025.21013393
-7.37856 1025.85834163
-7.37355733333 1025.77715254
-7.36855466667 1026.0730146
-7.363552 1025.20527799
-7.35854933333 1026.03150852
-7.35354666667 1025.76656049
-7.348544 1025.84477429
-7.34354133333 1025.4282426
-7.33853866667 1025.54988418
-7.333536 1025.3581124
-7.32853333333 1025.72529199
-7.32353066667 1025.26640397
-7.318528 1025.60385969
-7.31352533333 1025.10274623
-7.30852266667 1025.61936847
-7.30352 1025.28246622
-7.29851733333 1025.71136821
-7.29351466667 1024.52939716
-7.288512 1025.46391665
-7.28350933333 1025.46955494
-7.27850666667 1025.33112617
-7.273504 1024.75342322
-7.26850133333 1024.81152113
-7.26349866667 1024.75919778
-7.258496 1024.95702509
-7.25349333333 1025.03602135
-7.24849066667 1025.27868941
-7.243488 1025.2403447
-7.23848533333 1025.33751721
-7.23348266667 1024.77937902
-7.22848 1025.07801762
-7.22347733333 1024.83581105
-7.21847466667 1025.00994993
-7.213472 1024.93414937
-7.20846933333 1024.5230577
-7.20346666667 1024.75702788
-7.198464 1025.48367461
-7.19346133333 1025.16233765
-7.18845866667 1025.44433044
-7.183456 1024.78595962
-7.17845333333 1024.73996961
-7.17345066667 1024.82006976
-7.168448 1024.90540332
-7.16344533333 1024.61532188
-7.15844266667 1025.03820384
-7.15344 1024.20637361
-7.14843733333 1024.70542307
-7.14343466667 1024.13912714
-7.138432 1024.95575758
-7.13342933333 1024.57482667
-7.12842666667 1024.34114738
-7.123424 1024.48919392
-7.11842133333 1024.1380852
-7.11341866667 1024.10952421
-7.108416 1024.49117075
-7.10341333333 1024.25412419
-7.09841066667 1024.05598198
-7.093408 1024.10513774
-7.08840533333 1024.2815293
-7.08340266667 1023.66759669
-7.0784 1024.73513461
-7.07339733333 1023.28880067
-7.06839466667 1024.17821609
-7.063392 1023.44767104
-7.05838933333 1023.71636769
-7.05338666667 1023.59862527
-7.048384 1023.46558017
-7.04338133333 1023.41264335
-7.03837866667 1023.78074815
-7.033376 1023.32985078
-7.02837333333 1023.59163087
-7.02337066667 1023.189007
-7.018368 1023.63892631
-7.01336533333 1023.00817487
-7.00836266667 1023.7257721
-7.00336 1023.18607627
-6.99835733333 1023.83494505
-6.99335466667 1023.25782642
-6.988352 1023.14439056
-6.98334933333 1022.98033271
-6.97834666667 1022.91308962
-6.973344 1022.60698442
-6.96834133333 1022.42554253
-6.96333866667 1022.50609188
-6.958336 1023.02533222
-6.95333333333 1022.60165489
-6.94833066667 1021.96997884
-6.943328 1021.7246093
-6.93832533333 1022.09473687
-6.93332266667 1021.17064032
-6.92832 1021.67437601
-6.92331733333 1020.80404377
-6.91831466667 1021.16584673
-6.913312 1020.48203069
-6.90830933333 1020.41854819
-6.90330666667 1019.81726129
-6.898304 1020.07317809
-6.89330133333 1020.02821756
-6.88829866667 1019.8430593
-6.883296 1019.54589859
-6.87829333333 1019.62312206
-6.87329066667 1019.2830028
-6.868288 1019.6725445
-6.86328533333 1019.1493849
-6.85828266667 1019.67202625
-6.85328 1019.03309602
-6.84827733333 1019.28983483
-6.84327466667 1019.68370368
-6.838272 1019.40312211
-6.83326933333 1019.24103225
-6.82826666667 1019.53791847
-6.823264 1019.26612089
-6.81826133333 1019.34307679
-6.81325866667 1019.23207282
-6.808256 1019.29727037
-6.80325333333 1018.82601127
-6.79825066667 1019.33175959
-6.793248 1018.24781017
-6.78824533333 1018.70310833
-6.78324266667 1018.83494156
-6.77824 1019.02342946
-6.77323733333 1019.01948064
-6.76823466667 1018.96472246
-6.763232 1018.71810126
-6.75822933333 1018.90166172
-6.75322666667 1018.37541326
-6.748224 1018.99361108
-6.74322133333 1018.47468427
-6.73821866667 1018.8885367
-6.733216 1018.8071302
-6.72821333333 1018.86383385
-6.72321066667 1018.09580365
-6.718208 1018.46550606
-6.71320533333 1017.53412362
-6.70820266667 1018.40567308
-6.7032 1017.55631567
-6.69819733333 1018.16076786
-6.69319466667 1017.38280714
-6.688192 1017.70940017
-6.68318933333 1017.35433583
-6.67818666667 1016.89884644
-6.673184 1016.99475415
-6.66818133333 1017.06543
-6.66317866667 1016.53917393
-6.658176 1016.23450115
-6.65317333333 1015.99514272
-6.64817066667 1016.55729738
-6.643168 1015.96385819
-6.63816533333 1016.42667648
-6.63316266667 1015.96642417
-6.62816 1016.25556195
-6.62315733333 1015.72593942
-6.61815466667 1015.30282922
-6.613152 1015.75196755
-6.60814933333 1015.63870648
-6.60314666667 1015.14517072
-6.598144 1015.28457519
-6.59314133333 1014.8865035
-6.58813866667 1014.9799087
-6.583136 1014.47728949
-6.57813333333 1014.91119423
-6.57313066667 1014.46972475
-6.568128 1015.00495644
-6.56312533333 1014.51363302
-6.55812266667 1014.93006236
-6.55312 1014.13960858
-6.54811733333 1014.33193858
-6.54311466667 1014.03317676
-6.538112 1014.29832214
-6.53310933333 1013.62765868
-6.52810666667 1013.63475891
-6.523104 1013.42938744
-6.51810133333 1013.92758455
-6.51309866667 1013.54900203
-6.508096 1013.27709115
-6.50309333333 1013.10824046
-6.49809066667 1012.68460968
-6.493088 1012.83431029
-6.48808533333 1013.87395168
-6.48308266667 1012.73595191
-6.47808 1013.2500333
-6.47307733333 1012.18631036
-6.46807466667 1012.7609173
-6.463072 1012.38734663
-6.45806933333 1012.86206767
-6.45306666667 1012.25031117
-6.448064 1012.13666391
-6.44306133333 1011.66614641
-6.43805866667 1012.21534706
-6.433056 1011.52440299
-6.42805333333 1012.15160744
-6.42305066667 1011.42332291
-6.418048 1011.57235577
-6.41304533333 1010.95742533
-6.40804266667 1011.10625175
-6.40304 1010.93579658
-6.39803733333 1010.90730861
-6.39303466667 1010.3685935
-6.388032 1010.83981084
-6.38302933333 1010.98343937
-6.37802666667 1011.00138456
-6.373024 1010.67127032
-6.36802133333 1011.40516245
-6.36301866667 1010.82357446
-6.358016 1011.29093764
-6.35301333333 1010.74157135
-6.34801066667 1011.27537844
-6.343008 1011.00024082
-6.33800533333 1011.45333439
-6.33300266667 1010.61292634
-6.328 1010.87850282
-6.32299733333 1010.79394635
-6.31799466667 1010.97724138
-6.312992 1010.35820455
-6.30798933333 1010.49609287
-6.30298666667 1010.14322048
-6.297984 1010.48339182
-6.29298133333 1010.75945388
-6.28797866667 1010.83291056
-6.282976 1010.47104927
-6.27797333333 1010.71560097
-6.27297066667 1010.1229072
-6.267968 1011.00036564
-6.26296533333 1010.46391314
-6.25796266667 1010.65811148
-6.25296 1010.49413868
-6.24795733333 1010.7773669
-6.24295466667 1010.41516904
-6.237952 1010.57951194
-6.23294933333 1010.61487106
-6.22794666667 1011.58539623
-6.222944 1010.78216823
-6.21794133333 1011.53161014
-6.21293866667 1011.7507796
-6.207936 1012.0918685
-6.20293333333 1012.08847023
-6.19793066667 1012.78170201
-6.192928 1011.44543616
-6.18792533333 1011.87824751
-6.18292266667 1011.53799472
-6.17792 1011.89558342
-6.17291733333 1011.69829256
-6.16791466667 1011.44209415
-6.162912 1011.13502367
-6.15790933333 1011.07178925
-6.15290666667 1010.63506395
-6.147904 1011.15217219
-6.14290133333 1010.51212129
-6.13789866667 1010.63360014
-6.132896 1009.95848584
-6.12789333333 1010.43244779
-6.12289066667 1009.73632777
-6.117888 1010.16038331
-6.11288533333 1009.72644855
-6.10788266667 1009.94497187
-6.10288 1009.79204583
-6.09787733333 1010.1202441
-6.09287466667 1009.56424801
-6.087872 1009.61419255
-6.08286933333 1009.36648409
-6.07786666667 1009.57322499
-6.072864 1008.81706127
-6.06786133333 1009.80033916
-6.06285866667 1008.77011
-6.057856 1009.07528206
-6.05285333333 1008.39854211
-6.04785066667 1008.857242
-6.042848 1008.66173628
-6.03784533333 1008.62582887
-6.03284266667 1008.51610755
-6.02784 1008.09380572
-6.02283733333 1008.30825767
-6.01783466667 1008.5339824
-6.012832 1008.27061058
-6.00782933333 1008.81017461
-6.00282666667 1008.0040537
-5.997824 1008.41342203
-5.99282133333 1007.86766312
-5.98781866667 1008.71993262
-5.982816 1007.94560886
-5.97781333333 1008.5282932
-5.97281066667 1008.19666747
-5.967808 1008.12701346
-5.96280533333 1007.80491781
-5.95780266667 1007.82321173
-5.9528 1007.28063747
-5.94779733333 1007.7058127
-5.94279466667 1007.35120405
-5.937792 1007.56878323
-5.93278933333 1007.68048003
-5.92778666667 1008.17591983
-5.922784 1007.6164039
-5.91778133333 1007.45427978
-5.91277866667 1007.19840455
-5.907776 1007.29118224
-5.90277333333 1007.31424266
-5.89777066667 1007.47541878
-5.892768 1007.17311819
-5.88776533333 1007.06822404
-5.88276266667 1007.068282
-5.87776 1007.45771516
-5.87275733333 1007.30606133
-5.86775466667 1007.38345283
-5.862752 1006.96356321
-5.85774933333 1007.21936925
-5.85274666667 1007.1426873
-5.847744 1007.28085175
-5.84274133333 1006.62982246
-5.83773866667 1007.21596464
-5.832736 1006.66991177
-5.82773333333 1006.66708447
-5.82273066667 1006.51732443
-5.817728 1006.87171564
-5.81272533333 1006.17326902
-5.80772266667 1006.89536469
-5.80272 1006.19386978
-5.79771733333 1006.30710013
-5.79271466667 1005.76112448
-5.787712 1006.11051129
-5.78270933333 1005.66575959
-5.77770666667 1005.8771924
-5.772704 1004.90126028
-5.76770133333 1005.34404601
-5.76269866667 1005.23842933
-5.757696 1005.57870173
-5.75269333333 1005.22537202
-5.74769066667 1006.91865836
-5.742688 1006.53494255
-5.73768533333 1007.59914361
-5.73268266667 1007.31849271
-5.72768 1007.51300038
-5.72267733333 1006.74494057
-5.71767466667 1007.42091851
-5.712672 1006.89972777
-5.70766933333 1007.18743816
-5.70266666667 1006.59165326
-5.697664 1007.1005034
-5.69266133333 1006.26811092
-5.68765866667 1006.88567863
-5.682656 1006.3503705
-5.67765333333 1006.77447136
-5.67265066667 1006.54042641
-5.667648 1007.32234254
-5.66264533333 1007.64105312
-5.65764266667 1007.56742442
-5.65264 1007.11182709
-5.64763733333 1007.21738816
-5.64263466667 1007.78519266
-5.637632 1007.73327617
-5.63262933333 1007.29558687
-5.62762666667 1007.94197545
-5.622624 1007.35859353
-5.61762133333 1008.2483847
-5.61261866667 1007.54839192
-5.607616 1008.17623501
-5.60261333333 1008.11914918
-5.59761066667 1007.46845214
-5.592608 1007.17215482
-5.58760533333 1007.46863965
-5.58260266667 1006.46759024
-5.5776 1007.01539669
-5.57259733333 1006.74730295
-5.56759466667 1007.75921531
-5.562592 1007.33034214
-5.55758933333 1007.78469476
-5.55258666667 1007.56778915
-5.547584 1008.13357604
-5.54258133333 1007.44262368
-5.53757866667 1007.73760742
-5.532576 1007.01945481
-5.52757333333 1007.47330319
-5.52257066667 1007.07078149
-5.517568 1007.49279419
-5.51256533333 1006.84091973
-5.50756266667 1007.48133379
-5.50256 1007.19252626
-5.49755733333 1007.41247486
-5.49255466667 1007.13675867
-5.487552 1007.48822144
-5.48254933333 1007.14919286
-5.47754666667 1007.480455
-5.472544 1006.82861929
-5.46754133333 1007.03641634
-5.46253866667 1007.25183257
-5.457536 1007.68004714
-5.45253333333 1006.87453261
-5.44753066667 1007.24354637
-5.442528 1006.47698572
-5.43752533333 1007.35512794
-5.43252266667 1006.5184072
-5.42752 1006.83593068
-5.42251733333 1006.05717964
-5.41751466667 1006.00162051
-5.412512 1005.53379336
-5.40750933333 1006.08174642
-5.40250666667 1005.43150895
-5.397504 1006.07469494
-5.39250133333 1004.91303104
-5.38749866667 1005.40745488
-5.382496 1005.28111388
-5.37749333333 1005.50128685
-5.37249066667 1005.97092647
-5.367488 1005.67173336
-5.36248533333 1005.81512894
-5.35748266667 1006.23521389
-5.35248 1006.17636397
-5.34747733333 1006.57151955
-5.34247466667 1007.2436126
-5.337472 1008.56723335
-5.33246933333 1008.68513094
-5.32746666667 1010.621256
-5.322464 1012.36457124
-5.31746133333 1015.76752571
-5.31245866667 1024.72137274
-5.307456 1034.20558314
-5.30245333333 1034.03289996
-5.29745066667 1027.98958918
-5.292448 1024.82550088
-5.28744533333 1024.81548303
-5.28244266667 1023.5038606
-5.27744 1028.97171119
-5.27243733333 1046.16553108
-5.26743466667 1056.84269998
-5.262432 1049.94419764
-5.25742933333 1029.18621649
-5.25242666667 1031.98631703
-5.247424 1032.86384655
-5.24242133333 1029.55879994
-5.23741866667 1024.51928545
-5.232416 1023.56455466
-5.22741333333 1028.37536784
-5.22241066667 1051.26542586
-5.217408 1071.19770876
-5.21240533333 1066.89542079
-5.20740266667 1065.45150305
-5.2024 1072.70010972
-5.19739733333 1077.26278595
-5.19239466667 1075.95563554
-5.187392 1074.09173896
-5.18238933333 1071.54574726
-5.17738666667 1065.9647916
-5.172384 1059.36945699
-5.16738133333 1052.0379866
-5.16237866667 1047.40725066
-5.157376 1044.03711502
-5.15237333333 1043.00740599
-5.14737066667 1041.6684519
-5.142368 1041.74380736
-5.13736533333 1040.89809172
-5.13236266667 1039.65760839
-5.12736 1038.4164794
-5.12235733333 1037.38861984
-5.11735466667 1038.25319414
-5.112352 1037.76668929
-5.10734933333 1037.03031835
-5.10234666667 1035.16991075
-5.097344 1035.48373073
-5.09234133333 1034.43495705
-5.08733866667 1033.87616657
-5.082336 1031.57681419
-5.07733333333 1030.47976501
-5.07233066667 1029.30601149
-5.067328 1029.54336103
-5.06232533333 1028.88186152
-5.05732266667 1027.65647734
-5.05232 1026.11192398
-5.04731733333 1026.59299441
-5.04231466667 1025.30804773
-5.037312 1025.57751177
-5.03230933333 1025.06331058
-5.02730666667 1028.23229326
-5.022304 1028.37353072
-5.01730133333 1027.96313402
-5.01229866667 1027.21006647
-5.007296 1027.14856083
-5.00229333333 1026.73530669
-4.99729066667 1026.60373284
-4.992288 1027.24083354
-4.98728533333 1027.31542133
-4.98228266667 1026.83109227
-4.97728 1026.60577402
-4.97227733333 1028.17054237
-4.96727466667 1027.28172709
-4.962272 1026.81340404
-4.95726933333 1026.61367303
-4.95226666667 1024.92649436
-4.947264 1024.98377345
-4.94226133333 1024.9394905
-4.93725866667 1025.67223745
-4.932256 1026.57797764
-4.92725333333 1026.9621525
-4.92225066667 1026.38752192
-4.917248 1026.30359748
-4.91224533333 1025.82676186
-4.90724266667 1026.03115048
-4.90224 1025.64763416
-4.89723733333 1025.69104673
-4.89223466667 1024.31206936
-4.887232 1023.79488373
-4.88222933333 1022.14771029
-4.87722666667 1022.80810995
-4.872224 1021.87335103
-4.86722133333 1021.89543981
-4.86221866667 1020.52968345
-4.857216 1021.64188577
-4.85221333333 1021.37323791
-4.84721066667 1020.87539596
-4.842208 1021.3560489
-4.83720533333 1021.70403688
-4.83220266667 1020.67751747
-4.8272 1021.26448832
-4.82219733333 1020.59511162
-4.81719466667 1021.66085113
-4.812192 1021.23302908
-4.80718933333 1021.83086328
-4.80218666667 1022.40356794
-4.797184 1023.15001518
-4.79218133333 1023.00013667
-4.78717866667 1022.33260734
-4.782176 1022.80551758
-4.77717333333 1023.11439413
-4.77217066667 1022.8142092
-4.767168 1023.08308111
-4.76216533333 1022.90512364
-4.75716266667 1023.60812591
-4.75216 1024.3963518
-4.74715733333 1025.99182413
-4.74215466667 1027.47366319
-4.737152 1030.21786881
-4.73214933333 1031.44130478
-4.72714666667 1034.00461599
-4.722144 1036.28974686
-4.71714133333 1037.08961565
-4.71213866667 1030.37262773
-4.707136 1022.83226682
-4.70213333333 1019.69955185
-4.69713066667 1015.73933974
-4.692128 1014.65232034
-4.68712533333 1019.55392635
-4.68212266667 1021.56480462
-4.67712 1021.35595754
-4.67211733333 1022.68929332
-4.66711466667 1028.50948986
-4.662112 1023.64260374
-4.65710933333 1017.70088702
-4.65210666667 1011.19806479
-4.647104 1009.07590145
-4.64210133333 1007.02686547
-4.63709866667 1009.18095366
-4.632096 1009.57788253
-4.62709333333 1009.03223298
-4.62209066667 1008.8479637
-4.617088 1008.47646175
-4.61208533333 1008.41457564
-4.60708266667 1010.36660172
-4.60208 1010.05894974
-4.59707733333 1010.28339921
-4.59207466667 1011.32620178
-4.587072 1012.59211282
-4.58206933333 1013.53544978
-4.57706666667 1015.02953072
-4.572064 1017.18590011
-4.56706133333 1017.69741379
-4.56205866667 1022.43502845
-4.557056 1026.6175809
-4.55205333333 1029.43582729
-4.54705066667 1034.42428759
-4.542048 1031.21449424
-4.53704533333 1037.58945271
-4.53204266667 1039.14871673
-4.52704 1040.474071
-4.52203733333 1039.71618588
-4.51703466667 1041.41290527
-4.512032 1041.3656532
-4.50702933333 1041.50916396
-4.50202666667 1043.14166758
-4.497024 1042.79936816
-4.49202133333 1042.89685361
-4.48701866667 1042.61803792
-4.482016 1042.08217136
-4.47701333333 1042.79227436
-4.47201066667 1042.33326391
-4.467008 1042.85779334
-4.46200533333 1041.88299723
-4.45700266667 1042.68580467
-4.452 1042.48139831
-4.44699733333 1042.75478504
-4.44199466667 1042.5409424
-4.436992 1042.6960055
-4.43198933333 1042.2908254
-4.42698666667 1041.31651213
-4.421984 1038.20048322
-4.41698133333 1034.08712417
-4.41197866667 1030.20093179
-4.406976 1028.39719668
-4.40197333333 1026.4658525
-4.39697066667 1025.62965414
-4.391968 1023.91390372
-4.38696533333 1023.72243158
-4.38196266667 1023.20465813
-4.37696 1024.8089073
-4.37195733333 1024.95320851
-4.36695466667 1025.92451324
-4.361952 1026.39811421
-4.35694933333 1026.78535452
-4.35194666667 1025.09676655
-4.346944 1024.63591038
-4.34194133333 1023.020449
-4.33693866667 1021.8755758
-4.331936 1020.82370298
-4.32693333333 1020.15261425
-4.32193066667 1019.4427492
-4.316928 1019.69060423
-4.31192533333 1019.43209671
-4.30692266667 1019.36403612
-4.30192 1018.81918236
-4.29691733333 1019.32126294
-4.29191466667 1019.19659109
-4.286912 1019.83383512
-4.28190933333 1019.78290457
-4.27690666667 1019.91692267
-4.271904 1020.30740143
-4.26690133333 1021.08874932
-4.26189866667 1020.90898616
-4.256896 1020.69743305
-4.25189333333 1020.41433006
-4.24689066667 1021.05090819
-4.241888 1020.67962089
-4.23688533333 1021.38984007
-4.23188266667 1020.40655251
-4.22688 1020.71263238
-4.22187733333 1020.74394312
-4.21687466667 1020.78433458
-4.211872 1020.75087091
-4.20686933333 1020.98695366
-4.20186666667 1021.04029737
-4.196864 1021.10210519
-4.19186133333 1020.74373128
-4.18685866667 1021.45023786
-4.181856 1021.24513175
-4.17685333333 1021.45090313
-4.17185066667 1021.2416219
-4.166848 1021.76323325
-4.16184533333 1021.47416446
-4.15684266667 1022.46573648
-4.15184 1022.21192886
-4.14683733333 1022.16916272
-4.14183466667 1022.12247889
-4.136832 1022.09906181
-4.13182933333 1021.98615044
-4.12682666667 1022.1596678
-4.121824 1021.89602383
-4.11682133333 1022.3080446
-4.11181866667 1022.25977173
-4.106816 1022.72618652
-4.10181333333 1022.15516207
-4.09681066667 1022.78814744
-4.091808 1022.15520891
-4.08680533333 1022.67050918
-4.08180266667 1022.48736067
-4.0768 1022.51220521
-4.07179733333 1021.77382958
-4.06679466667 1021.79948285
-4.061792 1021.46134644
-4.05678933333 1021.44113596
-4.05178666667 1020.81344673
-4.046784 1021.32175633
-4.04178133333 1021.68207628
-4.03677866667 1021.3623107
-4.031776 1021.67436234
-4.02677333333 1022.73620824
-4.02177066667 1024.61288398
-4.016768 1025.13483521
-4.01176533333 1024.97026667
-4.00676266667 1025.3939094
-4.00176 1026.20666103
-3.99675733333 1025.91222954
-3.99175466667 1026.13941085
-3.986752 1026.67545588
-3.98174933333 1026.7044112
-3.97674666667 1027.11519875
-3.971744 1027.33396712
-3.96674133333 1028.04501927
-3.96173866667 1027.73273599
-3.956736 1028.21061629
-3.95173333333 1027.78951425
-3.94673066667 1028.03844033
-3.941728 1027.89686129
-3.93672533333 1028.23905377
-3.93172266667 1028.20065637
-3.92672 1028.42856922
-3.92171733333 1028.43561733
-3.91671466667 1028.40568148
-3.911712 1028.50204688
-3.90670933333 1028.50818684
-3.90170666667 1028.69196805
-3.896704 1028.59222314
-3.89170133333 1028.22336918
-3.88669866667 1028.42475033
-3.881696 1028.01377812
-3.87669333333 1028.41726642
-3.87169066667 1027.74646259
-3.866688 1028.21145829
-3.86168533333 1028.43889525
-3.85668266667 1028.59654755
-3.85168 1028.68599594
-3.84667733333 1028.57415047
-3.84167466667 1028.73420562
-3.836672 1028.71205966
-3.83166933333 1028.45215692
-3.82666666667 1028.63224964
-3.821664 1028.0238445
-3.81666133333 1028.0728612
-3.81165866667 1027.9586484
-3.806656 1028.05559821
-3.80165333333 1027.89766804
-3.79665066667 1028.08993056
-3.791648 1028.1484091
-3.78664533333 1028.17861922
-3.78164266667 1028.0567108
-3.77664 1027.87385258
-3.77163733333 1027.89977508
-3.76663466667 1027.70789944
-3.761632 1027.98672149
-3.75662933333 1027.95200498
-3.75162666667 1027.36028628
-3.746624 1027.68291081
-3.74162133333 1027.77866848
-3.73661866667 1028.122097
-3.731616 1027.48755782
-3.72661333333 1027.30584882
-3.72161066667 1027.97575346
-3.716608 1027.85509837
-3.71160533333 1027.45853665
-3.70660266667 1027.62053047
-3.7016 1027.59124003
-3.69659733333 1027.7239241
-3.69159466667 1027.28421848
-3.686592 1026.81163343
-3.68158933333 1027.46046217
-3.67658666667 1027.71422726
-3.671584 1027.10457529
-3.66658133333 1026.99859171
-3.66157866667 1026.5888099
-3.656576 1027.35945444
-3.65157333333 1026.98696346
-3.64657066667 1027.08226728
-3.641568 1026.95724451
-3.63656533333 1026.66375774
-3.63156266667 1026.85467172
-3.62656 1026.87681322
-3.62155733333 1026.65039788
-3.61655466667 1026.3604541
-3.611552 1026.52700063
-3.60654933333 1026.37762642
-3.60154666667 1026.10473827
-3.596544 1026.41520289
-3.59154133333 1026.10468812
-3.58653866667 1026.38034677
-3.581536 1026.34888395
-3.57653333333 1026.20072558
-3.57153066667 1026.69836481
-3.566528 1026.64442193
-3.56152533333 1026.23270709
-3.55652266667 1025.95805179
-3.55152 1026.09096836
-3.54651733333 1025.81284532
-3.54151466667 1025.84873517
-3.536512 1027.24105819
-3.53150933333 1026.57010134
-3.52650666667 1026.97279535
-3.521504 1027.5303827
-3.51650133333 1027.50533824
-3.51149866667 1026.88282001
-3.506496 1027.16138532
-3.50149333333 1025.83549385
-3.49649066667 1023.62575887
-3.491488 1023.01119994
-3.48648533333 1023.56554896
-3.48148266667 1023.86791585
-3.47648 1023.2859993
-3.47147733333 1023.93922641
-3.46647466667 1024.01511585
-3.461472 1023.26581541
-3.45646933333 1023.02432937
-3.45146666667 1021.97785484
-3.446464 1022.2382171
-3.44146133333 1022.02459817
-3.43645866667 1022.14402571
-3.431456 1021.62374753
-3.42645333333 1022.18325608
-3.42145066667 1021.75201817
-3.416448 1021.91353682
-3.41144533333 1022.00914007
-3.40644266667 1021.40698054
-3.40144 1021.37342959
-3.39643733333 1020.72778197
-3.39143466667 1020.56105857
-3.386432 1021.48229604
-3.38142933333 1021.13682023
-3.37642666667 1021.07902787
-3.371424 1020.7555368
-3.36642133333 1020.82328602
-3.36141866667 1020.45041915
-3.356416 1020.39348512
-3.35141333333 1020.50064331
-3.34641066667 1020.13566018
-3.341408 1020.42467085
-3.33640533333 1020.1103345
-3.33140266667 1019.92354984
-3.3264 1020.08694282
-3.32139733333 1019.2583961
-3.31639466667 1019.48786942
-3.311392 1019.20136905
-3.30638933333 1019.27154922
-3.30138666667 1018.95497149
-3.296384 1018.00456278
-3.29138133333 1017.57743451
-3.28637866667 1017.76171944
-3.281376 1017.77178016
-3.27637333333 1017.37790392
-3.27137066667 1017.43626422
-3.266368 1017.61190861
-3.26136533333 1017.40853415
-3.25636266667 1017.7658913
-3.25136 1017.43105312
-3.24635733333 1017.72995575
-3.24135466667 1017.84693191
-3.236352 1018.09442968
-3.23134933333 1017.62045294
-3.22634666667 1016.99060297
-3.221344 1017.31790134
-3.21634133333 1017.36130789
-3.21133866667 1016.83931246
-3.206336 1016.38306908
-3.20133333333 1016.55950478
-3.19633066667 1016.73517525
-3.191328 1016.57304024
-3.18632533333 1016.75204123
-3.18132266667 1017.32838268
-3.17632 1017.61225684
-3.17131733333 1016.94768182
-3.16631466667 1017.33260502
-3.161312 1017.2973744
-3.15630933333 1017.77488367
-3.15130666667 1017.16966696
-3.146304 1017.40711544
-3.14130133333 1017.45725507
-3.13629866667 1017.07049375
-3.131296 1017.56923843
-3.12629333333 1017.46705632
-3.12129066667 1017.80084322
-3.116288 1017.43059148
-3.11128533333 1017.60306918
-3.10628266667 1017.60126275
-3.10128 1017.58449871
-3.09627733333 1017.47150939
-3.09127466667 1017.33302984
-3.086272 1017.50262526
-3.08126933333 1017.27149042
-3.07626666667 1017.62053871
-3.071264 1017.61948189
-3.06626133333 1017.81248535
-3.06125866667 1020.99437633
-3.056256 1021.08445124
-3.05125333333 1021.04875494
-3.04625066667 1021.3230989
-3.041248 1021.51510824
-3.03624533333 1021.51030158
-3.03124266667 1021.32423823
-3.02624 1021.48217167
-3.02123733333 1021.47152656
-3.01623466667 1021.48023503
-3.011232 1021.38880635
-3.00622933333 1021.66605218
-3.00122666667 1021.37266336
-2.996224 1021.46377878
-2.99122133333 1021.54300815
-2.98621866667 1021.3794512
-2.981216 1021.3525526
-2.97621333333 1021.49198115
-2.97121066667 1021.23052999
-2.966208 1021.42417811
-2.96120533333 1021.15068015
-2.95620266667 1021.26622866
-2.9512 1020.79045893
-2.94619733333 1020.94868064
-2.94119466667 1021.09570203
-2.936192 1021.89448577
-2.93118933333 1021.78027161
-2.92618666667 1021.95570539
-2.921184 1022.23451508
-2.91618133333 1021.9820562
-2.91117866667 1021.57401193
-2.906176 1021.75685132
-2.90117333333 1021.62674101
-2.89617066667 1018.14777108
-2.891168 1018.27865681
-2.88616533333 1017.81111731
-2.88116266667 1017.72040854
-2.87616 1016.97950534
-2.87115733333 1016.97110376
-2.86615466667 1017.28577666
-2.861152 1017.55124781
-2.85614933333 1016.90296
-2.85114666667 1016.30291176
-2.846144 1015.91621339
-2.84114133333 1016.27337707
-2.83613866667 1015.77529467
-2.831136 1015.94018431
-2.82613333333 1016.42722087
-2.82113066667 1016.50774073
-2.816128 1016.93309455
-2.81112533333 1015.55910699
-2.80612266667 1015.71661975
-2.80112 1015.3606833
-2.79611733333 1015.9608546
-2.79111466667 1015.17127175
-2.786112 1015.5840765
-2.78110933333 1015.74981283
-2.77610666667 1015.25252032
-2.771104 1015.53821567
-2.76610133333 1015.09195303
-2.76109866667 1015.20614338
-2.756096 1014.73795261
-2.75109333333 1015.10720506
-2.74609066667 1014.59314048
-2.741088 1014.35220153
-2.73608533333 1014.42519702
-2.73108266667 1014.44515375
-2.72608 1014.17725334
-2.72107733333 1014.13229554
-2.71607466667 1014.48112082
-2.711072 1014.38334415
-2.70606933333 1014.18298456
-2.70106666667 1014.38061345
-2.696064 1013.64423601
-2.69106133333 1014.44401679
-2.68605866667 1013.82048959
-2.681056 1013.78298073
-2.67605333333 1013.73546743
-2.67105066667 1014.15274198
-2.666048 1013.72249779
-2.66104533333 1013.63878695
-2.65604266667 1013.77819737
-2.65104 1014.04850494
-2.64603733333 1013.86527844
-2.64103466667 1013.63954876
-2.636032 1013.51139932
-2.63102933333 1013.43366763
-2.62602666667 1012.94453279
-2.621024 1013.88362688
-2.61602133333 1013.30790426
-2.61101866667 1012.87948865
-2.606016 1013.15318231
-2.60101333333 1013.29259097
-2.59601066667 1013.05336474
-2.591008 1012.12236689
-2.58600533333 1012.39730935
-2.58100266667 1012.10572707
-2.576 1012.07709275
-2.57099733333 1012.109776
-2.56599466667 1011.69594779
-2.560992 1012.3365916
-2.55598933333 1011.79773408
-2.55098666667 1011.49915383
-2.545984 1011.61632605
-2.54098133333 1011.79701498
-2.53597866667 1011.47771739
-2.530976 1012.02059716
-2.52597333333 1011.29857507
-2.52097066667 1010.58434327
-2.515968 1010.80811182
-2.51096533333 1010.81697382
-2.50596266667 1010.2522848
-2.50096 1010.41782599
-2.49595733333 1010.13386488
-2.49095466667 1010.16341214
-2.485952 1010.0983816
-2.48094933333 1010.0164095
-2.47594666667 1010.05725078
-2.470944 1010.12297983
-2.46594133333 1009.74861815
-2.46093866667 1010.05022422
-2.455936 1009.42831631
-2.45093333333 1009.25812819
-2.44593066667 1009.69470722
-2.440928 1009.32487731
-2.43592533333 1009.24516751
-2.43092266667 1009.37671224
-2.42592 1008.96901347
-2.42091733333 1009.26200325
-2.41591466667 1008.84387126
-2.410912 1008.57033322
-2.40590933333 1008.80277458
-2.40090666667 1008.62442287
-2.395904 1009.10565292
-2.39090133333 1008.92061559
-2.38589866667 1009.21105465
-2.380896 1009.17928305
-2.37589333333 1009.23665258
-2.37089066667 1009.05275973
-2.365888 1008.96196709
-2.36088533333 1009.31237447
-2.35588266667 1009.01115374
-2.35088 1009.08849896
-2.34587733333 1008.68472238
-2.34087466667 1009.45517171
-2.335872 1009.64909065
-2.33086933333 1009.05920385
-2.32586666667 1008.440232
-2.320864 1008.52662429
-2.31586133333 1007.85249162
-2.31085866667 1007.74017721
-2.305856 1007.8571071
-2.30085333333 1008.02506844
-2.29585066667 1007.97035375
-2.290848 1007.91152948
-2.28584533333 1007.95762783
-2.28084266667 1007.98662078
-2.27584 1008.11341833
-2.27083733333 1008.96511824
-2.26583466667 1008.007209
-2.260832 1007.86993313
-2.25582933333 1007.9883885
-2.25082666667 1007.74908116
-2.245824 1007.94191841
-2.24082133333 1007.8101904
-2.23581866667 1008.02395738
-2.230816 1007.67980338
-2.22581333333 1007.67527788
-2.22081066667 1007.22825017
-2.215808 1007.34882019
-2.21080533333 1007.63523854
-2.20580266667 1007.3916818
-2.2008 1007.62970989
-2.19579733333 1007.52984819
-2.19079466667 1007.76134827
-2.185792 1007.53472094
-2.18078933333 1007.22671056
-2.17578666667 1007.52092676
-2.170784 1007.41789917
-2.16578133333 1007.80067283
-2.16077866667 1007.37423581
-2.155776 1007.81121533
-2.15077333333 1007.83111092
-2.14577066667 1007.59981276
-2.140768 1007.98097708
-2.13576533333 1007.52836553
-2.13076266667 1008.04889774
-2.12576 1007.90982573
-2.12075733333 1008.57680505
-2.11575466667 1008.12567701
-2.110752 1007.87370787
-2.10574933333 1007.7960254
-2.10074666667 1007.83195821
-2.095744 1007.9519026
-2.09074133333 1007.2486946
-2.08573866667 1007.67521818
-2.080736 1007.36939821
-2.07573333333 1007.13392296
-2.07073066667 1007.04545136
-2.065728 1007.04133789
-2.06072533333 1007.41274895
-2.05572266667 1007.42540311
-2.05072 1006.80868673
-2.04571733333 1007.00250001
-2.04071466667 1007.23395989
-2.035712 1007.28092021
-2.03070933333 1007.09304217
-2.02570666667 1007.11734023
-2.020704 1006.97831422
-2.01570133333 1006.53738873
-2.01069866667 1007.52822538
-2.005696 1007.88202716
-2.00069333333 1008.41693961
-1.99569066667 1008.14089901
-1.990688 1008.50306375
-1.98568533333 1008.15281867
-1.98068266667 1008.32450668
-1.97568 1008.36772432
-1.97067733333 1007.97710413
-1.96567466667 1007.98937702
-1.960672 1007.28004834
-1.95566933333 1007.60789192
-1.95066666667 1007.34006282
-1.945664 1007.34396992
-1.94066133333 1007.36270744
-1.93565866667 1007.20332749
-1.930656 1007.61493125
-1.92565333333 1007.59877661
-1.92065066667 1008.55621101
-1.915648 1008.70084046
-1.91064533333 1008.39147679
-1.90564266667 1007.83091585
-1.90064 1007.13660803
-1.89563733333 1007.63321991
-1.89063466667 1007.09776053
-1.885632 1007.14121984
-1.88062933333 1007.11337441
-1.87562666667 1006.59043764
-1.870624 1006.49118938
-1.86562133333 1006.65821482
-1.86061866667 1007.39075258
-1.855616 1006.52502011
-1.85061333333 1007.03283643
-1.84561066667 1006.8519733
-1.840608 1006.83331401
-1.83560533333 1007.4720908
-1.83060266667 1007.73214885
-1.8256 1007.32846005
-1.82059733333 1007.21871977
-1.81559466667 1008.34031633
-1.810592 1008.48650173
-1.80558933333 1009.15560748
-1.80058666667 1009.14822393
-1.795584 1008.69884997
-1.79058133333 1008.74082849
-1.78557866667 1008.69679965
-1.780576 1008.96579347
-1.77557333333 1008.48077338
-1.77057066667 1008.50071182
-1.765568 1007.85578482
-1.76056533333 1007.59224912
-1.75556266667 1006.63985593
-1.75056 1005.55122705
-1.74555733333 1005.6391979
-1.74055466667 1005.76040476
-1.735552 1005.72897704
-1.73054933333 1004.89022416
-1.72554666667 1004.9236252
-1.720544 1004.6198948
-1.71554133333 1004.87616742
-1.71053866667 1005.24749047
-1.705536 1004.95644906
-1.70053333333 1004.80494678
-1.69553066667 1003.70207228
-1.690528 1003.14559433
-1.68552533333 1003.25483501
-1.68052266667 1004.29394048
-1.67552 1004.15606564
-1.67051733333 1003.76731142
-1.66551466667 1003.49329812
-1.660512 1004.24487781
-1.65550933333 1003.70391696
-1.65050666667 1004.24914145
-1.645504 1002.32268705
-1.64050133333 1001.97145915
-1.63549866667 1002.01257822
-1.630496 1003.78999847
-1.62549333333 1003.2374133
-1.62049066667 1003.63567851
-1.615488 1003.32199466
-1.61048533333 1003.3888034
-1.60548266667 1003.29776909
-1.60048 1003.05091244
-1.59547733333 1003.13671804
-1.59047466667 1003.00591622
-1.585472 1003.04288643
-1.58046933333 1003.07030408
-1.57546666667 1002.73455248
-1.570464 1003.02698682
-1.56546133333 1002.65848685
-1.56045866667 1002.83224996
-1.555456 1002.52063252
-1.55045333333 1002.41365052
-1.54545066667 1001.89599928
-1.540448 1002.47341337
-1.53544533333 1002.1084036
-1.53044266667 1002.02324413
-1.52544 1002.20591064
-1.52043733333 1001.87958713
-1.51543466667 1002.2513713
-1.510432 1002.67537911
-1.50542933333 1001.95489483
-1.50042666667 1003.28005001
-1.495424 1003.09234768
-1.49042133333 1003.73393106
-1.48541866667 1003.59970854
-1.480416 1004.36578991
-1.47541333333 1004.47855057
-1.47041066667 1004.88858314
-1.465408 1005.1403437
-1.46040533333 1005.79736817
-1.45540266667 1006.86656856
-1.4504 1007.85371753
-1.44539733333 1008.64108875
-1.44039466667 1012.19970966
-1.435392 1023.40296638
-1.43038933333 1034.20730943
-1.42538666667 1041.56161612
-1.420384 1042.67520093
-1.41538133333 1042.86491043
-1.41037866667 1044.60943361
-1.405376 1045.90772983
-1.40037333333 1049.41438867
-1.39537066667 1052.80219916
-1.390368 1055.00766816
-1.38536533333 1056.69194861
-1.38036266667 1035.44071097
-1.37536 1024.41360905
-1.37035733333 1021.89151753
-1.36535466667 1024.1725806
-1.360352 1025.54766976
-1.35534933333 1025.90329893
-1.35034666667 1024.38409166
-1.345344 1025.97440129
-1.34034133333 1025.52003369
-1.33533866667 1023.99561022
-1.330336 1022.41678013
-1.32533333333 1021.53837011
-1.32033066667 1021.11139713
-1.315328 1020.45235361
-1.31032533333 1019.91272608
-1.30532266667 1019.68748778
-1.30032 1018.69117584
-1.29531733333 1018.4293345
-1.29031466667 1018.4946328
-1.285312 1017.05776358
-1.28030933333 1016.90855018
-1.27530666667 1016.18066643
-1.270304 1015.51352078
-1.26530133333 1015.66178707
-1.26029866667 1015.20130877
-1.255296 1014.48802166
-1.25029333333 1014.0462324
-1.24529066667 1013.66626878
-1.240288 1012.94590014
-1.23528533333 1012.49002557
-1.23028266667 1012.59899396
-1.22528 1012.36115507
-1.22027733333 1012.06224726
-1.21527466667 1011.43168064
-1.210272 1011.85619907
-1.20526933333 1010.53235408
-1.20026666667 1010.79372079
-1.195264 1011.10714649
-1.19026133333 1010.91119579
-1.18525866667 1010.45391864
-1.180256 1010.65930401
-1.17525333333 1010.07556366
-1.17025066667 1009.53060351
-1.165248 1009.59518108
-1.16024533333 1009.79297138
-1.15524266667 1009.68445954
-1.15024 1009.97421963
-1.14523733333 1007.6605771
-1.14023466667 1007.67290344
-1.135232 1007.37590789
-1.13022933333 1007.04682831
-1.12522666667 1006.37981475
-1.120224 1006.62970408
-1.11522133333 1006.12203549
-1.11021866667 1005.86146472
-1.105216 1005.56834454
-1.10021333333 1005.74447493
-1.09521066667 1004.98401217
-1.090208 1005.31233434
-1.08520533333 1004.3205443
-1.08020266667 1004.84694462
-1.0752 1004.24353117
-1.07019733333 1004.60524578
-1.06519466667 1003.92680091
-1.060192 1005.55961702
-1.05518933333 1005.66292311
-1.05018666667 1005.9425176
-1.045184 1005.75694604
-1.04018133333 1005.81618071
-1.03517866667 1006.11176352
-1.030176 1006.0803632
-1.02517333333 1005.77579592
-1.02017066667 1005.36749386
-1.015168 1005.30138806
-1.01016533333 1005.47974911
-1.00516266667 1005.40700576
-1.00016 1005.55815237
-0.995157333333 1005.09200074
-0.990154666667 1005.4787075
-0.985152 1005.4551949
-0.980149333333 1005.57560143
-0.975146666667 1004.95823753
-0.970144 1005.01518859
-0.965141333333 1004.4258418
-0.960138666667 1004.64639111
-0.955136 1003.93283303
-0.950133333333 1003.53491246
-0.945130666667 1002.60974445
-0.940128 1002.5720768
-0.935125333333 1002.28752099
-0.930122666667 1002.26445358
-0.92512 1001.50316643
-0.920117333333 1002.59206075
-0.915114666667 1003.94079069
-0.910112 1005.87630723
-0.905109333333 1005.37033017
-0.900106666667 1006.2927134
-0.895104 1007.05544244
-0.890101333333 1007.7167453
-0.885098666667 1005.51314742
-0.880096 1006.53910097
-0.875093333333 1008.09294533
-0.870090666667 1012.99936785
-0.865088 1023.90643863
-0.860085333333 1034.43487672
-0.855082666667 1038.03581986
-0.85008 1039.09467014
-0.845077333333 1041.11470946
-0.840074666667 1043.15010184
-0.835072 1044.31350365
-0.830069333333 1044.47301921
-0.825066666667 1043.18369256
-0.820064 1022.27471028
-0.815061333333 1015.21473076
-0.810058666667 1015.7120462
-0.805056 1015.24118214
-0.800053333333 1016.40606589
-0.795050666667 1016.51490619
-0.790048 1017.42380748
-0.785045333333 1017.59206972
-0.780042666667 1018.77813617
-0.77504 1019.33825468
-0.770037333333 1019.53588562
-0.765034666667 1019.80171705
-0.760032 1020.54672968
-0.755029333333 1020.37391251
-0.750026666667 1020.34636564
-0.745024 1020.05432657
-0.740021333333 1019.9064103
-0.735018666667 1019.99229283
-0.730016 1020.59492362
-0.725013333333 1020.47526394
-0.720010666667 1020.43123521
-0.715008 1019.92160146
-0.710005333333 1019.48649893
-0.705002666667 1019.67943848
-0.7 1019.28796177
-0.694997333333 1019.08185493
-0.689994666667 1019.1745943
-0.684992 1018.69274798
-0.679989333333 1018.33650422
-0.674986666667 1018.24502277
-0.669984 1018.67099608
-0.664981333333 1018.14315018
-0.659978666667 1018.45833923
-0.654976 1018.38113074
-0.649973333333 1019.17835269
-0.644970666667 1018.48603887
-0.639968 1019.01170489
-0.634965333333 1018.82969636
-0.629962666667 1019.19855788
-0.62496 1018.80529054
-0.619957333333 1019.21307477
-0.614954666667 1018.98302185
-0.609952 1018.23363238
-0.604949333333 1018.07564048
-0.599946666667 1018.732202
-0.594944 1018.48666163
-0.589941333333 1018.71987209
-0.584938666667 1018.52437343
-0.579936 1019.24956802
-0.574933333333 1019.06545843
-0.569930666667 1019.56138225
-0.564928 1018.97392034
-0.559925333333 1019.2390641
-0.554922666667 1019.25836428
-0.54992 1020.09565843
-0.544917333333 1020.19061525
-0.539914666667 1020.20014519
-0.534912 1020.5110762
-0.529909333333 1020.41785344
-0.524906666667 1020.36870718
-0.519904 1020.96940645
-0.514901333333 1020.91570072
-0.509898666667 1021.5550493
-0.504896 1021.11246147
-0.499893333333 1021.40453015
-0.494890666667 1021.40612858
-0.489888 1021.65019883
-0.484885333333 1021.55061011
-0.479882666667 1022.23271016
-0.47488 1021.90072894
-0.469877333333 1022.42513393
-0.464874666667 1022.73131373
-0.459872 1022.85977787
-0.454869333333 1023.43657446
-0.449866666667 1025.0833706
-0.444864 1026.36454841
-0.439861333333 1026.72812823
-0.434858666667 1026.57430365
-0.429856 1027.00623835
-0.424853333333 1027.33890307
-0.419850666667 1027.88672137
-0.414848 1027.39148376
-0.409845333333 1027.65766401
-0.404842666667 1027.7231773
-0.39984 1028.2598672
-0.394837333333 1027.95136639
-0.389834666667 1028.48088084
-0.384832 1027.99919902
-0.379829333333 1028.56163761
-0.374826666667 1028.3784751
-0.369824 1028.66612814
-0.364821333333 1028.53807224
-0.359818666667 1029.05066328
-0.354816 1028.47699088
-0.349813333333 1029.10482573
-0.344810666667 1028.88343945
-0.339808 1028.75393914
-0.334805333333 1028.64966061
-0.329802666667 1029.1318577
-0.3248 1029.03620601
-0.319797333333 1029.43776556
-0.314794666667 1028.70471657
-0.309792 1029.1241278
-0.304789333333 1028.8183252
-0.299786666667 1029.01936401
-0.294784 1028.83233829
-0.289781333333 1029.03987759
-0.284778666667 1028.63960865
-0.279776 1029.10338838
-0.274773333333 1028.82564922
-0.269770666667 1029.14992627
-0.264768 1029.23098535
-0.259765333333 1029.60960464
-0.254762666667 1029.37343619
-0.24976 1030.09357599
-0.244757333333 1029.42364626
-0.239754666667 1029.95990779
-0.234752 1028.99195225
-0.229749333333 1030.41604359
-0.224746666667 1030.15414874
-0.219744 1029.91589966
-0.214741333333 1029.64524311
-0.209738666667 1029.22272204
-0.204736 1029.92934774
-0.199733333333 1029.93884356
-0.194730666667 1029.84803767
-0.189728 1029.88242755
-0.184725333333 1029.97600578
-0.179722666667 1029.86021201
-0.17472 1029.36020062
-0.169717333333 1029.99062095
-0.164714666667 1029.62197674
-0.159712 1030.31263712
-0.154709333333 1029.52252318
-0.149706666667 1030.19509427
-0.144704 1029.8823081
-0.139701333333 1029.99064932
-0.134698666667 1029.8748541
-0.129696 1029.97895617
-0.124693333333 1029.82342893
-0.119690666667 1030.36911257
-0.114688 1029.97282278
-0.109685333333 1029.9442496
-0.104682666667 1029.62098257
-0.09968 1030.34707712
-0.0946773333333 1029.71683056
-0.0896746666667 1030.24599196
-0.084672 1029.64520328
-0.0796693333333 1030.34553493
-0.0746666666667 1030.11564614
-0.069664 1030.27612886
-0.0646613333333 1029.54985682
-0.0596586666667 1030.06113599
-0.054656 1029.70331562
-0.0496533333333 1029.64648174
-0.0446506666667 1029.53573099
-0.039648 1030.01728449
-0.0346453333333 1029.43665712
-0.0296426666667 1030.13135873
-0.02464 1029.40309426
-0.0196373333333 1029.66949332
-0.0146346666667 1029.18109633
-0.009632 1029.87976284
-0.00462933333333 1028.93409067
