-9.99995733333 288.214791697
-9.99495466667 288.169747373
-9.989952 288.266826708
-9.98494933333 288.141765009
-9.97994666667 288.170906745
-9.974944 288.141697777
-9.96994133333 288.181715334
-9.96493866667 288.111388162
-9.959936 288.173342027
-9.95493333333 288.093391023
-9.94993066667 288.183418221
-9.944928 288.088159792
-9.93992533333 288.1673089
-9.93492266667 288.144342338
-9.92992 288.199036802
-9.92491733333 288.154611201
-9.91991466667 288.167910579
-9.914912 288.155998334
-9.90990933333 288.17902798
-9.90490666667 288.072410017
-9.899904 288.142140509
-9.89490133333 288.046342671
-9.88989866667 288.110786887
-9.884896 288.039390753
-9.87989333333 288.105423074
-9.87489066667 288.045672921
-9.869888 288.125965871
-9.86488533333 288.051958581
-9.85988266667 288.082201788
-9.85488 288.077653691
-9.84987733333 288.115087078
-9.84487466667 288.037846528
-9.839872 288.090759293
-9.83486933333 288.042546917
-9.82986666667 288.093909933
-9.824864 288.04237924
-9.81986133333 288.081923288
-9.81485866667 288.051334843
-9.809856 288.094663718
-9.80485333333 288.050208646
-9.79985066667 288.085736155
-9.794848 288.051779712
-9.78984533333 288.086519915
-9.78484266667 288.078389753
-9.77984 288.069669768
-9.77483733333 288.082182616
-9.76983466667 288.134767375
-9.764832 288.074922124
-9.75982933333 288.113648133
-9.75482666667 288.064021452
-9.749824 288.141915437
-9.74482133333 288.056276154
-9.73981866667 288.090358148
-9.734816 288.041055249
-9.72981333333 288.111435667
-9.72481066667 288.062518851
-9.719808 288.119625283
-9.71480533333 288.080477674
-9.70980266667 288.138746926
-9.7048 288.093098646
-9.69979733333 288.110450994
-9.69479466667 288.110434302
-9.689792 288.178043569
-9.68478933333 288.1398134
-9.67978666667 288.151617628
-9.674784 288.134101826
-9.66978133333 288.174770788
-9.66477866667 288.169539479
-9.659776 288.221029785
-9.65477333333 288.208926736
-9.64977066667 288.231400863
-9.644768 288.21732513
-9.63976533333 288.189069378
-9.63476266667 288.20524445
-9.62976 288.23974808
-9.62475733333 288.228088554
-9.61975466667 288.235262522
-9.614752 288.229804318
-9.60974933333 288.254121126
-9.60474666667 288.199415856
-9.599744 288.24679368
-9.59474133333 288.268876073
-9.58973866667 288.255591308
-9.584736 288.204272648
-9.57973333333 288.256792979
-9.57473066667 288.226158029
-9.569728 288.280639322
-9.56472533333 288.253011658
-9.55972266667 288.271382912
-9.55472 288.281964099
-9.54971733333 288.272981921
-9.54471466667 288.326691146
-9.539712 288.329027536
-9.53470933333 288.369976464
-9.52970666667 288.329645813
-9.524704 288.314080367
-9.51970133333 288.332970726
-9.51469866667 288.318782884
-9.509696 288.332769531
-9.50469333333 288.326976129
-9.49969066667 288.320935172
-9.494688 288.335130281
-9.48968533333 288.312187593
-9.48468266667 288.29461807
-9.47968 288.27557418
-9.47467733333 288.303637333
-9.46967466667 288.31186421
-9.464672 288.285648867
-9.45966933333 288.23494306
-9.45466666667 288.30068779
-9.449664 288.300196978
-9.44466133333 288.291283155
-9.43965866667 288.267958746
-9.434656 288.328304628
-9.42965333333 288.323503356
-9.42465066667 288.339417683
-9.419648 288.324018601
-9.41464533333 288.351397067
-9.40964266667 288.324909205
-9.40464 288.334320313
-9.39963733333 288.309937618
-9.39463466667 288.323126381
-9.389632 288.339441446
-9.38462933333 288.306584429
-9.37962666667 288.286909728
-9.374624 288.275173021
-9.36962133333 288.284428321
-9.36461866667 288.282121852
-9.359616 288.222953846
-9.35461333333 288.262884767
-9.34961066667 288.289297316
-9.344608 288.307521152
-9.33960533333 288.308000969
-9.33460266667 288.266081078
-9.3296 288.273692567
-9.32459733333 288.264809386
-9.31959466667 288.245867695
-9.314592 288.29676672
-9.30958933333 288.257441352
-9.30458666667 288.287630431
-9.299584 288.292531171
-9.29458133333 288.283962462
-9.28957866667 288.307273081
-9.284576 288.295781654
-9.27957333333 288.265500211
-9.27457066667 288.332815587
-9.269568 288.290688688
-9.26456533333 288.305090657
-9.25956266667 288.29014466
-9.25456 288.305137136
-9.24955733333 288.270377354
-9.24455466667 288.237750887
-9.239552 288.251427291
-9.23454933333 288.313736702
-9.22954666667 288.277642088
-9.224544 288.280612248
-9.21954133333 288.222263495
-9.21453866667 288.311766586
-9.209536 288.240260546
-9.20453333333 288.211226529
-9.19953066667 288.220019379
-9.194528 288.256143396
-9.18952533333 288.239309533
-9.18452266667 288.231668485
-9.17952 288.240884609
-9.17451733333 288.290838766
-9.16951466667 288.239310936
-9.164512 288.256600026
-9.15950933333 288.172818656
-9.15450666667 288.237711438
-9.149504 288.253800265
-9.14450133333 288.252097015
-9.13949866667 288.203360111
-9.134496 288.262275231
-9.12949333333 288.229891954
-9.12449066667 288.270314847
-9.119488 288.235815097
-9.11448533333 288.27904595
-9.10948266667 288.22342678
-9.10448 288.241626096
-9.09947733333 288.213695201
-9.09447466667 288.25508613
-9.089472 288.237688123
-9.08446933333 288.244571774
-9.07946666667 288.236888097
-9.074464 288.256799329
-9.06946133333 288.261116148
-9.06445866667 288.279010848
-9.059456 288.252160206
-9.05445333333 288.342969021
-9.04945066667 288.293767834
-9.044448 288.317223891
-9.03944533333 288.277528599
-9.03444266667 288.349144565
-9.02944 288.307470122
-9.02443733333 288.365606546
-9.01943466667 288.336459382
-9.014432 288.373006572
-9.00942933333 288.336439802
-9.00442666667 288.387220827
-8.999424 288.334592407
-8.99442133333 288.393891486
-8.98941866667 288.362289947
-8.984416 288.428866442
-8.97941333333 288.356772357
-8.97441066667 288.413811074
-8.969408 288.401144373
-8.96440533333 288.450397366
-8.95940266667 288.357106551
-8.9544 288.43433314
-8.94939733333 288.362092909
-8.94439466667 288.427392982
-8.939392 288.371412397
-8.93438933333 288.459940064
-8.92938666667 288.409166242
-8.924384 288.431743873
-8.91938133333 288.376199356
-8.91437866667 288.453185094
-8.909376 288.397845597
-8.90437333333 288.467244091
-8.89937066667 288.380511937
-8.894368 288.433041584
-8.88936533333 288.411335619
-8.88436266667 288.470050759
-8.87936 288.363705065
-8.87435733333 288.472434805
-8.86935466667 288.415041127
-8.864352 288.439821177
-8.85934933333 288.286622338
-8.85434666667 288.485476193
-8.849344 288.40853993
-8.84434133333 288.435810372
-8.83933866667 288.387250352
-8.834336 288.463728749
-8.82933333333 288.405209326
-8.82433066667 288.479677346
-8.819328 288.375147721
-8.81432533333 288.467598091
-8.80932266667 288.363242008
-8.80432 288.441291511
-8.79931733333 288.377579966
-8.79431466667 288.512400185
-8.789312 288.407616713
-8.78430933333 288.45678809
-8.77930666667 288.381176881
-8.774304 288.483884159
-8.76930133333 288.391224334
-8.76429866667 288.50517581
-8.759296 288.4177903
-8.75429333333 288.489352843
-8.74929066667 288.448454026
-8.744288 288.464245183
-8.73928533333 288.423133858
-8.73428266667 288.528110636
-8.72928 288.432274269
-8.72427733333 288.50627977
-8.71927466667 288.423640628
-8.714272 288.491326267
-8.70926933333 288.440986459
-8.70426666667 288.492799755
-8.699264 288.434916681
-8.69426133333 288.542942156
-8.68925866667 288.415429222
-8.684256 288.476288887
-8.67925333333 288.425574168
-8.67425066667 288.529281068
-8.669248 288.432587038
-8.66424533333 288.509936671
-8.65924266667 288.424245891
-8.65424 288.562186954
-8.64923733333 288.451727891
-8.64423466667 288.544146466
-8.639232 288.473675767
-8.63422933333 288.538764604
-8.62922666667 288.494435163
-8.624224 288.598252241
-8.61922133333 288.467479225
-8.61421866667 288.592686351
-8.609216 288.514764032
-8.60421333333 288.602846189
-8.59921066667 288.492072018
-8.594208 288.597109392
-8.58920533333 288.553766889
-8.58420266667 288.661348048
-8.5792 288.550363929
-8.57419733333 288.684606777
-8.56919466667 288.589602059
-8.564192 288.718537684
-8.55918933333 288.659660081
-8.55418666667 288.800169127
-8.549184 288.699417447
-8.54418133333 288.812361152
-8.53917866667 288.740895373
-8.534176 288.897960378
-8.52917333333 288.856975239
-8.52417066667 288.957638237
-8.519168 288.940671897
-8.51416533333 289.073361495
-8.50916266667 288.998507146
-8.50416 289.124077454
-8.49915733333 289.030315133
-8.49415466667 289.199588192
-8.489152 289.145966327
-8.48414933333 289.256694766
-8.47914666667 289.194309645
-8.474144 289.30689309
-8.46914133333 289.259259625
-8.46413866667 289.326575704
-8.459136 289.240655244
-8.45413333333 289.412736815
-8.44913066667 289.286868621
-8.444128 289.396720282
-8.43912533333 289.262587422
-8.43412266667 289.395138123
-8.42912 289.260797097
-8.42411733333 289.327730338
-8.41911466667 289.233677658
-8.414112 289.384259857
-8.40910933333 289.226468724
-8.40410666667 289.336216058
-8.399104 289.240624107
-8.39410133333 289.35500811
-8.38909866667 289.254440003
-8.384096 289.31283595
-8.37909333333 289.213130153
-8.37409066667 289.299866425
-8.369088 289.200031279
-8.36408533333 289.278107672
-8.35908266667 289.126621458
-8.35408 289.27801355
-8.34907733333 289.154614325
-8.34407466667 289.234566279
-8.339072 289.153834277
-8.33406933333 289.21099643
-8.32906666667 289.097561684
-8.324064 289.159071839
-8.31906133333 289.078420762
-8.31405866667 289.180067773
-8.309056 289.090951406
-8.30405333333 289.20589879
-8.29905066667 289.057710939
-8.294048 289.188755111
-8.28904533333 289.069666779
-8.28404266667 289.089750898
-8.27904 288.987468619
-8.27403733333 289.112315123
-8.26903466667 289.014298316
-8.264032 289.063431329
-8.25902933333 288.96282909
-8.25402666667 289.042376313
-8.249024 288.96852229
-8.24402133333 289.08068973
-8.23901866667 288.922899884
-8.234016 289.047696398
-8.22901333333 288.892853901
-8.22401066667 288.971754707
-8.219008 288.816847242
-8.21400533333 288.916745178
-8.20900266667 288.804906367
-8.204 288.881229302
-8.19899733333 288.76348765
-8.19399466667 288.853501246
-8.188992 288.769418175
-8.18398933333 288.828379293
-8.17898666667 288.715859593
-8.173984 288.809122613
-8.16898133333 288.709981387
-8.16397866667 288.782316376
-8.158976 288.682889453
-8.15397333333 288.827212115
-8.14897066667 288.686338223
-8.143968 288.790060117
-8.13896533333 288.646332705
-8.13396266667 288.765553172
-8.12896 288.648110077
-8.12395733333 288.725767141
-8.11895466667 288.629107715
-8.113952 288.758755909
-8.10894933333 288.671526333
-8.10394666667 288.768265267
-8.098944 288.624749322
-8.09394133333 288.750844253
-8.08893866667 288.635472201
-8.083936 288.72520499
-8.07893333333 288.603375133
-8.07393066667 288.739644399
-8.068928 288.627639367
-8.06392533333 288.689631623
-8.05892266667 288.605759757
-8.05392 288.712633085
-8.04891733333 288.617101562
-8.04391466667 288.766588215
-8.038912 288.577093535
-8.03390933333 288.745283639
-8.02890666667 288.637912897
-8.023904 288.762344052
-8.01890133333 288.620967228
-8.01389866667 288.778749241
-8.008896 288.665530767
-8.00389333333 288.790696638
-7.99889066667 288.709588807
-7.993888 288.839765176
-7.98888533333 288.779047563
-7.98388266667 288.883688269
-7.97888 288.834940005
-7.97387733333 288.979069953
-7.96887466667 288.913394475
-7.963872 289.047855995
-7.95886933333 288.931938462
-7.95386666667 289.185764177
-7.948864 289.020123665
-7.94386133333 289.128731374
-7.93885866667 289.02756944
-7.933856 289.193761615
-7.92885333333 289.110838562
-7.92385066667 289.262829551
-7.918848 289.162208051
-7.91384533333 289.33040946
-7.90884266667 289.233558157
-7.90384 289.406161559
-7.89883733333 289.268530384
-7.89383466667 289.457359568
-7.888832 289.388877642
-7.88382933333 289.563844653
-7.87882666667 289.544287427
-7.873824 289.786591352
-7.86882133333 289.820309
-7.86381866667 290.11755979
-7.858816 290.182963776
-7.85381333333 290.510684592
-7.84881066667 290.619885147
-7.843808 290.875442851
-7.83880533333 290.902732314
-7.83380266667 291.209184102
-7.8288 291.227970695
-7.82379733333 291.443198036
-7.81879466667 291.437994225
-7.813792 291.689332377
-7.80878933333 291.580584906
-7.80378666667 291.691103539
-7.798784 291.553331731
-7.79378133333 291.675988031
-7.78877866667 291.542592666
-7.783776 291.661476155
-7.77877333333 291.502106936
-7.77377066667 291.645095182
-7.768768 291.459779383
-7.76376533333 291.553098343
-7.75876266667 291.437971937
-7.75376 291.557885743
-7.74875733333 291.527446569
-7.74375466667 291.663278069
-7.738752 291.508010663
-7.73374933333 291.649356697
-7.72874666667 291.577291258
-7.723744 291.700077787
-7.71874133333 291.619068313
-7.71373866667 291.78858538
-7.708736 291.683354725
-7.70373333333 291.833357141
-7.69873066667 291.816785848
-7.693728 291.957262106
-7.68872533333 291.877686101
-7.68372266667 292.034633253
-7.67872 291.95788197
-7.67371733333 292.189888815
-7.66871466667 292.150565865
-7.663712 292.309658694
-7.65870933333 292.27493765
-7.65370666667 292.488385449
-7.648704 292.435164632
-7.64370133333 292.660999907
-7.63869866667 292.486614549
-7.633696 292.644212078
-7.62869333333 292.535826301
-7.62369066667 292.708080899
-7.618688 292.560679138
-7.61368533333 292.721910596
-7.60868266667 292.647150404
-7.60368 292.748779725
-7.59867733333 292.603008685
-7.59367466667 292.761242824
-7.588672 292.655792095
-7.58366933333 292.7467253
-7.57866666667 292.655047036
-7.573664 292.778015792
-7.56866133333 292.624781612
-7.56365866667 292.675716667
-7.558656 292.542540125
-7.55365333333 292.635336091
-7.54865066667 292.568477024
-7.543648 292.65555655
-7.53864533333 292.495734276
-7.53364266667 292.600583163
-7.52864 292.546001923
-7.52363733333 292.654260614
-7.51863466667 292.524263005
-7.513632 292.665973472
-7.50862933333 292.548545343
-7.50362666667 292.643764291
-7.498624 292.556037546
-7.49362133333 292.697171673
-7.48861866667 292.616560429
-7.483616 292.728518285
-7.47861333333 292.626332321
-7.47361066667 292.755665729
-7.468608 292.650137185
-7.46360533333 292.818376205
-7.45860266667 292.676332524
-7.4536 292.860630734
-7.44859733333 292.729816081
-7.44359466667 292.895835206
-7.438592 292.824873422
-7.43358933333 292.94851457
-7.42858666667 292.856388746
-7.423584 292.95056064
-7.41858133333 292.846817515
-7.41357866667 293.016419387
-7.408576 292.865272443
-7.40357333333 293.019981293
-7.39857066667 292.893350978
-7.393568 293.039851816
-7.38856533333 292.920098974
-7.38356266667 293.066890304
-7.37856 292.949157344
-7.37355733333 293.018750004
-7.36855466667 292.918570731
-7.363552 293.068676935
-7.35854933333 292.9480647
-7.35354666667 293.051261592
-7.348544 292.986372636
-7.34354133333 293.102936623
-7.33853866667 292.955850723
-7.333536 293.035477354
-7.32853333333 292.85110035
-7.32353066667 292.906491795
-7.318528 292.691422647
-7.31352533333 292.726817453
-7.30852266667 292.522595661
-7.30352 292.57499584
-7.29851733333 292.295818852
-7.29351466667 292.270750606
-7.288512 292.008735869
-7.28350933333 292.035276408
-7.27850666667 291.788158828
-7.273504 291.82535715
-7.26850133333 291.588948608
-7.26349866667 291.600914914
-7.258496 291.436152996
-7.25349333333 291.540390096
-7.24849066667 291.331134524
-7.243488 291.365550021
-7.23848533333 291.20310753
-7.23348266667 291.246506677
-7.22848 291.036328349
-7.22347733333 291.118325464
-7.21847466667 290.926315213
-7.213472 290.96766956
-7.20846933333 290.726744422
-7.20346666667 290.731936621
-7.198464 290.571176649
-7.19346133333 290.590526805
-7.18845866667 290.383607396
-7.183456 290.391419899
-7.17845333333 290.185260521
-7.17345066667 290.27934419
-7.168448 290.067289145
-7.16344533333 290.142495955
-7.15844266667 289.906284944
-7.15344 289.948148771
-7.14843733333 289.781292515
-7.14343466667 289.871090407
-7.138432 289.667557765
-7.13342933333 289.76180563
-7.12842666667 289.545922514
-7.123424 289.587280335
-7.11842133333 289.465025922
-7.11341866667 289.534132265
-7.108416 289.339338131
-7.10341333333 289.411502488
-7.09841066667 289.283691902
-7.093408 289.350651683
-7.08840533333 289.21645416
-7.08340266667 289.278143097
-7.0784 289.162367829
-7.07339733333 289.175632899
-7.06839466667 289.06347661
-7.063392 289.14696536
-7.05838933333 288.957120077
-7.05338666667 289.085570734
-7.048384 288.903894151
-7.04338133333 289.012155944
-7.03837866667 288.899391656
-7.033376 289.007241153
-7.02837333333 288.887521353
-7.02337066667 288.999426361
-7.018368 288.893583691
-7.01336533333 288.967694327
-7.00836266667 288.869866384
-7.00336 288.999465868
-6.99835733333 288.904645466
-6.99335466667 289.018017511
-6.988352 288.879859943
-6.98334933333 289.041729566
-6.97834666667 288.92944106
-6.973344 289.089992704
-6.96834133333 288.941989609
-6.96333866667 289.082309736
-6.958336 288.993457734
-6.95333333333 289.114943672
-6.94833066667 288.989814862
-6.943328 289.163509373
-6.93832533333 289.025843529
-6.93332266667 289.123023718
-6.92832 289.021003995
-6.92331733333 289.152106257
-6.91831466667 289.02865136
-6.913312 289.155727282
-6.90830933333 289.062617287
-6.90330666667 289.180059482
-6.898304 289.030201368
-6.89330133333 289.132223067
-6.88829866667 288.989901943
-6.883296 289.079582248
-6.87829333333 288.935732796
-6.87329066667 288.955875564
-6.868288 288.828452561
-6.86328533333 288.914173063
-6.85828266667 288.733809944
-6.85328 288.783800135
-6.84827733333 288.699938587
-6.84327466667 288.71399072
-6.838272 288.556261988
-6.83326933333 288.58953848
-6.82826666667 288.438397979
-6.823264 288.491229415
-6.81826133333 288.308732254
-6.81325866667 288.364490321
-6.808256 288.15243569
-6.80325333333 288.195635837
-6.79825066667 288.056068768
-6.793248 288.098390456
-6.78824533333 287.936866829
-6.78324266667 288.024849792
-6.77824 287.886656104
-6.77323733333 287.96265446
-6.76823466667 287.837685509
-6.763232 287.918994363
-6.75822933333 287.836479903
-6.75322666667 287.873420767
-6.748224 287.837308328
-6.74322133333 287.943705399
-6.73821866667 287.822456636
-6.733216 287.944324416
-6.72821333333 287.80961259
-6.72321066667 287.940840689
-6.718208 287.85551565
-6.71320533333 287.938809216
-6.70820266667 287.833145128
-6.7032 287.967515708
-6.69819733333 287.834854157
-6.69319466667 287.9575869
-6.688192 287.875107092
-6.68318933333 287.95675237
-6.67818666667 287.888604837
-6.673184 288.031362125
-6.66818133333 287.93581362
-6.66317866667 288.080120749
-6.658176 288.04027919
-6.65317333333 288.185672646
-6.64817066667 288.05507863
-6.643168 288.206083649
-6.63816533333 288.149146672
-6.63316266667 288.306315877
-6.62816 288.275335489
-6.62315733333 288.368923662
-6.61815466667 288.282452065
-6.613152 288.408440492
-6.60814933333 288.280222969
-6.60314666667 288.414371856
-6.598144 288.283685795
-6.59314133333 288.416892709
-6.58813866667 288.312474467
-6.583136 288.387649023
-6.57813333333 288.300763884
-6.57313066667 288.400810835
-6.568128 288.296483006
-6.56312533333 288.420251929
-6.55812266667 288.321814731
-6.55312 288.428663744
-6.54811733333 288.345936915
-6.54311466667 288.512681259
-6.538112 288.313887758
-6.53310933333 288.529399798
-6.52810666667 288.362926369
-6.523104 288.48975488
-6.51810133333 288.396318125
-6.51309866667 288.491053131
-6.508096 288.392578392
-6.50309333333 288.534227876
-6.49809066667 288.446150399
-6.493088 288.574498038
-6.48808533333 288.449692187
-6.48308266667 288.554865117
-6.47808 288.459353674
-6.47307733333 288.572902702
-6.46807466667 288.447618589
-6.463072 288.590247192
-6.45806933333 288.482130551
-6.45306666667 288.58051933
-6.448064 288.530775863
-6.44306133333 288.606891799
-6.43805866667 288.519412328
-6.433056 288.649299851
-6.42805333333 288.543700555
-6.42305066667 288.647084244
-6.418048 288.606496526
-6.41304533333 288.667659364
-6.40804266667 288.587449071
-6.40304 288.707535835
-6.39803733333 288.626664946
-6.39303466667 288.727169973
-6.388032 288.619173318
-6.38302933333 288.76668989
-6.37802666667 288.701421469
-6.373024 288.819726669
-6.36802133333 288.681810471
-6.36301866667 288.83095694
-6.358016 288.766849158
-6.35301333333 288.867021736
-6.34801066667 288.757264189
-6.343008 288.928546633
-6.33800533333 288.860500061
-6.33300266667 288.990477931
-6.328 288.886449242
-6.32299733333 289.052158575
-6.31799466667 289.018730854
-6.312992 289.107699343
-6.30798933333 289.047647033
-6.30298666667 289.195514915
-6.297984 289.098208382
-6.29298133333 289.22338224
-6.28797866667 289.101474106
-6.282976 289.25618009
-6.27797333333 289.191312584
-6.27297066667 289.289579427
-6.267968 289.196883359
-6.26296533333 289.356541835
-6.25796266667 289.283389143
-6.25296 289.396426115
-6.24795733333 289.183489792
-6.24295466667 289.476619213
-6.237952 289.383301079
-6.23294933333 289.481245212
-6.22794666667 289.405684172
-6.222944 289.564727975
-6.21794133333 289.477756067
-6.21293866667 289.536436841
-6.207936 289.480637967
-6.20293333333 289.594168268
-6.19793066667 289.552105576
-6.192928 289.636945064
-6.18792533333 289.516596473
-6.18292266667 289.623996656
-6.17792 289.488621325
-6.17291733333 289.657444002
-6.16791466667 289.561415767
-6.162912 289.65352393
-6.15790933333 289.627084723
-6.15290666667 289.739793751
-6.147904 289.65705644
-6.14290133333 289.750173235
-6.13789866667 289.687856119
-6.132896 289.713104063
-6.12789333333 289.644157902
-6.12289066667 289.761934353
-6.117888 289.684379701
-6.11288533333 289.757188948
-6.10788266667 289.65615339
-6.10288 289.731070714
-6.09787733333 289.642853549
-6.09287466667 289.732185536
-6.087872 289.577981735
-6.08286933333 289.665254355
-6.07786666667 289.558265235
-6.072864 289.586842366
-6.06786133333 289.498416604
-6.06285866667 289.516998033
-6.057856 289.44171221
-6.05285333333 289.459145273
-6.04785066667 289.339782659
-6.042848 289.346459258
-6.03784533333 289.282221276
-6.03284266667 289.319906862
-6.02784 289.165908857
-6.02283733333 289.271933698
-6.01783466667 289.150822355
-6.012832 289.219049597
-6.00782933333 289.120336003
-6.00282666667 289.182957009
-5.997824 289.11981313
-5.99282133333 289.148299012
-5.98781866667 289.077022926
-5.982816 289.081539692
-5.97781333333 288.996860475
-5.97281066667 289.019909706
-5.967808 288.965235517
-5.96280533333 289.008629654
-5.95780266667 288.893619397
-5.9528 288.937461903
-5.94779733333 288.879713278
-5.94279466667 288.962796969
-5.937792 288.938129417
-5.93278933333 288.987928267
-5.92778666667 288.955328671
-5.922784 289.066416734
-5.91778133333 289.057995613
-5.91277866667 289.133195569
-5.907776 289.124512386
-5.90277333333 289.208148185
-5.89777066667 289.195401585
-5.892768 289.310220922
-5.88776533333 289.272393616
-5.88276266667 289.406032043
-5.87776 289.434347471
-5.87275733333 289.514050097
-5.86775466667 289.534931654
-5.862752 289.68187282
-5.85774933333 289.719385655
-5.85274666667 289.903809008
-5.847744 289.927977481
-5.84274133333 290.031922844
-5.83773866667 290.04490399
-5.832736 290.114475298
-5.82773333333 290.036559048
-5.82273066667 290.095772748
-5.817728 290.054280445
-5.81272533333 290.08921564
-5.80772266667 290.042228378
-5.80272 290.086622466
-5.79771733333 290.064090278
-5.79271466667 290.10108323
-5.787712 290.058122835
-5.78270933333 290.079337437
-5.77770666667 290.058894373
-5.772704 290.110087228
-5.76770133333 290.04315006
-5.76269866667 290.107877048
-5.757696 290.036034663
-5.75269333333 290.050941247
-5.74769066667 289.967817181
-5.742688 290.040223662
-5.73768533333 289.977067453
-5.73268266667 289.992892596
-5.72768 289.8997626
-5.72267733333 289.940213529
-5.71767466667 289.929784439
-5.712672 289.987693814
-5.70766933333 289.927248129
-5.70266666667 289.986082581
-5.697664 289.998247222
-5.69266133333 290.082054571
-5.68765866667 290.027189648
-5.682656 290.106535587
-5.67765333333 290.090489175
-5.67265066667 290.160833457
-5.667648 290.097264866
-5.66264533333 290.160373646
-5.65764266667 290.165920309
-5.65264 290.146519606
-5.64763733333 290.074445206
-5.64263466667 290.094103985
-5.637632 290.117794644
-5.63262933333 290.114135915
-5.62762666667 290.030032771
-5.622624 290.047238458
-5.61762133333 290.004222749
-5.61261866667 289.970840495
-5.607616 289.913401696
-5.60261333333 289.956723931
-5.59761066667 289.887770958
-5.592608 289.913007572
-5.58760533333 289.821282673
-5.58260266667 289.816651788
-5.5776 289.790677806
-5.57259733333 289.767004993
-5.56759466667 289.728459415
-5.562592 289.695820829
-5.55758933333 289.675394708
-5.55258666667 289.685271662
-5.547584 289.620571739
-5.54258133333 289.564274351
-5.53757866667 289.580715718
-5.532576 289.619964663
-5.52757333333 289.496743709
-5.52257066667 289.531066444
-5.517568 289.56615987
-5.51256533333 289.523038695
-5.50756266667 289.467283172
-5.50256 289.529419537
-5.49755733333 289.525790641
-5.49255466667 289.565237553
-5.487552 289.496493633
-5.48254933333 289.500094409
-5.47754666667 289.481982721
-5.472544 289.515441391
-5.46754133333 289.540747875
-5.46253866667 289.512222225
-5.457536 289.440586056
-5.45253333333 289.435103252
-5.44753066667 289.363553167
-5.442528 289.370052418
-5.43752533333 289.317200877
-5.43252266667 289.319184684
-5.42752 289.243620503
-5.42251733333 289.22234594
-5.41751466667 289.218032696
-5.412512 289.142666357
-5.40750933333 289.099143756
-5.40250666667 289.096287611
-5.397504 289.081239665
-5.39250133333 289.048456014
-5.38749866667 289.037728844
-5.382496 289.021195341
-5.37749333333 289.001862295
-5.37249066667 289.01746287
-5.367488 288.924443253
-5.36248533333 288.882623453
-5.35748266667 288.871392232
-5.35248 288.871684169
-5.34747733333 288.839788569
-5.34247466667 288.87831891
-5.337472 288.8570698
-5.33246933333 288.835960777
-5.32746666667 288.835619343
-5.322464 288.832563586
-5.31746133333 288.826584201
-5.31245866667 288.839912296
-5.307456 288.804940663
-5.30245333333 288.763344287
-5.29745066667 288.783316823
-5.292448 288.809734364
-5.28744533333 288.739518615
-5.28244266667 288.739729047
-5.27744 288.77477204
-5.27243733333 288.729897642
-5.26743466667 288.722961499
-5.262432 288.708884279
-5.25742933333 288.716846199
-5.25242666667 288.676553992
-5.247424 288.662165931
-5.24242133333 288.649179108
-5.23741866667 288.688590011
-5.232416 288.668190591
-5.22741333333 288.647057565
-5.22241066667 288.655511355
-5.217408 288.677969979
-5.21240533333 288.654849141
-5.20740266667 288.663496979
-5.2024 288.662222567
-5.19739733333 288.683130999
-5.19239466667 288.664422264
-5.187392 288.656856408
-5.18238933333 288.627294759
-5.17738666667 288.66587507
-5.172384 288.661020896
-5.16738133333 288.621021017
-5.16237866667 288.601935024
-5.157376 288.672219209
-5.15237333333 288.672173866
-5.14737066667 288.61706898
-5.142368 288.620884039
-5.13736533333 288.614488268
-5.13236266667 288.591866035
-5.12736 288.597423264
-5.12235733333 288.536108348
-5.11735466667 288.59693882
-5.112352 288.595113335
-5.10734933333 288.594042256
-5.10234666667 288.554590513
-5.097344 288.596109486
-5.09234133333 288.564206587
-5.08733866667 288.578893631
-5.082336 288.573275154
-5.07733333333 288.624980114
-5.07233066667 288.577123669
-5.067328 288.621625204
-5.06232533333 288.573461667
-5.05732266667 288.662428911
-5.05232 288.625097359
-5.04731733333 288.652273628
-5.04231466667 288.639964509
-5.037312 288.691904864
-5.03230933333 288.640890812
-5.02730666667 288.702589889
-5.022304 288.665558197
-5.01730133333 288.7634898
-5.01229866667 288.711776349
-5.007296 288.723438263
-5.00229333333 288.735873204
-4.99729066667 288.775136736
-4.992288 288.773308398
-4.98728533333 288.805123709
-4.98228266667 288.759972014
-4.97728 288.798071023
-4.97227733333 288.818199695
-4.96727466667 288.832503874
-4.962272 288.801293709
-4.95726933333 288.861472008
-4.95226666667 288.845465144
-4.947264 288.909693181
-4.94226133333 288.913700713
-4.93725866667 288.943081614
-4.932256 288.951661375
-4.92725333333 289.020290049
-4.92225066667 288.998648329
-4.917248 289.087874887
-4.91224533333 289.070463585
-4.90724266667 289.113169676
-4.90224 289.102476665
-4.89723733333 289.148658
-4.89223466667 289.143841887
-4.887232 289.17519429
-4.88222933333 289.124806805
-4.87722666667 289.248521335
-4.872224 289.181273939
-4.86722133333 289.217112009
-4.86221866667 289.211303073
-4.857216 289.298646273
-4.85221333333 289.257250106
-4.84721066667 289.31643622
-4.842208 289.233987445
-4.83720533333 289.428856655
-4.83220266667 289.405083057
-4.8272 289.478209005
-4.82219733333 289.393912681
-4.81719466667 289.500957373
-4.812192 289.443968034
-4.80718933333 289.510796173
-4.80218666667 289.457640843
-4.797184 289.586186297
-4.79218133333 289.556277851
-4.78717866667 289.623075397
-4.782176 289.619501756
-4.77717333333 289.736447301
-4.77217066667 289.699931514
-4.767168 289.737580409
-4.76216533333 289.711788831
-4.75716266667 289.846258906
-4.75216 289.784952969
-4.74715733333 289.881696026
-4.74215466667 289.875010736
-4.737152 289.929712522
-4.73214933333 289.888753665
-4.72714666667 289.924694791
-4.722144 289.91258156
-4.71714133333 289.989282978
-4.71213866667 289.926309359
-4.707136 290.000430573
-4.70213333333 289.931646217
-4.69713066667 290.037763329
-4.692128 289.975798116
-4.68712533333 290.058091662
-4.68212266667 289.970302161
-4.67712 290.052593563
-4.67211733333 289.998097802
-4.66711466667 290.068990366
-4.662112 290.011141981
-4.65710933333 290.107511122
-4.65210666667 290.003683585
-4.647104 290.065818073
-4.64210133333 289.94164314
-4.63709866667 290.054057379
-4.632096 289.957358661
-4.62709333333 289.984847128
-4.62209066667 289.903862651
-4.617088 290.001018947
-4.61208533333 289.885159484
-4.60708266667 289.938126772
-4.60208 289.830742332
-4.59707733333 289.885747522
-4.59207466667 289.771640771
-4.587072 289.781649989
-4.58206933333 289.668614456
-4.57706666667 289.754508369
-4.572064 289.633128491
-4.56706133333 289.703566649
-4.56205866667 289.539485895
-4.557056 289.63260549
-4.55205333333 289.535718616
-4.54705066667 289.622699682
-4.542048 289.520826106
-4.53704533333 289.57082448
-4.53204266667 289.493382751
-4.52704 289.565244597
-4.52203733333 289.480289082
-4.51703466667 289.574529227
-4.512032 289.468617729
-4.50702933333 289.513463776
-4.50202666667 289.413203427
-4.497024 289.488372531
-4.49202133333 289.401503321
-4.48701866667 289.449618683
-4.482016 289.36717364
-4.47701333333 289.458284997
-4.47201066667 289.340089805
-4.467008 289.361943117
-4.46200533333 289.289183047
-4.45700266667 289.313975243
-4.452 289.16237902
-4.44699733333 289.204841203
-4.44199466667 289.081378062
-4.436992 289.177817972
-4.43198933333 289.004335244
-4.42698666667 289.086075079
-4.421984 288.903554639
-4.41698133333 289.006676568
-4.41197866667 288.874995849
-4.406976 288.965809288
-4.40197333333 288.785376729
-4.39697066667 288.875553271
-4.391968 288.801458604
-4.38696533333 288.88823047
-4.38196266667 288.774180682
-4.37696 288.935577694
-4.37195733333 288.809064285
-4.36695466667 288.869547013
-4.361952 288.765635087
-4.35694933333 288.862182258
-4.35194666667 288.745604916
-4.346944 288.855844056
-4.34194133333 288.730389332
-4.33693866667 288.855971409
-4.331936 288.740220936
-4.32693333333 288.836806667
-4.32193066667 288.72699583
-4.316928 288.827311573
-4.31192533333 288.746045197
-4.30692266667 288.844968293
-4.30192 288.736957476
-4.29691733333 288.855019709
-4.29191466667 288.771792111
-4.286912 288.849610647
-4.28190933333 288.768217209
-4.27690666667 288.863888706
-4.271904 288.774765259
-4.26690133333 288.853065394
-4.26189866667 288.70488978
-4.256896 288.823194721
-4.25189333333 288.719349812
-4.24689066667 288.780694095
-4.241888 288.659709965
-4.23688533333 288.750261254
-4.23188266667 288.649610522
-4.22688 288.688871237
-4.22187733333 288.568071425
-4.21687466667 288.673024534
-4.211872 288.53509397
-4.20686933333 288.600122893
-4.20186666667 288.478842856
-4.196864 288.574975775
-4.19186133333 288.465878476
-4.18685866667 288.552596465
-4.181856 288.434667494
-4.17685333333 288.555049273
-4.17185066667 288.481476378
-4.166848 288.50972378
-4.16184533333 288.386740745
-4.15684266667 288.551749086
-4.15184 288.420956508
-4.14683733333 288.538863782
-4.14183466667 288.375048245
-4.136832 288.497840483
-4.13182933333 288.394147451
-4.12682666667 288.482730507
-4.121824 288.367393831
-4.11682133333 288.485646608
-4.11181866667 288.371867478
-4.106816 288.48240423
-4.10181333333 288.345041972
-4.09681066667 288.512522156
-4.091808 288.388111497
-4.08680533333 288.47407408
-4.08180266667 288.390621246
-4.0768 288.545141182
-4.07179733333 288.447673611
-4.06679466667 288.571278734
-4.061792 288.503943937
-4.05678933333 288.636347531
-4.05178666667 288.540173541
-4.046784 288.641898758
-4.04178133333 288.568503399
-4.03677866667 288.688317627
-4.031776 288.632292241
-4.02677333333 288.748161972
-4.02177066667 288.697622921
-4.016768 288.856320521
-4.01176533333 288.724876832
-4.00676266667 288.881398341
-4.00176 288.793835999
-3.99675733333 288.958098712
-3.99175466667 288.857968522
-3.986752 288.969733884
-3.98174933333 288.860082227
-3.97674666667 289.014667154
-3.971744 288.874895027
-3.96674133333 288.999531421
-3.96173866667 288.920772681
-3.956736 289.04164146
-3.95173333333 288.934377398
-3.94673066667 289.019173447
-3.941728 288.923946496
-3.93672533333 289.083744724
-3.93172266667 288.980935843
-3.92672 289.063077829
-3.92171733333 289.02051171
-3.91671466667 289.163520548
-3.911712 289.067129924
-3.90670933333 289.148460871
-3.90170666667 289.072975228
-3.896704 289.204157083
-3.89170133333 289.101744876
-3.88669866667 289.188533258
-3.881696 289.104710057
-3.87669333333 289.257586926
-3.87169066667 289.114927667
-3.866688 289.209313614
-3.86168533333 289.099330316
-3.85668266667 289.207830506
-3.85168 289.13044396
-3.84667733333 289.244423488
-3.84167466667 289.085261436
-3.836672 289.28033034
-3.83166933333 289.144362843
-3.82666666667 289.296734938
-3.821664 289.169110162
-3.81666133333 289.292101689
-3.81165866667 289.210868311
-3.806656 289.325261075
-3.80165333333 289.235114303
-3.79665066667 289.405668033
-3.791648 289.326313191
-3.78664533333 289.421653028
-3.78164266667 289.388385206
-3.77664 289.567446593
-3.77163733333 289.468161384
-3.76663466667 289.619377158
-3.761632 289.478439141
-3.75662933333 289.639453987
-3.75162666667 289.52278366
-3.746624 289.650778034
-3.74162133333 289.55790251
-3.73661866667 289.627252411
-3.731616 289.542139945
-3.72661333333 289.66370148
-3.72161066667 289.579555736
-3.716608 289.704558677
-3.71160533333 289.594971353
-3.70660266667 289.724689114
-3.7016 289.606221361
-3.69659733333 289.74336608
-3.69159466667 289.659934203
-3.686592 289.776928821
-3.68158933333 289.646588665
-3.67658666667 289.783986911
-3.671584 289.624503776
-3.66658133333 289.715101487
-3.66157866667 289.481110359
-3.656576 289.656466443
-3.65157333333 289.530008209
-3.64657066667 289.634790996
-3.641568 289.506318679
-3.63656533333 289.604696442
-3.63156266667 289.520162351
-3.62656 289.641954115
-3.62155733333 289.519983141
-3.61655466667 289.633528964
-3.611552 289.489084024
-3.60654933333 289.622646383
-3.60154666667 289.461357365
-3.596544 289.580652421
-3.59154133333 289.426297508
-3.58653866667 289.497388482
-3.581536 289.32523516
-3.57653333333 289.38991176
-3.57153066667 289.202769923
-3.566528 289.263201077
-3.56152533333 289.07088048
-3.55652266667 289.143347901
-3.55152 288.942124579
-3.54651733333 289.004294108
-3.54151466667 288.822538355
-3.536512 288.8252203
-3.53150933333 288.681018207
-3.52650666667 288.735693488
-3.521504 288.560145423
-3.51650133333 288.646772625
-3.51149866667 288.42617467
-3.506496 288.454768557
-3.50149333333 288.253852178
-3.49649066667 288.332104672
-3.491488 288.145258799
-3.48648533333 288.174447133
-3.48148266667 287.99191683
-3.47648 288.08787664
-3.47147733333 287.87186284
-3.46647466667 287.927527748
-3.461472 287.70003087
-3.45646933333 287.851447474
-3.45146666667 287.626281009
-3.446464 287.740554599
-3.44146133333 287.60438537
-3.43645866667 287.692494938
-3.431456 287.551649188
-3.42645333333 287.641928967
-3.42145066667 287.54831619
-3.416448 287.681030435
-3.41144533333 287.508801444
-3.40644266667 287.610029443
-3.40144 287.47445046
-3.39643733333 287.597436099
-3.39143466667 287.512759553
-3.386432 287.592460736
-3.38142933333 287.509951301
-3.37642666667 287.635650613
-3.371424 287.52143729
-3.36642133333 287.599229742
-3.36141866667 287.520716862
-3.356416 287.663163134
-3.35141333333 287.517345277
-3.34641066667 287.65020137
-3.341408 287.538561564
-3.33640533333 287.634087751
-3.33140266667 287.560118966
-3.3264 287.719387664
-3.32139733333 287.605723457
-3.31639466667 287.741549971
-3.311392 287.613517695
-3.30638933333 287.765837797
-3.30138666667 287.622022169
-3.296384 287.788421452
-3.29138133333 287.675773768
-3.28637866667 287.852981851
-3.281376 287.758742721
-3.27637333333 287.935676819
-3.27137066667 287.88414098
-3.266368 287.969103613
-3.26136533333 287.900879461
-3.25636266667 288.061706312
-3.25136 287.96112963
-3.24635733333 288.102453425
-3.24135466667 288.02379267
-3.236352 288.192709071
-3.23134933333 288.114714814
-3.22634666667 288.29320685
-3.221344 288.215834769
-3.21634133333 288.359476057
-3.21133866667 288.294668118
-3.206336 288.450709297
-3.20133333333 288.295100034
-3.19633066667 288.407134099
-3.191328 288.317865748
-3.18632533333 288.465441481
-3.18132266667 288.33008927
-3.17632 288.482391782
-3.17131733333 288.375182253
-3.16631466667 288.478799648
-3.161312 288.37543718
-3.15630933333 288.543183576
-3.15130666667 288.420205668
-3.146304 288.575315614
-3.14130133333 288.441997171
-3.13629866667 288.629327332
-3.131296 288.541669441
-3.12629333333 288.625134274
-3.12129066667 288.526308875
-3.116288 288.658727413
-3.11128533333 288.555779388
-3.10628266667 288.686749364
-3.10128 288.574520997
-3.09627733333 288.692564132
-3.09127466667 288.629327571
-3.086272 288.724664398
-3.08126933333 288.607397232
-3.07626666667 288.757729648
-3.071264 288.626831933
-3.06626133333 288.750018129
-3.06125866667 288.656346989
-3.056256 288.795660395
-3.05125333333 288.6413613
-3.04625066667 288.755724708
-3.041248 288.65238491
-3.03624533333 288.774216444
-3.03124266667 288.630917065
-3.02624 288.721947462
-3.02123733333 288.655408277
-3.01623466667 288.776001168
-3.011232 288.674125921
-3.00622933333 288.80308131
-3.00122666667 288.678052962
-2.996224 288.80226445
-2.99122133333 288.706635751
-2.98621866667 288.784159177
-2.981216 288.644964199
-2.97621333333 288.746205947
-2.97121066667 288.617172646
-2.966208 288.681042728
-2.96120533333 288.572968324
-2.95620266667 288.712888716
-2.9512 288.500898545
-2.94619733333 288.605083266
-2.94119466667 288.477304012
-2.936192 288.584081062
-2.93118933333 288.447922967
-2.92618666667 288.496011969
-2.921184 288.388619006
-2.91618133333 288.502730652
-2.91117866667 288.347229713
-2.906176 288.406336303
-2.90117333333 288.261524289
-2.89617066667 288.416487858
-2.891168 288.239182334
-2.88616533333 288.347947289
-2.88116266667 288.175648023
-2.87616 288.251892599
-2.87115733333 288.115549231
-2.86615466667 288.193065938
-2.861152 288.037071017
-2.85614933333 288.119127841
-2.85114666667 287.950072268
-2.846144 288.014363604
-2.84114133333 287.915838467
-2.83613866667 288.002882007
-2.831136 287.859271276
-2.82613333333 288.020027319
-2.82113066667 287.868757168
-2.816128 287.961910358
-2.81112533333 287.861061438
-2.80612266667 287.981260447
-2.80112 287.817453896
-2.79611733333 287.960198901
-2.79111466667 287.85653512
-2.786112 287.990894911
-2.78110933333 287.851921447
-2.77610666667 287.962099915
-2.771104 287.871587359
-2.76610133333 287.965767647
-2.76109866667 287.872182557
-2.756096 287.959716875
-2.75109333333 287.843165475
-2.74609066667 288.004993203
-2.741088 287.944277874
-2.73608533333 288.062256552
-2.73108266667 287.959259388
-2.72608 288.069920245
-2.72107733333 287.962739518
-2.71607466667 288.107389538
-2.711072 287.994626444
-2.70606933333 288.121088779
-2.70106666667 288.020218674
-2.696064 288.159548388
-2.69106133333 288.020142361
-2.68605866667 288.159079473
-2.681056 288.003125288
-2.67605333333 288.148863915
-2.67105066667 287.987499564
-2.666048 288.050204186
-2.66104533333 287.9675486
-2.65604266667 288.123190625
-2.65104 287.949412078
-2.64603733333 288.078330711
-2.64103466667 287.95083866
-2.636032 288.082867193
-2.63102933333 287.946749389
-2.62602666667 288.069613736
-2.621024 287.942447008
-2.61602133333 288.053557788
-2.61101866667 287.929290661
-2.606016 288.007890705
-2.60101333333 287.878158323
-2.59601066667 287.963681821
-2.591008 287.828661873
-2.58600533333 287.921944094
-2.58100266667 287.785599643
-2.576 287.888465863
-2.57099733333 287.74599131
-2.56599466667 287.817320062
-2.560992 287.730323014
-2.55598933333 287.952315511
-2.55098666667 287.735614675
-2.545984 287.866637184
-2.54098133333 287.758768619
-2.53597866667 287.862544241
-2.530976 287.809341181
-2.52597333333 287.895994265
-2.52097066667 287.85132205
-2.515968 288.011181409
-2.51096533333 287.950793437
-2.50596266667 288.094626404
-2.50096 288.016073797
-2.49595733333 288.143952051
-2.49095466667 288.099114365
-2.485952 288.268558666
-2.48094933333 288.189358823
-2.47594666667 288.361393856
-2.470944 288.287645087
-2.46594133333 288.437377222
-2.46093866667 288.359390067
-2.455936 288.544448212
-2.45093333333 288.430048965
-2.44593066667 288.604289696
-2.440928 288.556523142
-2.43592533333 288.740555223
-2.43092266667 288.650644119
-2.42592 288.816694512
-2.42091733333 288.774098491
-2.41591466667 288.978709875
-2.410912 288.89534579
-2.40590933333 289.077771335
-2.40090666667 289.039383279
-2.395904 289.231769883
-2.39090133333 289.16566861
-2.38589866667 289.382851623
-2.380896 289.355968698
-2.37589333333 289.531134464
-2.37089066667 289.498494124
-2.365888 289.641595888
-2.36088533333 289.631763598
-2.35588266667 289.827557301
-2.35088 289.746321648
-2.34587733333 289.864155406
-2.34087466667 289.811710864
-2.335872 289.951122619
-2.33086933333 289.840064836
-2.32586666667 289.979363795
-2.320864 289.888113438
-2.31586133333 290.023431977
-2.31085866667 289.945026657
-2.305856 290.076219209
-2.30085333333 289.981487825
-2.29585066667 290.104008128
-2.290848 290.003357169
-2.28584533333 290.109894242
-2.28084266667 290.090966975
-2.27584 290.129722056
-2.27083733333 290.092658553
-2.26583466667 290.244114793
-2.260832 290.127276247
-2.25582933333 290.248211261
-2.25082666667 290.180903959
-2.245824 290.261785717
-2.24082133333 290.207772227
-2.23581866667 290.307302262
-2.230816 290.227263648
-2.22581333333 290.335771606
-2.22081066667 290.311289809
-2.215808 290.435083816
-2.21080533333 290.364704249
-2.20580266667 290.47470033
-2.2008 290.397261916
-2.19579733333 290.507467468
-2.19079466667 290.429961025
-2.185792 290.52600511
-2.18078933333 290.455107465
-2.17578666667 290.55667782
-2.170784 290.452958364
-2.16578133333 290.573821878
-2.16077866667 290.452982935
-2.155776 290.564895396
-2.15077333333 290.50878864
-2.14577066667 290.571432106
-2.140768 290.498941931
-2.13576533333 290.642046574
-2.13076266667 290.520188366
-2.12576 290.660647182
-2.12075733333 290.583249525
-2.11575466667 290.671902925
-2.110752 290.625043174
-2.10574933333 290.74019498
-2.10074666667 290.666199147
-2.095744 290.793930288
-2.09074133333 290.668420021
-2.08573866667 290.809488455
-2.080736 290.728032237
-2.07573333333 290.830866681
-2.07073066667 290.71588159
-2.065728 290.872765985
-2.06072533333 290.743190156
-2.05572266667 290.880856373
-2.05072 290.786654411
-2.04571733333 290.886737301
-2.04071466667 290.788400558
-2.035712 290.904248258
-2.03070933333 290.775194179
-2.02570666667 290.893295046
-2.020704 290.788664725
-2.01570133333 290.846460863
-2.01069866667 290.781450002
-2.005696 290.876525446
-2.00069333333 290.779830605
-1.99569066667 290.874116588
-1.990688 290.778491403
-1.98568533333 290.889424767
-1.98068266667 290.785146243
-1.97568 290.895841513
-1.97067733333 290.74169631
-1.96567466667 290.777212662
-1.960672 290.7496364
-1.95566933333 290.809704527
-1.95066666667 290.709311418
-1.945664 290.780521731
-1.94066133333 290.714788624
-1.93565866667 290.776448011
-1.930656 290.675172717
-1.92565333333 290.775556238
-1.92065066667 290.716700796
-1.915648 290.795642388
-1.91064533333 290.764699997
-1.90564266667 290.815442023
-1.90064 290.76164863
-1.89563733333 290.847530204
-1.89063466667 290.740255172
-1.885632 290.794927796
-1.88062933333 290.721615718
-1.87562666667 290.800607788
-1.870624 290.723563313
-1.86562133333 290.789618822
-1.86061866667 290.766777286
-1.855616 290.804245472
-1.85061333333 290.702781151
-1.84561066667 290.833232782
-1.840608 290.735000736
-1.83560533333 290.806149668
-1.83060266667 290.66754665
-1.8256 290.752989771
-1.82059733333 290.660128116
-1.81559466667 290.722310044
-1.810592 290.631969606
-1.80558933333 290.620523041
-1.80058666667 290.587918594
-1.795584 290.613450871
-1.79058133333 290.512634814
-1.78557866667 290.552849632
-1.780576 290.460921843
-1.77557333333 290.420526636
-1.77057066667 290.289064838
-1.765568 290.323608747
-1.76056533333 290.242781692
-1.75556266667 290.218358243
-1.75056 290.175563442
-1.74555733333 290.197206339
-1.74055466667 290.167083681
-1.735552 290.2261327
-1.73054933333 290.202928437
-1.72554666667 290.32494919
-1.720544 290.326202118
-1.71554133333 290.518403856
-1.71053866667 290.551951887
-1.705536 290.768244357
-1.70053333333 290.873773463
-1.69553066667 291.055618061
-1.690528 291.07610728
-1.68552533333 291.246707227
-1.68052266667 291.273025818
-1.67552 291.398092366
-1.67051733333 291.400433706
-1.66551466667 291.547000085
-1.660512 291.663164045
-1.65550933333 291.72938405
-1.65050666667 291.722506778
-1.645504 291.87733616
-1.64050133333 291.901498665
-1.63549866667 292.016617678
-1.630496 292.051498304
-1.62549333333 292.159917336
-1.62049066667 292.177668807
-1.615488 292.276733473
-1.61048533333 292.276889882
-1.60548266667 292.394128197
-1.60048 292.438766834
-1.59547733333 292.597608991
-1.59047466667 292.64471347
-1.585472 292.740653883
-1.58046933333 292.814717245
-1.57546666667 292.929613934
-1.570464 292.962352694
-1.56546133333 293.04833011
-1.56045866667 293.085836116
-1.555456 293.151291348
-1.55045333333 293.114057709
-1.54545066667 293.194105951
-1.540448 293.196058171
-1.53544533333 293.219208582
-1.53044266667 293.179493193
-1.52544 293.208855267
-1.52043733333 293.21990785
-1.51543466667 293.233816381
-1.510432 293.173241671
-1.50542933333 293.213720151
-1.50042666667 293.221802552
-1.495424 293.181872269
-1.49042133333 293.125972225
-1.48541866667 293.128416599
-1.480416 293.04270972
-1.47541333333 293.057693909
-1.47041066667 293.019281538
-1.465408 293.033976197
-1.46040533333 292.963446187
-1.45540266667 292.991619964
-1.4504 292.919471722
-1.44539733333 292.919901789
-1.44039466667 292.873884535
-1.435392 292.898642243
-1.43038933333 292.818536612
-1.42538666667 292.820192925
-1.420384 292.833850057
-1.41538133333 292.857999376
-1.41037866667 292.826767908
-1.405376 292.849109921
-1.40037333333 292.872547129
-1.39537066667 292.836252555
-1.390368 292.82375179
-1.38536533333 292.855605849
-1.38036266667 292.838017808
-1.37536 292.895849596
-1.37035733333 292.889998302
-1.36535466667 292.89517762
-1.360352 292.93587053
-1.35534933333 292.958845733
-1.35034666667 292.912320074
-1.345344 293.000700946
-1.34034133333 293.001128086
-1.33533866667 293.012704799
-1.330336 293.004821295
-1.32533333333 293.011747468
-1.32033066667 293.010247318
-1.315328 293.071274625
-1.31032533333 293.052562587
-1.30532266667 293.011881997
-1.30032 293.021833025
-1.29531733333 293.007396537
-1.29031466667 292.980965463
-1.285312 292.954067687
-1.28030933333 292.978722915
-1.27530666667 292.999637276
-1.270304 292.974754547
-1.26530133333 292.93625158
-1.26029866667 292.938474329
-1.255296 292.98547816
-1.25029333333 292.932969089
-1.24529066667 292.956293258
-1.240288 293.027591048
-1.23528533333 293.066829065
-1.23028266667 293.091234712
-1.22528 293.141179609
-1.22027733333 293.182834355
-1.21527466667 293.229915143
-1.210272 293.286848912
-1.20526933333 293.278544836
-1.20026666667 293.317503133
-1.195264 293.302785739
-1.19026133333 293.296275907
-1.18525866667 293.277909866
-1.180256 293.259434788
-1.17525333333 293.221414566
-1.17025066667 293.218629831
-1.165248 293.17690914
-1.16024533333 293.133931434
-1.15524266667 293.047917072
-1.15024 292.985609581
-1.14523733333 292.87019277
-1.14023466667 292.850874091
-1.135232 292.798246653
-1.13022933333 292.676936193
-1.12522666667 292.627069939
-1.120224 292.598011099
-1.11522133333 292.499027207
-1.11021866667 292.427450622
-1.105216 292.33732383
-1.10021333333 292.245354252
-1.09521066667 292.110245763
-1.090208 291.966591563
-1.08520533333 291.819909305
-1.08020266667 291.737230059
-1.0752 291.606781739
-1.07019733333 291.506092113
-1.06519466667 291.330255538
-1.060192 291.262728382
-1.05518933333 291.123054724
-1.05018666667 290.959224216
-1.045184 290.910635331
-1.04018133333 290.850628082
-1.03517866667 290.706284689
-1.030176 290.629485653
-1.02517333333 290.501806872
-1.02017066667 290.459443323
-1.015168 290.390768782
-1.01016533333 290.360636627
-1.00516266667 290.265684086
-1.00016 290.235155835
-0.995157333333 290.161927461
-0.990154666667 290.123092244
-0.985152 290.03124865
-0.980149333333 290.004646786
-0.975146666667 289.978531701
-0.970144 289.91149989
-0.965141333333 289.807388378
-0.960138666667 289.791067991
-0.955136 289.765388887
-0.950133333333 289.744740232
-0.945130666667 289.654457135
-0.940128 289.681716893
-0.935125333333 289.581061404
-0.930122666667 289.563472869
-0.92512 289.515919896
-0.920117333333 289.532672271
-0.915114666667 289.438041511
-0.910112 289.492567299
-0.905109333333 289.391801311
-0.900106666667 289.38452577
-0.895104 289.303672826
-0.890101333333 289.315417142
-0.885098666667 289.233595439
-0.880096 289.247166969
-0.875093333333 289.164215415
-0.870090666667 289.168942763
-0.865088 289.121663845
-0.860085333333 289.172748334
-0.855082666667 289.089856341
-0.85008 289.081340671
-0.845077333333 289.017959121
-0.840074666667 289.05815441
-0.835072 289.000301962
-0.830069333333 289.006292988
-0.825066666667 288.950936227
-0.820064 289.023376522
-0.815061333333 288.954863677
-0.810058666667 288.951216408
-0.805056 288.902406715
-0.800053333333 288.984490088
-0.795050666667 288.896866676
-0.790048 288.930904592
-0.785045333333 288.855938184
-0.780042666667 288.95356138
-0.77504 288.862319524
-0.770037333333 288.889183839
-0.765034666667 288.804479951
-0.760032 288.887596361
-0.755029333333 288.813007733
-0.750026666667 288.792878054
-0.745024 288.733902398
-0.740021333333 288.76440928
-0.735018666667 288.727121815
-0.730016 288.794675451
-0.725013333333 288.699358625
-0.720010666667 288.763213724
-0.715008 288.713667816
-0.710005333333 288.720439567
-0.705002666667 288.667901453
-0.7 288.755745134
-0.694997333333 288.678357222
-0.689994666667 288.716755654
-0.684992 288.673252707
-0.679989333333 288.762624027
-0.674986666667 288.684452606
-0.669984 288.752186806
-0.664981333333 288.634095438
-0.659978666667 288.710588757
-0.654976 288.672895598
-0.649973333333 288.725044039
-0.644970666667 288.628180526
-0.639968 288.737683318
-0.634965333333 288.646779617
-0.629962666667 288.703779493
-0.62496 288.609864115
-0.619957333333 288.667813363
-0.614954666667 288.590175599
-0.609952 288.651260927
-0.604949333333 288.557433142
-0.599946666667 288.622437146
-0.594944 288.574171376
-0.589941333333 288.630961339
-0.584938666667 288.548672955
-0.579936 288.629113708
-0.574933333333 288.573294856
-0.569930666667 288.603604215
-0.564928 288.496547625
-0.559925333333 288.607260659
-0.554922666667 288.557287084
-0.54992 288.628803598
-0.544917333333 288.533575216
-0.539914666667 288.612065635
-0.534912 288.571271608
-0.529909333333 288.63195546
-0.524906666667 288.540764739
-0.519904 288.563386629
-0.514901333333 288.537195308
-0.509898666667 288.623003699
-0.504896 288.559449603
-0.499893333333 288.623804226
-0.494890666667 288.532347548
-0.489888 288.599103957
-0.484885333333 288.511643891
-0.479882666667 288.574891332
-0.47488 288.535689904
-0.469877333333 288.622068046
-0.464874666667 288.529361801
-0.459872 288.594358941
-0.454869333333 288.57314115
-0.449866666667 288.660147421
-0.444864 288.553278046
-0.439861333333 288.682273469
-0.434858666667 288.591347685
-0.429856 288.605155697
-0.424853333333 288.593893593
-0.419850666667 288.694649342
-0.414848 288.600666821
-0.409845333333 288.71273313
-0.404842666667 288.631881921
-0.39984 288.721571365
-0.394837333333 288.624583965
-0.389834666667 288.680132961
-0.384832 288.607156277
-0.379829333333 288.745588473
-0.374826666667 288.60918238
-0.369824 288.712537417
-0.364821333333 288.628945376
-0.359818666667 288.704146616
-0.354816 288.656628319
-0.349813333333 288.723560184
-0.344810666667 288.653784516
-0.339808 288.744612527
-0.334805333333 288.640091731
-0.329802666667 288.721974565
-0.3248 288.60550262
-0.319797333333 288.673340001
-0.314794666667 288.621623176
-0.309792 288.703065281
-0.304789333333 288.591041174
-0.299786666667 288.735815227
-0.294784 288.618618083
-0.289781333333 288.696530968
-0.284778666667 288.638277355
-0.279776 288.716985977
-0.274773333333 288.604902195
-0.269770666667 288.726311167
-0.264768 288.551542363
-0.259765333333 288.695437675
-0.254762666667 288.556315349
-0.24976 288.686796156
-0.244757333333 288.508881379
-0.239754666667 288.663918123
-0.234752 288.566271032
-0.229749333333 288.632386153
-0.224746666667 288.520404169
-0.219744 288.617635769
-0.214741333333 288.52722104
-0.209738666667 288.585068786
-0.204736 288.482053787
-0.199733333333 288.608998701
-0.194730666667 288.517001685
-0.189728 288.609232748
-0.184725333333 288.492463354
-0.179722666667 288.589282385
-0.17472 288.509546346
-0.169717333333 288.582209878
-0.164714666667 288.474732056
-0.159712 288.595781962
-0.154709333333 288.517375588
-0.149706666667 288.557260984
-0.144704 288.46493185
-0.139701333333 288.613757164
-0.134698666667 288.483614092
-0.129696 288.584319204
-0.124693333333 288.467749712
-0.119690666667 288.653590199
-0.114688 288.498646896
-0.109685333333 288.556199138
-0.104682666667 288.471462532
-0.09968 288.652963862
-0.0946773333333 288.516223844
-0.0896746666667 288.642546961
-0.084672 288.512602186
-0.0796693333333 288.628653326
-0.0746666666667 288.512617594
-0.069664 288.653929356
-0.0646613333333 288.565735819
-0.0596586666667 288.707217089
-0.054656 288.600305687
-0.0496533333333 288.695396223
-0.0446506666667 288.571765345
-0.039648 288.670019384
-0.0346453333333 288.575123213
-0.0296426666667 288.686851471
-0.02464 288.583764436
-0.0196373333333 288.725584995
-0.0146346666667 288.604682697
-0.009632 288.727098023
-0.00462933333333 288.576066349
