-9.99995733333 302.668701985
-9.99495466667 302.616508738
-9.989952 302.779416094
-9.98494933333 302.753633145
-9.97994666667 302.858424108
-9.974944 302.775638792
-9.96994133333 302.886664168
-9.96493866667 302.842232968
-9.959936 302.996829288
-9.95493333333 302.911781017
-9.94993066667 303.015540175
-9.944928 303.007720132
-9.93992533333 303.09882472
-9.93492266667 303.077097089
-9.92992 303.142949722
-9.92491733333 303.150000793
-9.91991466667 303.24424004
-9.914912 303.223624249
-9.90990933333 303.30921608
-9.90490666667 303.230670133
-9.899904 303.386500483
-9.89490133333 303.285690414
-9.88989866667 303.414817803
-9.884896 303.389706825
-9.87989333333 303.457488396
-9.87489066667 303.413357332
-9.869888 303.501148699
-9.86488533333 303.483857203
-9.85988266667 303.543245278
-9.85488 303.484164478
-9.84987733333 303.590612434
-9.84487466667 303.520235821
-9.839872 303.610863919
-9.83486933333 303.514657318
-9.82986666667 303.614705821
-9.824864 303.54523387
-9.81986133333 303.615404638
-9.81485866667 303.535719814
-9.809856 303.581179737
-9.80485333333 303.519858316
-9.79985066667 303.582225683
-9.794848 303.475756062
-9.78984533333 303.510990422
-9.78484266667 303.413504991
-9.77984 303.408778508
-9.77483733333 303.300633339
-9.76983466667 303.297852376
-9.764832 303.185565479
-9.75982933333 303.16579008
-9.75482666667 302.981852473
-9.749824 302.980823411
-9.74482133333 302.854974975
-9.73981866667 302.858999679
-9.734816 302.70418942
-9.72981333333 302.715674791
-9.72481066667 302.600894975
-9.719808 302.644968996
-9.71480533333 302.498870059
-9.70980266667 302.572382672
-9.7048 302.484413507
-9.69979733333 302.54526787
-9.69479466667 302.426930904
-9.689792 302.485847886
-9.68478933333 302.388027129
-9.67978666667 302.466058944
-9.674784 302.299015918
-9.66978133333 302.418284788
-9.66477866667 302.36519571
-9.659776 302.443726274
-9.65477333333 302.3670654
-9.64977066667 302.439883722
-9.644768 302.377564103
-9.63976533333 302.483878981
-9.63476266667 302.428932917
-9.62976 302.522777199
-9.62475733333 302.473357056
-9.61975466667 302.543324822
-9.614752 302.471806319
-9.60974933333 302.558276012
-9.60474666667 302.517058038
-9.599744 302.675196845
-9.59474133333 302.56022608
-9.58973866667 302.667257685
-9.584736 302.689458207
-9.57973333333 302.815993015
-9.57473066667 302.784040179
-9.569728 302.920564677
-9.56472533333 302.967144566
-9.55972266667 303.095652745
-9.55472 303.059060946
-9.54971733333 303.271646736
-9.54471466667 303.308648519
-9.539712 303.498252102
-9.53470933333 303.523822429
-9.52970666667 303.759377653
-9.524704 303.80784739
-9.51970133333 304.015907786
-9.51469866667 304.055424353
-9.509696 304.281072731
-9.50469333333 304.359012432
-9.49969066667 304.556986258
-9.494688 304.641737317
-9.48968533333 304.875154499
-9.48468266667 304.957528464
-9.47968 305.195858004
-9.47467733333 305.283871591
-9.46967466667 305.558215541
-9.464672 305.672356814
-9.45966933333 305.95116065
-9.45466666667 306.074589088
-9.449664 306.353091333
-9.44466133333 306.441455827
-9.43965866667 306.749285664
-9.434656 306.934301053
-9.42965333333 307.24387089
-9.42465066667 307.406438153
-9.419648 307.751225546
-9.41464533333 307.85143368
-9.40964266667 308.166900803
-9.40464 308.295436902
-9.39963733333 308.574236456
-9.39463466667 308.642494527
-9.389632 308.861414567
-9.38462933333 308.940377549
-9.37962666667 309.098132977
-9.374624 309.140321834
-9.36962133333 309.327275365
-9.36461866667 309.338612708
-9.359616 309.537638471
-9.35461333333 309.49945506
-9.34961066667 309.737852039
-9.344608 309.704242348
-9.33960533333 309.897051361
-9.33460266667 309.876522225
-9.3296 310.00205951
-9.32459733333 309.97638538
-9.31959466667 310.11025504
-9.314592 310.014309115
-9.30958933333 310.13946005
-9.30458666667 310.100613638
-9.299584 310.232597867
-9.29458133333 310.187143337
-9.28957866667 310.267266965
-9.284576 310.233362619
-9.27957333333 310.346708352
-9.27457066667 310.230146525
-9.269568 310.336745775
-9.26456533333 310.257094466
-9.25956266667 310.308352301
-9.25456 310.146276848
-9.24955733333 310.307774053
-9.24455466667 310.201306678
-9.239552 310.259015801
-9.23454933333 310.108836942
-9.22954666667 310.168004536
-9.224544 310.110728224
-9.21954133333 310.174641905
-9.21453866667 310.07253897
-9.209536 310.125662606
-9.20453333333 310.073660073
-9.19953066667 310.120451915
-9.194528 310.038719611
-9.18952533333 310.073453233
-9.18452266667 309.981090016
-9.17952 310.081939747
-9.17451733333 309.970402138
-9.16951466667 310.061776664
-9.164512 310.023836498
-9.15950933333 310.069299385
-9.15450666667 309.938482086
-9.149504 310.026540435
-9.14450133333 309.904967831
-9.13949866667 309.981899881
-9.134496 309.933686808
-9.12949333333 309.947067959
-9.12449066667 309.869151947
-9.119488 309.873228396
-9.11448533333 309.751184699
-9.10948266667 309.838662638
-9.10448 309.719886404
-9.09947733333 309.800054912
-9.09447466667 309.653896199
-9.089472 309.732446261
-9.08446933333 309.650201753
-9.07946666667 309.723377566
-9.074464 309.577431209
-9.06946133333 309.641506107
-9.06445866667 309.540770174
-9.059456 309.590664492
-9.05445333333 309.46386688
-9.04945066667 309.515653431
-9.044448 309.441884837
-9.03944533333 309.434913939
-9.03444266667 309.326414892
-9.02944 309.392234501
-9.02443733333 309.290309039
-9.01943466667 309.323092369
-9.014432 309.189338111
-9.00942933333 309.226007371
-9.00442666667 309.132027731
-8.999424 309.128012381
-8.99442133333 308.956175216
-8.98941866667 308.956705927
-8.984416 308.792324693
-8.97941333333 308.737879044
-8.97441066667 308.525921714
-8.969408 308.527228736
-8.96440533333 308.368007885
-8.95940266667 308.364203106
-8.9544 308.08719447
-8.94939733333 308.075407235
-8.94439466667 307.920105387
-8.939392 307.854826554
-8.93438933333 307.632179548
-8.92938666667 307.618449724
-8.924384 307.449105216
-8.91938133333 307.446344586
-8.91437866667 307.273821523
-8.909376 307.237801549
-8.90437333333 307.104192853
-8.89937066667 307.105310567
-8.894368 306.895757092
-8.88936533333 306.8451663
-8.88436266667 306.692639891
-8.87936 306.703573614
-8.87435733333 306.535209244
-8.86935466667 306.479671472
-8.864352 306.365210138
-8.85934933333 306.324912687
-8.85434666667 306.139245903
-8.849344 306.160883262
-8.84434133333 305.925687454
-8.83933866667 305.948279633
-8.834336 305.6746002
-8.82933333333 305.656021494
-8.82433066667 305.448295537
-8.819328 305.397793381
-8.81432533333 305.166192358
-8.80932266667 305.12351199
-8.80432 304.917018164
-8.79931733333 304.79299193
-8.79431466667 304.569465561
-8.789312 304.516935677
-8.78430933333 304.35462343
-8.77930666667 304.324525055
-8.774304 304.150428879
-8.76930133333 304.100811059
-8.76429866667 303.973254424
-8.759296 303.989286017
-8.75429333333 303.804623782
-8.74929066667 303.809707957
-8.744288 303.661147681
-8.73928533333 303.640332292
-8.73428266667 303.440400661
-8.72928 303.454625145
-8.72427733333 303.297564711
-8.71927466667 303.290565867
-8.714272 303.127542134
-8.70926933333 303.134301139
-8.70426666667 302.98241764
-8.699264 302.984439087
-8.69426133333 302.822707847
-8.68925866667 302.877491177
-8.684256 302.703246766
-8.67925333333 302.761593393
-8.67425066667 302.57595557
-8.669248 302.611545765
-8.66424533333 302.477760593
-8.65924266667 302.520451143
-8.65424 302.342240717
-8.64923733333 302.372102201
-8.64423466667 302.265266937
-8.639232 302.310256928
-8.63422933333 302.157693482
-8.62922666667 302.168811418
-8.624224 302.045861948
-8.61922133333 302.067935838
-8.61421866667 301.922371673
-8.609216 301.971671205
-8.60421333333 301.901516741
-8.59921066667 301.943992284
-8.594208 301.784589233
-8.58920533333 301.84655163
-8.58420266667 301.741377934
-8.5792 301.7603899
-8.57419733333 301.646313751
-8.56919466667 301.699475641
-8.564192 301.571739536
-8.55918933333 301.560155816
-8.55418666667 301.463270808
-8.549184 301.507691067
-8.54418133333 301.329564064
-8.53917866667 301.375159734
-8.534176 301.218503823
-8.52917333333 301.228510834
-8.52417066667 301.097121069
-8.519168 301.15937669
-8.51416533333 300.973568828
-8.50916266667 301.000953309
-8.50416 300.846218067
-8.49915733333 300.857695173
-8.49415466667 300.710438581
-8.489152 300.739028176
-8.48414933333 300.639654953
-8.47914666667 300.670886739
-8.474144 300.505064416
-8.46914133333 300.519146189
-8.46413866667 300.427153225
-8.459136 300.398780354
-8.45413333333 300.259186858
-8.44913066667 300.296885425
-8.444128 300.209559907
-8.43912533333 300.253813305
-8.43412266667 300.099417311
-8.42912 300.169081929
-8.42411733333 300.041164889
-8.41911466667 300.090210123
-8.414112 300.00024824
-8.40910933333 300.041195246
-8.40410666667 299.870130317
-8.399104 299.937254724
-8.39410133333 299.83051372
-8.38909866667 299.883881845
-8.384096 299.794136061
-8.37909333333 299.809410014
-8.37409066667 299.674424532
-8.369088 299.701805724
-8.36408533333 299.624947959
-8.35908266667 299.693309821
-8.35408 299.54485131
-8.34907733333 299.632318771
-8.34407466667 299.577928772
-8.339072 299.635690565
-8.33406933333 299.519546697
-8.32906666667 299.618704195
-8.324064 299.555992738
-8.31906133333 299.610397619
-8.31405866667 299.552597583
-8.309056 299.609945344
-8.30405333333 299.53985217
-8.29905066667 299.643003579
-8.294048 299.528656858
-8.28904533333 299.596792699
-8.28404266667 299.58659115
-8.27904 299.649048735
-8.27403733333 299.575999573
-8.26903466667 299.617489896
-8.264032 299.545912525
-8.25902933333 299.622078719
-8.25402666667 299.519627261
-8.249024 299.61196476
-8.24402133333 299.553471582
-8.23901866667 299.694945428
-8.234016 299.579064652
-8.22901333333 299.734005121
-8.22401066667 299.697780838
-8.219008 299.753951383
-8.21400533333 299.691052275
-8.20900266667 299.790415208
-8.204 299.698313031
-8.19899733333 299.82607374
-8.19399466667 299.742306112
-8.188992 299.877009066
-8.18398933333 299.798878934
-8.17898666667 299.884011034
-8.173984 299.824331199
-8.16898133333 299.946328957
-8.16397866667 299.867943794
-8.158976 299.969794979
-8.15397333333 299.880461103
-8.14897066667 299.98682262
-8.143968 299.956420382
-8.13896533333 300.063318531
-8.13396266667 299.982342198
-8.12896 300.099516042
-8.12395733333 300.099804159
-8.11895466667 300.16840212
-8.113952 300.081212987
-8.10894933333 300.204991823
-8.10394666667 300.153707478
-8.098944 300.287775102
-8.09394133333 300.208785886
-8.08893866667 300.304940679
-8.083936 300.253659576
-8.07893333333 300.398742075
-8.07393066667 300.275011277
-8.068928 300.404254418
-8.06392533333 300.357446175
-8.05892266667 300.465542677
-8.05392 300.357471746
-8.04891733333 300.427893171
-8.04391466667 300.334137178
-8.038912 300.423858339
-8.03390933333 300.282043042
-8.02890666667 300.40527532
-8.023904 300.302505771
-8.01890133333 300.373463161
-8.01389866667 300.27329161
-8.008896 300.399852516
-8.00389333333 300.340418407
-7.99889066667 300.40062548
-7.993888 300.29636962
-7.98888533333 300.413218838
-7.98388266667 300.366274554
-7.97888 300.42703531
-7.97387733333 300.317310963
-7.96887466667 300.46192201
-7.963872 300.407326391
-7.95886933333 300.509710101
-7.95386666667 300.430990903
-7.948864 300.539337349
-7.94386133333 300.509469468
-7.93885866667 300.620166136
-7.933856 300.513279475
-7.92885333333 300.629050154
-7.92385066667 300.590503005
-7.918848 300.66972482
-7.91384533333 300.581890325
-7.90884266667 300.694648923
-7.90384 300.641975838
-7.89883733333 300.725140919
-7.89383466667 300.65101342
-7.888832 300.743779324
-7.88382933333 300.695520291
-7.87882666667 300.817397478
-7.873824 300.728554071
-7.86882133333 300.843184585
-7.86381866667 300.774618295
-7.858816 300.862656012
-7.85381333333 300.809589919
-7.84881066667 300.910751097
-7.843808 300.893176304
-7.83880533333 300.970857494
-7.83380266667 300.887204212
-7.8288 300.98308129
-7.82379733333 300.912482533
-7.81879466667 301.010867365
-7.813792 300.911040341
-7.80878933333 301.00632751
-7.80378666667 300.948185446
-7.798784 301.044400356
-7.79378133333 300.984794202
-7.78877866667 301.068291341
-7.783776 300.980805259
-7.77877333333 301.070179328
-7.77377066667 300.940744924
-7.768768 301.068196493
-7.76376533333 301.0116847
-7.75876266667 301.103592798
-7.75376 301.012733937
-7.74875733333 301.100129946
-7.74375466667 301.016812827
-7.738752 301.123902494
-7.73374933333 301.049620298
-7.72874666667 301.122801126
-7.723744 301.073465509
-7.71874133333 301.150116667
-7.71373866667 301.066380569
-7.708736 301.140226243
-7.70373333333 301.100397796
-7.69873066667 301.18029035
-7.693728 301.081774671
-7.68872533333 301.17416085
-7.68372266667 301.07206426
-7.67872 301.193299591
-7.67371733333 301.082543312
-7.66871466667 301.199263606
-7.663712 301.091194487
-7.65870933333 301.237850297
-7.65370666667 301.165884435
-7.648704 301.254002984
-7.64370133333 301.210705747
-7.63869866667 301.277121867
-7.633696 301.191216109
-7.62869333333 301.283749925
-7.62369066667 301.227596475
-7.618688 301.302495456
-7.61368533333 301.183846132
-7.60868266667 301.248101459
-7.60368 301.216939026
-7.59867733333 301.277641086
-7.59367466667 301.190792607
-7.588672 301.302519835
-7.58366933333 301.235274823
-7.57866666667 301.343963444
-7.573664 301.299937458
-7.56866133333 301.382732545
-7.56365866667 301.315605599
-7.558656 301.354158681
-7.55365333333 301.316435365
-7.54865066667 301.411009276
-7.543648 301.407057679
-7.53864533333 301.460032329
-7.53364266667 301.350016616
-7.52864 301.412491638
-7.52363733333 301.368682952
-7.51863466667 301.469855028
-7.513632 301.402025574
-7.50862933333 301.486390417
-7.50362666667 301.394415047
-7.498624 301.514415745
-7.49362133333 301.379939358
-7.48861866667 301.521779088
-7.483616 301.469518673
-7.47861333333 301.547343971
-7.47361066667 301.41357707
-7.468608 301.569996972
-7.46360533333 301.523979291
-7.45860266667 301.605541199
-7.4536 301.505774378
-7.44859733333 301.62697729
-7.44359466667 301.528282315
-7.438592 301.64402992
-7.43358933333 301.560372571
-7.42858666667 301.631063
-7.423584 301.60522147
-7.41858133333 301.718726678
-7.41357866667 301.645720991
-7.408576 301.742390086
-7.40357333333 301.672007315
-7.39857066667 301.767631134
-7.393568 301.694405596
-7.38856533333 301.825896585
-7.38356266667 301.730123938
-7.37856 301.876964075
-7.37355733333 301.766072885
-7.36855466667 301.89699079
-7.363552 301.825001577
-7.35854933333 301.938445805
-7.35354666667 301.835778318
-7.348544 301.923120192
-7.34354133333 301.905329651
-7.33853866667 302.008428327
-7.333536 301.922628357
-7.32853333333 302.004783553
-7.32353066667 302.014466579
-7.318528 302.12472886
-7.31352533333 302.034809537
-7.30852266667 302.158593818
-7.30352 302.13289062
-7.29851733333 302.279158229
-7.29351466667 302.167150045
-7.288512 302.303530145
-7.28350933333 302.280047632
-7.27850666667 302.394796862
-7.273504 302.350446016
-7.26850133333 302.418958637
-7.26349866667 302.385505331
-7.258496 302.497408632
-7.25349333333 302.430655552
-7.24849066667 302.536135616
-7.243488 302.482241758
-7.23848533333 302.599135117
-7.23348266667 302.479161592
-7.22848 302.625769709
-7.22347733333 302.558637318
-7.21847466667 302.670236254
-7.213472 302.52062743
-7.20846933333 302.659465477
-7.20346666667 302.551481926
-7.198464 302.629075994
-7.19346133333 302.497306145
-7.18845866667 302.589728431
-7.183456 302.4748769
-7.17845333333 302.541983019
-7.17345066667 302.352074221
-7.168448 302.438750362
-7.16344533333 302.240517516
-7.15844266667 302.243074593
-7.15344 302.10872397
-7.14843733333 302.083247164
-7.14343466667 301.975930199
-7.138432 302.001632509
-7.13342933333 301.802607171
-7.12842666667 301.848894478
-7.123424 301.691801467
-7.11842133333 301.706484256
-7.11341866667 301.575320979
-7.108416 301.59336079
-7.10341333333 301.444513476
-7.09841066667 301.515804809
-7.093408 301.320017418
-7.08840533333 301.395149542
-7.08340266667 301.313662682
-7.0784 301.339632584
-7.07339733333 301.286233378
-7.06839466667 301.267138819
-7.063392 301.143635048
-7.05838933333 301.185858003
-7.05338666667 301.032608681
-7.048384 301.106609757
-7.04338133333 301.019456207
-7.03837866667 301.076670859
-7.033376 300.985912443
-7.02837333333 301.045026489
-7.02337066667 300.960966374
-7.018368 301.044374018
-7.01336533333 300.901980007
-7.00836266667 300.980052969
-7.00336 300.83713262
-6.99835733333 300.975667085
-6.99335466667 300.855331179
-6.988352 300.946320198
-6.98334933333 300.885258262
-6.97834666667 300.962620917
-6.973344 300.869631404
-6.96834133333 300.975528402
-6.96333866667 300.963424279
-6.958336 301.045235044
-6.95333333333 300.989490165
-6.94833066667 301.102048532
-6.943328 301.060394304
-6.93832533333 301.182733063
-6.93332266667 301.04726926
-6.92832 301.226923901
-6.92331733333 301.194247646
-6.91831466667 301.304304248
-6.913312 301.241297304
-6.90830933333 301.358733541
-6.90330666667 301.337223722
-6.898304 301.444156781
-6.89330133333 301.331849367
-6.88829866667 301.42305265
-6.883296 301.372872873
-6.87829333333 301.471624745
-6.87329066667 301.3726325
-6.868288 301.440607042
-6.86328533333 301.406615615
-6.85828266667 301.509435532
-6.85328 301.40617223
-6.84827733333 301.479366471
-6.84327466667 301.407742213
-6.838272 301.487759136
-6.83326933333 301.371063635
-6.82826666667 301.477744329
-6.823264 301.391245063
-6.81826133333 301.463382938
-6.81325866667 301.311227307
-6.808256 301.435208462
-6.80325333333 301.342676105
-6.79825066667 301.399772732
-6.793248 301.292881911
-6.78824533333 301.387956898
-6.78324266667 301.260870911
-6.77824 301.39341899
-6.77323733333 301.315613951
-6.76823466667 301.428995935
-6.763232 301.331999714
-6.75822933333 301.49142918
-6.75322666667 301.409648351
-6.748224 301.518909801
-6.74322133333 301.476028545
-6.73821866667 301.58274111
-6.733216 301.512413709
-6.72821333333 301.608043298
-6.72321066667 301.565734993
-6.718208 301.668385312
-6.71320533333 301.59948313
-6.70820266667 301.742030133
-6.7032 301.79017389
-6.69819733333 301.932794352
-6.69319466667 301.895767237
-6.688192 302.093390011
-6.68318933333 302.120255354
-6.67818666667 302.290050207
-6.673184 302.305035345
-6.66818133333 302.515002159
-6.66317866667 302.561533133
-6.658176 302.721720441
-6.65317333333 302.729565131
-6.64817066667 302.979773376
-6.643168 303.00972213
-6.63816533333 303.208132001
-6.63316266667 303.174483281
-6.62816 303.358311317
-6.62315733333 303.344536568
-6.61815466667 303.532602498
-6.613152 303.435143124
-6.60814933333 303.650104395
-6.60314666667 303.595844686
-6.598144 303.725653578
-6.59314133333 303.634465396
-6.58813866667 303.769989979
-6.583136 303.702171611
-6.57813333333 303.832350079
-6.57313066667 303.753012814
-6.568128 303.838840964
-6.56312533333 303.817941685
-6.55812266667 303.843946815
-6.55312 303.753723269
-6.54811733333 303.831013485
-6.54311466667 303.743340192
-6.538112 303.848013102
-6.53310933333 303.694131953
-6.52810666667 303.788871561
-6.523104 303.667619363
-6.51810133333 303.753400254
-6.51309866667 303.648560677
-6.508096 303.699469436
-6.50309333333 303.62244593
-6.49809066667 303.664752487
-6.493088 303.511130165
-6.48808533333 303.586285398
-6.48308266667 303.426908261
-6.47808 303.502477152
-6.47307733333 303.329793849
-6.46807466667 303.396297078
-6.463072 303.268123911
-6.45806933333 303.36781287
-6.45306666667 303.201645759
-6.448064 303.290505594
-6.44306133333 303.195043717
-6.43805866667 303.283308555
-6.433056 303.133671851
-6.42805333333 303.232346943
-6.42305066667 303.131531336
-6.418048 303.217862491
-6.41304533333 303.127237842
-6.40804266667 303.2036333
-6.40304 303.168195571
-6.39803733333 303.240804751
-6.39303466667 303.165227971
-6.388032 303.271389986
-6.38302933333 303.179463175
-6.37802666667 303.29082065
-6.373024 303.156197421
-6.36802133333 303.323430982
-6.36301866667 303.25163521
-6.358016 303.348927485
-6.35301333333 303.288810267
-6.34801066667 303.385149789
-6.343008 303.357534154
-6.33800533333 303.476341976
-6.33300266667 303.37680204
-6.328 303.483334555
-6.32299733333 303.446525958
-6.31799466667 303.608432247
-6.312992 303.590606981
-6.30798933333 303.775639554
-6.30298666667 303.759326896
-6.297984 303.944184484
-6.29298133333 303.908720433
-6.28797866667 304.083338566
-6.282976 304.076782108
-6.27797333333 304.230726484
-6.27297066667 304.172571293
-6.267968 304.418277521
-6.26296533333 304.378148984
-6.25796266667 304.508245855
-6.25296 304.476918354
-6.24795733333 304.657428815
-6.24295466667 304.678639667
-6.237952 304.846351753
-6.23294933333 304.795073526
-6.22794666667 304.975980196
-6.222944 304.985321468
-6.21794133333 305.168279195
-6.21293866667 305.145648824
-6.207936 305.280869944
-6.20293333333 305.296167453
-6.19793066667 305.452665753
-6.192928 305.405435714
-6.18792533333 305.575276602
-6.18292266667 305.605775491
-6.17792 305.741643306
-6.17291733333 305.701091083
-6.16791466667 305.898478032
-6.162912 305.918600608
-6.15790933333 306.111827114
-6.15290666667 306.128807253
-6.147904 306.36772876
-6.14290133333 306.474229438
-6.13789866667 306.808020518
-6.132896 306.93973937
-6.12789333333 307.367266402
-6.12289066667 307.658165034
-6.117888 308.107667427
-6.11288533333 308.419692162
-6.10788266667 308.909313721
-6.10288 309.210321882
-6.09787733333 309.692496287
-6.09287466667 309.880559522
-6.087872 310.239736226
-6.08286933333 310.412172553
-6.07786666667 310.656962647
-6.072864 310.745069413
-6.06786133333 311.002742059
-6.06285866667 311.041890131
-6.057856 311.26636487
-6.05285333333 311.077070228
-6.04785066667 311.406091186
-6.042848 311.374307245
-6.03784533333 311.510300667
-6.03284266667 311.426225539
-6.02784 311.599735655
-6.02283733333 311.54310049
-6.01783466667 311.616943087
-6.012832 311.550375989
-6.00782933333 311.67073138
-6.00282666667 311.600513964
-5.997824 311.72585524
-5.99282133333 311.601941495
-5.98781866667 311.783311041
-5.982816 311.685735921
-5.97781333333 311.778845096
-5.97281066667 311.656147692
-5.967808 311.766966578
-5.96280533333 311.582534035
-5.95780266667 311.767239547
-5.9528 311.686786451
-5.94779733333 311.793774303
-5.94279466667 311.670493447
-5.937792 311.726790641
-5.93278933333 311.606182932
-5.92778666667 311.663616243
-5.922784 311.510082533
-5.91778133333 311.566757965
-5.91277866667 311.437419002
-5.907776 311.522857468
-5.90277333333 311.418636892
-5.89777066667 311.504750076
-5.892768 311.25066196
-5.88776533333 311.399806687
-5.88276266667 311.303055156
-5.87776 311.345058711
-5.87275733333 311.190273684
-5.86775466667 311.217791033
-5.862752 311.08799062
-5.85774933333 311.134301867
-5.85274666667 310.923822932
-5.847744 310.997947692
-5.84274133333 310.841265469
-5.83773866667 310.808670266
-5.832736 310.6008119
-5.82773333333 310.685380052
-5.82273066667 310.511294604
-5.817728 310.491525149
-5.81272533333 310.309661415
-5.80772266667 310.375110537
-5.80272 310.226555064
-5.79771733333 310.276608084
-5.79271466667 310.085916962
-5.787712 310.123109099
-5.78270933333 309.967656361
-5.77770666667 309.989345261
-5.772704 309.800576394
-5.76770133333 309.865647113
-5.76269866667 309.701269279
-5.757696 309.740995634
-5.75269333333 309.631889363
-5.74769066667 309.640544492
-5.742688 309.484043585
-5.73768533333 309.565585679
-5.73268266667 309.382902904
-5.72768 309.457342614
-5.72267733333 309.344630462
-5.71767466667 309.38485336
-5.712672 309.257317552
-5.70766933333 309.288920939
-5.70266666667 309.181734306
-5.697664 309.239390118
-5.69266133333 309.120126354
-5.68765866667 309.130435125
-5.682656 309.035429481
-5.67765333333 309.091048153
-5.67265066667 308.986637023
-5.667648 309.03377582
-5.66264533333 308.952567428
-5.65764266667 309.063384663
-5.65264 308.990973187
-5.64763733333 309.06972335
-5.64263466667 308.977864808
-5.637632 309.087814132
-5.63262933333 308.937633163
-5.62762666667 309.022410864
-5.622624 308.898475431
-5.61762133333 308.958357849
-5.61261866667 308.810446906
-5.607616 308.855480593
-5.60261333333 308.724790358
-5.59761066667 308.729330116
-5.592608 308.477305943
-5.58760533333 308.53117115
-5.58260266667 308.323248992
-5.5776 308.351829567
-5.57259733333 308.136737737
-5.56759466667 308.150859116
-5.562592 307.99959744
-5.55758933333 308.040000725
-5.55258666667 307.851285433
-5.547584 307.8962436
-5.54258133333 307.715886379
-5.53757866667 307.688850486
-5.532576 307.464447246
-5.52757333333 307.502478729
-5.52257066667 307.300525503
-5.517568 307.282701984
-5.51256533333 307.084609066
-5.50756266667 307.060263892
-5.50256 306.915663157
-5.49755733333 306.917607493
-5.49255466667 306.667025007
-5.487552 306.671764158
-5.48254933333 306.531137232
-5.47754666667 306.434983009
-5.472544 306.179654894
-5.46754133333 306.133466455
-5.46253866667 305.86320844
-5.457536 305.840545249
-5.45253333333 305.603157419
-5.44753066667 305.632591289
-5.442528 305.479652179
-5.43752533333 305.483107259
-5.43252266667 305.341154046
-5.42752 305.316457717
-5.42251733333 305.185427456
-5.41751466667 305.203646788
-5.412512 305.000794149
-5.40750933333 305.015603187
-5.40250666667 304.875563636
-5.397504 304.894399143
-5.39250133333 304.679506475
-5.38749866667 304.718057377
-5.382496 304.502230958
-5.37749333333 304.503213784
-5.37249066667 304.341882566
-5.367488 304.373637413
-5.36248533333 304.232494281
-5.35748266667 304.291652025
-5.35248 304.142993241
-5.34747733333 304.203579097
-5.34247466667 304.093805926
-5.337472 304.170153304
-5.33246933333 303.991924558
-5.32746666667 304.046333226
-5.322464 303.902775673
-5.31746133333 303.939183143
-5.31245866667 303.806021398
-5.307456 303.841802461
-5.30245333333 303.714293379
-5.29745066667 303.771638573
-5.292448 303.629347801
-5.28744533333 303.769278297
-5.28244266667 303.676924503
-5.27744 303.731811182
-5.27243733333 303.601400374
-5.26743466667 303.750692282
-5.262432 303.650984027
-5.25742933333 303.713184394
-5.25242666667 303.659697823
-5.247424 303.733070324
-5.24242133333 303.642289599
-5.23741866667 303.774335043
-5.232416 303.703988867
-5.22741333333 303.785293937
-5.22241066667 303.755787502
-5.217408 303.900390556
-5.21240533333 303.787639847
-5.20740266667 303.938165302
-5.2024 303.892428177
-5.19739733333 304.033390324
-5.19239466667 303.980352703
-5.187392 304.107740091
-5.18238933333 304.076837128
-5.17738666667 304.216648383
-5.172384 304.194078558
-5.16738133333 304.367289008
-5.16237866667 304.282146873
-5.157376 304.474134879
-5.15237333333 304.416892342
-5.14737066667 304.593456764
-5.142368 304.540220691
-5.13736533333 304.696476147
-5.13236266667 304.705312614
-5.12736 304.833117918
-5.12235733333 304.814180871
-5.11735466667 304.977355809
-5.112352 304.869197329
-5.10734933333 305.043548188
-5.10234666667 305.06311296
-5.097344 305.190501298
-5.09234133333 305.121616352
-5.08733866667 305.221630842
-5.082336 305.180576253
-5.07733333333 305.255174093
-5.07233066667 305.153987741
-5.067328 305.25085993
-5.06232533333 305.197003403
-5.05732266667 305.313071327
-5.05232 305.180607338
-5.04731733333 305.301270365
-5.04231466667 305.255384135
-5.037312 305.334616113
-5.03230933333 305.226244666
-5.02730666667 305.330209009
-5.022304 305.265888554
-5.01730133333 305.385921891
-5.01229866667 305.250711964
-5.007296 305.365083933
-5.00229333333 305.275522681
-4.99729066667 305.384201612
-4.992288 305.272357571
-4.98728533333 305.366178919
-4.98228266667 305.265825297
-4.97728 305.339832595
-4.97227733333 305.190648037
-4.96727466667 305.271606413
-4.962272 305.114538397
-4.95726933333 305.234939574
-4.95226666667 305.103311257
-4.947264 305.14731769
-4.94226133333 305.078382088
-4.93725866667 305.163778271
-4.932256 305.049097307
-4.92725333333 305.146795915
-4.92225066667 305.059948753
-4.917248 305.193962977
-4.91224533333 305.076371978
-4.90724266667 305.188218694
-4.90224 305.124292599
-4.89723733333 305.214910979
-4.89223466667 305.112680903
-4.887232 305.199011578
-4.88222933333 305.138775182
-4.87722666667 305.189642511
-4.872224 305.07604634
-4.86722133333 305.130530082
-4.86221866667 305.061143284
-4.857216 305.14876061
-4.85221333333 304.984399494
-4.84721066667 305.034262589
-4.842208 304.924068711
-4.83720533333 304.942293002
-4.83220266667 304.810133341
-4.8272 304.900365959
-4.82219733333 304.761190303
-4.81719466667 304.860366105
-4.812192 304.709908386
-4.80718933333 304.79077034
-4.80218666667 304.664793114
-4.797184 304.713832285
-4.79218133333 304.53636631
-4.78717866667 304.554192979
-4.782176 304.436422977
-4.77717333333 304.422867435
-4.77217066667 304.280379763
-4.767168 304.241280449
-4.76216533333 304.065258784
-4.75716266667 304.087701065
-4.75216 303.830763066
-4.74715733333 303.916218742
-4.74215466667 303.746913788
-4.737152 303.767213461
-4.73214933333 303.64229614
-4.72714666667 303.652080166
-4.722144 303.531932384
-4.71714133333 303.514964194
-4.71213866667 303.371800435
-4.707136 303.412718802
-4.70213333333 303.285679688
-4.69713066667 303.337462157
-4.692128 303.209634058
-4.68712533333 303.251411712
-4.68212266667 303.12768795
-4.67712 303.202537566
-4.67211733333 303.049962875
-4.66711466667 303.130087105
-4.662112 303.062725822
-4.65710933333 303.124241889
-4.65210666667 303.016896796
-4.647104 303.091368716
-4.64210133333 303.009189318
-4.63709866667 303.091091437
-4.632096 302.944364121
-4.62709333333 302.990055888
-4.62209066667 302.929183286
-4.617088 302.975641648
-4.61208533333 302.821417606
-4.60708266667 302.921974574
-4.60208 302.833549806
-4.59707733333 302.891323046
-4.59207466667 302.752269573
-4.587072 302.828466976
-4.58206933333 302.747076521
-4.57706666667 302.815570357
-4.572064 302.66945174
-4.56706133333 302.743851223
-4.56205866667 302.649266451
-4.557056 302.679395742
-4.55205333333 302.550750995
-4.54705066667 302.628679913
-4.542048 302.549714874
-4.53704533333 302.608954762
-4.53204266667 302.4350669
-4.52704 302.507173126
-4.52203733333 302.397833502
-4.51703466667 302.448594138
-4.512032 302.280087773
-4.50702933333 302.392293984
-4.50202666667 302.229605672
-4.497024 302.298543471
-4.49202133333 302.148008727
-4.48701866667 302.201658534
-4.482016 302.120527148
-4.47701333333 302.193054798
-4.47201066667 302.049798229
-4.467008 302.15134328
-4.46200533333 302.023899332
-4.45700266667 302.148192418
-4.452 302.025860397
-4.44699733333 302.159483876
-4.44199466667 302.063746488
-4.436992 302.167028705
-4.43198933333 302.104868366
-4.42698666667 302.197222825
-4.421984 302.128047095
-4.41698133333 302.257155913
-4.41197866667 302.125891802
-4.406976 302.28219312
-4.40197333333 302.194911334
-4.39697066667 302.339595144
-4.391968 302.25834205
-4.38696533333 302.390321933
-4.38196266667 302.319682822
-4.37696 302.483890785
-4.37195733333 302.367891915
-4.36695466667 302.498043163
-4.361952 302.397959527
-4.35694933333 302.533932206
-4.35194666667 302.43966804
-4.346944 302.52040864
-4.34194133333 302.441902763
-4.33693866667 302.572080058
-4.331936 302.45772604
-4.32693333333 302.579910142
-4.32193066667 302.47845099
-4.316928 302.6131985
-4.31192533333 302.520499237
-4.30692266667 302.654898919
-4.30192 302.563640348
-4.29691733333 302.711542631
-4.29191466667 302.597963033
-4.286912 302.707846178
-4.28190933333 302.659599012
-4.27690666667 302.751128337
-4.271904 302.615499209
-4.26690133333 302.686545619
-4.26189866667 302.704827761
-4.256896 302.689621625
-4.25189333333 302.580272152
-4.24689066667 302.646365367
-4.241888 302.538724938
-4.23688533333 302.643195137
-4.23188266667 302.467250205
-4.22688 302.530482184
-4.22187733333 302.399157756
-4.21687466667 302.496497645
-4.211872 302.379043758
-4.20686933333 302.436159563
-4.20186666667 302.320909175
-4.196864 302.434168186
-4.19186133333 302.277076764
-4.18685866667 302.359743954
-4.181856 302.253921136
-4.17685333333 302.331404714
-4.17185066667 302.242269111
-4.166848 302.285483204
-4.16184533333 302.209543582
-4.15684266667 302.318196147
-4.15184 302.225176301
-4.14683733333 302.291242334
-4.14183466667 302.202762984
-4.136832 302.286063945
-4.13182933333 302.15700428
-4.12682666667 302.292696051
-4.121824 302.169328371
-4.11682133333 302.27146348
-4.11181866667 302.164713586
-4.106816 302.260785728
-4.10181333333 302.177030648
-4.09681066667 302.288637303
-4.091808 302.169573169
-4.08680533333 302.322406436
-4.08180266667 302.2336134
-4.0768 302.298292502
-4.07179733333 302.25017584
-4.06679466667 302.344506075
-4.061792 302.219901821
-4.05678933333 302.406237606
-4.05178666667 302.322575848
-4.046784 302.404593697
-4.04178133333 302.322598556
-4.03677866667 302.450469777
-4.031776 302.377349854
-4.02677333333 302.489089429
-4.02177066667 302.393231908
-4.016768 302.54028998
-4.01176533333 302.395101084
-4.00676266667 302.5233523
-4.00176 302.457311198
-3.99675733333 302.566023915
-3.99175466667 302.458025001
-3.986752 302.557287715
-3.98174933333 302.489724796
-3.97674666667 302.639519662
-3.971744 302.536508383
-3.96674133333 302.630173946
-3.96173866667 302.603297976
-3.956736 302.665870632
-3.95173333333 302.547312913
-3.94673066667 302.681988243
-3.941728 302.58463131
-3.93672533333 302.676432318
-3.93172266667 302.536475716
-3.92672 302.636229134
-3.92171733333 302.554848269
-3.91671466667 302.646333981
-3.911712 302.516760522
-3.90670933333 302.610451818
-3.90170666667 302.486870714
-3.896704 302.591442882
-3.89170133333 302.480963908
-3.88669866667 302.572120476
-3.881696 302.523344371
-3.87669333333 302.585818888
-3.87169066667 302.485400375
-3.866688 302.58991526
-3.86168533333 302.499947986
-3.85668266667 302.596165936
-3.85168 302.466825934
-3.84667733333 302.572651826
-3.84167466667 302.501202446
-3.836672 302.561624727
-3.83166933333 302.424854636
-3.82666666667 302.505187574
-3.821664 302.398396906
-3.81666133333 302.471556366
-3.81165866667 302.324441458
-3.806656 302.376981324
-3.80165333333 302.252469866
-3.79665066667 302.252240465
-3.791648 302.016463679
-3.78664533333 302.11812731
-3.78164266667 301.961225703
-3.77664 302.020353923
-3.77163733333 301.837673286
-3.76663466667 301.899706261
-3.761632 301.753735079
-3.75662933333 301.859486518
-3.75162666667 301.642613757
-3.746624 301.712028848
-3.74162133333 301.611013076
-3.73661866667 301.66038093
-3.731616 301.541810339
-3.72661333333 301.667649764
-3.72161066667 301.54688238
-3.716608 301.647941858
-3.71160533333 301.501293428
-3.70660266667 301.629208517
-3.7016 301.547600066
-3.69659733333 301.619063903
-3.69159466667 301.463013916
-3.686592 301.54540199
-3.68158933333 301.47359765
-3.67658666667 301.580647824
-3.671584 301.477383288
-3.66658133333 301.564824676
-3.66157866667 301.466802031
-3.656576 301.616552543
-3.65157333333 301.481948002
-3.64657066667 301.644902802
-3.641568 301.575664971
-3.63656533333 301.690825483
-3.63156266667 301.604409671
-3.62656 301.748882595
-3.62155733333 301.668703517
-3.61655466667 301.79803658
-3.611552 301.726020824
-3.60654933333 301.8289525
-3.60154666667 301.788845188
-3.596544 301.955767675
-3.59154133333 301.868459722
-3.58653866667 301.991947597
-3.581536 301.976905297
-3.57653333333 302.102363318
-3.57153066667 302.053708696
-3.566528 302.196671954
-3.56152533333 302.188208105
-3.55652266667 302.284828779
-3.55152 302.218657703
-3.54651733333 302.417949689
-3.54151466667 302.395935578
-3.536512 302.577524497
-3.53150933333 302.499841269
-3.52650666667 302.695653751
-3.521504 302.635497066
-3.51650133333 302.807876367
-3.51149866667 302.738452473
-3.506496 302.914855862
-3.50149333333 302.859669712
-3.49649066667 303.023706708
-3.491488 302.957875111
-3.48648533333 303.062572349
-3.48148266667 303.017587553
-3.47648 303.129747371
-3.47147733333 303.031317277
-3.46647466667 303.175313832
-3.461472 303.076979473
-3.45646933333 303.262913698
-3.45146666667 303.164819639
-3.446464 303.252338447
-3.44146133333 303.181396789
-3.43645866667 303.302537138
-3.431456 303.18675128
-3.42645333333 303.302730494
-3.42145066667 303.207110292
-3.416448 303.31134418
-3.41144533333 303.15167383
-3.40644266667 303.241266559
-3.40144 303.134339068
-3.39643733333 303.199509097
-3.39143466667 302.979930507
-3.386432 303.031346179
-3.38142933333 302.923386615
-3.37642666667 302.976620692
-3.371424 302.845653841
-3.36642133333 302.921717954
-3.36141866667 302.7995163
-3.356416 302.915407507
-3.35141333333 302.776779417
-3.34641066667 302.871718053
-3.341408 302.792650324
-3.33640533333 302.881645301
-3.33140266667 302.771905169
-3.3264 302.824231532
-3.32139733333 302.748879049
-3.31639466667 302.821036906
-3.311392 302.648821882
-3.30638933333 302.752128982
-3.30138666667 302.638103871
-3.296384 302.726374886
-3.29138133333 302.609508081
-3.28637866667 302.664441347
-3.281376 302.541829453
-3.27637333333 302.678296887
-3.27137066667 302.586269566
-3.266368 302.672661235
-3.26136533333 302.561225323
-3.25636266667 302.669418294
-3.25136 302.579480879
-3.24635733333 302.68653504
-3.24135466667 302.582526353
-3.236352 302.718124437
-3.23134933333 302.598341835
-3.22634666667 302.705541075
-3.221344 302.639691115
-3.21634133333 302.732827319
-3.21133866667 302.643551972
-3.206336 302.765073638
-3.20133333333 302.685811789
-3.19633066667 302.825040472
-3.191328 302.757263948
-3.18632533333 302.947395672
-3.18132266667 302.903149345
-3.17632 303.047580019
-3.17131733333 302.958048729
-3.16631466667 303.100646353
-3.161312 303.017759825
-3.15630933333 303.118572308
-3.15130666667 302.970862678
-3.146304 303.094593649
-3.14130133333 303.007196263
-3.13629866667 303.064920463
-3.131296 302.891604295
-3.12629333333 302.987935425
-3.12129066667 302.821528283
-3.116288 302.909781105
-3.11128533333 302.718096363
-3.10628266667 302.807409587
-3.10128 302.639476432
-3.09627733333 302.709915078
-3.09127466667 302.543708607
-3.086272 302.631792241
-3.08126933333 302.486656771
-3.07626666667 302.555235461
-3.071264 302.403179412
-3.06626133333 302.489878004
-3.06125866667 302.339139692
-3.056256 302.449265355
-3.05125333333 302.216125658
-3.04625066667 302.276334204
-3.041248 302.139658121
-3.03624533333 302.19725808
-3.03124266667 302.034098432
-3.02624 302.123492608
-3.02123733333 302.005204761
-3.01623466667 302.099164322
-3.011232 301.956797492
-3.00622933333 302.093060983
-3.00122666667 302.000284284
-2.996224 302.139675113
-2.99122133333 302.028618357
-2.98621866667 302.102970578
-2.981216 302.039956317
-2.97621333333 302.143159915
-2.97121066667 302.092467274
-2.966208 302.133691751
-2.96120533333 302.068677497
-2.95620266667 302.158001428
-2.9512 302.035132284
-2.94619733333 302.150702462
-2.94119466667 302.036490259
-2.936192 302.152503125
-2.93118933333 301.980037414
-2.92618666667 302.109052775
-2.921184 301.997588104
-2.91618133333 302.103214211
-2.91117866667 301.984048639
-2.906176 302.078927195
-2.90117333333 302.008850683
-2.89617066667 302.07757795
-2.891168 301.986875745
-2.88616533333 302.102163511
-2.88116266667 302.025390011
-2.87616 302.116750269
-2.87115733333 301.986772471
-2.86615466667 302.105033752
-2.861152 302.037568922
-2.85614933333 302.150724663
-2.85114666667 301.982928483
-2.846144 302.077644559
-2.84114133333 302.027930991
-2.83613866667 302.092635586
-2.831136 301.968507286
-2.82613333333 302.108132686
-2.82113066667 302.027049281
-2.816128 302.153050894
-2.81112533333 302.034959886
-2.80612266667 302.136101014
-2.80112 302.084546287
-2.79611733333 302.17107984
-2.79111466667 302.052506272
-2.786112 302.148161743
-2.78110933333 302.053098821
-2.77610666667 302.178132113
-2.771104 302.068255267
-2.76610133333 302.198349812
-2.76109866667 302.107243504
-2.756096 302.245773487
-2.75109333333 302.07343081
-2.74609066667 302.209267561
-2.741088 302.071933258
-2.73608533333 302.215485961
-2.73108266667 302.000812324
-2.72608 302.137874748
-2.72107733333 302.041590584
-2.71607466667 302.076285941
-2.711072 301.930512646
-2.70606933333 301.993316416
-2.70106666667 301.8494981
-2.696064 301.923193916
-2.69106133333 301.764537708
-2.68605866667 301.823964488
-2.681056 301.645974966
-2.67605333333 301.728599242
-2.67105066667 301.541537014
-2.666048 301.580410749
-2.66104533333 301.431620769
-2.65604266667 301.506906719
-2.65104 301.355127757
-2.64603733333 301.399632555
-2.64103466667 301.200642682
-2.636032 301.25012304
-2.63102933333 301.026583048
-2.62602666667 301.048826506
-2.621024 300.859412154
-2.61602133333 300.945459181
-2.61101866667 300.80308216
-2.606016 300.825060169
-2.60101333333 300.716765606
-2.59601066667 300.753157842
-2.591008 300.562239615
-2.58600533333 300.619161489
-2.58100266667 300.48844591
-2.576 300.556041314
-2.57099733333 300.352324983
-2.56599466667 300.41782015
-2.560992 300.32300407
-2.55598933333 300.352008916
-2.55098666667 300.258536657
-2.545984 300.353841322
-2.54098133333 300.235265547
-2.53597866667 300.319295264
-2.530976 300.180316563
-2.52597333333 300.319200853
-2.52097066667 300.212079949
-2.515968 300.295511974
-2.51096533333 300.178686241
-2.50596266667 300.24721742
-2.50096 300.17104136
-2.49595733333 300.210910543
-2.49095466667 300.064885794
-2.485952 300.25452763
-2.48094933333 300.141587747
-2.47594666667 300.244114528
-2.470944 300.108253998
-2.46594133333 300.258559515
-2.46093866667 300.152760753
-2.455936 300.348243729
-2.45093333333 300.176798515
-2.44593066667 300.288571047
-2.440928 300.224795072
-2.43592533333 300.334032746
-2.43092266667 300.247594318
-2.42592 300.345563476
-2.42091733333 300.267652889
-2.41591466667 300.377763038
-2.410912 300.284156695
-2.40590933333 300.412370075
-2.40090666667 300.336956083
-2.395904 300.454875917
-2.39090133333 300.383917435
-2.38589866667 300.503242947
-2.380896 300.387527128
-2.37589333333 300.51033587
-2.37089066667 300.409761468
-2.365888 300.523896986
-2.36088533333 300.461476766
-2.35588266667 300.508214281
-2.35088 300.435643823
-2.34587733333 300.580669904
-2.34087466667 300.529929831
-2.335872 300.599247396
-2.33086933333 300.487353877
-2.32586666667 300.63787463
-2.320864 300.54503117
-2.31586133333 300.663121377
-2.31085866667 300.506324414
-2.305856 300.654424012
-2.30085333333 300.581148581
-2.29585066667 300.682245839
-2.290848 300.586257368
-2.28584533333 300.712561043
-2.28084266667 300.633511902
-2.27584 300.762832301
-2.27083733333 300.59734387
-2.26583466667 300.7445678
-2.260832 300.675132653
-2.25582933333 300.744622742
-2.25082666667 300.671406104
-2.245824 300.806251772
-2.24082133333 300.740434447
-2.23581866667 300.885820505
-2.230816 300.807287923
-2.22581333333 300.925084898
-2.22081066667 300.87928646
-2.215808 301.03362608
-2.21080533333 300.963991066
-2.20580266667 301.119700534
-2.2008 301.076921771
-2.19579733333 301.213766691
-2.19079466667 301.115690305
-2.185792 301.278152864
-2.18078933333 301.242768032
-2.17578666667 301.395102701
-2.170784 301.272727476
-2.16578133333 301.417621672
-2.16077866667 301.386179896
-2.155776 301.531333193
-2.15077333333 301.435266591
-2.14577066667 301.574698683
-2.140768 301.553660584
-2.13576533333 301.65580036
-2.13076266667 301.572816177
-2.12576 301.72258008
-2.12075733333 301.669549524
-2.11575466667 301.77412151
-2.110752 301.682043603
-2.10574933333 301.800822147
-2.10074666667 301.71321388
-2.095744 301.805191943
-2.09074133333 301.704210594
-2.08573866667 301.78415981
-2.080736 301.709356288
-2.07573333333 301.816432666
-2.07073066667 301.680511428
-2.065728 301.773042627
-2.06072533333 301.713935544
-2.05572266667 301.824523072
-2.05072 301.625760296
-2.04571733333 301.752278962
-2.04071466667 301.617655962
-2.035712 301.723155066
-2.03070933333 301.547831765
-2.02570666667 301.658084408
-2.020704 301.526696831
-2.01570133333 301.616091123
-2.01069866667 301.446236868
-2.005696 301.563852753
-2.00069333333 301.399757972
-1.99569066667 301.453899343
-1.990688 301.291062694
-1.98568533333 301.378105789
-1.98068266667 301.230499715
-1.97568 301.313899725
-1.97067733333 301.184945034
-1.96567466667 301.282402395
-1.960672 301.155486972
-1.95566933333 301.23703101
-1.95066666667 301.0969826
-1.945664 301.205274464
-1.94066133333 301.122089016
-1.93565866667 301.252543171
-1.930656 301.100938911
-1.92565333333 301.193267155
-1.92065066667 301.092236175
-1.915648 301.174539851
-1.91064533333 301.014886803
-1.90564266667 301.187529832
-1.90064 301.113544743
-1.89563733333 301.230940222
-1.89063466667 301.139480972
-1.885632 301.336442619
-1.88062933333 301.308823265
-1.87562666667 301.435379797
-1.870624 301.36905003
-1.86562133333 301.559684812
-1.86061866667 301.452875238
-1.855616 301.595762822
-1.85061333333 301.49094424
-1.84561066667 301.578075293
-1.840608 301.486062049
-1.83560533333 301.60132898
-1.83060266667 301.484350158
-1.8256 301.558326515
-1.82059733333 301.447451763
-1.81559466667 301.545813533
-1.810592 301.372987466
-1.80558933333 301.53418107
-1.80058666667 301.409178413
-1.795584 301.522321641
-1.79058133333 301.428533281
-1.78557866667 301.579574386
-1.780576 301.527767724
-1.77557333333 301.651050295
-1.77057066667 301.53777635
-1.765568 301.699719216
-1.76056533333 301.637163419
-1.75556266667 301.784113817
-1.75056 301.734393909
-1.74555733333 301.876971594
-1.74055466667 301.820557088
-1.735552 301.983363652
-1.73054933333 301.915007368
-1.72554666667 302.090467704
-1.720544 302.008299646
-1.71554133333 302.198906919
-1.71053866667 302.157765151
-1.705536 302.318599883
-1.70053333333 302.292234524
-1.69553066667 302.469801748
-1.690528 302.413609442
-1.68552533333 302.561874931
-1.68052266667 302.533048895
-1.67552 302.712161758
-1.67051733333 302.667839669
-1.66551466667 302.801103352
-1.660512 302.763837152
-1.65550933333 302.964841154
-1.65050666667 302.887644853
-1.645504 303.036092759
-1.64050133333 302.994267885
-1.63549866667 303.169214329
-1.630496 303.080226232
-1.62549333333 303.248235891
-1.62049066667 303.214182434
-1.615488 303.393456521
-1.61048533333 303.291774722
-1.60548266667 303.509789784
-1.60048 303.457203954
-1.59547733333 303.634969391
-1.59047466667 303.567145413
-1.585472 303.763887685
-1.58046933333 303.725709436
-1.57546666667 303.90646698
-1.570464 303.833395127
-1.56546133333 303.969059279
-1.56045866667 303.937893984
-1.555456 304.127476306
-1.55045333333 304.041340587
-1.54545066667 304.25338765
-1.540448 304.213431511
-1.53544533333 304.459366981
-1.53044266667 304.383624653
-1.52544 304.563781657
-1.52043733333 304.603795024
-1.51543466667 304.823218159
-1.510432 304.782933853
-1.50542933333 305.048413943
-1.50042666667 305.165481455
-1.495424 305.458401617
-1.49042133333 305.596981744
-1.48541866667 305.995574196
-1.480416 306.256756717
-1.47541333333 306.713535147
-1.47041066667 306.979976456
-1.465408 307.583237644
-1.46040533333 307.957252395
-1.45540266667 308.528797984
-1.4504 308.885725214
-1.44539733333 309.452875933
-1.44039466667 309.794408894
-1.435392 310.328025675
-1.43038933333 310.509022244
-1.42538666667 310.953498142
-1.420384 311.085183344
-1.41538133333 311.344011735
-1.41037866667 311.344827973
-1.405376 311.530295432
-1.40037333333 311.506809582
-1.39537066667 311.717986553
-1.390368 311.628514689
-1.38536533333 311.762182013
-1.38036266667 311.657697893
-1.37536 311.807575357
-1.37035733333 311.678128614
-1.36535466667 311.856392284
-1.360352 311.77092272
-1.35534933333 311.906882461
-1.35034666667 311.776403712
-1.345344 311.862775205
-1.34034133333 311.739767956
-1.33533866667 311.852258599
-1.330336 311.701012796
-1.32533333333 311.7984112
-1.32033066667 311.687821838
-1.315328 311.775374383
-1.31032533333 311.572310523
-1.30532266667 311.678358373
-1.30032 311.527214259
-1.29531733333 311.59632223
-1.29031466667 311.440685754
-1.285312 311.518841607
-1.28030933333 311.430993678
-1.27530666667 311.490307258
-1.270304 311.348129322
-1.26530133333 311.409974655
-1.26029866667 311.281488439
-1.255296 311.395828585
-1.25029333333 311.321417318
-1.24529066667 311.320890905
-1.240288 311.208302361
-1.23528533333 311.28054815
-1.23028266667 311.090427557
-1.22528 311.185742205
-1.22027733333 311.050227374
-1.21527466667 311.085895019
-1.210272 310.867883962
-1.20526933333 310.973101132
-1.20026666667 310.831691652
-1.195264 310.921991752
-1.19026133333 310.725257843
-1.18525866667 310.803260542
-1.180256 310.661391031
-1.17525333333 310.759742569
-1.17025066667 310.564570826
-1.165248 310.646373872
-1.16024533333 310.473144946
-1.15524266667 310.530074344
-1.15024 310.357477063
-1.14523733333 310.391251028
-1.14023466667 310.215614934
-1.135232 310.290251088
-1.13022933333 310.096503243
-1.12522666667 310.185939702
-1.120224 309.945721872
-1.11522133333 310.03795355
-1.11021866667 309.859367222
-1.105216 309.877254737
-1.10021333333 309.709104658
-1.09521066667 309.772447536
-1.090208 309.567239771
-1.08520533333 309.672577302
-1.08020266667 309.440690584
-1.0752 309.525540263
-1.07019733333 309.325536886
-1.06519466667 309.414685731
-1.060192 309.284339458
-1.05518933333 309.309592804
-1.05018666667 309.10762589
-1.045184 309.209083557
-1.04018133333 309.084314246
-1.03517866667 309.163885882
-1.030176 308.988258896
-1.02517333333 309.093243121
-1.02017066667 308.966579265
-1.015168 309.071232049
-1.01016533333 308.933390502
-1.00516266667 309.065320752
-1.00016 308.866176068
-0.995157333333 308.976522259
-0.990154666667 308.773614913
-0.985152 308.857963002
-0.980149333333 308.695525932
-0.975146666667 308.73763004
-0.970144 308.527884154
-0.965141333333 308.606044086
-0.960138666667 308.446002145
-0.955136 308.443543615
-0.950133333333 308.223752778
-0.945130666667 308.224157808
-0.940128 307.995034538
-0.935125333333 308.007701107
-0.930122666667 307.744665145
-0.92512 307.756011591
-0.920117333333 307.551275834
-0.915114666667 307.576411111
-0.910112 307.341457724
-0.905109333333 307.350146243
-0.900106666667 307.150558446
-0.895104 307.205239956
-0.890101333333 306.958477346
-0.885098666667 307.045224099
-0.880096 306.831727314
-0.875093333333 306.83480039
-0.870090666667 306.61095831
-0.865088 306.623055384
-0.860085333333 306.3605233
-0.855082666667 306.306299964
-0.85008 306.058467965
-0.845077333333 306.100661935
-0.840074666667 305.851592916
-0.835072 305.917956761
-0.830069333333 305.720647351
-0.825066666667 305.672650528
-0.820064 305.460166948
-0.815061333333 305.481914711
-0.810058666667 305.248418723
-0.805056 305.260932487
-0.800053333333 305.086009338
-0.795050666667 305.107286323
-0.790048 304.880500698
-0.785045333333 304.944760641
-0.780042666667 304.790024838
-0.77504 304.829517273
-0.770037333333 304.634839304
-0.765034666667 304.666504808
-0.760032 304.510463249
-0.755029333333 304.563418774
-0.750026666667 304.367112925
-0.745024 304.41360881
-0.740021333333 304.260385168
-0.735018666667 304.318553083
-0.730016 304.139376304
-0.725013333333 304.196682417
-0.720010666667 304.066510666
-0.715008 304.085060779
-0.710005333333 303.900379907
-0.705002666667 303.954141132
-0.7 303.806529549
-0.694997333333 303.889853158
-0.689994666667 303.726806096
-0.684992 303.768997139
-0.679989333333 303.650008163
-0.674986666667 303.698692972
-0.669984 303.510318526
-0.664981333333 303.5775332
-0.659978666667 303.439449576
-0.654976 303.498713398
-0.649973333333 303.301051773
-0.644970666667 303.43877662
-0.639968 303.26313742
-0.634965333333 303.299766369
-0.629962666667 303.154459709
-0.62496 303.24709327
-0.619957333333 303.075584427
-0.614954666667 303.163634887
-0.609952 302.975501589
-0.604949333333 303.082819434
-0.599946666667 302.914616736
-0.594944 303.020430406
-0.589941333333 302.831577477
-0.584938666667 302.8975904
-0.579936 302.755170719
-0.574933333333 302.839763124
-0.569930666667 302.646520856
-0.564928 302.7694822
-0.559925333333 302.629911283
-0.554922666667 302.738684281
-0.54992 302.491054023
-0.544917333333 302.643984659
-0.539914666667 302.473193224
-0.534912 302.567043554
-0.529909333333 302.386671625
-0.524906666667 302.501416967
-0.519904 302.29137071
-0.514901333333 302.401808174
-0.509898666667 302.240666836
-0.504896 302.337496498
-0.499893333333 302.201852172
-0.494890666667 302.279492164
-0.489888 302.116652762
-0.484885333333 302.171649379
-0.479882666667 302.042529254
-0.47488 302.142665603
-0.469877333333 301.934587823
-0.464874666667 302.036973713
-0.459872 301.901441955
-0.454869333333 301.979289568
-0.449866666667 301.792775836
-0.444864 301.878301929
-0.439861333333 301.745534891
-0.434858666667 301.835040558
-0.429856 301.647157522
-0.424853333333 301.73968518
-0.419850666667 301.649637184
-0.414848 301.702916191
-0.409845333333 301.527344423
-0.404842666667 301.561552559
-0.39984 301.390348803
-0.394837333333 301.474187512
-0.389834666667 301.277615414
-0.384832 301.36268279
-0.379829333333 301.254286963
-0.374826666667 301.318723642
-0.369824 301.137085087
-0.364821333333 301.231705308
-0.359818666667 301.148885968
-0.354816 301.202921452
-0.349813333333 301.047704909
-0.344810666667 301.145608659
-0.339808 300.998581227
-0.334805333333 301.104583376
-0.329802666667 300.934535459
-0.3248 301.040546892
-0.319797333333 300.869550783
-0.314794666667 300.976182588
-0.309792 300.798616758
-0.304789333333 300.883883877
-0.299786666667 300.769940913
-0.294784 300.881769094
-0.289781333333 300.70066646
-0.284778666667 300.784443048
-0.279776 300.651231928
-0.274773333333 300.733833984
-0.269770666667 300.567115868
-0.264768 300.614974474
-0.259765333333 300.530444594
-0.254762666667 300.630675525
-0.24976 300.472214128
-0.244757333333 300.57016835
-0.239754666667 300.450210415
-0.234752 300.548784371
-0.229749333333 300.399025509
-0.224746666667 300.500937465
-0.219744 300.400153088
-0.214741333333 300.46862252
-0.209738666667 300.303243492
-0.204736 300.414041578
-0.199733333333 300.2738015
-0.194730666667 300.432165503
-0.189728 300.222718663
-0.184725333333 300.395188527
-0.179722666667 300.217732014
-0.17472 300.377958361
-0.169717333333 300.214324288
-0.164714666667 300.316222475
-0.159712 300.151198514
-0.154709333333 300.274481146
-0.149706666667 300.154587419
-0.144704 300.254175909
-0.139701333333 300.096818838
-0.134698666667 300.255138202
-0.129696 300.056998947
-0.124693333333 300.190568627
-0.119690666667 300.072653203
-0.114688 300.206353663
-0.109685333333 300.051818737
-0.104682666667 300.166114319
-0.09968 300.067319238
-0.0946773333333 300.185296875
-0.0896746666667 300.027389134
-0.084672 300.146427754
-0.0796693333333 300.079670862
-0.0746666666667 300.172519863
-0.069664 300.003239363
-0.0646613333333 300.113011441
-0.0596586666667 300.005033593
-0.054656 300.077590885
-0.0496533333333 299.975514656
-0.0446506666667 300.083817047
-0.039648 299.938809761
-0.0346453333333 300.058547143
-0.0296426666667 299.899213991
-0.02464 300.045657772
-0.0196373333333 299.905943338
-0.0146346666667 300.037147933
-0.009632 299.879686576
-0.00462933333333 299.997165592
