7月10日
8
ranges = [(1, 3), (4.5, 6.5), (9, 11),
          (17.8, 19.8)]
2
ranges = [(1.8, 3.8), (5.5, 7.5), (10, 12), (14.5, 16.5), (25, 27), (31, 33)]
9
ranges = [(1, 3), (5, 7), (10.5, 12.5), (16, 18), (22.5, 24.5)]
6
ranges = [(1.5, 3.5), (5.5, 7.5), (9.5, 11.5),
          (19, 21), (25.5, 27.5), (33.5, 35.5)]
7
ranges = [(1.8, 3.8), (6.3, 8.3), (12, 14), (16.2, 18.2),
          (21.5, 23.5), (28.4, 30.4), (34.5, 36.5), (40, 42), (45.5, 47.5)]
3
ranges = [(1.5, 3.5), (5, 7), (9.5, 11.5), (14.5, 16.5),
          (19.8, 21.8), (26, 28), (30.5, 32.5)]
10
ranges = [(1.8, 3.8), (6.3, 8.3), (11, 13), (16.5, 18.5),
          (23.3, 25.3), (29, 31), (37.7, 39.7)]
4
ranges = [(1, 3), (5, 7), (14.4, 16.4), (19.9, 21.9)]
5
ranges = [(1, 3), (5, 7), (8.5, 10.5), (14.8, 16.8), (21.5, 23.5),
          (27.8, 29.8), (35.5, 37.5), (42, 44), (49, 51)]
1
ranges = [(1, 3), (4, 6), (8.5, 10.5)]

7月11日
8
ranges = [(5, 7), (10, 12), (15, 17), (20, 22), (25, 27), (30, 32)]
2
ranges = [(1, 3), (4, 6), (9, 11), (13, 15), (17, 19), (23, 25)]
9
ranges = [(1, 3), (4, 6), (9, 11), (14, 16),
          (19, 21), (24, 26), (29, 31), (35, 37)]
6
ranges = [(1, 3), (5, 7), (15, 17), (23.5, 25.5),
          (30, 32), (36.8, 38.8), (42, 44)]
7
ranges = [(1, 3), (5, 7), (8.5, 10.5), (12, 14), (17, 19)]
3
ranges = [(1, 3), (5, 7), (9, 11), (14, 16), (20, 22)]
12
ranges = [(1.5, 3.5), (6, 8), (12, 14), (18, 20),
          (24.5, 26.5), (30, 32), (35.8, 37.8), (42.3, 44.3)]
13
ranges = [(3, 5), (6.5, 8.5), (12, 14), (17, 19),
          (23, 25), (29, 31), (34, 36), (40, 42)]
14
ranges = [(1, 3), (5, 7), (8.8, 10.8), (13.5, 15.5), (22, 24),
          (29, 31), (32.8, 34.8), (38, 40), (43, 45), (48, 50)]
11
ranges = [(2, 4), (6.5, 8.5), (11, 13), (16, 18), (20.8, 22.8),
          (27, 29), (33.8, 35.8), (40.8, 42.8), (47.5, 49.5)]
10
ranges = [(2, 4), (5.5, 7.5), (10, 12), (16, 18), (21, 23), (27, 29), (32, 34)]
4
ranges = [(2, 4), (6, 8), (10, 12), (15, 17)]
5
ranges = [(2, 4), (6, 8), (10, 12), (19, 21), (24, 26), (29, 31)]
1