-19.9999893333 283.974291497
-19.9949866667 284.031330177
-19.989984 283.969198453
-19.9849813333 284.056868309
-19.9799786667 283.961621896
-19.974976 284.056541026
-19.9699733333 283.98257997
-19.9649706667 284.022124485
-19.959968 284.008255597
-19.9549653333 284.033235405
-19.9499626667 283.969885773
-19.94496 284.070637386
-19.9399573333 283.993511806
-19.9349546667 284.082838368
-19.929952 283.980150077
-19.9249493333 284.042582074
-19.9199466667 283.971751357
-19.914944 284.060127591
-19.9099413333 283.944236943
-19.9049386667 284.075714136
-19.899936 283.995088157
-19.8949333333 284.088850958
-19.8899306667 283.991997661
-19.884928 284.082223169
-19.8799253333 283.996274651
-19.8749226667 284.023044871
-19.86992 283.991335237
-19.8649173333 284.072596357
-19.8599146667 284.018098875
-19.854912 284.13187577
-19.8499093333 284.0058433
-19.8449066667 284.086995275
-19.839904 284.018363741
-19.8349013333 284.119699959
-19.8298986667 284.039916818
-19.824896 284.086908061
-19.8198933333 284.040745042
-19.8148906667 284.133662952
-19.809888 284.005208925
-19.8048853333 284.095970645
-19.7998826667 284.056878873
-19.79488 284.075325864
-19.7898773333 283.986765815
-19.7848746667 284.048717836
-19.779872 283.97672396
-19.7748693333 284.023350385
-19.7698666667 283.933387872
-19.764864 284.034720949
-19.7598613333 283.947008349
-19.7548586667 284.018619755
-19.749856 283.940756238
-19.7448533333 284.017839158
-19.7398506667 283.961750294
-19.734848 284.035248112
-19.7298453333 283.979922689
-19.7248426667 284.058001949
-19.71984 283.979710845
-19.7148373333 284.086211736
-19.7098346667 283.957986194
-19.704832 284.126455562
-19.6998293333 283.978542383
-19.6948266667 284.041583332
-19.689824 283.985444158
-19.6848213333 284.068477602
-19.6798186667 284.004762114
-19.674816 284.103266731
-19.6698133333 283.972074313
-19.6648106667 284.098238296
-19.659808 284.016734529
-19.6548053333 284.070153466
-19.6498026667 283.986832879
-19.6448 284.116381615
-19.6397973333 283.990919061
-19.6347946667 284.112474446
-19.629792 284.037317037
-19.6247893333 284.120043399
-19.6197866667 284.026259058
-19.614784 284.141218585
-19.6097813333 284.023810499
-19.6047786667 284.182635233
-19.599776 284.083974995
-19.5947733333 284.195431371
-19.5897706667 284.110975046
-19.584768 284.194772632
-19.5797653333 284.13194468
-19.5747626667 284.236871889
-19.56976 284.153609512
-19.5647573333 284.263943852
-19.5597546667 284.164610221
-19.554752 284.257441722
-19.5497493333 284.180302801
-19.5447466667 284.26086217
-19.539744 284.164843855
-19.5347413333 284.261038437
-19.5297386667 284.147863917
-19.524736 284.254852586
-19.5197333333 284.194226955
-19.5147306667 284.283541217
-19.509728 284.152754376
-19.5047253333 284.247101037
-19.4997226667 284.205205374
-19.49472 284.269097812
-19.4897173333 284.214356446
-19.4847146667 284.312555744
-19.479712 284.227586901
-19.4747093333 284.354769412
-19.4697066667 284.236402487
-19.464704 284.371367827
-19.4597013333 284.257254648
-19.4546986667 284.315195965
-19.449696 284.26722826
-19.4446933333 284.340804982
-19.4396906667 284.226654147
-19.434688 284.326450924
-19.4296853333 284.228211146
-19.4246826667 284.336144313
-19.41968 284.243378513
-19.4146773333 284.34075987
-19.4096746667 284.228458586
-19.404672 284.311908239
-19.3996693333 284.236738831
-19.3946666667 284.330289723
-19.389664 284.221293438
-19.3846613333 284.330095587
-19.3796586667 284.275046168
-19.374656 284.271245885
-19.3696533333 284.200967272
-19.3646506667 284.325246319
-19.359648 284.19186565
-19.3546453333 284.315529742
-19.3496426667 284.219459851
-19.34464 284.290912601
-19.3396373333 284.217298809
-19.3346346667 284.330853962
-19.329632 284.236475165
-19.3246293333 284.319699642
-19.3196266667 284.237347651
-19.314624 284.306382347
-19.3096213333 284.21145316
-19.3046186667 284.258009155
-19.299616 284.211120868
-19.2946133333 284.28072284
-19.2896106667 284.162512482
-19.284608 284.283272188
-19.2796053333 284.162036773
-19.2746026667 284.228731708
-19.2696 284.141962669
-19.2645973333 284.270156196
-19.2595946667 284.135403751
-19.254592 284.209388986
-19.2495893333 284.111376361
-19.2445866667 284.19133534
-19.239584 284.098927376
-19.2345813333 284.173635827
-19.2295786667 284.132311142
-19.224576 284.166054476
-19.2195733333 284.103966761
-19.2145706667 284.193469485
-19.209568 284.098975377
-19.2045653333 284.203988027
-19.1995626667 284.0787826
-19.19456 284.184229785
-19.1895573333 284.074108085
-19.1845546667 284.106204447
-19.179552 284.079514093
-19.1745493333 284.108845885
-19.1695466667 284.068556358
-19.164544 284.146647333
-19.1595413333 284.081432088
-19.1545386667 284.134737987
-19.149536 284.021428277
-19.1445333333 284.131356137
-19.1395306667 284.013213448
-19.134528 284.103812936
-19.1295253333 283.991892794
-19.1245226667 284.102166313
-19.11952 284.038611316
-19.1145173333 284.113496111
-19.1095146667 284.021797816
-19.104512 284.127093621
-19.0995093333 284.013146303
-19.0945066667 284.113998319
-19.089504 284.042572534
-19.0845013333 284.166877045
-19.0794986667 284.010481757
-19.074496 284.122835515
-19.0694933333 284.007501764
-19.0644906667 284.051747576
-19.059488 284.003486713
-19.0544853333 284.119170638
-19.0494826667 284.027265573
-19.04448 284.121284748
-19.0394773333 284.002674403
-19.0344746667 284.072461288
-19.029472 283.96994447
-19.0244693333 284.035327556
-19.0194666667 283.938837882
-19.014464 283.994500752
-19.0094613333 283.908232162
-19.0044586667 284.047009594
-18.999456 283.916891555
-18.9944533333 284.051896109
-18.9894506667 283.92343281
-18.984448 283.987462412
-18.9794453333 283.891384567
-18.9744426667 283.972912837
-18.96944 283.899846149
-18.9644373333 284.003130006
-18.9594346667 283.867119022
-18.954432 283.949884652
-18.9494293333 283.850371221
-18.9444266667 283.94462037
-18.939424 283.854842406
-18.9344213333 283.914438959
-18.9294186667 283.874019954
-18.924416 283.924614853
-18.9194133333 283.857161202
-18.9144106667 283.898039776
-18.909408 283.819899314
-18.9044053333 283.894560103
-18.8994026667 283.804919116
-18.8944 283.858429735
-18.8893973333 283.800658127
-18.8843946667 283.877111954
-18.879392 283.791263164
-18.8743893333 283.877804606
-18.8693866667 283.778695414
-18.864384 283.895377866
-18.8593813333 283.801777281
-18.8543786667 283.868604394
-18.849376 283.773862172
-18.8443733333 283.877695201
-18.8393706667 283.783780487
-18.834368 283.846110086
-18.8293653333 283.773144114
-18.8243626667 283.854672008
-18.81936 283.77279228
-18.8143573333 283.861244983
-18.8093546667 283.751934371
-18.804352 283.838939444
-18.7993493333 283.744871786
-18.7943466667 283.842196114
-18.789344 283.736578497
-18.7843413333 283.841485481
-18.7793386667 283.762236731
-18.774336 283.816081495
-18.7693333333 283.719614938
-18.7643306667 283.884020414
-18.759328 283.723997332
-18.7543253333 283.822163069
-18.7493226667 283.73055692
-18.74432 283.816994381
-18.7393173333 283.713692903
-18.7343146667 283.795515787
-18.729312 283.681391738
-18.7243093333 283.828038696
-18.7193066667 283.706500292
-18.714304 283.781598909
-18.7093013333 283.725430799
-18.7042986667 283.811744089
-18.699296 283.730463092
-18.6942933333 283.812180441
-18.6892906667 283.70380024
-18.684288 283.8015381
-18.6792853333 283.687943306
-18.6742826667 283.774468451
-18.66928 283.687465985
-18.6642773333 283.754596203
-18.6592746667 283.674135133
-18.654272 283.765104942
-18.6492693333 283.6382357
-18.6442666667 283.70594333
-18.639264 283.590949998
-18.6342613333 283.64305312
-18.6292586667 283.590944702
-18.624256 283.641421033
-18.6192533333 283.558206833
-18.6142506667 283.636807622
-18.609248 283.559042863
-18.6042453333 283.64633764
-18.5992426667 283.565811868
-18.59424 283.660415456
-18.5892373333 283.558287762
-18.5842346667 283.670419201
-18.579232 283.543736134
-18.5742293333 283.636218752
-18.5692266667 283.595012368
-18.564224 283.646810106
-18.5592213333 283.578481185
-18.5542186667 283.645766611
-18.549216 283.57978677
-18.5442133333 283.665441895
-18.5392106667 283.599828728
-18.534208 283.670679776
-18.5292053333 283.582166321
-18.5242026667 283.735647499
-18.5192 283.596848354
-18.5141973333 283.701601627
-18.5091946667 283.577637812
-18.504192 283.671848321
-18.4991893333 283.550764524
-18.4941866667 283.634752877
-18.489184 283.530233128
-18.4841813333 283.641252386
-18.4791786667 283.539208434
-18.474176 283.627522032
-18.4691733333 283.558938578
-18.4641706667 283.601681889
-18.459168 283.492806387
-18.4541653333 283.605962113
-18.4491626667 283.485387094
-18.44416 283.576554734
-18.4391573333 283.507965514
-18.4341546667 283.567265857
-18.429152 283.494278484
-18.4241493333 283.572790114
-18.4191466667 283.484600838
-18.414144 283.560146396
-18.4091413333 283.493512909
-18.4041386667 283.608992308
-18.399136 283.496537654
-18.3941333333 283.589899726
-18.3891306667 283.476236481
-18.384128 283.53644357
-18.3791253333 283.43446216
-18.3741226667 283.508633208
-18.36912 283.468106392
-18.3641173333 283.5399058
-18.3591146667 283.45777503
-18.354112 283.493045596
-18.3491093333 283.423238293
-18.3441066667 283.500155985
-18.339104 283.400930744
-18.3341013333 283.488629214
-18.3290986667 283.422558047
-18.324096 283.531652497
-18.3190933333 283.389487386
-18.3140906667 283.487437386
-18.309088 283.397295059
-18.3040853333 283.494573781
-18.2990826667 283.391353465
-18.29408 283.467489028
-18.2890773333 283.324903609
-18.2840746667 283.444995548
-18.279072 283.355031987
-18.2740693333 283.413775394
-18.2690666667 283.337435523
-18.264064 283.437997421
-18.2590613333 283.32172721
-18.2540586667 283.378065773
-18.249056 283.296593433
-18.2440533333 283.447307381
-18.2390506667 283.301052642
-18.234048 283.412736372
-18.2290453333 283.299015266
-18.2240426667 283.412879034
-18.21904 283.308316389
-18.2140373333 283.423998459
-18.2090346667 283.308235632
-18.204032 283.391137905
-18.1990293333 283.31511599
-18.1940266667 283.400485555
-18.189024 283.342538693
-18.1840213333 283.388143227
-18.1790186667 283.320866624
-18.174016 283.408592261
-18.1690133333 283.313366911
-18.1640106667 283.398001855
-18.159008 283.3123839
-18.1540053333 283.439680547
-18.1490026667 283.327909885
-18.144 283.451908274
-18.1389973333 283.3450402
-18.1339946667 283.451273527
-18.128992 283.34476032
-18.1239893333 283.4587018
-18.1189866667 283.351043213
-18.113984 283.421248595
-18.1089813333 283.362187447
-18.1039786667 283.478875107
-18.098976 283.365530051
-18.0939733333 283.446358167
-18.0889706667 283.346994353
-18.083968 283.44285338
-18.0789653333 283.367413263
-18.0739626667 283.475131144
-18.06896 283.459358799
-18.0639573333 283.476041376
-18.0589546667 283.398170118
-18.053952 283.486118429
-18.0489493333 283.349173711
-18.0439466667 283.435947294
-18.038944 283.350897941
-18.0339413333 283.440598342
-18.0289386667 283.33499198
-18.023936 283.4400766
-18.0189333333 283.337703907
-18.0139306667 283.447645829
-18.008928 283.32129321
-18.0039253333 283.39949762
-17.9989226667 283.309355775
-17.99392 283.395175363
-17.9889173333 283.305994487
-17.9839146667 283.370737956
-17.978912 283.299500233
-17.9739093333 283.373946948
-17.9689066667 283.29138244
-17.963904 283.361775451
-17.9589013333 283.295303134
-17.9538986667 283.369683453
-17.948896 283.28939824
-17.9438933333 283.365500184
-17.9388906667 283.282974593
-17.933888 283.386852092
-17.9288853333 283.292052687
-17.9238826667 283.374434357
-17.91888 283.308327056
-17.9138773333 283.373099713
-17.9088746667 283.301838179
-17.903872 283.385726095
-17.8988693333 283.314912933
-17.8938666667 283.418470775
-17.888864 283.309903398
-17.8838613333 283.360468694
-17.8788586667 283.295106137
-17.873856 283.359774805
-17.8688533333 283.269350697
-17.8638506667 283.393230441
-17.858848 283.310559127
-17.8538453333 283.37676107
-17.8488426667 283.29728672
-17.84384 283.353264294
-17.8388373333 283.283245895
-17.8338346667 283.422038349
-17.828832 283.291357422
-17.8238293333 283.384666283
-17.8188266667 283.309571176
-17.813824 283.397083174
-17.8088213333 283.331765201
-17.8038186667 283.410213827
-17.798816 283.338790208
-17.7938133333 283.404540131
-17.7888106667 283.337430579
-17.783808 283.408925454
-17.7788053333 283.327270604
-17.7738026667 283.445669981
-17.7688 283.272778041
-17.7637973333 283.446761879
-17.7587946667 283.341674644
-17.753792 283.414885438
-17.7487893333 283.327190428
-17.7437866667 283.425307457
-17.738784 283.268248403
-17.7337813333 283.38294949
-17.7287786667 283.287010761
-17.723776 283.396527094
-17.7187733333 283.310638906
-17.7137706667 283.38326946
-17.708768 283.282136323
-17.7037653333 283.351752526
-17.6987626667 283.282113814
-17.69376 283.400653678
-17.6887573333 283.292705753
-17.6837546667 283.384881145
-17.678752 283.320709012
-17.6737493333 283.355926809
-17.6687466667 283.291815776
-17.663744 283.385518932
-17.6587413333 283.291805803
-17.6537386667 283.370336908
-17.648736 283.331545295
-17.6437333333 283.423562931
-17.6387306667 283.318836913
-17.633728 283.431286324
-17.6287253333 283.328321206
-17.6237226667 283.371572545
-17.61872 283.270164297
-17.6137173333 283.391876558
-17.6087146667 283.279174372
-17.603712 283.405185917
-17.5987093333 283.291493721
-17.5937066667 283.384451205
-17.588704 283.323221707
-17.5837013333 283.386821459
-17.5786986667 283.275580512
-17.573696 283.371322514
-17.5686933333 283.277748854
-17.5636906667 283.348784761
-17.558688 283.273545295
-17.5536853333 283.37249806
-17.5486826667 283.254462295
-17.54368 283.335985969
-17.5386773333 283.262346911
-17.5336746667 283.339624555
-17.528672 283.278726269
-17.5236693333 283.375881596
-17.5186666667 283.28521226
-17.513664 283.347720462
-17.5086613333 283.274146784
-17.5036586667 283.373259211
-17.498656 283.255792755
-17.4936533333 283.35450694
-17.4886506667 283.275554804
-17.483648 283.368389642
-17.4786453333 283.256217308
-17.4736426667 283.39033007
-17.46864 283.388858757
-17.4636373333 283.524528975
-17.4586346667 283.506466203
-17.453632 283.747845571
-17.4486293333 283.847607433
-17.4436266667 284.174320509
-17.438624 284.35249487
-17.4336213333 284.739343294
-17.4286186667 285.004266765
-17.423616 285.368399051
-17.4186133333 285.376767522
-17.4136106667 285.461937833
-17.408608 285.507106206
-17.4036053333 285.68398284
-17.3986026667 285.60008021
-17.3936 285.748117324
-17.3885973333 285.675996651
-17.3835946667 285.806332893
-17.378592 285.833731408
-17.3735893333 286.011823126
-17.3685866667 286.073976841
-17.363584 286.273956744
-17.3585813333 286.300046545
-17.3535786667 286.432211125
-17.348576 286.455037262
-17.3435733333 286.646641861
-17.3385706667 286.624135734
-17.333568 286.849445032
-17.3285653333 286.903618671
-17.3235626667 287.060449517
-17.31856 287.041289787
-17.3135573333 287.155394443
-17.3085546667 287.090155751
-17.303552 287.156942407
-17.2985493333 287.126488921
-17.2935466667 287.252820282
-17.288544 287.218239407
-17.2835413333 287.379146709
-17.2785386667 287.330231627
-17.273536 287.367371097
-17.2685333333 287.367107414
-17.2635306667 287.498994189
-17.258528 287.419884946
-17.2535253333 287.528005045
-17.2485226667 287.448859304
-17.24352 287.600754513
-17.2385173333 287.493428177
-17.2335146667 287.603430382
-17.228512 287.539962189
-17.2235093333 287.673077338
-17.2185066667 287.6241013
-17.213504 287.750097019
-17.2085013333 287.687580181
-17.2034986667 287.756273372
-17.198496 287.650824371
-17.1934933333 287.77702426
-17.1884906667 287.698169171
-17.183488 287.777197522
-17.1784853333 287.668524994
-17.1734826667 287.739963684
-17.16848 287.622377271
-17.1634773333 287.744980254
-17.1584746667 287.642741468
-17.153472 287.694808497
-17.1484693333 287.517498
-17.1434666667 287.655418407
-17.138464 287.525261163
-17.1334613333 287.603147531
-17.1284586667 287.462210575
-17.123456 287.525887879
-17.1184533333 287.416820121
-17.1134506667 287.458220118
-17.108448 287.387001373
-17.1034453333 287.458350389
-17.0984426667 287.325815826
-17.09344 287.381987447
-17.0884373333 287.309534481
-17.0834346667 287.395302883
-17.078432 287.310905866
-17.0734293333 287.415636739
-17.0684266667 287.310095726
-17.063424 287.449425772
-17.0584213333 287.301001981
-17.0534186667 287.389230428
-17.048416 287.337529943
-17.0434133333 287.422674843
-17.0384106667 287.36215591
-17.033408 287.462102223
-17.0284053333 287.35871071
-17.0234026667 287.495234342
-17.0184 287.41959182
-17.0133973333 287.500018346
-17.0083946667 287.452336563
-17.003392 287.553469848
-16.9983893333 287.444504775
-16.9933866667 287.546318917
-16.988384 287.496226136
-16.9833813333 287.602222856
-16.9783786667 287.503075111
-16.973376 287.57637659
-16.9683733333 287.537409089
-16.9633706667 287.61554464
-16.958368 287.535481665
-16.9533653333 287.629757619
-16.9483626667 287.528965432
-16.94336 287.612710784
-16.9383573333 287.506020106
-16.9333546667 287.611095886
-16.928352 287.535303292
-16.9233493333 287.635376169
-16.9183466667 287.529041034
-16.913344 287.611188923
-16.9083413333 287.569018894
-16.9033386667 287.620694375
-16.898336 287.547713657
-16.8933333333 287.627283148
-16.8883306667 287.507764237
-16.883328 287.602690305
-16.8783253333 287.527329243
-16.8733226667 287.61405701
-16.86832 287.528925272
-16.8633173333 287.594508161
-16.8583146667 287.504631641
-16.853312 287.552038539
-16.8483093333 287.43642947
-16.8433066667 287.47351598
-16.838304 287.385158019
-16.8333013333 287.44077392
-16.8282986667 287.332693381
-16.823296 287.393091548
-16.8182933333 287.200550728
-16.8132906667 287.257705656
-16.808288 287.136617221
-16.8032853333 287.189061561
-16.7982826667 287.068036963
-16.79328 287.125040625
-16.7882773333 286.991237433
-16.7832746667 287.038720923
-16.778272 286.887973688
-16.7732693333 286.931346318
-16.7682666667 286.763280333
-16.763264 286.812576519
-16.7582613333 286.722152312
-16.7532586667 286.789170734
-16.748256 286.650040802
-16.7432533333 286.64992892
-16.7382506667 286.492627446
-16.733248 286.514941895
-16.7282453333 286.406603359
-16.7232426667 286.450548843
-16.71824 286.324976446
-16.7132373333 286.325209453
-16.7082346667 286.191100311
-16.703232 286.183538506
-16.6982293333 286.037760746
-16.6932266667 286.101788828
-16.688224 285.953049746
-16.6832213333 286.009964078
-16.6782186667 285.881347384
-16.673216 285.918101518
-16.6682133333 285.817208566
-16.6632106667 285.903230789
-16.658208 285.739424022
-16.6532053333 285.835923404
-16.6482026667 285.729867425
-16.6432 285.846020693
-16.6381973333 285.701409546
-16.6331946667 285.793238336
-16.628192 285.740743654
-16.6231893333 285.799391588
-16.6181866667 285.699676037
-16.613184 285.756971458
-16.6081813333 285.691121823
-16.6031786667 285.777708924
-16.598176 285.685576716
-16.5931733333 285.73482498
-16.5881706667 285.568088377
-16.583168 285.677760056
-16.5781653333 285.581326871
-16.5731626667 285.672460175
-16.56816 285.594366663
-16.5631573333 285.645215743
-16.5581546667 285.562941723
-16.553152 285.601080996
-16.5481493333 285.583127411
-16.5431466667 285.582201213
-16.538144 285.514167705
-16.5331413333 285.585485495
-16.5281386667 285.460249464
-16.523136 285.558171061
-16.5181333333 285.44775975
-16.5131306667 285.518447464
-16.508128 285.436264283
-16.5031253333 285.524082024
-16.4981226667 285.424568802
-16.49312 285.499858662
-16.4881173333 285.404857853
-16.4831146667 285.425804368
-16.478112 285.331424106
-16.4731093333 285.379981105
-16.4681066667 285.247441367
-16.463104 285.341749758
-16.4581013333 285.209221253
-16.4530986667 285.273159126
-16.448096 285.168092874
-16.4430933333 285.247864233
-16.4380906667 285.087387384
-16.433088 285.176153682
-16.4280853333 285.058230287
-16.4230826667 285.129969844
-16.41808 285.01262197
-16.4130773333 285.114344852
-16.4080746667 285.029922191
-16.403072 285.112119328
-16.3980693333 284.985815065
-16.3930666667 285.046718512
-16.388064 284.960608558
-16.3830613333 285.010865558
-16.3780586667 284.968132375
-16.373056 285.050050001
-16.3680533333 284.959279718
-16.3630506667 285.043868154
-16.358048 284.886532683
-16.3530453333 285.001472524
-16.3480426667 284.88904536
-16.34304 284.969302628
-16.3380373333 284.840202326
-16.3330346667 284.893737023
-16.328032 284.806346019
-16.3230293333 284.873610223
-16.3180266667 284.785868623
-16.313024 284.897336937
-16.3080213333 284.804228103
-16.3030186667 284.935144301
-16.298016 284.808316882
-16.2930133333 284.911503663
-16.2880106667 284.856516059
-16.283008 284.960680404
-16.2780053333 284.850224936
-16.2730026667 284.973905969
-16.268 284.917004563
-16.2629973333 284.943458831
-16.2579946667 284.922403291
-16.252992 284.9844344
-16.2479893333 284.96321498
-16.2429866667 285.047871744
-16.237984 284.95271829
-16.2329813333 285.05285831
-16.2279786667 284.955014865
-16.222976 285.058506492
-16.2179733333 284.976633282
-16.2129706667 285.082196943
-16.207968 285.000544388
-16.2029653333 285.037832226
-16.1979626667 284.974703172
-16.19296 285.062179699
-16.1879573333 285.001446232
-16.1829546667 285.068101915
-16.177952 284.975330224
-16.1729493333 285.068679238
-16.1679466667 284.965246035
-16.162944 285.07300583
-16.1579413333 284.961607884
-16.1529386667 285.05387223
-16.147936 284.966141899
-16.1429333333 285.081638028
-16.1379306667 284.952905994
-16.132928 285.024739177
-16.1279253333 284.961727006
-16.1229226667 285.066169031
-16.11792 284.921582308
-16.1129173333 284.967391502
-16.1079146667 284.88436549
-16.102912 284.94475052
-16.0979093333 284.841258463
-16.0929066667 284.90157354
-16.087904 284.791037035
-16.0829013333 284.902326332
-16.0778986667 284.778582167
-16.072896 284.860450169
-16.0678933333 284.800378761
-16.0628906667 284.827998511
-16.057888 284.743410092
-16.0528853333 284.828986497
-16.0478826667 284.773163947
-16.04288 284.817648248
-16.0378773333 284.711402653
-16.0328746667 284.834841232
-16.027872 284.729278028
-16.0228693333 284.826801469
-16.0178666667 284.734221571
-16.012864 284.845346834
-16.0078613333 284.725377363
-16.0028586667 284.775178312
-15.997856 284.704416299
-15.9928533333 284.796101163
-15.9878506667 284.718293948
-15.982848 284.747666961
-15.9778453333 284.690146375
-15.9728426667 284.748955769
-15.96784 284.656989042
-15.9628373333 284.77582147
-15.9578346667 284.65361019
-15.952832 284.727354305
-15.9478293333 284.643876093
-15.9428266667 284.694063243
-15.937824 284.581989793
-15.9328213333 284.673781825
-15.9278186667 284.574689936
-15.922816 284.646438292
-15.9178133333 284.544692783
-15.9128106667 284.636258953
-15.907808 284.56742114
-15.9028053333 284.618713309
-15.8978026667 284.54234468
-15.8928 284.605625766
-15.8877973333 284.54584862
-15.8827946667 284.656746629
-15.877792 284.552843402
-15.8727893333 284.616221168
-15.8677866667 284.583515599
-15.862784 284.62465023
-15.8577813333 284.51141215
-15.8527786667 284.622072549
-15.847776 284.579618106
-15.8427733333 284.632164499
-15.8377706667 284.57428064
-15.832768 284.617071561
-15.8277653333 284.56929795
-15.8227626667 284.616794824
-15.81776 284.531314107
-15.8127573333 284.603766308
-15.8077546667 284.545050227
-15.802752 284.590573748
-15.7977493333 284.520896395
-15.7927466667 284.593177769
-15.787744 284.500436056
-15.7827413333 284.600784354
-15.7777386667 284.489955516
-15.772736 284.59438406
-15.7677333333 284.507444392
-15.7627306667 284.602819644
-15.757728 284.475959686
-15.7527253333 284.589457048
-15.7477226667 284.523189014
-15.74272 284.608864142
-15.7377173333 284.518593361
-15.7327146667 284.623418161
-15.727712 284.507027438
-15.7227093333 284.608932669
-15.7177066667 284.528595608
-15.712704 284.582664075
-15.7077013333 284.51844149
-15.7026986667 284.599239847
-15.697696 284.543275224
-15.6926933333 284.605764708
-15.6876906667 284.557783019
-15.682688 284.631007262
-15.6776853333 284.558190626
-15.6726826667 284.64485442
-15.66768 284.586377369
-15.6626773333 284.671112346
-15.6576746667 284.602554874
-15.652672 284.778705376
-15.6476693333 284.658973024
-15.6426666667 284.761302958
-15.637664 284.670997262
-15.6326613333 284.791692145
-15.6276586667 284.746556691
-15.622656 284.849971867
-15.6176533333 284.791407731
-15.6126506667 284.851635454
-15.607648 284.80467295
-15.6026453333 284.881956561
-15.5976426667 284.824339501
-15.59264 284.862439079
-15.5876373333 284.820016579
-15.5826346667 284.905348153
-15.577632 284.831475243
-15.5726293333 284.921238814
-15.5676266667 284.860779863
-15.562624 284.896386771
-15.5576213333 284.817525313
-15.5526186667 284.878910733
-15.547616 284.824176834
-15.5426133333 284.908013939
-15.5376106667 284.83760677
-15.532608 284.981382229
-15.5276053333 284.864271371
-15.5226026667 284.933455097
-15.5176 284.855040965
-15.5125973333 284.924389259
-15.5075946667 284.846332642
-15.502592 284.921495985
-15.4975893333 284.823380734
-15.4925866667 284.942330278
-15.487584 284.831351439
-15.4825813333 284.932479582
-15.4775786667 284.844312329
-15.472576 284.905672258
-15.4675733333 284.824667094
-15.4625706667 284.913417333
-15.457568 284.812255041
-15.4525653333 284.945348724
-15.4475626667 284.874787228
-15.44256 284.924563387
-15.4375573333 284.855617966
-15.4325546667 284.903989731
-15.427552 284.849157614
-15.4225493333 284.938448303
-15.4175466667 284.837953498
-15.412544 284.889030346
-15.4075413333 284.806354767
-15.4025386667 284.898555988
-15.397536 284.822861613
-15.3925333333 284.918411317
-15.3875306667 284.853038878
-15.382528 284.949091718
-15.3775253333 284.87377647
-15.3725226667 285.001092115
-15.36752 284.965542218
-15.3625173333 285.006635234
-15.3575146667 284.968002444
-15.352512 285.10979632
-15.3475093333 285.081029864
-15.3425066667 285.183849217
-15.337504 285.143811239
-15.3325013333 285.248277912
-15.3274986667 285.256200204
-15.322496 285.393307544
-15.3174933333 285.344966095
-15.3124906667 285.510454951
-15.307488 285.501314112
-15.3024853333 285.672270506
-15.2974826667 285.607376595
-15.29248 285.73055351
-15.2874773333 285.754007828
-15.2824746667 285.822586522
-15.277472 285.821013152
-15.2724693333 285.946015033
-15.2674666667 285.918289923
-15.262464 286.016109887
-15.2574613333 286.01508618
-15.2524586667 286.148014206
-15.247456 286.173921674
-15.2424533333 286.410197207
-15.2374506667 286.433402293
-15.232448 286.615143407
-15.2274453333 286.717186686
-15.2224426667 286.913202994
-15.21744 286.963816419
-15.2124373333 287.175641456
-15.2074346667 287.200648903
-15.202432 287.384818975
-15.1974293333 287.419726015
-15.1924266667 287.555252637
-15.187424 287.541271558
-15.1824213333 287.638175984
-15.1774186667 287.604014475
-15.172416 287.693298242
-15.1674133333 287.662719263
-15.1624106667 287.766856539
-15.157408 287.673626539
-15.1524053333 287.771548177
-15.1474026667 287.668779492
-15.1424 287.71154173
-15.1373973333 287.551385101
-15.1323946667 287.58906633
-15.127392 287.493971857
-15.1223893333 287.558587577
-15.1173866667 287.466214491
-15.112384 287.550434743
-15.1073813333 287.436861541
-15.1023786667 287.530567045
-15.097376 287.447259187
-15.0923733333 287.502187288
-15.0873706667 287.405818563
-15.082368 287.458008577
-15.0773653333 287.375702713
-15.0723626667 287.468877211
-15.06736 287.330183999
-15.0623573333 287.35923788
-15.0573546667 287.265681922
-15.052352 287.322564329
-15.0473493333 287.267314682
-15.0423466667 287.316404598
-15.037344 287.231427919
-15.0323413333 287.284091786
-15.0273386667 287.161803957
-15.022336 287.278547053
-15.0173333333 287.172197255
-15.0123306667 287.250487571
-15.007328 287.183706561
-15.0023253333 287.247353605
-14.9973226667 287.16666955
-14.99232 287.251016744
-14.9873173333 287.19820148
-14.9823146667 287.283084171
-14.977312 287.193224151
-14.9723093333 287.26565984
-14.9673066667 287.202560831
-14.962304 287.287753912
-14.9573013333 287.164625241
-14.9522986667 287.247913918
-14.947296 287.162626516
-14.9422933333 287.203292791
-14.9372906667 287.122190153
-14.932288 287.191548613
-14.9272853333 287.11320366
-14.9222826667 287.153742693
-14.91728 287.051260656
-14.9122773333 287.090068445
-14.9072746667 286.999630025
-14.902272 287.057242632
-14.8972693333 286.963095467
-14.8922666667 286.985058472
-14.887264 286.938443155
-14.8822613333 287.00714734
-14.8772586667 286.905245093
-14.872256 286.940347037
-14.8672533333 286.821878244
-14.8622506667 286.878060357
-14.857248 286.759399205
-14.8522453333 286.789187403
-14.8472426667 286.741395198
-14.84224 286.771297958
-14.8372373333 286.590756169
-14.8322346667 286.641934935
-14.827232 286.521480749
-14.8222293333 286.547300879
-14.8172266667 286.436344048
-14.812224 286.468807872
-14.8072213333 286.336238464
-14.8022186667 286.352228834
-14.797216 286.231049978
-14.7922133333 286.294637914
-14.7872106667 286.235890086
-14.782208 286.246487929
-14.7772053333 286.112038941
-14.7722026667 286.168362833
-14.7672 286.104882811
-14.7621973333 286.122155628
-14.7571946667 286.038011174
-14.752192 286.037246733
-14.7471893333 285.892212061
-14.7421866667 285.980097307
-14.737184 285.860707698
-14.7321813333 285.88881604
-14.7271786667 285.798200488
-14.722176 285.856562271
-14.7171733333 285.754458664
-14.7121706667 285.78180818
-14.707168 285.692267779
-14.7021653333 285.710319747
-14.6971626667 285.608118796
-14.69216 285.629337815
-14.6871573333 285.558578776
-14.6821546667 285.560155007
-14.677152 285.44302211
-14.6721493333 285.485150506
-14.6671466667 285.372113005
-14.662144 285.396871866
-14.6571413333 285.321076764
-14.6521386667 285.290408258
-14.647136 285.289631579
-14.6421333333 285.336965879
-14.6371306667 285.250697516
-14.632128 285.280674326
-14.6271253333 285.185628885
-14.6221226667 285.253127198
-14.61712 285.132322758
-14.6121173333 285.149151159
-14.6071146667 285.070056195
-14.602112 285.123339015
-14.5971093333 285.023401843
-14.5921066667 285.045127249
-14.587104 284.984375207
-14.5821013333 284.972451067
-14.5770986667 284.839969346
-14.572096 284.85400943
-14.5670933333 284.825228521
-14.5620906667 284.887311773
-14.557088 284.742384333
-14.5520853333 284.817440578
-14.5470826667 284.69285344
-14.54208 284.724690704
-14.5370773333 284.636498078
-14.5320746667 284.653119832
-14.527072 284.547252944
-14.5220693333 284.553426314
-14.5170666667 284.489165392
-14.512064 284.519045395
-14.5070613333 284.40105908
-14.5020586667 284.40925345
-14.497056 284.343667318
-14.4920533333 284.381323048
-14.4870506667 284.289375364
-14.482048 284.315567016
-14.4770453333 284.182590395
-14.4720426667 284.237273967
-14.46704 284.156901434
-14.4620373333 284.157019252
-14.4570346667 284.016839022
-14.452032 284.059407497
-14.4470293333 284.010013963
-14.4420266667 284.003518083
-14.437024 283.932424559
-14.4320213333 283.953691818
-14.4270186667 283.863617213
-14.422016 283.884575293
-14.4170133333 283.766681776
-14.4120106667 283.823510854
-14.407008 283.753674311
-14.4020053333 283.776198233
-14.3970026667 283.672895236
-14.392 283.780315356
-14.3869973333 283.684871754
-14.3819946667 283.717010747
-14.376992 283.628355408
-14.3719893333 283.691433423
-14.3669866667 283.670856292
-14.361984 283.677849301
-14.3569813333 283.56450259
-14.3519786667 283.619156692
-14.346976 283.54595769
-14.3419733333 283.609788728
-14.3369706667 283.515138136
-14.331968 283.577907773
-14.3269653333 283.492615949
-14.3219626667 283.559392168
-14.31696 283.484144043
-14.3119573333 283.548390281
-14.3069546667 283.476411468
-14.301952 283.505079035
-14.2969493333 283.423401418
-14.2919466667 283.502581138
-14.286944 283.430650206
-14.2819413333 283.447108123
-14.2769386667 283.398901273
-14.271936 283.443462731
-14.2669333333 283.348402714
-14.2619306667 283.418120123
-14.256928 283.336936628
-14.2519253333 283.390203561
-14.2469226667 283.395124933
-14.24192 283.389851705
-14.2369173333 283.348634691
-14.2319146667 283.359951167
-14.226912 283.291639239
-14.2219093333 283.349863491
-14.2169066667 283.224801902
-14.211904 283.295167745
-14.2069013333 283.279955738
-14.2018986667 283.295470782
-14.196896 283.223121858
-14.1918933333 283.281722075
-14.1868906667 283.230211128
-14.181888 283.286750143
-14.1768853333 283.203551685
-14.1718826667 283.219412605
-14.16688 283.220408663
-14.1618773333 283.275616677
-14.1568746667 283.17260983
-14.151872 283.246776868
-14.1468693333 283.187111233
-14.1418666667 283.23519833
-14.136864 283.144229469
-14.1318613333 283.190363102
-14.1268586667 283.148193426
-14.121856 283.212177984
-14.1168533333 283.129160804
-14.1118506667 283.202173616
-14.106848 283.165886021
-14.1018453333 283.215502124
-14.0968426667 283.151006136
-14.09184 283.186261867
-14.0868373333 283.146845897
-14.0818346667 283.192682912
-14.076832 283.119339746
-14.0718293333 283.193392863
-14.0668266667 283.133669871
-14.061824 283.203077244
-14.0568213333 283.143312514
-14.0518186667 283.213371191
-14.046816 283.12637028
-14.0418133333 283.204445965
-14.0368106667 283.110435892
-14.031808 283.200136567
-14.0268053333 283.146001445
-14.0218026667 283.160190068
-14.0168 283.083828344
-14.0117973333 283.133061729
-14.0067946667 283.049765066
-14.001792 283.137214277
-13.9967893333 283.045417933
-13.9917866667 283.105489166
-13.986784 283.042245714
-13.9817813333 283.109638492
-13.9767786667 283.032505095
-13.971776 283.085912659
-13.9667733333 283.064273871
-13.9617706667 283.088283384
-13.956768 283.038454661
-13.9517653333 283.07068236
-13.9467626667 283.041739114
-13.94176 283.104215513
-13.9367573333 283.051375014
-13.9317546667 283.081863457
-13.926752 283.048972153
-13.9217493333 283.142151482
-13.9167466667 283.029433887
-13.911744 283.095087262
-13.9067413333 283.038548515
-13.9017386667 283.107000306
-13.896736 283.007587913
-13.8917333333 283.085716297
-13.8867306667 283.021334458
-13.881728 283.070764876
-13.8767253333 283.037101937
-13.8717226667 283.075884578
-13.86672 283.027500995
-13.8617173333 283.075900176
-13.8567146667 282.99552209
-13.851712 283.072824444
-13.8467093333 283.037756104
-13.8417066667 283.119733279
-13.836704 283.052815537
-13.8317013333 283.146522173
-13.8266986667 283.12935766
-13.821696 283.194821478
-13.8166933333 283.138287545
-13.8116906667 283.220719354
-13.806688 283.215483687
-13.8016853333 283.290955414
-13.7966826667 283.224348673
-13.79168 283.297029895
-13.7866773333 283.286038742
-13.7816746667 283.344253153
-13.776672 283.280954706
-13.7716693333 283.381573115
-13.7666666667 283.387244864
-13.761664 283.429242504
-13.7566613333 283.372760026
-13.7516586667 283.46715074
-13.746656 283.420896574
-13.7416533333 283.505274516
-13.7366506667 283.458751454
-13.731648 283.543855951
-13.7266453333 283.516207629
-13.7216426667 283.497482682
-13.71664 283.417527951
-13.7116373333 283.555494663
-13.7066346667 283.514170607
-13.701632 283.622054099
-13.6966293333 283.620098835
-13.6916266667 283.662789131
-13.686624 283.621543379
-13.6816213333 283.679931892
-13.6766186667 283.634621566
-13.671616 283.7129344
-13.6666133333 283.697545236
-13.6616106667 283.750905414
-13.656608 283.718251983
-13.6516053333 283.786394547
-13.6466026667 283.782383214
-13.6416 283.850228486
-13.6365973333 283.818250131
-13.6315946667 283.858450746
-13.626592 283.845707392
-13.6215893333 283.924795268
-13.6165866667 283.875304225
-13.611584 283.920920215
-13.6065813333 283.900211072
-13.6015786667 283.972329992
-13.596576 283.946577895
-13.5915733333 283.988703295
-13.5865706667 283.950683084
-13.581568 284.038624066
-13.5765653333 283.958872712
-13.5715626667 284.027554078
-13.56656 284.008507802
-13.5615573333 284.083717479
-13.5565546667 283.986733788
-13.551552 284.055900288
-13.5465493333 284.040331869
-13.5415466667 284.070010549
-13.536544 284.003632538
-13.5315413333 284.123581548
-13.5265386667 284.187767166
-13.521536 284.364664033
-13.5165333333 284.472992471
-13.5115306667 284.775585866
-13.506528 285.038968777
-13.5015253333 285.371715843
-13.4965226667 285.717886847
-13.49152 286.201768409
-13.4865173333 286.52111098
-13.4815146667 286.813702109
-13.476512 286.92238845
-13.4715093333 287.016762927
-13.4665066667 286.998644178
-13.461504 287.05035467
-13.4565013333 286.93299848
-13.4514986667 286.957164423
-13.446496 286.909443688
-13.4414933333 286.999855148
-13.4364906667 286.987508337
-13.431488 287.070795367
-13.4264853333 287.069361473
-13.4214826667 287.119190586
-13.41648 287.07007754
-13.4114773333 287.16675526
-13.4064746667 287.12684453
-13.401472 287.197557949
-13.3964693333 287.173612286
-13.3914666667 287.231803658
-13.386464 287.194686073
-13.3814613333 287.2219514
-13.3764586667 287.163523841
-13.371456 287.226813372
-13.3664533333 287.185871135
-13.3614506667 287.262814582
-13.356448 287.200226875
-13.3514453333 287.250119611
-13.3464426667 287.251125186
-13.34144 287.313902855
-13.3364373333 287.270822823
-13.3314346667 287.297722856
-13.326432 287.250222754
-13.3214293333 287.325862448
-13.3164266667 287.286459266
-13.311424 287.34527567
-13.3064213333 287.307533282
-13.3014186667 287.360768389
-13.296416 287.299078426
-13.2914133333 287.38716613
-13.2864106667 287.325846365
-13.281408 287.365101031
-13.2764053333 287.277139521
-13.2714026667 287.327559773
-13.2664 287.261724161
-13.2613973333 287.332000104
-13.2563946667 287.245368357
-13.251392 287.27042348
-13.2463893333 287.217666043
-13.2413866667 287.281442436
-13.236384 287.175362328
-13.2313813333 287.253740225
-13.2263786667 287.251318595
-13.221376 287.29890689
-13.2163733333 287.248495057
-13.2113706667 287.327496436
-13.206368 287.322106543
-13.2013653333 287.375363284
-13.1963626667 287.339940544
-13.19136 287.369151978
-13.1863573333 287.361638536
-13.1813546667 287.43122492
-13.176352 287.341118832
-13.1713493333 287.422409626
-13.1663466667 287.360109448
-13.161344 287.467907522
-13.1563413333 287.413339153
-13.1513386667 287.416246884
-13.146336 287.435411128
-13.1413333333 287.505180322
-13.1363306667 287.436846054
-13.131328 287.546453632
-13.1263253333 287.499750607
-13.1213226667 287.566461443
-13.11632 287.522792182
-13.1113173333 287.594384562
-13.1063146667 287.571429858
-13.101312 287.651447111
-13.0963093333 287.585025038
-13.0913066667 287.669278648
-13.086304 287.65240114
-13.0813013333 287.647563502
-13.0762986667 287.565415847
-13.071296 287.615264745
-13.0662933333 287.603707307
-13.0612906667 287.625606386
-13.056288 287.532007886
-13.0512853333 287.549034601
-13.0462826667 287.437312365
-13.04128 287.530576694
-13.0362773333 287.435594788
-13.0312746667 287.471459527
-13.026272 287.400791152
-13.0212693333 287.449525173
-13.0162666667 287.382731647
-13.011264 287.386516465
-13.0062613333 287.369304653
-13.0012586667 287.363529434
-12.996256 287.280101493
-12.9912533333 287.304268762
-12.9862506667 287.255171166
-12.981248 287.309220292
-12.9762453333 287.242365961
-12.9712426667 287.265253723
-12.96624 287.229431474
-12.9612373333 287.232255574
-12.9562346667 287.156215781
-12.951232 287.160683366
-12.9462293333 287.171723078
-12.9412266667 287.217011212
-12.936224 287.143820964
-12.9312213333 287.117891935
-12.9262186667 287.019683128
-12.921216 287.013494386
-12.9162133333 286.930402945
-12.9112106667 286.993435089
-12.906208 286.956121555
-12.9012053333 286.971138315
-12.8962026667 286.914454781
-12.8912 286.936826278
-12.8861973333 286.873860576
-12.8811946667 286.897169117
-12.876192 286.850940188
-12.8711893333 286.842325171
-12.8661866667 286.76582104
-12.861184 286.767483379
-12.8561813333 286.614460768
-12.8511786667 286.6069348
-12.846176 286.520741733
-12.8411733333 286.514506456
-12.8361706667 286.429049832
-12.831168 286.407637073
-12.8261653333 286.377885295
-12.8211626667 286.366457816
-12.81616 286.272262637
-12.8111573333 286.273384275
-12.8061546667 286.189762155
-12.801152 286.193154711
-12.7961493333 286.139574704
-12.7911466667 286.110851832
-12.786144 286.046983194
-12.7811413333 286.051068525
-12.7761386667 285.944433078
-12.771136 285.960516467
-12.7661333333 285.843763516
-12.7611306667 285.88540759
-12.756128 285.788704499
-12.7511253333 285.777760543
-12.7461226667 285.737741681
-12.74112 285.692808694
-12.7361173333 285.626680267
-12.7311146667 285.59341952
-12.726112 285.519238836
-12.7211093333 285.525368779
-12.7161066667 285.431084294
-12.711104 285.402338801
-12.7061013333 285.355772516
-12.7010986667 285.366974937
-12.696096 285.26437806
-12.6910933333 285.254505098
-12.6860906667 285.221805705
-12.681088 285.213860468
-12.6760853333 285.104818411
-12.6710826667 285.132337632
-12.66608 285.051681514
-12.6610773333 284.989855832
-12.6560746667 284.97713081
-12.651072 284.986810958
-12.6460693333 284.952064851
-12.6410666667 284.980638556
-12.636064 284.880608888
-12.6310613333 284.901455417
-12.6260586667 284.867656995
-12.621056 284.867342947
-12.6160533333 284.769774645
-12.6110506667 284.764911994
-12.606048 284.669545311
-12.6010453333 284.676061716
-12.5960426667 284.566952731
-12.59104 284.567336401
-12.5860373333 284.50756932
-12.5810346667 284.497149598
-12.576032 284.381961981
-12.5710293333 284.376587408
-12.5660266667 284.313939974
-12.561024 284.304524507
-12.5560213333 284.265358879
-12.5510186667 284.263656077
-12.546016 284.186341753
-12.5410133333 284.240531527
-12.5360106667 284.146046225
-12.531008 284.139359279
-12.5260053333 284.064899536
-12.5210026667 284.083206113
-12.516 284.005208756
-12.5109973333 284.010246853
-12.5059946667 283.942315035
-12.500992 283.964213696
-12.4959893333 283.844499651
-12.4909866667 283.895189225
-12.485984 283.824797095
-12.4809813333 283.839311414
-12.4759786667 283.79146236
-12.470976 283.794674415
-12.4659733333 283.775678161
-12.4609706667 283.741782498
-12.455968 283.702256991
-12.4509653333 283.711730521
-12.4459626667 283.641573661
-12.44096 283.663707966
-12.4359573333 283.593623476
-12.4309546667 283.578590428
-12.425952 283.559364045
-12.4209493333 283.581399167
-12.4159466667 283.516691045
-12.410944 283.525934396
-12.4059413333 283.519127624
-12.4009386667 283.497529653
-12.395936 283.454341645
-12.3909333333 283.4805526
-12.3859306667 283.444620846
-12.380928 283.433009265
-12.3759253333 283.432329193
-12.3709226667 283.426527944
-12.36592 283.40339014
-12.3609173333 283.421977807
-12.3559146667 283.338090627
-12.350912 283.392580313
-12.3459093333 283.391211749
-12.3409066667 283.391269192
-12.335904 283.327921757
-12.3309013333 283.356359531
-12.3258986667 283.340770826
-12.320896 283.341291508
-12.3158933333 283.288015904
-12.3108906667 283.304522466
-12.305888 283.30093926
-12.3008853333 283.31072046
-12.2958826667 283.222087252
-12.29088 283.252072845
-12.2858773333 283.23795963
-12.2808746667 283.245259512
-12.275872 283.221169137
-12.2708693333 283.251879552
-12.2658666667 283.262941921
-12.260864 283.258373344
-12.2558613333 283.232551635
-12.2508586667 283.234668555
-12.245856 283.239108339
-12.2408533333 283.249505611
-12.2358506667 283.188202249
-12.230848 283.225749459
-12.2258453333 283.195318638
-12.2208426667 283.219331282
-12.21584 283.154441416
-12.2108373333 283.196663783
-12.2058346667 283.208220991
-12.200832 283.188330458
-12.1958293333 283.177104842
-12.1908266667 283.199905372
-12.185824 283.161200711
-12.1808213333 283.187570572
-12.1758186667 283.146859491
-12.170816 283.169842288
-12.1658133333 283.149248318
-12.1608106667 283.241303046
-12.155808 283.159518407
-12.1508053333 283.19003467
-12.1458026667 283.186846377
-12.1408 283.2231722
-12.1357973333 283.171379665
-12.1307946667 283.202253888
-12.125792 283.179002846
-12.1207893333 283.17889819
-12.1157866667 283.142957518
-12.110784 283.177184578
-12.1057813333 283.17624885
-12.1007786667 283.160850035
-12.095776 283.111779271
-12.0907733333 283.127651514
-12.0857706667 283.119732494
-12.080768 283.160966525
-12.0757653333 283.103728918
-12.0707626667 283.146760005
-12.06576 283.15456363
-12.0607573333 283.147932839
-12.0557546667 283.088507901
-12.050752 283.0730575
-12.0457493333 283.07163365
-12.0407466667 283.077047812
-12.035744 283.05249763
-12.0307413333 283.105003021
-12.0257386667 283.085682371
-12.020736 283.109815512
-12.0157333333 283.034991654
-12.0107306667 283.063750033
-12.005728 283.07250284
-12.0007253333 283.078488801
-11.9957226667 283.009991289
-11.99072 283.051507296
-11.9857173333 283.039448133
-11.9807146667 283.067543584
-11.975712 282.998573932
-11.9707093333 283.030699275
-11.9657066667 283.072628641
-11.960704 283.159417817
-11.9557013333 283.073802501
-11.9506986667 283.116798828
-11.945696 283.064523975
-11.9406933333 283.113302913
-11.9356906667 283.083228651
-11.930688 283.171434491
-11.9256853333 283.195127154
-11.9206826667 283.260553357
-11.91568 283.25713219
-11.9106773333 283.352029528
-11.9056746667 283.390895876
-11.900672 283.467042863
-11.8956693333 283.472027674
-11.8906666667 283.566104792
-11.885664 283.638399165
-11.8806613333 283.68781716
-11.8756586667 283.721849034
-11.870656 283.78647777
-11.8656533333 283.821918812
-11.8606506667 283.84097523
-11.855648 283.875498537
-11.8506453333 283.944103835
-11.8456426667 283.946481824
-11.84064 284.020157583
-11.8356373333 284.007996697
-11.8306346667 284.039223117
-11.825632 284.048661567
-11.8206293333 284.120287206
-11.8156266667 284.095221766
-11.810624 284.139371649
-11.8056213333 284.164665355
-11.8006186667 284.158188859
-11.795616 284.139554593
-11.7906133333 284.181655822
-11.7856106667 284.18383777
-11.780608 284.225561467
-11.7756053333 284.214842508
-11.7706026667 284.225843027
-11.7656 284.254187098
-11.7605973333 284.267626086
-11.7555946667 284.245204125
-11.750592 284.266928624
-11.7455893333 284.268969217
-11.7405866667 284.289079634
-11.735584 284.268993916
-11.7305813333 284.309090585
-11.7255786667 284.29672658
-11.720576 284.365132932
-11.7155733333 284.295870761
-11.7105706667 284.332571349
-11.705568 284.348149738
-11.7005653333 284.374512622
-11.6955626667 284.351323099
-11.69056 284.381162833
-11.6855573333 284.385679729
-11.6805546667 284.433385514
-11.675552 284.436957459
-11.6705493333 284.49455243
-11.6655466667 284.516102387
-11.660544 284.556680348
-11.6555413333 284.564816802
-11.6505386667 284.60778802
-11.645536 284.638383017
-11.6405333333 284.679954786
-11.6355306667 284.672198899
-11.630528 284.696902452
-11.6255253333 284.736815544
-11.6205226667 284.784788364
-11.61552 284.793142031
-11.6105173333 284.830455037
-11.6055146667 284.865983223
-11.600512 284.879813324
-11.5955093333 284.886318508
-11.5905066667 284.905596485
-11.585504 284.891366255
-11.5805013333 284.953537872
-11.5754986667 284.936291505
-11.570496 284.960637261
-11.5654933333 284.970385014
-11.5604906667 285.104063645
-11.555488 284.978191548
-11.5504853333 285.026419263
-11.5454826667 285.027684686
-11.54048 285.088124215
-11.5354773333 285.04688527
-11.5304746667 285.042981433
-11.525472 285.032855065
-11.5204693333 285.075152039
-11.5154666667 285.047286188
-11.510464 285.030679309
-11.5054613333 285.049722586
-11.5004586667 285.042445577
-11.495456 285.046644679
-11.4904533333 285.041718838
-11.4854506667 285.03975877
-11.480448 285.04014117
-11.4754453333 285.04937828
-11.4704426667 285.136316315
-11.46544 285.201564132
-11.4604373333 285.258531991
-11.4554346667 285.280483238
-11.450432 285.401680953
-11.4454293333 285.552987921
-11.4404266667 285.760025258
-11.435424 285.953517465
-11.4304213333 286.227760502
-11.4254186667 286.474328761
-11.420416 286.687179675
-11.4154133333 286.727764035
-11.4104106667 286.876746021
-11.405408 286.834982793
-11.4004053333 286.827019903
-11.3954026667 286.76782494
-11.3904 286.773563766
-11.3853973333 286.789566229
-11.3803946667 286.81243819
-11.375392 286.843502515
-11.3703893333 286.929600168
-11.3653866667 287.009105896
-11.360384 287.069226972
-11.3553813333 287.089988831
-11.3503786667 287.200182776
-11.345376 287.251675354
-11.3403733333 287.352738601
-11.3353706667 287.425682845
-11.330368 287.517668906
-11.3253653333 287.571801618
-11.3203626667 287.680405813
-11.31536 287.714713919
-11.3103573333 287.804500057
-11.3053546667 287.85307764
-11.300352 287.924888994
-11.2953493333 287.921089091
-11.2903466667 287.941118534
-11.285344 287.990568996
-11.2803413333 288.042981938
-11.2753386667 288.051341023
-11.270336 288.11236731
-11.2653333333 288.135865221
-11.2603306667 288.236584614
-11.255328 288.270742831
-11.2503253333 288.343009772
-11.2453226667 288.361404321
-11.24032 288.418516479
-11.2353173333 288.459395495
-11.2303146667 288.465389166
-11.225312 288.492697123
-11.2203093333 288.529630903
-11.2153066667 288.492276608
-11.210304 288.548654088
-11.2053013333 288.537212327
-11.2002986667 288.563152608
-11.195296 288.541828127
-11.1902933333 288.585497525
-11.1852906667 288.55737024
-11.180288 288.560195144
-11.1752853333 288.528267164
-11.1702826667 288.555990256
-11.16528 288.505753602
-11.1602773333 288.527387089
-11.1552746667 288.482090866
-11.150272 288.526233
-11.1452693333 288.507813407
-11.1402666667 288.502991136
-11.135264 288.454779106
-11.1302613333 288.472856796
-11.1252586667 288.466276523
-11.120256 288.458755601
-11.1152533333 288.439673771
-11.1102506667 288.419858026
-11.105248 288.411600457
-11.1002453333 288.410718266
-11.0952426667 288.405124861
-11.09024 288.36613513
-11.0852373333 288.387430296
-11.0802346667 288.336462583
-11.075232 288.304376454
-11.0702293333 288.294605718
-11.0652266667 288.184803521
-11.060224 288.244501101
-11.0552213333 288.163607134
-11.0502186667 288.117324363
-11.045216 288.045445123
-11.0402133333 288.050510636
-11.0352106667 287.986179491
-11.030208 287.935333745
-11.0252053333 287.883050834
-11.0202026667 287.866409603
-11.0152 287.796753281
-11.0101973333 287.764212223
-11.0051946667 287.724648619
-11.000192 287.697095736
-10.9951893333 287.643313065
-10.9901866667 287.688171669
-10.985184 287.645885275
-10.9801813333 287.67203703
-10.9751786667 287.665905026
-10.970176 287.685428377
-10.9651733333 287.683472407
-10.9601706667 287.653195107
-10.955168 287.62677786
-10.9501653333 287.631767914
-10.9451626667 287.645133684
-10.94016 287.61328081
-10.9351573333 287.560416598
-10.9301546667 287.496463701
-10.925152 287.476712576
-10.9201493333 287.418616006
-10.9151466667 287.312979946
-10.910144 287.24061907
-10.9051413333 287.176192328
-10.9001386667 287.069711344
-10.895136 286.971593593
-10.8901333333 286.95978967
-10.8851306667 286.90025597
-10.880128 286.86569379
-10.8751253333 286.80956511
-10.8701226667 286.768575795
-10.86512 286.731476949
-10.8601173333 286.692987323
-10.8551146667 286.610311194
-10.850112 286.630913352
-10.8451093333 286.599406385
-10.8401066667 286.552985314
-10.835104 286.478844434
-10.8301013333 286.368939303
-10.8250986667 286.318900748
-10.820096 286.183409048
-10.8150933333 286.057069374
-10.8100906667 286.004764209
-10.805088 285.997803427
-10.8000853333 285.957879447
-10.7950826667 285.935057323
-10.79008 285.866176101
-10.7850773333 285.894516687
-10.7800746667 285.831579509
-10.775072 285.771746693
-10.7700693333 285.761059705
-10.7650666667 285.727981866
-10.760064 285.702698461
-10.7550613333 285.693094994
-10.7500586667 285.651611677
-10.745056 285.609136561
-10.7400533333 285.606149645
-10.7350506667 285.547456949
-10.730048 285.532857368
-10.7250453333 285.502004201
-10.7200426667 285.449676646
-10.71504 285.397326259
-10.7100373333 285.400111879
-10.7050346667 285.329393702
-10.700032 285.353940578
-10.6950293333 285.290758483
-10.6900266667 285.267540683
-10.685024 285.265435972
-10.6800213333 285.214677781
-10.6750186667 285.170939702
-10.670016 285.1431484
-10.6650133333 285.138555755
-10.6600106667 285.072666082
-10.655008 285.045158482
-10.6500053333 285.015896432
-10.6450026667 285.010835768
-10.64 285.01341461
-10.6349973333 284.934493229
-10.6299946667 284.927188861
-10.624992 284.904021124
-10.6199893333 284.879144076
-10.6149866667 284.835669812
-10.609984 284.821694435
-10.6049813333 284.811037864
-10.5999786667 284.760291654
-10.594976 284.71502001
-10.5899733333 284.674395796
-10.5849706667 284.666832029
-10.579968 284.634122011
-10.5749653333 284.581388833
-10.5699626667 284.588343384
-10.56496 284.535520753
-10.5599573333 284.544932262
-10.5549546667 284.502658202
-10.549952 284.470170702
-10.5449493333 284.490758552
-10.5399466667 284.492656502
-10.534944 284.450967709
-10.5299413333 284.425502841
-10.5249386667 284.438222804
-10.519936 284.412026212
-10.5149333333 284.393145195
-10.5099306667 284.390004797
-10.504928 284.39329414
-10.4999253333 284.385261222
-10.4949226667 284.358734992
-10.48992 284.386827069
-10.4849173333 284.415823998
-10.4799146667 284.394063284
-10.474912 284.354602581
-10.4699093333 284.350180691
-10.4649066667 284.361045101
-10.459904 284.38203512
-10.4549013333 284.346379488
-10.4498986667 284.31361206
-10.444896 284.361596143
-10.4398933333 284.342395231
-10.4348906667 284.317839789
-10.429888 284.312483122
-10.4248853333 284.287207592
-10.4198826667 284.313628976
-10.41488 284.24730449
-10.4098773333 284.253595247
-10.4048746667 284.316630109
-10.399872 284.271373853
-10.3948693333 284.226841797
-10.3898666667 284.240536674
-10.384864 284.249678073
-10.3798613333 284.242980062
-10.3748586667 284.242292201
-10.369856 284.228284076
-10.3648533333 284.233137271
-10.3598506667 284.200242422
-10.354848 284.202793297
-10.3498453333 284.197446163
-10.3448426667 284.222042618
-10.33984 284.199211721
-10.3348373333 284.169309405
-10.3298346667 284.164768789
-10.324832 284.182685941
-10.3198293333 284.179002129
-10.3148266667 284.15303715
-10.309824 284.168680782
-10.3048213333 284.191630667
-10.2998186667 284.163096117
-10.294816 284.148418861
-10.2898133333 284.13995702
-10.2848106667 284.138569276
-10.279808 284.128324013
-10.2748053333 284.083841536
-10.2698026667 284.08890291
-10.2648 284.109409278
-10.2597973333 284.114766549
-10.2547946667 284.084456237
-10.249792 284.08527949
-10.2447893333 284.069761032
-10.2397866667 284.062477443
-10.234784 284.036552296
-10.2297813333 284.073137986
-10.2247786667 284.106129182
-10.219776 284.1011077
-10.2147733333 284.100654813
-10.2097706667 284.123178967
-10.204768 284.068053636
-10.1997653333 284.119323711
-10.1947626667 284.089895792
-10.18976 284.081518657
-10.1847573333 284.100877611
-10.1797546667 284.121533461
-10.174752 284.085597258
-10.1697493333 284.085102221
-10.1647466667 284.105860454
-10.159744 284.099785976
-10.1547413333 284.041853755
-10.1497386667 284.072050351
-10.144736 284.100322724
-10.1397333333 284.091831622
-10.1347306667 284.070220703
-10.129728 284.086486857
-10.1247253333 284.092345155
-10.1197226667 284.083548933
-10.11472 284.082712251
-10.1097173333 284.077205427
-10.1047146667 284.092582394
-10.099712 284.090189569
-10.0947093333 284.069570435
-10.0897066667 284.100768272
-10.084704 284.125750507
-10.0797013333 284.119891374
-10.0746986667 284.087985495
-10.069696 284.107983646
-10.0646933333 284.125718153
-10.0596906667 284.113384553
-10.054688 284.145222971
-10.0496853333 284.125851034
-10.0446826667 284.17163864
-10.03968 284.172348183
-10.0346773333 284.142657975
-10.0296746667 284.149604912
-10.024672 284.169781862
-10.0196693333 284.161525051
-10.0146666667 284.166843613
-10.009664 284.135955468
-10.0046613333 284.177407114
-9.99965866667 284.176035864
-9.994656 284.137844723
-9.98965333333 284.148414315
-9.98465066667 284.19430277
-9.979648 284.171423191
-9.97464533333 284.188567006
-9.96964266667 284.18596384
-9.96464 284.222442118
-9.95963733333 284.228909388
-9.95463466667 284.249330021
-9.949632 284.240038566
-9.94462933333 284.268974989
-9.93962666667 284.244337404
-9.934624 284.255683115
-9.92962133333 284.257242044
-9.92461866667 284.295133173
-9.919616 284.288852368
-9.91461333333 284.280761912
-9.90961066667 284.287505604
-9.904608 284.291321886
-9.89960533333 284.317079348
-9.89460266667 284.284663059
-9.8896 284.296078212
-9.88459733333 284.354852609
-9.87959466667 284.328968261
-9.874592 284.309936288
-9.86958933333 284.337242254
-9.86458666667 284.371964939
-9.859584 284.403579923
-9.85458133333 284.368519955
-9.84957866667 284.38002367
-9.844576 284.409394362
-9.83957333333 284.402743756
-9.83457066667 284.438833558
-9.829568 284.430580994
-9.82456533333 284.492481852
-9.81956266667 284.47248082
-9.81456 284.481973326
-9.80955733333 284.488273873
-9.80455466667 284.515885768
-9.799552 284.57705348
-9.79454933333 284.526300033
-9.78954666667 284.548567791
-9.784544 284.568431878
-9.77954133333 284.564295161
-9.77453866667 284.482317793
-9.769536 284.513556463
-9.76453333333 284.543902616
-9.75953066667 284.492509019
-9.754528 284.444970669
-9.74952533333 284.536557462
-9.74452266667 284.48595574
-9.73952 284.479193733
-9.73451733333 284.458344129
-9.72951466667 284.453732536
-9.724512 284.441309901
-9.71950933333 284.440755988
-9.71450666667 284.411204145
-9.709504 284.397131632
-9.70450133333 284.402325372
-9.69949866667 284.384607431
-9.694496 284.365546153
-9.68949333333 284.352940241
-9.68449066667 284.38915708
-9.679488 284.383237256
-9.67448533333 284.348293005
-9.66948266667 284.363252142
-9.66448 284.363487195
-9.65947733333 284.353883122
-9.65447466667 284.347055636
-9.649472 284.34938831
-9.64446933333 284.30712647
-9.63946666667 284.335783551
-9.634464 284.330263596
-9.62946133333 284.302752722
-9.62445866667 284.334306327
-9.619456 284.329148258
-9.61445333333 284.283186508
-9.60945066667 284.297632961
-9.604448 284.321941664
-9.59944533333 284.314155795
-9.59444266667 284.282813754
-9.58944 284.29061124
-9.58443733333 284.314393058
-9.57943466667 284.315307955
-9.574432 284.281532717
-9.56942933333 284.323840658
-9.56442666667 284.328005755
-9.559424 284.350944276
-9.55442133333 284.344477288
-9.54941866667 284.317745565
-9.544416 284.309282022
-9.53941333333 284.370218764
-9.53441066667 284.360951611
-9.529408 284.340556275
-9.52440533333 284.34464165
-9.51940266667 284.343917494
-9.5144 284.330650076
-9.50939733333 284.298967136
-9.50439466667 284.320442612
-9.499392 284.295324154
-9.49438933333 284.2960952
-9.48938666667 284.296256539
-9.484384 284.326610934
-9.47938133333 284.32101039
-9.47437866667 284.276354186
-9.469376 284.34562102
-9.46437333333 284.34451831
-9.45937066667 284.335783282
-9.454368 284.370238417
-9.44936533333 284.330803333
-9.44436266667 284.361665681
-9.43936 284.348351026
-9.43435733333 284.370003864
-9.42935466667 284.39577814
-9.424352 284.420594836
-9.41934933333 284.428932736
-9.41434666667 284.413514344
-9.409344 284.407151056
-9.40434133333 284.474346138
-9.39933866667 284.464390386
-9.394336 284.491938998
-9.38933333333 284.50513358
-9.38433066667 284.539739976
-9.379328 284.532073464
-9.37432533333 284.537275619
-9.36932266667 284.529002211
-9.36432 284.542364003
-9.35931733333 284.535914835
-9.35431466667 284.530713404
-9.349312 284.565524643
-9.34430933333 284.603176064
-9.33930666667 284.596471918
-9.334304 284.61410645
-9.32930133333 284.595192033
-9.32429866667 284.630259718
-9.319296 284.632600929
-9.31429333333 284.668435196
-9.30929066667 284.694123836
-9.304288 284.704963046
-9.29928533333 284.71167309
-9.29428266667 284.742528342
-9.28928 284.703033731
-9.28427733333 284.742899629
-9.27927466667 284.744917795
-9.274272 284.756195361
-9.26926933333 284.762399659
-9.26426666667 284.804167776
-9.259264 284.782649813
-9.25426133333 284.776609387
-9.24925866667 284.80066003
-9.244256 284.77510087
-9.23925333333 284.81198726
-9.23425066667 284.800266543
-9.229248 284.81080864
-9.22424533333 284.844254903
-9.21924266667 284.789674872
-9.21424 284.823147469
-9.20923733333 284.798319169
-9.20423466667 284.812451115
-9.199232 284.79354091
-9.19422933333 284.819043284
-9.18922666667 284.790034318
-9.184224 284.81155772
-9.17922133333 284.818677443
-9.17421866667 284.852058899
-9.169216 284.817741638
-9.16421333333 284.840402318
-9.15921066667 284.836226915
-9.154208 284.827515855
-9.14920533333 284.856330399
-9.14420266667 284.876071821
-9.1392 284.847482488
-9.13419733333 284.843777309
-9.12919466667 284.832083653
-9.124192 284.825200352
-9.11918933333 284.811359884
-9.11418666667 284.803507001
-9.109184 284.804953484
-9.10418133333 284.813382299
-9.09917866667 284.800903829
-9.094176 284.822022269
-9.08917333333 284.767472106
-9.08417066667 284.825170532
-9.079168 284.818720416
-9.07416533333 284.791879847
-9.06916266667 284.784451692
-9.06416 284.828841742
-9.05915733333 284.819556872
-9.05415466667 284.771383872
-9.049152 284.790854662
-9.04414933333 284.808999291
-9.03914666667 284.798017707
-9.034144 284.769778729
-9.02914133333 284.790252527
-9.02413866667 284.810275958
-9.019136 284.810118834
-9.01413333333 284.749550838
-9.00913066667 284.782044487
-9.004128 284.794373368
-8.99912533333 284.795023645
-8.99412266667 284.790693912
-8.98912 284.748475413
-8.98411733333 284.787955462
-8.97911466667 284.764235194
-8.974112 284.761220315
-8.96910933333 284.749663856
-8.96410666667 284.734840284
-8.959104 284.755463398
-8.95410133333 284.757296561
-8.94909866667 284.721168143
-8.944096 284.758090455
-8.93909333333 284.706938072
-8.93409066667 284.66355839
-8.929088 284.667412176
-8.92408533333 284.703370185
-8.91908266667 284.677443267
-8.91408 284.717991189
-8.90907733333 284.712590471
-8.90407466667 284.763596956
-8.899072 284.778770214
-8.89406933333 284.844678547
-8.88906666667 284.876738903
-8.884064 284.979977252
-8.87906133333 285.022997995
-8.87405866667 285.054610198
-8.869056 285.153675705
-8.86405333333 285.209605166
-8.85905066667 285.258991652
-8.854048 285.309293905
-8.84904533333 285.382937904
-8.84404266667 285.474323779
-8.83904 285.497609702
-8.83403733333 285.554909551
-8.82903466667 285.643356111
-8.824032 285.756633824
-8.81902933333 285.786007208
-8.81402666667 285.900355857
-8.809024 285.95619683
-8.80402133333 286.053066396
-8.79901866667 286.147717986
-8.794016 286.273812941
-8.78901333333 286.358737181
-8.78401066667 286.511664295
-8.779008 286.631941041
-8.77400533333 286.743228379
-8.76900266667 286.848104611
-8.764 287.010381014
-8.75899733333 287.110686266
-8.75399466667 287.296501684
-8.748992 287.417355818
-8.74398933333 287.566148833
-8.73898666667 287.652178057
-8.733984 287.81514507
-8.72898133333 287.925245457
-8.72397866667 288.083411764
-8.718976 288.157144031
-8.71397333333 288.219478282
-8.70897066667 288.28259779
-8.703968 288.387702668
-8.69896533333 288.366719202
-8.69396266667 288.369557675
-8.68896 288.376350032
-8.68395733333 288.368349491
-8.67895466667 288.309231775
-8.673952 288.24614453
-8.66894933333 288.177605408
-8.66394666667 288.181477702
-8.658944 288.094068849
-8.65394133333 288.052682097
-8.64893866667 288.037360178
-8.643936 288.103011561
-8.63893333333 288.045371532
-8.63393066667 288.076651255
-8.628928 288.105964669
-8.62392533333 288.143500923
-8.61892266667 288.154282086
-8.61392 288.21472566
-8.60891733333 288.196918168
-8.60391466667 288.254632438
-8.598912 288.197294957
-8.59390933333 288.172005486
-8.58890666667 288.142503976
-8.583904 288.176318206
-8.57890133333 288.135482795
-8.57389866667 288.07476265
-8.568896 288.075352447
-8.56389333333 288.104332999
-8.55889066667 288.037936576
-8.553888 288.046952856
-8.54888533333 287.977625309
-8.54388266667 288.008334066
-8.53888 287.958540512
-8.53387733333 287.993564964
-8.52887466667 287.930814125
-8.523872 287.9311267
-8.51886933333 287.886115998
-8.51386666667 287.859592674
-8.508864 287.855308089
-8.50386133333 287.890749381
-8.49885866667 287.822632255
-8.493856 287.785503009
-8.48885333333 287.740389591
-8.48385066667 287.740192104
-8.478848 287.696703689
-8.47384533333 287.726303232
-8.46884266667 287.672938747
-8.46384 287.701997048
-8.45883733333 287.650660085
-8.45383466667 287.632886887
-8.448832 287.652576219
-8.44382933333 287.713258051
-8.43882666667 287.704355862
-8.433824 287.704115675
-8.42882133333 287.714940692
-8.42381866667 287.760223165
-8.418816 287.740329557
-8.41381333333 287.741519317
-8.40881066667 287.690657292
-8.403808 287.699314087
-8.39880533333 287.677659403
-8.39380266667 287.639978732
-8.3888 287.567776955
-8.38379733333 287.560918952
-8.37879466667 287.465992997
-8.373792 287.415551906
-8.36878933333 287.274591506
-8.36378666667 287.315565069
-8.358784 287.185008631
-8.35378133333 287.136901169
-8.34877866667 287.052810376
-8.343776 287.020360788
-8.33877333333 286.966948345
-8.33377066667 286.94276713
-8.328768 286.882515844
-8.32376533333 286.898188861
-8.31876266667 286.819937571
-8.31376 286.766522792
-8.30875733333 286.685652673
-8.30375466667 286.652273541
-8.298752 286.585432526
-8.29374933333 286.502400866
-8.28874666667 286.432632514
-8.283744 286.448514923
-8.27874133333 286.38830126
-8.27373866667 286.364191993
-8.268736 286.352743949
-8.26373333333 286.405390189
-8.25873066667 286.370340784
-8.253728 286.346993858
-8.24872533333 286.285181156
-8.24372266667 286.3194111
-8.23872 286.23776566
-8.23371733333 286.195765581
-8.22871466667 286.105475711
-8.223712 286.107290843
-8.21870933333 285.988343581
-8.21370666667 285.91564269
-8.208704 285.849005436
-8.20370133333 285.766989122
-8.19869866667 285.6978838
-8.193696 285.654307608
-8.18869333333 285.564348181
-8.18369066667 285.496776659
-8.178688 285.39303024
-8.17368533333 285.354243085
-8.16868266667 285.247053714
-8.16368 285.283277542
-8.15867733333 285.151584157
-8.15367466667 285.103332269
-8.148672 284.998193179
-8.14366933333 285.014443359
-8.13866666667 284.950531808
-8.133664 284.909828451
-8.12866133333 284.849342405
-8.12365866667 284.858606432
-8.118656 284.771534657
-8.11365333333 284.787087443
-8.10865066667 284.728356401
-8.103648 284.738187448
-8.09864533333 284.666161854
-8.09364266667 284.62531393
-8.08864 284.542387721
-8.08363733333 284.579937421
-8.07863466667 284.491175728
-8.073632 284.44036183
-8.06862933333 284.406291463
-8.06362666667 284.415763274
-8.058624 284.32241425
-8.05362133333 284.360217607
-8.04861866667 284.260631314
-8.043616 284.261117699
-8.03861333333 284.234175106
-8.03361066667 284.196589217
-8.028608 284.148946651
-8.02360533333 284.141886044
-8.01860266667 284.107221569
-8.0136 284.075431869
-8.00859733333 284.028967701
-8.00359466667 284.084279131
-7.998592 284.018820322
-7.99358933333 283.98905232
-7.98858666667 283.942667018
-7.983584 283.968727673
-7.97858133333 283.9130557
-7.97357866667 283.838652953
-7.968576 283.845355076
-7.96357333333 283.882033313
-7.95857066667 283.817193132
-7.953568 283.819216386
-7.94856533333 283.763615402
-7.94356266667 283.808584095
-7.93856 283.737199136
-7.93355733333 283.721695065
-7.92855466667 283.70208536
-7.923552 283.710946674
-7.91854933333 283.698685209
-7.91354666667 283.683555561
-7.908544 283.64523408
-7.90354133333 283.679623464
-7.89853866667 283.646288602
-7.893536 283.639157094
-7.88853333333 283.642850386
-7.88353066667 283.661939572
-7.878528 283.620015253
-7.87352533333 283.575234119
-7.86852266667 283.589020184
-7.86352 283.625027787
-7.85851733333 283.587435418
-7.85351466667 283.59439694
-7.848512 283.559988224
-7.84350933333 283.59773835
-7.83850666667 283.562027275
-7.833504 283.588250491
-7.82850133333 283.549504886
-7.82349866667 283.544744757
-7.818496 283.509637305
-7.81349333333 283.533182311
-7.80849066667 283.492972549
-7.803488 283.504619394
-7.79848533333 283.46892867
-7.79348266667 283.502418616
-7.78848 283.466639481
-7.78347733333 283.476802363
-7.77847466667 283.457033593
-7.773472 283.467705195
-7.76846933333 283.415433085
-7.76346666667 283.45776234
-7.758464 283.425380833
-7.75346133333 283.448189605
-7.74845866667 283.414818611
-7.743456 283.432504728
-7.73845333333 283.411499184
-7.73345066667 283.417172506
-7.728448 283.396702908
-7.72344533333 283.444739771
-7.71844266667 283.390597264
-7.71344 283.38438257
-7.70843733333 283.366240863
-7.70343466667 283.42295635
-7.698432 283.379731727
-7.69342933333 283.402330427
-7.68842666667 283.370802278
-7.683424 283.407757911
-7.67842133333 283.372280175
-7.67341866667 283.369470595
-7.668416 283.359369972
-7.66341333333 283.423861719
-7.65841066667 283.377199924
-7.653408 283.359412339
-7.64840533333 283.331239567
-7.64340266667 283.390385808
-7.6384 283.354834315
-7.63339733333 283.375170109
-7.62839466667 283.357042914
-7.623392 283.401915205
-7.61838933333 283.410260964
-7.61338666667 283.413529804
-7.608384 283.39407231
-7.60338133333 283.414259006
-7.59837866667 283.397850413
-7.593376 283.43981084
-7.58837333333 283.393932617
-7.58337066667 283.479852877
-7.578368 283.459510086
-7.57336533333 283.452330587
-7.56836266667 283.43355898
-7.56336 283.462684232
-7.55835733333 283.422074702
-7.55335466667 283.480792564
-7.548352 283.451125678
-7.54334933333 283.4997142
-7.53834666667 283.458072416
-7.533344 283.466930806
-7.52834133333 283.497573775
-7.52333866667 283.550755424
-7.518336 283.519434801
-7.51333333333 283.529407323
-7.50833066667 283.51294712
-7.503328 283.577978429
-7.49832533333 283.545410387
-7.49332266667 283.572072648
-7.48832 283.559355697
-7.48331733333 283.604923605
-7.47831466667 283.599277483
-7.473312 283.623638966
-7.46830933333 283.628621374
-7.46330666667 283.678013128
-7.458304 283.660782947
-7.45330133333 283.683338976
-7.44829866667 283.658570458
-7.443296 283.699568769
-7.43829333333 283.681790279
-7.43329066667 283.713003818
-7.428288 283.684495223
-7.42328533333 283.73157813
-7.41828266667 283.72574813
-7.41328 283.708262194
-7.40827733333 283.690729856
-7.40327466667 283.748782555
-7.398272 283.728699195
-7.39326933333 283.776696854
-7.38826666667 283.750591736
-7.383264 283.792847439
-7.37826133333 283.765251474
-7.37325866667 283.708688551
-7.368256 283.751410131
-7.36325333333 283.800923459
-7.35825066667 283.758846695
-7.353248 283.804350093
-7.34824533333 283.778535769
-7.34324266667 283.826476116
-7.33824 283.794693973
-7.33323733333 283.793439428
-7.32823466667 283.752514565
-7.323232 283.78296053
-7.31822933333 283.793270353
-7.31322666667 283.798701349
-7.308224 283.742630317
-7.30322133333 283.83141161
-7.29821866667 283.810222706
-7.293216 283.812580749
-7.28821333333 283.819449082
-7.28321066667 283.847061921
-7.278208 283.850134962
-7.27320533333 283.83744225
-7.26820266667 283.824711257
-7.2632 283.944752426
-7.25819733333 283.839654568
-7.25319466667 283.858345271
-7.248192 283.848062581
-7.24318933333 283.899547224
-7.23818666667 283.882877388
-7.233184 283.920138352
-7.22818133333 283.88992561
-7.22317866667 283.917731516
-7.218176 283.908147286
-7.21317333333 283.915266535
-7.20817066667 283.902351691
-7.203168 283.988311491
-7.19816533333 283.916990883
-7.19316266667 283.955654346
-7.18816 283.917455592
-7.18315733333 283.953409093
-7.17815466667 283.906966798
-7.173152 283.928613708
-7.16814933333 283.876868174
-7.16314666667 283.966631145
-7.158144 283.920043998
-7.15314133333 283.97945634
-7.14813866667 283.908401112
-7.143136 283.979599791
-7.13813333333 283.92818339
-7.13313066667 283.961103389
-7.128128 283.923378553
-7.12312533333 283.984376778
-7.11812266667 283.943893704
-7.11312 283.953719356
-7.10811733333 283.938512219
-7.10311466667 283.973854779
-7.098112 283.970665413
-7.09310933333 283.957355932
-7.08810666667 283.908700673
-7.083104 283.986137609
-7.07810133333 283.975776112
-7.07309866667 283.952443242
-7.068096 283.902312561
-7.06309333333 283.950605417
-7.05809066667 283.89373725
-7.053088 283.874408858
-7.04808533333 283.874791843
-7.04308266667 283.900985231
-7.03808 283.831918398
-7.03307733333 283.841471767
-7.02807466667 283.779334964
-7.023072 283.839969597
-7.01806933333 283.828735838
-7.01306666667 283.829192446
-7.008064 283.795685012
-7.00306133333 283.832995036
-6.99805866667 283.81731308
-6.993056 283.823265159
-6.98805333333 283.773864405
-6.98305066667 283.865621857
-6.978048 283.793406512
-6.97304533333 283.788998137
-6.96804266667 283.725444226
-6.96304 283.784226361
-6.95803733333 283.763116643
-6.95303466667 283.757595122
-6.948032 283.706202107
-6.94302933333 283.771216877
-6.93802666667 283.742269484
-6.933024 283.715599142
-6.92802133333 283.72178857
-6.92301866667 283.744202071
-6.918016 283.701690356
-6.91301333333 283.731227137
-6.90801066667 283.693666706
-6.903008 283.743476603
-6.89800533333 283.716223004
-6.89300266667 283.723962851
-6.888 283.695771362
-6.88299733333 283.746963458
-6.87799466667 283.74131998
-6.872992 283.73138163
-6.86798933333 283.706026744
-6.86298666667 283.787264517
-6.857984 283.754429307
-6.85298133333 283.766330746
-6.84797866667 283.717182104
-6.842976 283.763818692
-6.83797333333 283.712309505
-6.83297066667 283.75221109
-6.827968 283.687997402
-6.82296533333 283.713170799
-6.81796266667 283.674962949
-6.81296 283.675654034
-6.80795733333 283.671101437
-6.80295466667 283.738154384
-6.797952 283.680843981
-6.79294933333 283.681658997
-6.78794666667 283.640781411
-6.782944 283.70976626
-6.77794133333 283.601263287
-6.77293866667 283.613142797
-6.767936 283.580600121
-6.76293333333 283.647197152
-6.75793066667 283.577328488
-6.752928 283.561930846
-6.74792533333 283.536483298
-6.74292266667 283.576627114
-6.73792 283.565045636
-6.73291733333 283.591068996
-6.72791466667 283.565410273
-6.722912 283.585508114
-6.71790933333 283.5708739
-6.71290666667 283.542418357
-6.707904 283.521215777
-6.70290133333 283.592795473
-6.69789866667 283.524158992
-6.692896 283.527993338
-6.68789333333 283.495515565
-6.68289066667 283.544568203
-6.677888 283.481214833
-6.67288533333 283.520872137
-6.66788266667 283.46864675
-6.66288 283.522366793
-6.65787733333 283.461450044
-6.65287466667 283.476669187
-6.647872 283.430563119
-6.64286933333 283.490557638
-6.63786666667 283.43932272
-6.632864 283.457773635
-6.62786133333 283.440872126
-6.62285866667 283.474680209
-6.617856 283.432827342
-6.61285333333 283.456126991
-6.60785066667 283.422564587
-6.602848 283.473006517
-6.59784533333 283.434479531
-6.59284266667 283.483625351
-6.58784 283.4197995
-6.58283733333 283.474980006
-6.57783466667 283.420667482
-6.572832 283.46634709
-6.56782933333 283.382291737
-6.56282666667 283.446879356
-6.557824 283.406652772
-6.55282133333 283.419195673
-6.54781866667 283.384607669
-6.542816 283.42217295
-6.53781333333 283.365820758
-6.53281066667 283.381470891
-6.527808 283.336414394
-6.52280533333 283.433454418
-6.51780266667 283.362161923
-6.5128 283.369726917
-6.50779733333 283.316216194
-6.50279466667 283.386385725
-6.497792 283.350172297
-6.49278933333 283.384773325
-6.48778666667 283.315459372
-6.482784 283.407038946
-6.47778133333 283.349315325
-6.47277866667 283.373080929
-6.467776 283.35209029
-6.46277333333 283.419840233
-6.45777066667 283.354126216
-6.452768 283.369263414
-6.44776533333 283.330984011
-6.44276266667 283.3587618
-6.43776 283.313542952
-6.43275733333 283.325376032
-6.42775466667 283.303726154
-6.422752 283.333527368
-6.41774933333 283.285990885
-6.41274666667 283.31387815
-6.407744 283.28846504
-6.40274133333 283.333724727
-6.39773866667 283.272462642
-6.392736 283.299913962
-6.38773333333 283.242862976
-6.38273066667 283.318184328
-6.377728 283.256013199
-6.37272533333 283.277315673
-6.36772266667 283.233009839
-6.36272 283.298965599
-6.35771733333 283.230851388
-6.35271466667 283.237182384
-6.347712 283.205631887
-6.34270933333 283.225666603
-6.33770666667 283.210989965
-6.332704 283.240535186
-6.32770133333 283.20056208
-6.32269866667 283.249402337
-6.317696 283.216650659
-6.31269333333 283.220545147
-6.30769066667 283.206977514
-6.302688 283.259266125
-6.29768533333 283.232458683
-6.29268266667 283.246505359
-6.28768 283.187508713
-6.28267733333 283.227105842
-6.27767466667 283.246230534
-6.272672 283.254254927
-6.26766933333 283.23761247
-6.26266666667 283.274162079
-6.257664 283.263387903
-6.25266133333 283.255632471
-6.24765866667 283.250759098
-6.242656 283.30811558
-6.23765333333 283.285713402
-6.23265066667 283.351204393
-6.227648 283.331691822
-6.22264533333 283.363325868
-6.21764266667 283.341378558
-6.21264 283.371429814
-6.20763733333 283.331981196
-6.20263466667 283.389342492
-6.197632 283.398133622
-6.19262933333 283.395106713
-6.18762666667 283.384613177
-6.182624 283.44533719
-6.17762133333 283.406366525
-6.17261866667 283.446048866
-6.167616 283.462274979
-6.16261333333 283.498959783
-6.15761066667 283.46117934
-6.152608 283.450371281
-6.14760533333 283.415709914
-6.14260266667 283.470855492
-6.1376 283.448319945
-6.13259733333 283.463970793
-6.12759466667 283.424473894
-6.122592 283.523708721
-6.11758933333 283.439766538
-6.11258666667 283.455592707
-6.107584 283.431039836
-6.10258133333 283.533831042
-6.09757866667 283.485373054
-6.092576 283.49023359
-6.08757333333 283.472774392
-6.08257066667 283.46397596
-6.077568 283.493589824
-6.07256533333 283.490205762
-6.06756266667 283.479740497
-6.06256 283.544017985
-6.05755733333 283.495222772
-6.05255466667 283.517110966
-6.047552 283.495854937
-6.04254933333 283.547625562
-6.03754666667 283.481250597
-6.032544 283.477959244
-6.02754133333 283.460097315
-6.02253866667 283.513079863
-6.017536 283.457122268
-6.01253333333 283.457465136
-6.00753066667 283.431632527
-6.002528 283.489753458
-5.99752533333 283.433654884
-5.99252266667 283.452046605
-5.98752 283.440870441
-5.98251733333 283.49518777
-5.97751466667 283.469977479
-5.972512 283.468582958
-5.96750933333 283.463019774
-5.96250666667 283.511709262
-5.957504 283.465428879
-5.95250133333 283.502211695
-5.94749866667 283.473408705
-5.942496 283.528606692
-5.93749333333 283.464891601
-5.93249066667 283.505378582
-5.927488 283.463160876
-5.92248533333 283.529187722
-5.91748266667 283.477861246
-5.91248 283.449711404
-5.90747733333 283.449424646
-5.90247466667 283.52613167
-5.897472 283.438905168
-5.89246933333 283.48459518
-5.88746666667 283.450233259
-5.882464 283.502764011
-5.87746133333 283.443665483
-5.87245866667 283.490913695
-5.867456 283.441169049
-5.86245333333 283.526158005
-5.85745066667 283.474214661
-5.852448 283.494699745
-5.84744533333 283.459856481
-5.84244266667 283.551682052
-5.83744 283.506182061
-5.83243733333 283.5383403
-5.82743466667 283.518781925
-5.822432 283.580506927
-5.81742933333 283.557578451
-5.81242666667 283.602127038
-5.807424 283.530550218
-5.80242133333 283.607227955
-5.79741866667 283.534747235
-5.792416 283.625580784
-5.78741333333 283.565352255
-5.78241066667 283.628088954
-5.777408 283.566235173
-5.77240533333 283.593727454
-5.76740266667 283.539277852
-5.7624 283.603282304
-5.75739733333 283.587208094
-5.75239466667 283.612096716
-5.747392 283.594124316
-5.74238933333 283.61567959
-5.73738666667 283.604837612
-5.732384 283.61498211
-5.72738133333 283.590995439
-5.72237866667 283.683606695
-5.717376 283.649205136
-5.71237333333 283.646578679
-5.70737066667 283.591030994
-5.702368 283.690711241
-5.69736533333 283.640725178
-5.69236266667 283.665895397
-5.68736 283.642607833
-5.68235733333 283.724674451
-5.67735466667 283.681788991
-5.672352 283.71398405
-5.66734933333 283.662144035
-5.66234666667 283.731725039
-5.657344 283.681283218
-5.65234133333 283.703947372
-5.64733866667 283.685884482
-5.642336 283.733156504
-5.63733333333 283.701699545
-5.63233066667 283.739293527
-5.627328 283.678274788
-5.62232533333 283.725397164
-5.61732266667 283.697627393
-5.61232 283.751643954
-5.60731733333 283.688970474
-5.60231466667 283.773059819
-5.597312 283.742802723
-5.59230933333 283.767066233
-5.58730666667 283.705352998
-5.582304 283.793051744
-5.57730133333 283.751547787
-5.57229866667 283.793511117
-5.567296 283.740844585
-5.56229333333 283.811330988
-5.55729066667 283.751293412
-5.552288 283.778016605
-5.54728533333 283.747846447
-5.54228266667 283.799962534
-5.53728 283.768439179
-5.53227733333 283.809791447
-5.52727466667 283.784017389
-5.522272 283.832043443
-5.51726933333 283.778967114
-5.51226666667 283.767512849
-5.507264 283.760498109
-5.50226133333 283.805550911
-5.49725866667 283.765457313
-5.492256 283.764871632
-5.48725333333 283.716470512
-5.48225066667 283.796442872
-0.488245333333 284.258345552
-0.483242666667 284.148041283
-0.47824 284.251835778
-0.473237333333 284.156467811
-0.468234666667 284.27177133
-0.463232 284.127629514
-0.458229333333 284.210174781
-0.453226666667 284.132826802
-0.448224 284.214245799
-0.443221333333 284.130437561
-0.438218666667 284.179418917
-0.433216 284.094269356
-0.428213333333 284.153490446
-0.423210666667 284.079287737
-0.418208 284.142627614
-0.413205333333 284.068721096
-0.408202666667 284.191176317
-0.4032 284.064531025
-0.398197333333 284.143828565
-0.393194666667 284.054768269
-0.388192 284.135808169
-0.383189333333 284.081568799
-0.378186666667 284.151794329
-0.373184 284.117697202
-0.368181333333 284.159893039
-0.363178666667 284.089368542
-0.358176 284.193312453
-0.353173333333 284.112204964
-0.348170666667 284.198366831
-0.343168 284.078852053
-0.338165333333 284.182269765
-0.333162666667 284.115916635
-0.32816 284.187441457
-0.323157333333 284.097500834
-0.318154666667 284.166377174
-0.313152 284.090975269
-0.308149333333 284.184055865
-0.303146666667 284.107360136
-0.298144 284.219006544
-0.293141333333 284.096579381
-0.288138666667 284.192227466
-0.283136 284.10795482
-0.278133333333 284.222892619
-0.273130666667 284.119553311
-0.268128 284.234135557
-0.263125333333 284.142899076
-0.258122666667 284.262956861
-0.25312 284.173447272
-0.248117333333 284.285021779
-0.243114666667 284.17932923
-0.238112 284.254563826
-0.233109333333 284.208488311
-0.228106666667 284.303806885
-0.223104 284.208428994
-0.218101333333 284.345193928
-0.213098666667 284.249431952
-0.208096 284.343786425
-0.203093333333 284.243008089
-0.198090666667 284.358549687
-0.193088 284.26900749
-0.188085333333 284.327036757
-0.183082666667 284.259629734
-0.17808 284.33288328
-0.173077333333 284.286950482
-0.168074666667 284.35428065
-0.163072 284.271344472
-0.158069333333 284.373186377
-0.153066666667 284.27670423
-0.148064 284.386321692
-0.143061333333 284.279963508
-0.138058666667 284.384978092
-0.133056 284.302482955
-0.128053333333 284.408269907
-0.123050666667 284.288110428
-0.118048 284.438096699
-0.113045333333 284.322923391
-0.108042666667 284.386528508
-0.10304 284.31991146
-0.0980373333333 284.420269993
-0.0930346666667 284.331989346
-0.088032 284.398402172
-0.0830293333333 284.306892453
-0.0780266666667 284.402601317
-0.073024 284.317876631
-0.0680213333333 284.3526127
-0.0630186666667 284.281385322
-0.058016 284.383263952
-0.0530133333333 284.297786999
-0.0480106666667 284.391391412
-0.043008 284.277449422
-0.0380053333333 284.420951669
-0.0330026666667 284.297646
-0.028 284.430785372
-0.0229973333333 284.303165555
-0.0179946666667 284.407017885
-0.012992 284.315637021
-0.00798933333333 284.398848574
-0.00298666666667 284.327799569
