（-9.10448,1.5），（-6.09788,1.5）
-9.99995733333 275.18059466
-9.99495466667 275.108961662
-9.989952 275.20694973
-9.98494933333 275.129435801
-9.97994666667 275.264257441
-9.974944 275.187244861
-9.96994133333 275.321789192
-9.96493866667 275.218093821
-9.959936 275.338847614
-9.95493333333 275.293898006
-9.94993066667 275.417383126
-9.944928 275.353908802
-9.93992533333 275.461181921
-9.93492266667 275.431251982
-9.92992 275.562273905
-9.92491733333 275.488733254
-9.91991466667 275.636960367
-9.914912 275.561141167
-9.90990933333 275.684493886
-9.90490666667 275.59611317
-9.899904 275.657364207
-9.89490133333 275.564281757
-9.88989866667 275.664239934
-9.884896 275.536638884
-9.87989333333 275.629958525
-9.87489066667 275.599328717
-9.869888 275.688981156
-9.86488533333 275.643521682
-9.85988266667 275.760312128
-9.85488 275.66803609
-9.84987733333 275.792470947
-9.84487466667 275.66884224
-9.839872 275.707426128
-9.83486933333 275.640702544
-9.82986666667 275.712917617
-9.824864 275.637828539
-9.81986133333 275.694943311
-9.81485866667 275.684334706
-9.809856 275.779323306
-9.80485333333 275.652534781
-9.79985066667 275.729774603
-9.794848 275.600253356
-9.78984533333 275.706303142
-9.78484266667 275.590639645
-9.77984 275.649155588
-9.77483733333 275.520787721
-9.76983466667 275.600127788
-9.764832 275.479588323
-9.75982933333 275.560316545
-9.75482666667 275.454503009
-9.749824 275.522527366
-9.74482133333 275.417791225
-9.73981866667 275.551656033
-9.734816 275.474311603
-9.72981333333 275.585336084
-9.72481066667 275.544742565
-9.719808 275.599977153
-9.71480533333 275.520654683
-9.70980266667 275.580712389
-9.7048 275.407598617
-9.69979733333 275.416849923
-9.69479466667 275.283053001
-9.689792 275.288956918
-9.68478933333 275.171818048
-9.67978666667 275.224047013
-9.674784 275.195539539
-9.66978133333 275.271169187
-9.66477866667 275.151535285
-9.659776 275.266960731
-9.65477333333 275.171987415
-9.64977066667 275.253687238
-9.644768 275.137429962
-9.63976533333 275.226573518
-9.63476266667 275.101217772
-9.62976 275.223449845
-9.62475733333 275.094929996
-9.61975466667 275.156119883
-9.614752 275.115761817
-9.60974933333 275.228475826
-9.60474666667 275.121681156
-9.599744 275.18709238
-9.59474133333 275.12342488
-9.58973866667 275.182953711
-9.584736 275.096542294
-9.57973333333 275.212179748
-9.57473066667 275.150766677
-9.569728 275.278118799
-9.56472533333 275.181292945
-9.55972266667 275.260291227
-9.55472 275.212373203
-9.54971733333 275.302948201
-9.54471466667 275.160025725
-9.539712 275.27781374
-9.53470933333 275.180287435
-9.52970666667 275.277037526
-9.524704 275.174243682
-9.51970133333 275.282212235
-9.51469866667 275.163217335
-9.509696 275.31957686
-9.50469333333 275.238824629
-9.49969066667 275.321383805
-9.494688 275.293111347
-9.48968533333 275.371081291
-9.48468266667 275.277049007
-9.47968 275.363766504
-9.47467733333 275.321975847
-9.46967466667 275.460538235
-9.464672 275.359428774
-9.45966933333 275.496327134
-9.45466666667 275.378513762
-9.449664 275.457134288
-9.44466133333 275.347483033
-9.43965866667 275.414278077
-9.434656 275.322930737
-9.42965333333 275.406677837
-9.42465066667 275.283548112
-9.419648 275.381049913
-9.41464533333 275.344584082
-9.40964266667 275.486385002
-9.40464 275.474295638
-9.39963733333 275.617888523
-9.39463466667 275.590058331
-9.389632 275.710542808
-9.38462933333 275.673159917
-9.37962666667 275.745596004
-9.374624 275.734105245
-9.36962133333 275.863622701
-9.36461866667 275.716512807
-9.359616 275.811994825
-9.35461333333 275.753566885
-9.34961066667 275.828148515
-9.344608 275.773420933
-9.33960533333 275.893679812
-9.33460266667 275.84822649
-9.3296 275.990457328
-9.32459733333 275.934240279
-9.31959466667 276.058088233
-9.314592 276.038325787
-9.30958933333 276.160081293
-9.30458666667 276.101555348
-9.299584 276.223119314
-9.29458133333 276.126027899
-9.28957866667 276.229481214
-9.284576 276.160133607
-9.27957333333 276.234279353
-9.27457066667 276.138461062
-9.269568 276.23680788
-9.26456533333 276.161375162
-9.25956266667 276.233289463
-9.25456 276.129366882
-9.24955733333 276.17832895
-9.24455466667 276.080784099
-9.239552 276.159625343
-9.23454933333 276.018584127
-9.22954666667 276.099647814
-9.224544 276.059165688
-9.21954133333 276.109071299
-9.21453866667 276.051767448
-9.209536 276.185236442
-9.20453333333 276.094853073
-9.19953066667 276.184560053
-9.194528 276.097661095
-9.18952533333 276.187466569
-9.18452266667 276.106226517
-9.17952 276.197721706
-9.17451733333 276.091375362
-9.16951466667 276.198296806
-9.164512 276.163616584
-9.15950933333 276.179112396
-9.15450666667 276.111390871
-9.149504 276.219816253
-9.14450133333 276.096733576
-9.13949866667 276.215145431
-9.134496 276.132971006
-9.12949333333 276.225918061
-9.12449066667 276.134258722
-9.119488 276.233432728
-9.11448533333 276.1401795
-9.10948266667 276.243142296
-9.10448 276.213981865
-9.09947733333 276.272903116
-9.09447466667 276.256464327
-9.089472 276.355441995
-9.08446933333 276.272312554
-9.07946666667 276.429068301
-9.074464 276.33046492
-9.06946133333 276.396579744
-9.06445866667 276.280949808
-9.059456 276.377312859
-9.05445333333 276.325289283
-9.04945066667 276.38473335
-9.044448 276.280945886
-9.03944533333 276.351258019
-9.03444266667 276.31927872
-9.02944 276.434336395
-9.02443733333 276.353521121
-9.01943466667 276.421197238
-9.014432 276.336920771
-9.00942933333 276.415558002
-9.00442666667 276.307542014
-8.999424 276.296318083
-8.99442133333 276.22534437
-8.98941866667 276.309545159
-8.984416 276.170381851
-8.97941333333 276.261479469
-8.97441066667 276.201853038
-8.969408 276.347572017
-8.96440533333 276.249190277
-8.95940266667 276.375032894
-8.9544 276.322146981
-8.94939733333 276.375397665
-8.94439466667 276.336921613
-8.939392 276.392978691
-8.93438933333 276.31316999
-8.92938666667 276.42029906
-8.924384 276.304821611
-8.91938133333 276.382485479
-8.91437866667 276.288534393
-8.909376 276.387594491
-8.90437333333 276.268797492
-8.89937066667 276.379105939
-8.894368 276.260186305
-8.88936533333 276.376162093
-8.88436266667 276.271256045
-8.87936 276.328466429
-8.87435733333 276.232346323
-8.86935466667 276.28248201
-8.864352 276.162558704
-8.85934933333 276.18359227
-8.85434666667 276.089455709
-8.849344 276.148874995
-8.84434133333 276.04944691
-8.83933866667 276.116813616
-8.834336 276.02901058
-8.82933333333 276.14930995
-8.82433066667 276.098916326
-8.819328 276.157277584
-8.81432533333 276.153089856
-8.80932266667 276.226616904
-8.80432 276.126655103
-8.79931733333 276.179203217
-8.79431466667 276.075609603
-8.789312 276.149944846
-8.78430933333 276.070972953
-8.77930666667 276.146314672
-8.774304 276.051479177
-8.76930133333 276.14806321
-8.76429866667 276.055652232
-8.759296 276.0975951
-8.75429333333 276.035974967
-8.74929066667 276.138775661
-8.744288 275.981378085
-8.73928533333 276.078238739
-8.73428266667 276.001290033
-8.72928 276.072755119
-8.72427733333 275.99851164
-8.71927466667 276.102504321
-8.714272 275.989519906
-8.70926933333 276.033685735
-8.70426666667 275.987828242
-8.699264 276.002195186
-8.69426133333 275.916363731
-8.68925866667 276.011964095
-8.684256 275.892943428
-8.67925333333 275.98438783
-8.67425066667 275.857705758
-8.669248 275.952891806
-8.66424533333 275.890874514
-8.65924266667 275.952278565
-8.65424 275.891068178
-8.64923733333 276.003303644
-8.64423466667 275.932407456
-8.639232 275.996812458
-8.63422933333 275.955567509
-8.62922666667 276.074015045
-8.624224 275.959122619
-8.61922133333 276.079240226
-8.61421866667 276.002008505
-8.609216 276.097653573
-8.60421333333 276.044009135
-8.59921066667 276.104597362
-8.594208 276.063254222
-8.58920533333 276.163287417
-8.58420266667 276.081499386
-8.5792 276.185550985
-8.57419733333 276.131890286
-8.56919466667 276.230654863
-8.564192 276.165412864
-8.55918933333 276.250105229
-8.55418666667 276.202256719
-8.549184 276.29439517
-8.54418133333 276.232165395
-8.53917866667 276.303282807
-8.534176 276.231326631
-8.52917333333 276.340435178
-8.52417066667 276.260145411
-8.519168 276.359289771
-8.51416533333 276.325656316
-8.50916266667 276.419028479
-8.50416 276.344691335
-8.49915733333 276.433019056
-8.49415466667 276.370846055
-8.489152 276.517353016
-8.48414933333 276.466784175
-8.47914666667 276.565602752
-8.474144 276.563801477
-8.46914133333 276.668281449
-8.46413866667 276.597599155
-8.459136 276.78305658
-8.45413333333 276.749834526
-8.44913066667 276.920408652
-8.444128 276.923397763
-8.43912533333 277.057923726
-8.43412266667 277.048512571
-8.42912 277.242610562
-8.42411733333 277.253103936
-8.41911466667 277.402817555
-8.414112 277.462422135
-8.40910933333 277.647420404
-8.40410666667 277.619488141
-8.399104 277.8771121
-8.39410133333 277.909909297
-8.38909866667 278.094170762
-8.384096 278.152134188
-8.37909333333 278.358138466
-8.37409066667 278.423125447
-8.369088 278.660502121
-8.36408533333 278.702639646
-8.35908266667 278.884570845
-8.35408 278.922086478
-8.34907733333 279.177695913
-8.34407466667 279.158835928
-8.339072 279.399514466
-8.33406933333 279.431352849
-8.32906666667 279.599098304
-8.324064 279.657378495
-8.31906133333 279.857960646
-8.31405866667 279.86482713
-8.309056 280.044142695
-8.30405333333 279.977531498
-8.29905066667 280.051068875
-8.294048 280.007853899
-8.28904533333 280.14229092
-8.28404266667 280.082578672
-8.27904 280.224026894
-8.27403733333 280.165443111
-8.26903466667 280.226201213
-8.264032 280.172888267
-8.25902933333 280.216117421
-8.25402666667 280.134423022
-8.249024 280.250040143
-8.24402133333 280.127646398
-8.23901866667 280.209308993
-8.234016 280.151593115
-8.22901333333 280.222060486
-8.22401066667 280.100611599
-8.219008 280.224825354
-8.21400533333 280.104359319
-8.20900266667 280.180015851
-8.204 280.137537526
-8.19899733333 280.211760655
-8.19399466667 280.141439789
-8.188992 280.154863347
-8.18398933333 280.03341098
-8.17898666667 280.156948537
-8.173984 280.072663547
-8.16898133333 280.130222435
-8.16397866667 280.038361647
-8.158976 280.139552396
-8.15397333333 280.041839434
-8.14897066667 280.112669706
-8.143968 280.00625739
-8.13896533333 280.08401358
-8.13396266667 280.015734838
-8.12896 280.119747521
-8.12395733333 279.937416871
-8.11895466667 280.03870339
-8.113952 279.946263395
-8.10894933333 280.004350996
-8.10394666667 279.947821144
-8.098944 280.007764549
-8.09394133333 279.904534841
-8.08893866667 279.988863111
-8.083936 279.881039618
-8.07893333333 279.94374107
-8.07393066667 279.882854481
-8.068928 279.995974133
-8.06392533333 279.903139966
-8.05892266667 280.010016167
-8.05392 279.890005841
-8.04891733333 279.946131371
-8.04391466667 279.871061443
-8.038912 279.905546291
-8.03390933333 279.816422498
-8.02890666667 279.934404956
-8.023904 279.790779232
-8.01890133333 279.865712579
-8.01389866667 279.740994081
-8.008896 279.822106333
-8.00389333333 279.664038644
-7.99889066667 279.71233276
-7.993888 279.595771926
-7.98888533333 279.643950764
-7.98388266667 279.537049149
-7.97888 279.557944396
-7.97387733333 279.464444331
-7.96887466667 279.496651593
-7.963872 279.343532523
-7.95886933333 279.389569203
-7.95386666667 279.289616278
-7.948864 279.36184698
-7.94386133333 279.205476477
-7.93885866667 279.240293625
-7.933856 279.097424399
-7.92885333333 279.118710198
-7.92385066667 278.996457945
-7.918848 279.024218924
-7.91384533333 278.907588746
-7.90884266667 278.9586773
-7.90384 278.769507915
-7.89883733333 278.806389354
-7.89383466667 278.659180676
-7.888832 278.622305771
-7.88382933333 278.453988951
-7.87882666667 278.418536296
-7.873824 278.245284021
-7.86882133333 278.212055808
-7.86381866667 278.00722757
-7.858816 277.965164951
-7.85381333333 277.793078143
-7.84881066667 277.769514248
-7.843808 277.529719815
-7.83880533333 277.546070305
-7.83380266667 277.336140813
-7.8288 277.338257136
-7.82379733333 277.149038336
-7.81879466667 277.065302583
-7.813792 276.826567675
-7.80878933333 276.807514367
-7.80378666667 276.595906709
-7.798784 276.575711516
-7.79378133333 276.433826042
-7.78877866667 276.471540101
-7.783776 276.310195665
-7.77877333333 276.364409542
-7.77377066667 276.219434934
-7.768768 276.272050661
-7.76376533333 276.127195671
-7.75876266667 276.133468411
-7.75376 276.012018041
-7.74875733333 276.0825991
-7.74375466667 275.977354342
-7.738752 276.066124865
-7.73374933333 275.948962695
-7.72874666667 276.057515713
-7.723744 275.965964952
-7.71874133333 276.02728442
-7.71373866667 275.967955784
-7.708736 276.017244325
-7.70373333333 275.957668234
-7.69873066667 276.026980593
-7.693728 275.929669616
-7.68872533333 276.026664893
-7.68372266667 275.972652768
-7.67872 276.07296831
-7.67371733333 275.953188328
-7.66871466667 276.024176241
-7.663712 275.928784019
-7.65870933333 276.011286256
-7.65370666667 275.91107572
-7.648704 275.950229842
-7.64370133333 275.852744591
-7.63869866667 275.900899535
-7.633696 275.826047514
-7.62869333333 275.929151629
-7.62369066667 275.828292829
-7.618688 275.897786461
-7.61368533333 275.832643342
-7.60868266667 275.876832842
-7.60368 275.816831404
-7.59867733333 275.893794254
-7.59367466667 275.829832397
-7.588672 275.871975496
-7.58366933333 275.777282181
-7.57866666667 275.791527916
-7.573664 275.667704221
-7.56866133333 275.701883394
-7.56365866667 275.53756134
-7.558656 275.562286004
-7.55365333333 275.430397689
-7.54865066667 275.432658118
-7.543648 275.334250499
-7.53864533333 275.344848132
-7.53364266667 275.257916907
-7.52864 275.284532919
-7.52363733333 275.150933607
-7.51863466667 275.172068615
-7.513632 275.056706332
-7.50862933333 275.097620098
-7.50362666667 274.9802659
-7.498624 275.026811118
-7.49362133333 274.898404917
-7.48861866667 274.927020127
-7.483616 274.814370495
-7.47861333333 274.890118646
-7.47361066667 274.826396279
-7.468608 274.867744182
-7.46360533333 274.729416368
-7.45860266667 274.809483359
-7.4536 274.722585173
-7.44859733333 274.81732422
-7.44359466667 274.728708529
-7.438592 274.860173193
-7.43358933333 274.799765545
-7.42858666667 274.882575907
-7.423584 274.879312773
-7.41858133333 274.97916794
-7.41357866667 274.927682506
-7.408576 275.05915962
-7.40357333333 274.966665021
-7.39857066667 275.04222841
-7.393568 274.98473621
-7.38856533333 275.02693014
-7.38356266667 274.908426621
-7.37856 274.992224326
-7.37355733333 274.918283027
-7.36855466667 275.006307278
-7.363552 274.95753937
-7.35854933333 275.064186095
-7.35354666667 274.993485919
-7.348544 275.130892279
-7.34354133333 275.048690478
-7.33853866667 275.13418862
-7.333536 275.087768655
-7.32853333333 275.162021076
-7.32353066667 275.05183007
-7.318528 275.122867525
-7.31352533333 275.034078492
-7.30852266667 275.103351602
-7.30352 274.989212733
-7.29851733333 275.073093771
-7.29351466667 275.006011631
-7.288512 275.108639127
-7.28350933333 274.962759097
-7.27850666667 275.067476141
-7.273504 274.977988987
-7.26850133333 275.111313925
-7.26349866667 275.026742702
-7.258496 275.063328026
-7.25349333333 274.969750744
-7.24849066667 275.057871263
-7.243488 274.950098686
-7.23848533333 275.014924545
-7.23348266667 274.952738462
-7.22848 275.041778038
-7.22347733333 274.927234077
-7.21847466667 274.992614504
-7.213472 274.937883602
-7.20846933333 275.023532032
-7.20346666667 274.953025622
-7.198464 274.994356409
-7.19346133333 274.907883177
-7.18845866667 275.000126513
-7.183456 274.88619168
-7.17845333333 274.958450715
-7.17345066667 274.85175879
-7.168448 274.955803134
-7.16344533333 274.811546835
-7.15844266667 274.910270052
-7.15344 274.804113238
-7.14843733333 274.881385638
-7.14343466667 274.812077164
-7.138432 274.861296632
-7.13342933333 274.787798421
-7.12842666667 274.897262974
-7.123424 274.789922862
-7.11842133333 274.830086637
-7.11341866667 274.762929533
-7.108416 274.833806184
-7.10341333333 274.755898625
-7.09841066667 274.835923388
-7.093408 274.789417399
-7.08840533333 274.868796718
-7.08340266667 274.801860247
-7.0784 274.88454749
-7.07339733333 274.825131196
-7.06839466667 274.959620704
-7.063392 274.845371385
-7.05838933333 274.938376435
-7.05338666667 274.8836267
-7.048384 274.935435208
-7.04338133333 274.865099266
-7.03837866667 274.954876082
-7.033376 274.818267157
-7.02837333333 274.919255541
-7.02337066667 274.858128384
-7.018368 274.950917624
-7.01336533333 274.892140661
-7.00836266667 275.010148591
-7.00336 274.920685174
-6.99835733333 275.03471941
-6.99335466667 274.957676807
-6.988352 275.038641224
-6.98334933333 274.958754419
-6.97834666667 275.039555353
-6.973344 274.996478932
-6.96834133333 275.106930133
-6.96333866667 275.00116404
-6.958336 275.08409622
-6.95333333333 275.066876685
-6.94833066667 275.183861684
-6.943328 275.136229106
-6.93832533333 275.210844966
-6.93332266667 275.211657611
-6.92832 275.300027748
-6.92331733333 275.271040638
-6.91831466667 275.401750491
-6.913312 275.35652203
-6.90830933333 275.487268467
-6.90330666667 275.411004736
-6.898304 275.541255866
-6.89330133333 275.503222452
-6.88829866667 275.64500738
-6.883296 275.599805927
-6.87829333333 275.754569817
-6.87329066667 275.710729455
-6.868288 275.83932435
-6.86328533333 275.799964726
-6.85828266667 275.886401251
-6.85328 275.828748717
-6.84827733333 275.959264153
-6.84327466667 275.843108342
-6.838272 275.930148771
-6.83326933333 275.878767499
-6.82826666667 275.983541572
-6.823264 275.892114722
-6.81826133333 276.018503613
-6.81325866667 275.911090049
-6.808256 276.000401548
-6.80325333333 275.908845231
-6.79825066667 275.949924051
-6.793248 275.850366332
-6.78824533333 275.940248438
-6.78324266667 275.788932291
-6.77824 275.876146709
-6.77323733333 275.782219565
-6.76823466667 275.848797196
-6.763232 275.733927327
-6.75822933333 275.766692683
-6.75322666667 275.64531977
-6.748224 275.701324801
-6.74322133333 275.63143411
-6.73821866667 275.690667023
-6.733216 275.573557826
-6.72821333333 275.708330725
-6.72321066667 275.568590183
-6.718208 275.625756661
-6.71320533333 275.544730377
-6.70820266667 275.574118607
-6.7032 275.553218867
-6.69819733333 275.602275006
-6.69319466667 275.51511997
-6.688192 275.60753259
-6.68318933333 275.498454248
-6.67818666667 275.555141872
-6.673184 275.522295579
-6.66818133333 275.55789142
-6.66317866667 275.504516147
-6.658176 275.547178536
-6.65317333333 275.490018237
-6.64817066667 275.539966533
-6.643168 275.485192904
-6.63816533333 275.530455283
-6.63316266667 275.46614407
-6.62816 275.549051033
-6.62315733333 275.447193143
-6.61815466667 275.552912918
-6.613152 275.476185888
-6.60814933333 275.532436229
-6.60314666667 275.447652226
-6.598144 275.513185574
-6.59314133333 275.440769633
-6.58813866667 275.540700363
-6.583136 275.418008934
-6.57813333333 275.520182375
-6.57313066667 275.420834784
-6.568128 275.520381407
-6.56312533333 275.402003229
-6.55812266667 275.481559935
-6.55312 275.422677726
-6.54811733333 275.485567899
-6.54311466667 275.39800244
-6.538112 275.447289703
-6.53310933333 275.369852473
-6.52810666667 275.46753588
-6.523104 275.359764042
-6.51810133333 275.447366074
-6.51309866667 275.373809499
-6.508096 275.435595844
-6.50309333333 275.346159463
-6.49809066667 275.421403041
-6.493088 275.312545082
-6.48808533333 275.380246059
-6.48308266667 275.297944269
-6.47808 275.385931575
-6.47307733333 275.288326505
-6.46807466667 275.36199521
-6.463072 275.287442526
-6.45806933333 275.337105585
-6.45306666667 275.246893289
-6.448064 275.302809984
-6.44306133333 275.222809193
-6.43805866667 275.235561722
-6.433056 275.186066073
-6.42805333333 275.239946626
-6.42305066667 275.180233798
-6.418048 275.221749578
-6.41304533333 275.183683076
-6.40804266667 275.284960121
-6.40304 275.183223636
-6.39803733333 275.252048712
-6.39303466667 275.181533667
-6.388032 275.224791811
-6.38302933333 275.185876659
-6.37802666667 275.229518878
-6.373024 275.169928121
-6.36802133333 275.277521601
-6.36301866667 275.168615195
-6.358016 275.225082574
-6.35301333333 275.170979794
-6.34801066667 275.264162848
-6.343008 275.172804133
-6.33800533333 275.278445855
-6.33300266667 275.204708672
-6.328 275.246329446
-6.32299733333 275.192130171
-6.31799466667 275.260103583
-6.312992 275.179502751
-6.30798933333 275.307906098
-6.30298666667 275.205778821
-6.297984 275.30467963
-6.29298133333 275.227695918
-6.28797866667 275.280344873
-6.282976 275.211056049
-6.27797333333 275.310386179
-6.27297066667 275.167362203
-6.267968 275.256383151
-6.26296533333 275.175356736
-6.25796266667 275.262118506
-6.25296 275.122465151
-6.24795733333 275.207639778
-6.24295466667 275.094220736
-6.237952 275.15522079
-6.23294933333 275.084615607
-6.22794666667 275.160518935
-6.222944 275.062303196
-6.21794133333 275.127072754
-6.21293866667 275.016356539
-6.207936 275.096163896
-6.20293333333 274.99847064
-6.19793066667 275.086307229
-6.192928 275.017760233
-6.18792533333 275.119456505
-6.18292266667 275.020330846
-6.17792 275.120942195
-6.17291733333 275.039884441
-6.16791466667 275.127121349
-6.162912 275.034786296
-6.15790933333 275.116109299
-6.15290666667 275.066185785
-6.147904 275.169905228
-6.14290133333 275.087087236
-6.13789866667 275.159691638
-6.132896 275.117061991
-6.12789333333 275.17198943
-6.12289066667 275.079738474
-6.117888 275.163780147
-6.11288533333 275.091206459
-6.10788266667 275.201605862
-6.10288 275.168619008
-6.09787733333 275.26607952
-6.09287466667 275.187038783
-6.087872 275.301606165
-6.08286933333 275.258194615
-6.07786666667 275.329415356
-6.072864 275.299623261
-6.06786133333 275.372361011
-6.06285866667 275.332085205
-6.057856 275.456417133
-6.05285333333 275.405812297
-6.04785066667 275.498466173
-6.042848 275.471892643
-6.03784533333 275.56126214
-6.03284266667 275.489443074
-6.02784 275.660827832
-6.02283733333 275.570492203
-6.01783466667 275.680905881
-6.012832 275.668757358
-6.00782933333 275.72640712
-6.00282666667 275.678129093
-5.997824 275.792165179
-5.99282133333 275.733062519
-5.98781866667 275.830050766
-5.982816 275.791288673
-5.97781333333 275.850573207
-5.97281066667 275.817121955
-5.967808 275.954946202
-5.96280533333 275.869405459
-5.95780266667 275.956974972
-5.9528 275.911403925
-5.94779733333 276.019235877
-5.94279466667 275.949218935
-5.937792 275.999675284
-5.93278933333 275.959631022
-5.92778666667 276.081362796
-5.922784 275.983845839
-5.91778133333 276.040085756
-5.91277866667 275.976130846
-5.907776 276.048924642
-5.90277333333 275.965930447
-5.89777066667 276.061777116
-5.892768 275.967592651
-5.88776533333 276.001602036
-5.88276266667 275.943025441
-5.87776 275.964165423
-5.87275733333 275.88375182
-5.86775466667 275.904813189
-5.862752 275.814387215
-5.85774933333 275.891523048
-5.85274666667 275.807078578
-5.847744 275.863179401
-5.84274133333 275.769977128
-5.83773866667 275.863664753
-5.832736 275.779373582
-5.82773333333 275.819395038
-5.82273066667 275.756305351
-5.817728 275.816692874
-5.81272533333 275.739702584
-5.80772266667 275.842532651
-5.80272 275.719108077
-5.79771733333 275.819239854
-5.79271466667 275.740764447
-5.787712 275.824080933
-5.78270933333 275.743042123
-5.77770666667 275.83169887
-5.772704 275.731239754
-5.76770133333 275.837635478
-5.76269866667 275.747574882
-5.757696 275.796983544
-5.75269333333 275.737321661
-5.74769066667 275.842734408
-5.742688 275.760306875
-5.73768533333 275.812843685
-5.73268266667 275.769781911
-5.72768 275.846949984
-5.72267733333 275.779048265
-5.71767466667 275.836915254
-5.712672 275.770827986
-5.70766933333 275.849337161
-5.70266666667 275.778897426
-5.697664 275.838704953
-5.69266133333 275.7817012
-5.68765866667 275.891195169
-5.682656 275.832795609
-5.67765333333 275.911774184
-5.67265066667 275.831445186
-5.667648 275.940272241
-5.66264533333 275.876032277
-5.65764266667 276.013379248
-5.65264 275.960858863
-5.64763733333 276.08060042
-5.64263466667 276.041184689
-5.637632 276.184275928
-5.63262933333 276.196216236
-5.62762666667 276.340977102
-5.622624 276.339566863
-5.61762133333 276.493474288
-5.61261866667 276.510696662
-5.607616 276.692225532
-5.60261333333 276.741331305
-5.59761066667 276.893116013
-5.592608 276.946584452
-5.58760533333 277.19210537
-5.58260266667 277.172385911
-5.5776 277.393564481
-5.57259733333 277.418033068
-5.56759466667 277.607281652
-5.562592 277.676677717
-5.55758933333 277.837155394
-5.55258666667 277.915972117
-5.547584 278.177381757
-5.54258133333 278.231671134
-5.53757866667 278.436937017
-5.532576 278.545939291
-5.52757333333 278.800335011
-5.52257066667 278.801713113
-5.517568 278.979841616
-5.51256533333 279.074228657
-5.50756266667 279.173288355
-5.50256 279.193284186
-5.49755733333 279.33221697
-5.49255466667 279.320953864
-5.487552 279.470524505
-5.48254933333 279.445898852
-5.47754666667 279.553200459
-5.472544 279.542947065
-5.46754133333 279.658937772
-5.46253866667 279.595800578
-5.457536 279.664160136
-5.45253333333 279.623802385
-5.44753066667 279.76631108
-5.442528 279.644566746
-5.43752533333 279.766611343
-5.43252266667 279.66011521
-5.42752 279.747384138
-5.42251733333 279.628731201
-5.41751466667 279.694839192
-5.412512 279.581655597
-5.40750933333 279.622331374
-5.40250666667 279.496573333
-5.397504 279.585819632
-5.39250133333 279.457908725
-5.38749866667 279.579886443
-5.382496 279.466658014
-5.37749333333 279.562411589
-5.37249066667 279.503983004
-5.367488 279.537699586
-5.36248533333 279.420077055
-5.35748266667 279.560808223
-5.35248 279.513834095
-5.34747733333 279.540160667
-5.34247466667 279.427234627
-5.337472 279.503543506
-5.33246933333 279.435268853
-5.32746666667 279.519697155
-5.322464 279.42323316
-5.31746133333 279.479586025
-5.31245866667 279.390500941
-5.307456 279.47727612
-5.30245333333 279.395751535
-5.29745066667 279.470727932
-5.292448 279.379199296
-5.28744533333 279.464111999
-5.28244266667 279.38724505
-5.27744 279.45862672
-5.27243733333 279.347971877
-5.26743466667 279.468655236
-5.262432 279.320253966
-5.25742933333 279.412886205
-5.25242666667 279.337418268
-5.247424 279.40976979
-5.24242133333 279.306180249
-5.23741866667 279.398088797
-5.232416 279.305572722
-5.22741333333 279.365248822
-5.22241066667 279.239838819
-5.217408 279.356161415
-5.21240533333 279.21614655
-5.20740266667 279.310960322
-5.2024 279.177381887
-5.19739733333 279.224755043
-5.19239466667 279.115506875
-5.187392 279.137674757
-5.18238933333 279.050724641
-5.17738666667 279.126975738
-5.172384 279.018482377
-5.16738133333 279.072888184
-5.16237866667 278.973283492
-5.157376 278.984277181
-5.15237333333 278.863722597
-5.14737066667 278.917396661
-5.142368 278.804139944
-5.13736533333 278.83913924
-5.13236266667 278.782264663
-5.12736 278.773510686
-5.12235733333 278.672832696
-5.11735466667 278.742798168
-5.112352 278.612502014
-5.10734933333 278.654042401
-5.10234666667 278.518497791
-5.097344 278.514180315
-5.09234133333 278.363260146
-5.08733866667 278.344525311
-5.082336 278.182644646
-5.07733333333 278.202052813
-5.07233066667 278.048755827
-5.067328 278.04730212
-5.06232533333 277.858688171
-5.05732266667 277.794743164
-5.05232 277.552108607
-5.04731733333 277.523102031
-5.04231466667 277.333102172
-5.037312 277.272767463
-5.03230933333 277.100310976
-5.02730666667 277.028229152
-5.022304 276.834440545
-5.01730133333 276.792302475
-5.01229866667 276.610947518
-5.007296 276.562289975
-5.00229333333 276.378735274
-4.99729066667 276.362581264
-4.992288 276.160015873
-4.98728533333 276.157143499
-4.98228266667 275.98369677
-4.97728 275.980583441
-4.97227733333 275.838189408
-4.96727466667 275.795445675
-4.962272 275.656104155
-4.95726933333 275.701731933
-4.95226666667 275.55689899
-4.947264 275.60169721
-4.94226133333 275.432807781
-4.93725866667 275.462973813
-4.932256 275.359973833
-4.92725333333 275.398821306
-4.92225066667 275.318054169
-4.917248 275.337844451
-4.91224533333 275.257202098
-4.90724266667 275.281913531
-4.90224 275.158685254
-4.89723733333 275.218260957
-4.89223466667 275.080111746
-4.887232 275.200390992
-4.88222933333 275.053953567
-4.87722666667 275.08894296
-4.872224 274.991118748
-4.86722133333 274.998838358
-4.86221866667 274.936495297
-4.857216 274.96325704
-4.85221333333 274.855781682
-4.84721066667 274.934194365
-4.842208 274.833836808
-4.83720533333 274.869997072
-4.83220266667 274.762264162
-4.8272 274.846578088
-4.82219733333 274.690422293
-4.81719466667 274.73150191
-4.812192 274.631590808
-4.80718933333 274.66494037
-4.80218666667 274.601553663
-4.797184 274.653668967
-4.79218133333 274.536103816
-4.78717866667 274.57939793
-4.782176 274.470914024
-4.77717333333 274.478922219
-4.77217066667 274.364345975
-4.767168 274.42126854
-4.76216533333 274.293531619
-4.75716266667 274.292143865
-4.75216 274.214169735
-4.74715733333 274.226151014
-4.74215466667 274.168038492
-4.737152 274.227810153
-4.73214933333 274.141173659
-4.72714666667 274.215045269
-4.722144 274.112379421
-4.71714133333 274.128018887
-4.71213866667 274.050928992
-4.707136 274.102036123
-4.70213333333 274.022796407
-4.69713066667 274.077525108
-4.692128 273.979101777
-4.68712533333 274.053231297
-4.68212266667 273.950530979
-4.67712 274.025931727
-4.67211733333 273.933673565
-4.66711466667 274.025068909
-4.662112 273.963053423
-4.65710933333 274.015587432
-4.65210666667 273.95767008
-4.647104 274.006880594
-4.64210133333 273.915439229
-4.63709866667 274.039008277
-4.632096 273.938498684
-4.62709333333 274.061485249
-4.62209066667 273.991220938
-4.617088 274.02351694
-4.61208533333 273.966269264
-4.60708266667 274.042254597
-4.60208 273.904097591
-4.59707733333 273.985324775
-4.59207466667 273.954238734
-4.587072 274.036030441
-4.58206933333 273.959797586
-4.57706666667 274.013576024
-4.572064 273.934970738
-4.56706133333 274.059881992
-4.56205866667 273.955132503
-4.557056 274.034451156
-4.55205333333 274.000617973
-4.54705066667 274.060023515
-4.542048 273.984720584
-4.53704533333 274.063485719
-4.53204266667 274.003520919
-4.52704 274.066319212
-4.52203733333 274.028624731
-4.51703466667 274.109475544
-4.512032 274.009567572
-4.50702933333 274.122765934
-4.50202666667 274.076245391
-4.497024 274.144020502
-4.49202133333 274.101743492
-4.48701866667 274.155890312
-4.482016 274.154339066
-4.47701333333 274.197329654
-4.47201066667 274.173427223
-4.467008 274.246578255
-4.46200533333 274.163385336
-4.45700266667 274.206710061
-4.452 274.13954111
-4.44699733333 274.220449595
-4.44199466667 274.149177642
-4.436992 274.176937439
-4.43198933333 274.101423066
-4.42698666667 274.145104885
-4.421984 274.026529621
-4.41698133333 274.095403922
-4.41197866667 274.044464911
-4.406976 274.132249282
-4.40197333333 274.037212432
-4.39697066667 274.087755299
-4.391968 274.000499966
-4.38696533333 274.053115734
-4.38196266667 274.013335109
-4.37696 274.086652182
-4.37195733333 274.01136342
-4.36695466667 274.111748268
-4.361952 274.018324981
-4.35694933333 274.076641347
-4.35194666667 273.986534168
-4.346944 274.060612238
-4.34194133333 273.984837881
-4.33693866667 274.061113951
-4.331936 273.9877878
-4.32693333333 274.055789858
-4.32193066667 273.990950214
-4.316928 274.061642225
-4.31192533333 274.005756466
-4.30692266667 274.040286187
-4.30192 273.957630818
-4.29691733333 274.046964742
-4.29191466667 273.933874158
-4.286912 274.04947431
-4.28190933333 273.954944827
-4.27690666667 273.975398923
-4.271904 273.97664406
-4.26690133333 274.050552235
-4.26189866667 273.951389005
-4.256896 274.03153077
-4.25189333333 273.933518172
-4.24689066667 274.028248852
-4.241888 273.911428681
-4.23688533333 273.992803558
-4.23188266667 273.927198024
-4.22688 273.97654287
-4.22187733333 273.910473837
-4.21687466667 273.943178285
-4.211872 273.904705182
-4.20686933333 273.952050927
-4.20186666667 273.881850032
-4.196864 273.898682532
-4.19186133333 273.823308916
-4.18685866667 273.933106698
-4.181856 273.800253041
-4.17685333333 273.854140114
-4.17185066667 273.763806322
-4.166848 273.802164312
-4.16184533333 273.732223942
-4.15684266667 273.794450467
-4.15184 273.739760383
-4.14683733333 273.79266599
-4.14183466667 273.748848535
-4.136832 273.797130649
-4.13182933333 273.72157944
-4.12682666667 273.805911998
-4.121824 273.727362466
-4.11682133333 273.784283122
-4.11181866667 273.725315088
-4.106816 273.758333826
-4.10181333333 273.694446721
-4.09681066667 273.754640603
-4.091808 273.677392889
-4.08680533333 273.749968414
-4.08180266667 273.672717392
-4.0768 273.741636272
-4.07179733333 273.680361565
-4.06679466667 273.789731389
-4.061792 273.707551553
-4.05678933333 273.765914199
-4.05178666667 273.741860508
-4.046784 273.794765681
-4.04178133333 273.722378055
-4.03677866667 273.843203978
-4.031776 273.749908972
-4.02677333333 273.828876261
-4.02177066667 273.725610501
-4.016768 273.775670015
-4.01176533333 273.680872919
-4.00676266667 273.760614511
-4.00176 273.662433661
-3.99675733333 273.710765656
-3.99175466667 273.627106433
-3.986752 273.675381989
-3.98174933333 273.575748374
-3.97674666667 273.660432486
-3.971744 273.572614385
-3.96674133333 273.658406886
-3.96173866667 273.579714621
-3.956736 273.648141721
-3.95173333333 273.656263439
-3.94673066667 273.73687575
-3.941728 273.659623262
-3.93672533333 273.728390621
-3.93172266667 273.770855164
-3.92672 273.802998648
-3.92171733333 273.759614782
-3.91671466667 273.848719276
-3.911712 273.820646584
-3.90670933333 273.907281818
-3.90170666667 273.830793686
-3.896704 273.8875962
-3.89170133333 273.890015345
-3.88669866667 273.931089724
-3.881696 273.954161185
-3.87669333333 274.065410739
-3.87169066667 274.003433388
-3.866688 274.13159499
-3.86168533333 274.078620659
-3.85668266667 274.156077361
-3.85168 274.129439927
-3.84667733333 274.231324046
-3.84167466667 274.150916052
-3.836672 274.245922997
-3.83166933333 274.210953805
-3.82666666667 274.282931187
-3.821664 274.248719732
-3.81666133333 274.317604547
-3.81165866667 274.208491567
-3.806656 274.286610486
-3.80165333333 274.240014015
-3.79665066667 274.310178533
-3.791648 274.246653996
-3.78664533333 274.325910663
-3.78164266667 274.269619806
-3.77664 274.316135915
-3.77163733333 274.240806829
-3.76663466667 274.294488627
-3.761632 274.201227738
-3.75662933333 274.251782035
-3.75162666667 274.136730039
-3.746624 274.209489001
-3.74162133333 274.086306781
-3.73661866667 274.151731189
-3.731616 274.088305074
-3.72661333333 274.123367574
-3.72161066667 274.023236286
-3.716608 274.044086968
-3.71160533333 273.914909731
-3.70660266667 273.980236631
-3.7016 273.899770169
-3.69659733333 273.968202649
-3.69159466667 273.884776539
-3.686592 273.963684629
-3.68158933333 273.894035295
-3.67658666667 273.953389467
-3.671584 273.868221903
-3.66658133333 273.916520998
-3.66157866667 273.884427693
-3.656576 273.94604809
-3.65157333333 273.858230313
-3.64657066667 274.000002212
-3.641568 273.944547197
-3.63656533333 273.974290718
-3.63156266667 273.96715969
-3.62656 274.055698107
-3.62155733333 273.997898632
-3.61655466667 274.099131713
-3.611552 274.070778886
-3.60654933333 274.147672745
-3.60154666667 274.10648447
-3.596544 274.181047844
-3.59154133333 274.111054804
-3.58653866667 274.213741948
-3.581536 274.150923565
-3.57653333333 274.175070813
-3.57153066667 274.121110479
-3.566528 274.156094786
-3.56152533333 274.063679992
-3.55652266667 274.135950755
-3.55152 274.08147843
-3.54651733333 274.168669746
-3.54151466667 274.118067104
-3.536512 274.190757474
-3.53150933333 274.196138525
-3.52650666667 274.299191057
-3.521504 274.269778336
-3.51650133333 274.361248488
-3.51149866667 274.324863344
-3.506496 274.405018623
-3.50149333333 274.362047059
-3.49649066667 274.469224294
-3.491488 274.399640301
-3.48648533333 274.529766732
-3.48148266667 274.457340577
-3.47648 274.526644052
-3.47147733333 274.49956457
-3.46647466667 274.556213849
-3.461472 274.550146886
-3.45646933333 274.634244443
-3.45146666667 274.57878723
-3.446464 274.642543842
-3.44146133333 274.636178968
-3.43645866667 274.680734719
-3.431456 274.612888938
-3.42645333333 274.698400885
-3.42145066667 274.647249408
-3.416448 274.690217291
-3.41144533333 274.655203086
-3.40644266667 274.725433523
-3.40144 274.696020581
-3.39643733333 274.794364627
-3.39143466667 274.747512916
-3.386432 274.854379056
-3.38142933333 274.833726876
-3.37642666667 274.852503108
-3.371424 274.866875855
-3.36642133333 274.929887884
-3.36141866667 274.869195823
-3.356416 274.927742234
-3.35141333333 274.877192042
-3.34641066667 274.959693271
-3.341408 274.877905181
-3.33640533333 274.924712351
-3.33140266667 274.83123383
-3.3264 274.923844943
-3.32139733333 274.790856118
-3.31639466667 274.903209256
-3.311392 274.821810708
-3.30638933333 274.871187875
-3.30138666667 274.828026588
-3.296384 274.902989567
-3.29138133333 274.834260337
-3.28637866667 274.882831569
-3.281376 274.826045846
-3.27637333333 274.830003129
-3.27137066667 274.764306793
-3.266368 274.817194865
-3.26136533333 274.717430293
-3.25636266667 274.778923311
-3.25136 274.762497184
-3.24635733333 274.794888456
-3.24135466667 274.744786254
-3.236352 274.810361016
-3.23134933333 274.73767412
-3.22634666667 274.833278479
-3.221344 274.72912697
-3.21634133333 274.729249962
-3.21133866667 274.656459909
-3.206336 274.697804536
-3.20133333333 274.633440228
-3.19633066667 274.697608246
-3.191328 274.620136274
-3.18632533333 274.698582741
-3.18132266667 274.614165621
-3.17632 274.670523752
-3.17131733333 274.577623206
-3.16631466667 274.684299577
-3.161312 274.609048977
-3.15630933333 274.644795584
-3.15130666667 274.585562414
-3.146304 274.599653715
-3.14130133333 274.490597594
-3.13629866667 274.48858109
-3.131296 274.377658908
-3.12629333333 274.41196453
-3.12129066667 274.347756176
-3.116288 274.335465731
-3.11128533333 274.291035186
-3.10628266667 274.330413838
-3.10128 274.254248495
-3.09627733333 274.260856017
-3.09127466667 274.231080602
-3.086272 274.230397321
-3.08126933333 274.177228027
-3.07626666667 274.273201665
-3.071264 274.120244576
-3.06626133333 274.216246453
-3.06125866667 274.154693983
-3.056256 274.14776316
-3.05125333333 274.135278707
-3.04625066667 274.175913282
-3.041248 274.12295534
-3.03624533333 274.17992344
-3.03124266667 274.112981315
-3.02624 274.205388144
-3.02123733333 274.155617478
-3.01623466667 274.2215525
-3.011232 274.183970978
-3.00622933333 274.24866223
-3.00122666667 274.214644806
-2.996224 274.230145716
-2.99122133333 274.206795066
-2.98621866667 274.273543769
-2.981216 274.198929382
-2.97621333333 274.252232232
-2.97121066667 274.16044799
-2.966208 274.257044444
-2.96120533333 274.182109567
-2.95620266667 274.198362697
-2.9512 274.167121836
-2.94619733333 274.209352605
-2.94119466667 274.166846141
-2.936192 274.214524656
-2.93118933333 274.206050063
-2.92618666667 274.259887949
-2.921184 274.235846368
-2.91618133333 274.263436153
-2.91117866667 274.217405212
-2.906176 274.348081165
-2.90117333333 274.257470413
-2.89617066667 274.300615524
-2.891168 274.276760965
-2.88616533333 274.340734745
-2.88116266667 274.286145319
-2.87616 274.397891388
-2.87115733333 274.341060482
-2.86615466667 274.431119685
-2.861152 274.37416967
-2.85614933333 274.438532135
-2.85114666667 274.381078076
-2.846144 274.519265496
-2.84114133333 274.491652442
-2.83613866667 274.538682195
-2.831136 274.508168341
-2.82613333333 274.568572164
-2.82113066667 274.504667299
-2.816128 274.593956923
-2.81112533333 274.503568513
-2.80612266667 274.57514276
-2.80112 274.518989893
-2.79611733333 274.56020297
-2.79111466667 274.497189399
-2.786112 274.561090166
-2.78110933333 274.512585844
-2.77610666667 274.576693206
-2.771104 274.562243706
-2.76610133333 274.634676622
-2.76109866667 274.579247208
-2.756096 274.643850363
-2.75109333333 274.590892317
-2.74609066667 274.669594331
-2.741088 274.561029612
-2.73608533333 274.624557703
-2.73108266667 274.574307534
-2.72608 274.617017835
-2.72107733333 274.555622452
-2.71607466667 274.623724247
-2.711072 274.539039271
-2.70606933333 274.576496538
-2.70106666667 274.501007923
-2.696064 274.568866315
-2.69106133333 274.500653018
-2.68605866667 274.611984544
-2.681056 274.521805188
-2.67605333333 274.511514214
-2.67105066667 274.504604772
-2.666048 274.501032953
-2.66104533333 274.422267956
-2.65604266667 274.46695135
-2.65104 274.343136762
-2.64603733333 274.403949466
-2.64103466667 274.332056448
-2.636032 274.377055851
-2.63102933333 274.317665045
-2.62602666667 274.397511984
-2.621024 274.326779204
-2.61602133333 274.371688975
-2.61101866667 274.341960108
-2.606016 274.393498812
-2.60101333333 274.32375211
-2.59601066667 274.371989454
-2.591008 274.297243369
-2.58600533333 274.358210687
-2.58100266667 274.336095611
-2.576 274.367785509
-2.57099733333 274.337746656
-2.56599466667 274.384465399
-2.560992 274.300530289
-2.55598933333 274.365655668
-2.55098666667 274.300810982
-2.545984 274.380948523
-2.54098133333 274.325095108
-2.53597866667 274.400683876
-2.530976 274.34736656
-2.52597333333 274.411697083
-2.52097066667 274.40001447
-2.515968 274.463199757
-2.51096533333 274.458018953
-2.50596266667 274.529621814
-2.50096 274.516879101
-2.49595733333 274.595895945
-2.49095466667 274.569351827
-2.485952 274.684727804
-2.48094933333 274.647228474
-2.47594666667 274.721409927
-2.470944 274.695075648
-2.46594133333 274.802400087
-2.46093866667 274.762394325
-2.455936 274.837741072
-2.45093333333 274.831510351
-2.44593066667 274.908790675
-2.440928 274.865134187
-2.43592533333 274.979628689
-2.43092266667 274.902889864
-2.42592 275.047572817
-2.42091733333 274.99248263
-2.41591466667 275.048181782
-2.410912 274.986077453
-2.40590933333 275.048541382
-2.40090666667 274.958369382
-2.395904 275.07713275
-2.39090133333 275.024849487
-2.38589866667 275.068564556
-2.380896 274.999744299
-2.37589333333 275.034825952
-2.37089066667 275.000010448
-2.365888 275.035111253
-2.36088533333 274.953324909
-2.35588266667 274.99168812
-2.35088 274.944770764
-2.34587733333 274.958950964
-2.34087466667 274.903070359
-2.335872 274.959687654
-2.33086933333 274.897608493
-2.32586666667 274.952052597
-2.320864 274.896543354
-2.31586133333 274.957065326
-2.31085866667 274.853589103
-2.305856 274.920556178
-2.30085333333 274.843279826
-2.29585066667 274.876351237
-2.290848 274.810980693
-2.28584533333 274.843586572
-2.28084266667 274.786632956
-2.27584 274.820825534
-2.27083733333 274.746452673
-2.26583466667 274.826013609
-2.260832 274.739919852
-2.25582933333 274.748080631
-2.25082666667 274.698392428
-2.245824 274.711216361
-2.24082133333 274.623364813
-2.23581866667 274.660543117
-2.230816 274.553277166
-2.22581333333 274.60054759
-2.22081066667 274.546976107
-2.215808 274.555123821
-2.21080533333 274.480397592
-2.20580266667 274.543686278
-2.2008 274.47501614
-2.19579733333 274.495467851
-2.19079466667 274.442566736
-2.185792 274.522063864
-2.18078933333 274.405263761
-2.17578666667 274.462940973
-2.170784 274.393752015
-2.16578133333 274.40236197
-2.16077866667 274.35985024
-2.155776 274.383303036
-2.15077333333 274.324738017
-2.14577066667 274.332401992
-2.140768 274.245109062
-2.13576533333 274.307763
-2.13076266667 274.219186555
-2.12576 274.273046081
-2.12075733333 274.194879713
-2.11575466667 274.231998409
-2.110752 274.154894475
-2.10574933333 274.192558081
-2.10074666667 274.134097741
-2.095744 274.134072453
-2.09074133333 274.048793358
-2.08573866667 274.11853362
-2.080736 274.021790072
-2.07573333333 274.089407354
-2.07073066667 274.019497629
-2.065728 274.051742924
-2.06072533333 273.988098291
-2.05572266667 274.022084149
-2.05072 273.921921965
-2.04571733333 273.981419423
-2.04071466667 273.904654436
-2.035712 273.953673465
-2.03070933333 273.936650047
-2.02570666667 273.966866221
-2.020704 273.874317422
-2.01570133333 273.969828209
-2.01069866667 273.883359565
-2.005696 273.920193771
-2.00069333333 273.885251485
-1.99569066667 273.894590281
-1.990688 273.859341597
-1.98568533333 273.910496677
-1.98068266667 273.82991007
-1.97568 273.863988905
-1.97067733333 273.753534034
-1.96567466667 273.81697067
-1.960672 273.714654984
-1.95566933333 273.777095162
-1.95066666667 273.688868989
-1.945664 273.743120318
-1.94066133333 273.682240834
-1.93565866667 273.66698753
-1.930656 273.660276209
-1.92565333333 273.716763541
-1.92065066667 273.62921681
-1.915648 273.676744235
-1.91064533333 273.607081129
-1.90564266667 273.633266408
-1.90064 273.571200684
-1.89563733333 273.579432193
-1.89063466667 273.584899201
-1.885632 273.614448275
-1.88062933333 273.567213402
-1.87562666667 273.621110581
-1.870624 273.530260569
-1.86562133333 273.590011097
-1.86061866667 273.524623672
-1.855616 273.561712366
-1.85061333333 273.498146684
-1.84561066667 273.549758966
-1.840608 273.513660647
-1.83560533333 273.559082531
-1.83060266667 273.544132577
-1.8256 273.591052943
-1.82059733333 273.526382911
-1.81559466667 273.614601387
-1.810592 273.575399109
-1.80558933333 273.678933713
-1.80058666667 273.604078172
-1.795584 273.687095295
-1.79058133333 273.631756145
-1.78557866667 273.693082103
-1.780576 273.641630687
-1.77557333333 273.707054789
-1.77057066667 273.665797192
-1.765568 273.724901327
-1.76056533333 273.645592382
-1.75556266667 273.701448835
-1.75056 273.66754696
-1.74555733333 273.714890983
-1.74055466667 273.702497158
-1.735552 273.74651543
-1.73054933333 273.726406723
-1.72554666667 273.760333672
-1.720544 273.708770464
-1.71554133333 273.759641943
-1.71053866667 273.715526202
-1.705536 273.774524918
-1.70053333333 273.708660765
-1.69553066667 273.7721056
-1.690528 273.740048522
-1.68552533333 273.778760606
-1.68052266667 273.741758667
-1.67552 273.773050165
-1.67051733333 273.768442822
-1.66551466667 273.820788188
-1.660512 273.775329268
-1.65550933333 273.854864129
-1.65050666667 273.809161518
-1.645504 273.883588926
-1.64050133333 273.848058924
-1.63549866667 273.902747316
-1.630496 273.851967426
-1.62549333333 273.922990203
-1.62049066667 273.903923811
-1.615488 273.942246092
-1.61048533333 273.926731816
-1.60548266667 273.963748408
-1.60048 273.919731917
-1.59547733333 274.019754463
-1.59047466667 273.992875643
-1.585472 274.028705523
-1.58046933333 274.018933144
-1.57546666667 274.060080413
-1.570464 274.014302192
-1.56546133333 274.117740403
-1.56045866667 274.036244514
-1.555456 274.106482611
-1.55045333333 274.063162905
-1.54545066667 274.164524458
-1.540448 274.083444349
-1.53544533333 274.17540174
-1.53044266667 274.108136626
-1.52544 274.205939483
-1.52043733333 274.13621321
-1.51543466667 274.164894683
-1.510432 274.151305548
-1.50542933333 274.217866104
-1.50042666667 274.178540605
-1.495424 274.275353521
-1.49042133333 274.170034408
-1.48541866667 274.182958266
-1.480416 274.128892873
-1.47541333333 274.195943262
-1.47041066667 274.077815693
-1.465408 274.099413941
-1.46040533333 274.016436847
-1.45540266667 274.056515366
-1.4504 273.98302531
-1.44539733333 274.03327655
-1.44039466667 273.892342922
-1.435392 273.894781358
-1.43038933333 273.801284037
-1.42538666667 273.801405659
-1.420384 273.722719948
-1.41538133333 273.707683556
-1.41037866667 273.600889914
-1.405376 273.618126828
-1.40037333333 273.512969196
-1.39537066667 273.51875106
-1.390368 273.442694004
-1.38536533333 273.487249443
-1.38036266667 273.426069488
-1.37536 273.509419254
-1.37035733333 273.415217477
-1.36535466667 273.457452563
-1.360352 273.390682565
-1.35534933333 273.413930414
-1.35034666667 273.366586994
-1.345344 273.413892491
-1.34034133333 273.337849594
-1.33533866667 273.393269048
-1.330336 273.345381508
-1.32533333333 273.393818512
-1.32033066667 273.352408498
-1.315328 273.36135192
-1.31032533333 273.310637016
-1.30532266667 273.349036581
-1.30032 273.327521093
-1.29531733333 273.372885181
-1.29031466667 273.325712187
-1.285312 273.365680699
-1.28030933333 273.324351193
-1.27530666667 273.370364581
-1.270304 273.275437231
-1.26530133333 273.341047047
-1.26029866667 273.277626745
-1.255296 273.266051899
-1.25029333333 273.202802736
-1.24529066667 273.234317379
-1.240288 273.193030217
-1.23528533333 273.230853991
-1.23028266667 273.177096019
-1.22528 273.259914521
-1.22027733333 273.17462919
-1.21527466667 273.218242266
-1.210272 273.150327727
-1.20526933333 273.201760913
-1.20026666667 273.141687004
-1.195264 273.155864864
-1.19026133333 273.106764983
-1.18525866667 273.171594446
-1.180256 273.105927421
-1.17525333333 273.150630245
-1.17025066667 273.110045471
-1.165248 273.130608105
-1.16024533333 273.11810895
-1.15524266667 273.155977055
-1.15024 273.128281267
-1.14523733333 273.208277152
-1.14023466667 273.166051314
-1.135232 273.228530967
-1.13022933333 273.17316688
-1.12522666667 273.244400263
-1.120224 273.201755657
-1.11522133333 273.291261864
-1.11021866667 273.28470297
-1.105216 273.343710882
-1.10021333333 273.317097137
-1.09521066667 273.344165372
-1.090208 273.314501347
-1.08520533333 273.423332917
-1.08020266667 273.317605687
-1.0752 273.400843854
-1.07019733333 273.37588711
-1.06519466667 273.436148386
-1.060192 273.419892116
-1.05518933333 273.471521681
-1.05018666667 273.399869477
-1.045184 273.460395403
-1.04018133333 273.434019795
-1.03517866667 273.473870825
-1.030176 273.452449585
-1.02517333333 273.519228492
-1.02017066667 273.456327643
-1.015168 273.584892457
-1.01016533333 273.48406625
-1.00516266667 273.551806801
-1.00016 273.512352232
-0.995157333333 273.512990495
-0.990154666667 273.454012764
-0.985152 273.495787234
-0.980149333333 273.428741897
-0.975146666667 273.432365428
-0.970144 273.333024787
-0.965141333333 273.417852759
-0.960138666667 273.366166159
-0.955136 273.408112841
-0.950133333333 273.349755533
-0.945130666667 273.386499965
-0.940128 273.349043603
-0.935125333333 273.400350137
-0.930122666667 273.317159266
-0.92512 273.345245938
-0.920117333333 273.26384913
-0.915114666667 273.310816448
-0.910112 273.255814627
-0.905109333333 273.273108793
-0.900106666667 273.279742567
-0.895104 273.293491369
-0.890101333333 273.228797948
-0.885098666667 273.280588673
-0.880096 273.216508518
-0.875093333333 273.232989674
-0.870090666667 273.215133339
-0.865088 273.269250943
-0.860085333333 273.19924811
-0.855082666667 273.261306334
-0.85008 273.21079499
-0.845077333333 273.237551787
-0.840074666667 273.242389274
-0.835072 273.255509406
-0.830069333333 273.202214208
-0.825066666667 273.272627267
-0.820064 273.234889771
-0.815061333333 273.293698682
-0.810058666667 273.228927137
-0.805056 273.295642059
-0.800053333333 273.248022945
-0.795050666667 273.310067634
-0.790048 273.27363815
-0.785045333333 273.287352271
-0.780042666667 273.231544107
-0.77504 273.234235853
-0.770037333333 273.167019725
-0.765034666667 273.212106647
-0.760032 273.163726126
-0.755029333333 273.226917139
-0.750026666667 273.161847693
-0.745024 273.197929276
-0.740021333333 273.184798078
-0.735018666667 273.221411989
-0.730016 273.193949852
-0.725013333333 273.304839037
-0.720010666667 273.261375891
-0.715008 273.312809167
-0.710005333333 273.263794833
-0.705002666667 273.313940596
-0.7 273.277459728
-0.694997333333 273.343191087
-0.689994666667 273.286022513
-0.684992 273.322251742
-0.679989333333 273.311623472
-0.674986666667 273.356070757
-0.669984 273.328403452
-0.664981333333 273.373138031
-0.659978666667 273.310337622
-0.654976 273.359075097
-0.649973333333 273.338320294
-0.644970666667 273.358610578
-0.639968 273.320174183
-0.634965333333 273.384336302
-0.629962666667 273.329207884
-0.62496 273.364306176
-0.619957333333 273.349644016
-0.614954666667 273.381201538
-0.609952 273.334202003
-0.604949333333 273.427978944
-0.599946666667 273.331444367
-0.594944 273.405170448
-0.589941333333 273.356742381
-0.584938666667 273.418540723
-0.579936 273.369254454
-0.574933333333 273.421967332
-0.569930666667 273.348188811
-0.564928 273.416532646
-0.559925333333 273.367156849
-0.554922666667 273.426235571
-0.54992 273.385614083
-0.544917333333 273.466269832
-0.539914666667 273.367232517
-0.534912 273.453876651
-0.529909333333 273.350166884
-0.524906666667 273.398887325
-0.519904 273.362786136
-0.514901333333 273.389084053
-0.509898666667 273.386109974
-0.504896 273.415581504
-0.499893333333 273.390113327
-0.494890666667 273.467826859
-0.489888 273.442681753
-0.484885333333 273.483456458
-0.479882666667 273.443496919
-0.47488 273.461372312
-0.469877333333 273.452541151
-0.464874666667 273.534592078
-0.459872 273.501755411
-0.454869333333 273.525452428
-0.449866666667 273.509011338
-0.444864 273.613815934
-0.439861333333 273.514516818
-0.434858666667 273.583526737
-0.429856 273.55011578
-0.424853333333 273.59334343
-0.419850666667 273.59336501
-0.414848 273.659869104
-0.409845333333 273.605235767
-0.404842666667 273.681497122
-0.39984 273.619517429
-0.394837333333 273.714995485
-0.389834666667 273.644511452
-0.384832 273.708077965
-0.379829333333 273.670038913
-0.374826666667 273.730746657
-0.369824 273.677650951
-0.364821333333 273.743140695
-0.359818666667 273.699095223
-0.354816 273.74505815
-0.349813333333 273.724599235
-0.344810666667 273.760308404
-0.339808 273.723035031
-0.334805333333 273.794758417
-0.329802666667 273.719905916
-0.3248 273.774885242
-0.319797333333 273.736097859
-0.314794666667 273.754570408
-0.309792 273.693054031
-0.304789333333 273.777837018
-0.299786666667 273.694475296
-0.294784 273.733992481
-0.289781333333 273.690795948
-0.284778666667 273.706626131
-0.279776 273.673114774
-0.274773333333 273.656507679
-0.269770666667 273.609956195
-0.264768 273.680897921
-0.259765333333 273.62256882
-0.254762666667 273.663132874
-0.24976 273.59002278
-0.244757333333 273.641375309
-0.239754666667 273.587098918
-0.234752 273.654539661
-0.229749333333 273.618072445
-0.224746666667 273.669017324
-0.219744 273.63289559
-0.214741333333 273.650234108
-0.209738666667 273.574820859
-0.204736 273.674298025
-0.199733333333 273.598185833
-0.194730666667 273.645118825
-0.189728 273.649459246
-0.184725333333 273.710951128
-0.179722666667 273.647997101
-0.17472 273.705420105
-0.169717333333 273.675093485
-0.164714666667 273.73284334
-0.159712 273.702583895
-0.154709333333 273.780328144
-0.149706666667 273.703893471
-0.144704 273.76060331
-0.139701333333 273.752704765
-0.134698666667 273.801639621
-0.129696 273.773138465
-0.124693333333 273.815643715
-0.119690666667 273.801043505
-0.114688 273.81154087
-0.109685333333 273.791539131
-0.104682666667 273.851141298
-0.09968 273.835536457
-0.0946773333333 273.879638855
-0.0896746666667 273.834844607
-0.084672 273.911198214
-0.0796693333333 273.866242214
-0.0746666666667 273.925848467
-0.069664 273.89649288
-0.0646613333333 273.939582829
-0.0596586666667 273.9265734
-0.054656 273.984177555
-0.0496533333333 273.930310929
-0.0446506666667 273.974762442
-0.039648 273.922399272
-0.0346453333333 274.00569971
-0.0296426666667 273.963824031
-0.02464 274.004091506
-0.0196373333333 273.997638604
-0.0146346666667 274.067866433
-0.009632 273.990362258
-0.00462933333333 274.064965766
