（-8.50416,1.5），（-6,2），（-2.34588,1.5）
-9.99995733333 290.312413607
-9.99495466667 290.368108763
-9.989952 290.272330642
-9.98494933333 290.389652617
-9.97994666667 290.250193805
-9.974944 290.352952075
-9.96994133333 290.224053358
-9.96493866667 290.369572001
-9.959936 290.231768047
-9.95493333333 290.361017837
-9.94993066667 290.207999511
-9.944928 290.318087785
-9.93992533333 290.162771879
-9.93492266667 290.191214067
-9.92992 290.110149993
-9.92491733333 290.209956513
-9.91991466667 290.055632765
-9.914912 290.181622118
-9.90990933333 290.109852101
-9.90490666667 290.173940173
-9.899904 290.035136937
-9.89490133333 290.132676748
-9.88989866667 290.027569365
-9.884896 290.119430348
-9.87989333333 289.965500092
-9.87489066667 290.060514116
-9.869888 289.928043229
-9.86488533333 290.026323881
-9.85988266667 289.861849246
-9.85488 290.033616565
-9.84987733333 289.903284775
-9.84487466667 289.985700641
-9.839872 289.860104255
-9.83486933333 289.977436547
-9.82986666667 289.892642335
-9.824864 289.980968921
-9.81986133333 289.856129101
-9.81485866667 290.012781884
-9.809856 289.888220015
-9.80485333333 290.001624393
-9.79985066667 289.904617565
-9.794848 289.988354595
-9.78984533333 289.880623826
-9.78484266667 290.024549597
-9.77984 289.933905533
-9.77483733333 290.05794981
-9.76983466667 290.010692365
-9.764832 290.108852247
-9.75982933333 289.99139073
-9.75482666667 290.16539898
-9.749824 290.093545903
-9.74482133333 290.195779344
-9.73981866667 290.098587733
-9.734816 290.206819019
-9.72981333333 290.060158852
-9.72481066667 290.161729966
-9.719808 289.999893423
-9.71480533333 290.082166226
-9.70980266667 290.004648616
-9.7048 290.118296868
-9.69979733333 290.067276296
-9.69479466667 290.151238486
-9.689792 290.099031171
-9.68478933333 290.210583632
-9.67978666667 290.1530718
-9.674784 290.274311198
-9.66978133333 290.154222647
-9.66477866667 290.263530386
-9.659776 290.159487039
-9.65477333333 290.30358934
-9.64977066667 290.220969593
-9.644768 290.340248746
-9.63976533333 290.242593966
-9.63476266667 290.38644758
-9.62976 290.313884592
-9.62475733333 290.4472768
-9.61975466667 290.301495516
-9.614752 290.449640134
-9.60974933333 290.303349493
-9.60474666667 290.373430814
-9.599744 290.232685161
-9.59474133333 290.32879129
-9.58973866667 290.180254756
-9.584736 290.28770516
-9.57973333333 290.182392309
-9.57473066667 290.266796826
-9.569728 290.166785961
-9.56472533333 290.301290163
-9.55972266667 290.137922329
-9.55472 290.277940689
-9.54971733333 290.164114775
-9.54471466667 290.25419588
-9.539712 290.060158343
-9.53470933333 290.150416728
-9.52970666667 289.943154873
-9.524704 290.038098249
-9.51970133333 289.901225072
-9.51469866667 289.953920733
-9.509696 289.851482572
-9.50469333333 289.953077611
-9.49969066667 289.838262723
-9.494688 289.918870503
-9.48968533333 289.839325203
-9.48468266667 289.927097846
-9.47968 289.770210786
-9.47467733333 289.869033839
-9.46967466667 289.724424685
-9.464672 289.823935401
-9.45966933333 289.652017221
-9.45466666667 289.74339637
-9.449664 289.593049046
-9.44466133333 289.717265056
-9.43965866667 289.567610561
-9.434656 289.676216975
-9.42965333333 289.591913595
-9.42465066667 289.691572715
-9.419648 289.570329406
-9.41464533333 289.669536597
-9.40964266667 289.564311845
-9.40464 289.642891518
-9.39963733333 289.541187705
-9.39463466667 289.698896668
-9.389632 289.552402427
-9.38462933333 289.690324278
-9.37962666667 289.617591687
-9.374624 289.706107175
-9.36962133333 289.643718388
-9.36461866667 289.78557892
-9.359616 289.663441541
-9.35461333333 289.790087431
-9.34961066667 289.710969946
-9.344608 289.876685032
-9.33960533333 289.782864955
-9.33460266667 289.953424276
-9.3296 289.82900832
-9.32459733333 289.995078628
-9.31959466667 289.874377255
-9.314592 289.954734691
-9.30958933333 289.858106726
-9.30458666667 289.964479386
-9.299584 289.785879601
-9.29458133333 289.881601639
-9.28957866667 289.781698333
-9.284576 289.88357824
-9.27957333333 289.778106153
-9.27457066667 289.928851691
-9.269568 289.793006693
-9.26456533333 289.984818342
-9.25956266667 289.866589131
-9.25456 290.0090332
-9.24955733333 289.841681372
-9.24455466667 289.968750998
-9.239552 289.85562244
-9.23454933333 289.942135848
-9.22954666667 289.81722338
-9.224544 289.908558136
-9.21954133333 289.79421664
-9.21453866667 289.888814958
-9.209536 289.784121371
-9.20453333333 289.864817865
-9.19953066667 289.723274011
-9.194528 289.861277861
-9.18952533333 289.741851069
-9.18452266667 289.849572069
-9.17952 289.675299011
-9.17451733333 289.748633356
-9.16951466667 289.586017961
-9.164512 289.686179705
-9.15950933333 289.549916059
-9.15450666667 289.62331476
-9.149504 289.509575401
-9.14450133333 289.605649219
-9.13949866667 289.465487704
-9.134496 289.600184532
-9.12949333333 289.502162592
-9.12449066667 289.579711665
-9.119488 289.456008981
-9.11448533333 289.576247856
-9.10948266667 289.458206366
-9.10448 289.527516464
-9.09947733333 289.375104877
-9.09447466667 289.452463804
-9.089472 289.356105028
-9.08446933333 289.470398079
-9.07946666667 289.33709449
-9.074464 289.441452411
-9.06946133333 289.354044374
-9.06445866667 289.439933421
-9.059456 289.320040116
-9.05445333333 289.441947114
-9.04945066667 289.333511162
-9.044448 289.412399106
-9.03944533333 289.308768104
-9.03444266667 289.410012889
-9.02944 289.292383155
-9.02443733333 289.388954886
-9.01943466667 289.254139625
-9.014432 289.38352462
-9.00942933333 289.280382444
-9.00442666667 289.402595748
-8.999424 289.250068797
-8.99442133333 289.380677306
-8.98941866667 289.257911875
-8.984416 289.39835931
-8.97941333333 289.258684662
-8.97441066667 289.402242179
-8.969408 289.272847285
-8.96440533333 289.402089563
-8.95940266667 289.335575897
-8.9544 289.459374383
-8.94939733333 289.391379916
-8.94439466667 289.513527097
-8.939392 289.431759474
-8.93438933333 289.525680154
-8.92938666667 289.433775979
-8.924384 289.566999582
-8.91938133333 289.369231555
-8.91437866667 289.472152455
-8.909376 289.327050586
-8.90437333333 289.391077451
-8.89937066667 289.236019053
-8.894368 289.295669813
-8.88936533333 289.218807098
-8.88436266667 289.341728126
-8.87936 289.205691003
-8.87435733333 289.319762914
-8.86935466667 289.250934369
-8.864352 289.359834684
-8.85934933333 289.206121164
-8.85434666667 289.363163893
-8.849344 289.215625588
-8.84434133333 289.310487618
-8.83933866667 289.181797389
-8.834336 289.25006369
-8.82933333333 289.155780334
-8.82433066667 289.270344566
-8.819328 289.162489737
-8.81432533333 289.231403378
-8.80932266667 289.188430013
-8.80432 289.26154991
-8.79931733333 289.148555999
-8.79431466667 289.305507666
-8.789312 289.211437396
-8.78430933333 289.289741587
-8.77930666667 289.203114165
-8.774304 289.336234469
-8.76930133333 289.175022387
-8.76429866667 289.293692038
-8.759296 289.174850225
-8.75429333333 289.213885153
-8.74929066667 289.120398628
-8.744288 289.258961491
-8.73928533333 289.130100819
-8.73428266667 289.277342232
-8.72928 289.123713834
-8.72427733333 289.26384918
-8.71927466667 289.135722739
-8.714272 289.253066
-8.70926933333 289.154486982
-8.70426666667 289.210121584
-8.699264 289.106779995
-8.69426133333 289.223675787
-8.68925866667 289.124156679
-8.684256 289.244972918
-8.67925333333 289.134176052
-8.67425066667 289.196915531
-8.669248 289.121144728
-8.66424533333 289.2521855
-8.65924266667 289.120346005
-8.65424 289.260714371
-8.64923733333 289.148929481
-8.64423466667 289.235720887
-8.639232 289.107588485
-8.63422933333 289.242869489
-8.62922666667 289.157146956
-8.624224 289.243549427
-8.61922133333 289.138738459
-8.61421866667 289.275117323
-8.609216 289.184285762
-8.60421333333 289.269537102
-8.59921066667 289.156062353
-8.594208 289.271489059
-8.58920533333 289.171556407
-8.58420266667 289.321049473
-8.5792 289.175872314
-8.57419733333 289.342412226
-8.56919466667 289.250578684
-8.564192 289.380683609
-8.55918933333 289.260758128
-8.55418666667 289.378456686
-8.549184 289.297551055
-8.54418133333 289.414039615
-8.53917866667 289.316711714
-8.534176 289.352618697
-8.52917333333 289.307190209
-8.52417066667 289.394122331
-8.519168 289.289960413
-8.51416533333 289.448693821
-8.50916266667 289.40414522
-8.50416 289.521346568
-8.49915733333 289.403813962
-8.49415466667 289.500985958
-8.489152 289.403472776
-8.48414933333 289.54061708
-8.47914666667 289.468437794
-8.474144 289.524483114
-8.46914133333 289.462837225
-8.46413866667 289.569598968
-8.459136 289.460724638
-8.45413333333 289.613766932
-8.44913066667 289.564144873
-8.444128 289.67755137
-8.43912533333 289.596273808
-8.43412266667 289.733066148
-8.42912 289.639467968
-8.42411733333 289.754017205
-8.41911466667 289.722325808
-8.414112 289.775420842
-8.40910933333 289.683162145
-8.40410666667 289.813753202
-8.399104 289.701338681
-8.39410133333 289.827479746
-8.38909866667 289.765702943
-8.384096 289.827711086
-8.37909333333 289.752353423
-8.37409066667 289.851894504
-8.369088 289.790000569
-8.36408533333 289.88512016
-8.35908266667 289.789628269
-8.35408 289.879195483
-8.34907733333 289.783320715
-8.34407466667 289.834508561
-8.339072 289.730107856
-8.33406933333 289.812656501
-8.32906666667 289.739084971
-8.324064 289.831280993
-8.31906133333 289.715819544
-8.31405866667 289.834843412
-8.309056 289.71857402
-8.30405333333 289.830608966
-8.29905066667 289.725193259
-8.294048 289.806591055
-8.28904533333 289.750960421
-8.28404266667 289.871451427
-8.27904 289.783652719
-8.27403733333 289.883779933
-8.26903466667 289.828176345
-8.264032 289.942448471
-8.25902933333 289.841851657
-8.25402666667 289.950092417
-8.249024 289.862654409
-8.24402133333 289.937929838
-8.23901866667 289.810110446
-8.234016 289.967712758
-8.22901333333 289.865620537
-8.22401066667 289.972120685
-8.219008 289.919225982
-8.21400533333 289.987595346
-8.20900266667 289.946443356
-8.204 290.024443559
-8.19899733333 289.926594743
-8.19399466667 289.965734736
-8.188992 289.909203843
-8.18398933333 290.007282147
-8.17898666667 289.883051288
-8.173984 289.978251323
-8.16898133333 289.862482271
-8.16397866667 289.945470604
-8.158976 289.827525961
-8.15397333333 289.933399377
-8.14897066667 289.861557631
-8.143968 289.925842769
-8.13896533333 289.853380672
-8.13396266667 289.907639508
-8.12896 289.840882801
-8.12395733333 289.952515335
-8.11895466667 289.832383857
-8.113952 289.958058071
-8.10894933333 289.880689032
-8.10394666667 289.970089148
-8.098944 289.887468222
-8.09394133333 289.997279194
-8.08893866667 289.915411044
-8.083936 290.028685585
-8.07893333333 289.982139326
-8.07393066667 290.06312073
-8.068928 290.025194293
-8.06392533333 290.113680213
-8.05892266667 290.077135203
-8.05392 290.193399454
-8.04891733333 290.162626113
-8.04391466667 290.239294039
-8.038912 290.195403795
-8.03390933333 290.366999219
-8.02890666667 290.322860999
-8.023904 290.466639838
-8.01890133333 290.481792552
-8.01389866667 290.586257157
-8.008896 290.600138416
-8.00389333333 290.752565337
-7.99889066667 290.757335906
-7.993888 290.865876023
-7.98888533333 290.886302331
-7.98388266667 291.035838742
-7.97888 291.069730725
-7.97387733333 291.240625234
-7.96887466667 291.269078989
-7.963872 291.412620904
-7.95886933333 291.393167741
-7.95386666667 291.558004381
-7.948864 291.623382267
-7.94386133333 291.772613442
-7.93885866667 291.755013726
-7.933856 291.923337206
-7.92885333333 291.95426933
-7.92385066667 292.188055262
-7.918848 292.197099357
-7.91384533333 292.378939136
-7.90884266667 292.429780377
-7.90384 292.569845394
-7.89883733333 292.568712158
-7.89383466667 292.732086472
-7.888832 292.741774923
-7.88382933333 292.846030812
-7.87882666667 292.845275264
-7.873824 292.919911666
-7.86882133333 292.895285016
-7.86381866667 293.004699699
-7.858816 292.894570979
-7.85381333333 292.977674069
-7.84881066667 292.902602893
-7.843808 293.00449029
-7.83880533333 292.876642109
-7.83380266667 292.963856309
-7.8288 292.860153785
-7.82379733333 292.815013707
-7.81879466667 292.746561732
-7.813792 292.771765233
-7.80878933333 292.695559031
-7.80378666667 292.720007685
-7.798784 292.638942695
-7.79378133333 292.649567902
-7.78877866667 292.591287122
-7.783776 292.61610921
-7.77877333333 292.476449755
-7.77377066667 292.550524617
-7.768768 292.429796507
-7.76376533333 292.481125021
-7.75876266667 292.375714553
-7.75376 292.424849236
-7.74875733333 292.354771414
-7.74375466667 292.424827629
-7.738752 292.380907362
-7.73374933333 292.393477584
-7.72874666667 292.365780723
-7.723744 292.43091596
-7.71874133333 292.382956122
-7.71373866667 292.471528672
-7.708736 292.410315659
-7.70373333333 292.456850304
-7.69873066667 292.348719674
-7.693728 292.366821432
-7.68872533333 292.254039751
-7.68372266667 292.321802898
-7.67872 292.270094006
-7.67371733333 292.227687359
-7.66871466667 292.197813121
-7.663712 292.269957024
-7.65870933333 292.212763405
-7.65370666667 292.245235694
-7.648704 292.255131871
-7.64370133333 292.323375683
-7.63869866667 292.210999398
-7.633696 292.283177934
-7.62869333333 292.258037482
-7.62369066667 292.299702179
-7.618688 292.219698038
-7.61368533333 292.260337594
-7.60868266667 292.237537569
-7.60368 292.273694732
-7.59867733333 292.216073546
-7.59367466667 292.268105979
-7.588672 292.240075827
-7.58366933333 292.259736793
-7.57866666667 292.195380954
-7.573664 292.28325509
-7.56866133333 292.214442967
-7.56365866667 292.277528234
-7.558656 292.153940413
-7.55365333333 292.214405705
-7.54865066667 292.152879439
-7.543648 292.175914463
-7.53864533333 292.129423237
-7.53364266667 292.12805459
-7.52864 292.047305424
-7.52363733333 292.094632179
-7.51863466667 292.005343364
-7.513632 292.010298466
-7.50862933333 291.956499473
-7.50362666667 292.034094585
-7.498624 291.893074354
-7.49362133333 291.886641639
-7.48861866667 291.831571958
-7.483616 291.839348618
-7.47861333333 291.734908699
-7.47361066667 291.734520515
-7.468608 291.670293405
-7.46360533333 291.628925438
-7.45860266667 291.499015647
-7.4536 291.504140325
-7.44859733333 291.364481809
-7.44359466667 291.276015562
-7.438592 291.130836832
-7.43358933333 291.028639954
-7.42858666667 290.922602754
-7.423584 290.822041714
-7.41858133333 290.730542494
-7.41357866667 290.626601059
-7.408576 290.503944554
-7.40357333333 290.402696594
-7.39857066667 290.213581803
-7.393568 290.129398313
-7.38856533333 289.958915074
-7.38356266667 289.903189586
-7.37856 289.747104428
-7.37355733333 289.72628217
-7.36855466667 289.579039431
-7.363552 289.538303236
-7.35854933333 289.440265947
-7.35354666667 289.427118631
-7.348544 289.325775229
-7.34354133333 289.3798166
-7.33853866667 289.249319847
-7.333536 289.292145848
-7.32853333333 289.200693641
-7.32353066667 289.270976602
-7.318528 289.183077891
-7.31352533333 289.228976928
-7.30852266667 289.206603966
-7.30352 289.226783945
-7.29851733333 289.168069503
-7.29351466667 289.21120207
-7.288512 289.203022899
-7.28350933333 289.253432491
-7.27850666667 289.212691808
-7.273504 289.229998745
-7.26850133333 289.185763357
-7.26349866667 289.247279977
-7.258496 289.164290894
-7.25349333333 289.201744231
-7.24849066667 289.23584787
-7.243488 289.24715185
-7.23848533333 289.216046799
-7.23348266667 289.317522187
-7.22848 289.311612342
-7.22347733333 289.326736657
-7.21847466667 289.345205896
-7.213472 289.372261086
-7.20846933333 289.365370132
-7.20346666667 289.426445815
-7.198464 289.34708035
-7.19346133333 289.387417646
-7.18845866667 289.348232667
-7.183456 289.356063159
-7.17845333333 289.288665714
-7.17345066667 289.390284576
-7.168448 289.32541673
-7.16344533333 289.396387065
-7.15844266667 289.380976425
-7.15344 289.396197189
-7.14843733333 289.354571515
-7.14343466667 289.416062079
-7.138432 289.342949941
-7.13342933333 289.356436778
-7.12842666667 289.36965132
-7.123424 289.403593028
-7.11842133333 289.325405773
-7.11341866667 289.359719187
-7.108416 289.328234421
-7.10341333333 289.342095836
-7.09841066667 289.268836507
-7.093408 289.35193776
-7.08840533333 289.326865449
-7.08340266667 289.364370025
-7.0784 289.308626084
-7.07339733333 289.331252037
-7.06839466667 289.333121795
-7.063392 289.328125785
-7.05838933333 289.279499241
-7.05338666667 289.267094668
-7.048384 289.236519313
-7.04338133333 289.183103873
-7.03837866667 289.118547525
-7.033376 289.105261476
-7.02837333333 289.112615038
-7.02337066667 289.094463881
-7.018368 289.024639833
-7.01336533333 289.031579793
-7.00836266667 289.024230151
-7.00336 289.00818553
-6.99835733333 288.944951181
-6.99335466667 288.930751442
-6.988352 288.914887791
-6.98334933333 288.896693317
-6.97834666667 288.824966211
-6.973344 288.891903585
-6.96834133333 288.846293372
-6.96333866667 288.847916298
-6.958336 288.824319765
-6.95333333333 288.857192273
-6.94833066667 288.843331676
-6.943328 288.880661419
-6.93832533333 288.805131126
-6.93332266667 288.863695062
-6.92832 288.84277865
-6.92331733333 288.85791751
-6.91831466667 288.843199427
-6.913312 288.898747083
-6.90830933333 288.896321609
-6.90330666667 288.910211972
-6.898304 288.874205753
-6.89330133333 288.896696253
-6.88829866667 288.894496395
-6.883296 288.984835761
-6.87829333333 288.952982826
-6.87329066667 288.968516116
-6.868288 288.947177164
-6.86328533333 289.038538584
-6.85828266667 288.957429354
-6.85328 288.99410506
-6.84827733333 289.042778951
-6.84327466667 289.057148823
-6.838272 289.013755762
-6.83326933333 289.04110058
-6.82826666667 289.055830974
-6.823264 289.063953563
-6.81826133333 289.05773584
-6.81325866667 289.071691458
-6.808256 289.02412014
-6.80325333333 289.057120669
-6.79825066667 288.993804196
-6.793248 289.019685672
-6.78824533333 288.977607937
-6.78324266667 288.954762032
-6.77824 288.897019058
-6.77323733333 288.967850665
-6.76823466667 288.963633719
-6.763232 288.940899639
-6.75822933333 288.914742637
-6.75322666667 288.922721792
-6.748224 288.917124858
-6.74322133333 288.92957577
-6.73821866667 288.845950957
-6.733216 288.855487716
-6.72821333333 288.803530537
-6.72321066667 288.753376554
-6.718208 288.68058382
-6.71320533333 288.656106619
-6.70820266667 288.643809715
-6.7032 288.628206317
-6.69819733333 288.588166124
-6.69319466667 288.561561008
-6.688192 288.531121462
-6.68318933333 288.535919621
-6.67818666667 288.468803768
-6.673184 288.432236602
-6.66818133333 288.390544885
-6.66317866667 288.391291337
-6.658176 288.28727695
-6.65317333333 288.313230741
-6.64817066667 288.295728007
-6.643168 288.291063039
-6.63816533333 288.28679661
-6.63316266667 288.269593061
-6.62816 288.260602673
-6.62315733333 288.315296226
-6.61815466667 288.305112222
-6.613152 288.320737587
-6.60814933333 288.343680017
-6.60314666667 288.355339921
-6.598144 288.34166922
-6.59314133333 288.375900795
-6.58813866667 288.397439555
-6.583136 288.392326744
-6.57813333333 288.379168373
-6.57313066667 288.433026763
-6.568128 288.409612285
-6.56312533333 288.477507859
-6.55812266667 288.498322951
-6.55312 288.457890211
-6.54811733333 288.516341751
-6.54311466667 288.515737267
-6.538112 288.478152053
-6.53310933333 288.501883185
-6.52810666667 288.498947263
-6.523104 288.52914
-6.51810133333 288.50901406
-6.51309866667 288.491394072
-6.508096 288.498073426
-6.50309333333 288.510957044
-6.49809066667 288.531846519
-6.493088 288.518262988
-6.48808533333 288.541813255
-6.48308266667 288.507069132
-6.47808 288.51043375
-6.47307733333 288.534480555
-6.46807466667 288.572329595
-6.463072 288.58521061
-6.45806933333 288.616996144
-6.45306666667 288.642419373
-6.448064 288.658883067
-6.44306133333 288.705735316
-6.43805866667 288.763135992
-6.433056 288.751249328
-6.42805333333 288.745213654
-6.42305066667 288.780648016
-6.418048 288.758541048
-6.41304533333 288.79395316
-6.40804266667 288.822178983
-6.40304 288.839001657
-6.39803733333 288.844054748
-6.39303466667 288.857381145
-6.388032 288.900624578
-6.38302933333 288.898159057
-6.37802666667 288.932859252
-6.373024 288.971097015
-6.36802133333 288.948385274
-6.36301866667 288.977149696
-6.358016 288.986247597
-6.35301333333 289.000887398
-6.34801066667 289.018779776
-6.343008 289.049180918
-6.33800533333 289.043377558
-6.33300266667 289.092796197
-6.328 289.129421459
-6.32299733333 289.167654865
-6.31799466667 289.211142961
-6.312992 289.180536325
-6.30798933333 289.222840057
-6.30298666667 289.232663387
-6.297984 289.252865181
-6.29298133333 289.304733101
-6.28797866667 289.320670702
-6.282976 289.341680202
-6.27797333333 289.354882314
-6.27297066667 289.387343331
-6.267968 289.428489429
-6.26296533333 289.420767311
-6.25796266667 289.412819294
-6.25296 289.450995765
-6.24795733333 289.438135185
-6.24295466667 289.429967972
-6.237952 289.471418457
-6.23294933333 289.450100788
-6.22794666667 289.510754862
-6.222944 289.51444091
-6.21794133333 289.494296569
-6.21293866667 289.494783267
-6.207936 289.527986065
-6.20293333333 289.486482007
-6.19793066667 289.481474002
-6.192928 289.419356683
-6.18792533333 289.462967888
-6.18292266667 289.384149897
-6.17792 289.420635691
-6.17291733333 289.284330112
-6.16791466667 289.290408078
-6.162912 289.302760068
-6.15790933333 289.28247476
-6.15290666667 289.241836436
-6.147904 289.253321166
-6.14290133333 289.213800953
-6.13789866667 289.17224017
-6.132896 289.148702981
-6.12789333333 289.164081484
-6.12289066667 289.108945772
-6.117888 289.070757078
-6.11288533333 289.00258014
-6.10788266667 288.985313533
-6.10288 288.948748275
-6.09787733333 288.936643465
-6.09287466667 288.9019501
-6.087872 288.883897133
-6.08286933333 288.849179949
-6.07786666667 288.813586475
-6.072864 288.781641091
-6.06786133333 288.793371074
-6.06285866667 288.703082011
-6.057856 288.748901171
-6.05285333333 288.711581463
-6.04785066667 288.717268509
-6.042848 288.65148103
-6.03784533333 288.650162192
-6.03284266667 288.613276354
-6.02784 288.647416171
-6.02283733333 288.635414471
-6.01783466667 288.549743249
-6.012832 288.51590502
-6.00782933333 288.546573438
-6.00282666667 288.467346983
-5.997824 288.475407536
-5.99282133333 288.471258209
-5.98781866667 288.467346468
-5.982816 288.387441079
-5.97781333333 288.396452834
-5.97281066667 288.308635672
-5.967808 288.327146997
-5.96280533333 288.328483909
-5.95780266667 288.23776032
-5.9528 288.243342772
-5.94779733333 288.259859631
-5.94279466667 288.219346568
-5.937792 288.185612237
-5.93278933333 288.198174392
-5.92778666667 288.192864465
-5.922784 288.117040871
-5.91778133333 288.152535491
-5.91277866667 288.09399823
-5.907776 288.112866886
-5.90277333333 288.086134648
-5.89777066667 288.054476971
-5.892768 288.027721705
-5.88776533333 288.08586159
-5.88276266667 288.071996895
-5.87776 288.114568994
-5.87275733333 288.121212833
-5.86775466667 288.214642664
-5.862752 288.166900474
-5.85774933333 288.213580888
-5.85274666667 288.248803403
-5.847744 288.297140413
-5.84274133333 288.35300539
-5.83773866667 288.393568582
-5.832736 288.367222307
-5.82773333333 288.430658202
-5.82273066667 288.4309265
-5.817728 288.45092664
-5.81272533333 288.446309689
-5.80772266667 288.486626595
-5.80272 288.450536602
-5.79771733333 288.514016813
-5.79271466667 288.493136929
-5.787712 288.507661192
-5.78270933333 288.5152
-5.77770666667 288.538247816
-5.772704 288.484844969
-5.76770133333 288.512648458
-5.76269866667 288.535046817
-5.757696 288.545868103
-5.75269333333 288.53768454
-5.74769066667 288.574701115
-5.742688 288.604678928
-5.73768533333 288.715484042
-5.73268266667 288.729949719
-5.72768 288.853917852
-5.72267733333 288.888621951
-5.71767466667 288.99010763
-5.712672 289.009083078
-5.70766933333 289.073988598
-5.70266666667 289.070045858
-5.697664 289.098897826
-5.69266133333 289.112319798
-5.68765866667 289.207746968
-5.682656 289.199665376
-5.67765333333 289.27598815
-5.67265066667 289.265820294
-5.667648 289.321751238
-5.66264533333 289.339730632
-5.65764266667 289.394006413
-5.65264 289.368276298
-5.64763733333 289.421962289
-5.64263466667 289.419178219
-5.637632 289.464826586
-5.63262933333 289.448389243
-5.62762666667 289.522253023
-5.622624 289.534026988
-5.61762133333 289.528908799
-5.61261866667 289.568006446
-5.607616 289.661703979
-5.60261333333 289.602182103
-5.59761066667 289.680427932
-5.592608 289.670414107
-5.58760533333 289.745994787
-5.58260266667 289.747081326
-5.5776 289.800907595
-5.57259733333 289.795235545
-5.56759466667 289.830969399
-5.562592 289.805109328
-5.55758933333 289.847535291
-5.55258666667 289.833636064
-5.547584 289.915387757
-5.54258133333 289.848173346
-5.53757866667 289.906343038
-5.532576 289.878153729
-5.52757333333 289.929629318
-5.52257066667 289.889733055
-5.517568 289.979183968
-5.51256533333 289.913689615
-5.50756266667 289.999894635
-5.50256 289.969394923
-5.49755733333 289.960933799
-5.49255466667 289.991644779
-5.487552 290.084685128
-5.48254933333 289.991314947
-5.47754666667 290.039663018
-5.472544 289.975839981
-5.46754133333 289.99137756
-5.46253866667 289.979393507
-5.457536 290.026594172
-5.45253333333 289.953032634
-5.44753066667 290.006712366
-5.442528 290.001699664
-5.43752533333 289.994126141
-5.43252266667 289.944646283
-5.42752 290.03508445
-5.42251733333 289.939670726
-5.41751466667 289.924451783
-5.412512 289.87374922
-5.40750933333 289.966179948
-5.40250666667 289.90544402
-5.397504 289.995640065
-5.39250133333 289.90085135
-5.38749866667 289.942249263
-5.382496 289.935079219
-5.37749333333 289.966803635
-5.37249066667 289.927400483
-5.367488 290.008487814
-5.36248533333 289.930113118
-5.35748266667 289.975340104
-5.35248 289.964718404
-5.34747733333 290.055693065
-5.34247466667 290.022226018
-5.337472 290.125634032
-5.33246933333 290.097174611
-5.32746666667 290.1536129
-5.322464 290.187961006
-5.31746133333 290.297122888
-5.31245866667 290.308288701
-5.307456 290.436199924
-5.30245333333 290.452152045
-5.29745066667 290.556501978
-5.292448 290.603480575
-5.28744533333 290.777974669
-5.28244266667 290.79060909
-5.27744 290.9633571
-5.27243733333 291.025110095
-5.26743466667 291.197129701
-5.262432 291.288488517
-5.25742933333 291.435887979
-5.25242666667 291.490282055
-5.247424 291.657911411
-5.24242133333 291.744766377
-5.23741866667 291.864308654
-5.232416 291.927394301
-5.22741333333 292.133245801
-5.22241066667 292.105951403
-5.217408 292.296740547
-5.21240533333 292.327638257
-5.20740266667 292.449526118
-5.2024 292.531183894
-5.19739733333 292.677080678
-5.19239466667 292.64514236
-5.187392 292.735142757
-5.18238933333 292.737020735
-5.17738666667 292.787922368
-5.172384 292.758131821
-5.16738133333 292.867215249
-5.16237866667 292.778510852
-5.157376 292.861055135
-5.15237333333 292.807011832
-5.14737066667 292.869415621
-5.142368 292.778244187
-5.13736533333 292.820028939
-5.13236266667 292.717101768
-5.12736 292.767339814
-5.12235733333 292.687279359
-5.11735466667 292.719980294
-5.112352 292.589207281
-5.10734933333 292.596660131
-5.10234666667 292.447561709
-5.097344 292.503910978
-5.09234133333 292.393827314
-5.08733866667 292.416000167
-5.082336 292.341398382
-5.07733333333 292.35718104
-5.07233066667 292.275898855
-5.067328 292.323983596
-5.06232533333 292.250713002
-5.05732266667 292.304944676
-5.05232 292.251412255
-5.04731733333 292.345055305
-5.04231466667 292.239158023
-5.037312 292.317845912
-5.03230933333 292.265280609
-5.02730666667 292.310175723
-5.022304 292.237855116
-5.01730133333 292.314405921
-5.01229866667 292.269435626
-5.007296 292.335064138
-5.00229333333 292.214056943
-4.99729066667 292.273323073
-4.992288 292.19392256
-4.98728533333 292.278060738
-4.98228266667 292.166745977
-4.97728 292.230110254
-4.97227733333 292.170910792
-4.96727466667 292.239111213
-4.962272 292.137266326
-4.95726933333 292.194900125
-4.95226666667 292.131569303
-4.947264 292.209004076
-4.94226133333 292.11485507
-4.93725866667 292.182923683
-4.932256 292.085928881
-4.92725333333 292.190530428
-4.92225066667 292.098437797
-4.917248 292.113137991
-4.91224533333 292.038993697
-4.90724266667 292.069738164
-4.90224 291.954915853
-4.89723733333 292.032487736
-4.89223466667 291.926010359
-4.887232 291.974928033
-4.88222933333 291.873310217
-4.87722666667 291.918784626
-4.872224 291.809263359
-4.86722133333 291.897790072
-4.86221866667 291.757613764
-4.857216 291.75257533
-4.85221333333 291.597170288
-4.84721066667 291.645962253
-4.842208 291.484799583
-4.83720533333 291.582794353
-4.83220266667 291.442935103
-4.8272 291.41115281
-4.82219733333 291.259126114
-4.81719466667 291.253531345
-4.812192 291.112667777
-4.80718933333 291.073289225
-4.80218666667 290.889316547
-4.797184 290.871729214
-4.79218133333 290.704353348
-4.78717866667 290.690343147
-4.782176 290.48732665
-4.77717333333 290.510487219
-4.77217066667 290.318544905
-4.767168 290.288038187
-4.76216533333 290.053972593
-4.75716266667 289.968687318
-4.75216 289.801710498
-4.74715733333 289.715324036
-4.74215466667 289.573445695
-4.737152 289.565219902
-4.73214933333 289.376693419
-4.72714666667 289.410710727
-4.722144 289.261624646
-4.71714133333 289.272442893
-4.71213866667 289.199816339
-4.707136 289.242100237
-4.70213333333 289.087090255
-4.69713066667 289.12804362
-4.692128 289.05028136
-4.68712533333 289.055957215
-4.68212266667 288.957275504
-4.67712 288.966020603
-4.67211733333 288.798300036
-4.66711466667 288.898309689
-4.662112 288.777366669
-4.65710933333 288.805061114
-4.65210666667 288.686035489
-4.647104 288.785275578
-4.64210133333 288.632989037
-4.63709866667 288.772515918
-4.632096 288.640697102
-4.62709333333 288.695371147
-4.62209066667 288.602028403
-4.617088 288.644087208
-4.61208533333 288.575151079
-4.60708266667 288.674692535
-4.60208 288.558171956
-4.59707733333 288.600009843
-4.59207466667 288.528182079
-4.587072 288.621467695
-4.58206933333 288.498912138
-4.57706666667 288.576534245
-4.572064 288.500536851
-4.56706133333 288.544283821
-4.56205866667 288.462180099
-4.557056 288.558448011
-4.55205333333 288.460014833
-4.54705066667 288.530456664
-4.542048 288.439539365
-4.53704533333 288.51936461
-4.53204266667 288.380067147
-4.52704 288.487234374
-4.52203733333 288.33759769
-4.51703466667 288.470320863
-4.512032 288.359321035
-4.50702933333 288.403312306
-4.50202666667 288.327823392
-4.497024 288.394731643
-4.49202133333 288.303199305
-4.48701866667 288.417641249
-4.482016 288.344807948
-4.47701333333 288.444272148
-4.47201066667 288.313352939
-4.467008 288.468470203
-4.46200533333 288.330973241
-4.45700266667 288.479056381
-4.452 288.375582687
-4.44699733333 288.446567094
-4.44199466667 288.364476428
-4.436992 288.485890397
-4.43198933333 288.429615252
-4.42698666667 288.463773786
-4.421984 288.462983508
-4.41698133333 288.548216644
-4.41197866667 288.423959992
-4.406976 288.588498905
-4.40197333333 288.482430822
-4.39697066667 288.605852893
-4.391968 288.558956856
-4.38696533333 288.594396831
-4.38196266667 288.512549592
-4.37696 288.611928762
-4.37195733333 288.566177304
-4.36695466667 288.700010516
-4.361952 288.645105442
-4.35694933333 288.692323676
-4.35194666667 288.646272888
-4.346944 288.771163815
-4.34194133333 288.638323397
-4.33693866667 288.753314896
-4.331936 288.687231338
-4.32693333333 288.760003688
-4.32193066667 288.634882406
-4.316928 288.755559709
-4.31192533333 288.675016173
-4.30692266667 288.791008571
-4.30192 288.740178024
-4.29691733333 288.86458577
-4.29191466667 288.777841871
-4.286912 288.97123282
-4.28190933333 288.891717089
-4.27690666667 289.048894339
-4.271904 288.997090845
-4.26690133333 289.105626897
-4.26189866667 288.987371021
-4.256896 289.059108082
-4.25189333333 288.943031746
-4.24689066667 288.998344518
-4.241888 288.855114858
-4.23688533333 288.933918582
-4.23188266667 288.770193584
-4.22688 288.953310231
-4.22187733333 288.824500277
-4.21687466667 288.946322016
-4.211872 288.89927712
-4.20686933333 289.014503
-4.20186666667 288.892014518
-4.196864 288.991319338
-4.19186133333 288.921202406
-4.18685866667 288.990130282
-4.181856 288.878181866
-4.17685333333 288.97814292
-4.17185066667 288.898914249
-4.166848 289.025138207
-4.16184533333 288.93645812
-4.15684266667 289.047529767
-4.15184 289.001437915
-4.14683733333 289.067621622
-4.14183466667 288.991290891
-4.136832 289.118504958
-4.13182933333 289.058125677
-4.12682666667 289.159460079
-4.121824 289.092763483
-4.11682133333 289.211292025
-4.11181866667 289.125002581
-4.106816 289.284562435
-4.10181333333 289.171930518
-4.09681066667 289.308737355
-4.091808 289.19110306
-4.08680533333 289.293970401
-4.08180266667 289.20360795
-4.0768 289.330766583
-4.07179733333 289.229558132
-4.06679466667 289.327501647
-4.061792 289.272063099
-4.05678933333 289.374348939
-4.05178666667 289.28687481
-4.046784 289.491844065
-4.04178133333 289.341720525
-4.03677866667 289.472601921
-4.031776 289.373568855
-4.02677333333 289.476194785
-4.02177066667 289.362977892
-4.016768 289.463539789
-4.01176533333 289.402258477
-4.00676266667 289.494711104
-4.00176 289.425460048
-3.99675733333 289.548453237
-3.99175466667 289.431571109
-3.986752 289.584978932
-3.98174933333 289.467587322
-3.97674666667 289.553086732
-3.971744 289.450907895
-3.96674133333 289.588181701
-3.96173866667 289.434389984
-3.956736 289.558579489
-3.95173333333 289.523934399
-3.94673066667 289.571859781
-3.941728 289.430573018
-3.93672533333 289.54403759
-3.93172266667 289.426566182
-3.92672 289.56900119
-3.92171733333 289.448659967
-3.91671466667 289.545343439
-3.911712 289.425358418
-3.90670933333 289.557500463
-3.90170666667 289.393422174
-3.896704 289.504896612
-3.89170133333 289.390119498
-3.88669866667 289.457272505
-3.881696 289.36152782
-3.87669333333 289.438036367
-3.87169066667 289.317148293
-3.866688 289.433382014
-3.86168533333 289.319234795
-3.85668266667 289.449292931
-3.85168 289.279279836
-3.84667733333 289.376265293
-3.84167466667 289.197291804
-3.836672 289.327131987
-3.83166933333 289.190030611
-3.82666666667 289.225409224
-3.821664 289.08862252
-3.81666133333 289.119296238
-3.81165866667 288.962372256
-3.806656 289.008865094
-3.80165333333 288.852170937
-3.79665066667 288.898656223
-3.791648 288.732919922
-3.78664533333 288.852164936
-3.78164266667 288.680065734
-3.77664 288.779822957
-3.77163733333 288.677355379
-3.76663466667 288.738505267
-3.761632 288.61357906
-3.75662933333 288.731799979
-3.75162666667 288.590412557
-3.746624 288.669289636
-3.74162133333 288.564306838
-3.73661866667 288.654487028
-3.731616 288.534067948
-3.72661333333 288.688353523
-3.72161066667 288.478732958
-3.716608 288.606723284
-3.71160533333 288.518993001
-3.70660266667 288.573722979
-3.7016 288.437682805
-3.69659733333 288.561514049
-3.69159466667 288.468362732
-3.686592 288.575375051
-3.68158933333 288.463656536
-3.67658666667 288.532125057
-3.671584 288.412665637
-3.66658133333 288.579021851
-3.66157866667 288.394808972
-3.656576 288.551669407
-3.65157333333 288.448518119
-3.64657066667 288.53844341
-3.641568 288.409135593
-3.63656533333 288.470842908
-3.63156266667 288.388860199
-3.62656 288.446944657
-3.62155733333 288.375561631
-3.61655466667 288.471773976
-3.611552 288.334919673
-3.60654933333 288.510351805
-3.60154666667 288.344377013
-3.596544 288.499575216
-3.59154133333 288.385697413
-3.58653866667 288.510329776
-3.581536 288.382409034
-3.57653333333 288.500391721
-3.57153066667 288.393988721
-3.566528 288.488675519
-3.56152533333 288.409398788
-3.55652266667 288.490870225
-3.55152 288.379811204
-3.54651733333 288.51260923
-3.54151466667 288.402634826
-3.536512 288.555761009
-3.53150933333 288.454967295
-3.52650666667 288.577750345
-3.521504 288.450164902
-3.51650133333 288.585126752
-3.51149866667 288.470043195
-3.506496 288.602492629
-3.50149333333 288.523147866
-3.49649066667 288.587578796
-3.491488 288.500819154
-3.48648533333 288.672186202
-3.48148266667 288.567694924
-3.47648 288.659069053
-3.47147733333 288.565385796
-3.46647466667 288.701146492
-3.461472 288.583290289
-3.45646933333 288.703853088
-3.45146666667 288.628962187
-3.446464 288.714267679
-3.44146133333 288.623678829
-3.43645866667 288.751044784
-3.431456 288.619706146
-3.42645333333 288.80187864
-3.42145066667 288.621762855
-3.416448 288.717286336
-3.41144533333 288.631696996
-3.40644266667 288.736630463
-3.40144 288.588213893
-3.39643733333 288.731153756
-3.39143466667 288.602261482
-3.386432 288.665123403
-3.38142933333 288.584546988
-3.37642666667 288.701541146
-3.371424 288.570549567
-3.36642133333 288.708279508
-3.36141866667 288.571575807
-3.356416 288.703686839
-3.35141333333 288.587702981
-3.34641066667 288.733287922
-3.341408 288.628935598
-3.33640533333 288.774374134
-3.33140266667 288.666284445
-3.3264 288.737356475
-3.32139733333 288.621398123
-3.31639466667 288.747471053
-3.311392 288.655854569
-3.30638933333 288.854478866
-3.30138666667 288.755067632
-3.296384 288.890918595
-3.29138133333 288.848561709
-3.28637866667 289.039080119
-3.281376 288.898407597
-3.27637333333 289.04916557
-3.27137066667 288.969819685
-3.266368 289.108140882
-3.26136533333 289.048959689
-3.25636266667 289.24165174
-3.25136 289.117091011
-3.24635733333 289.266321428
-3.24135466667 289.188307867
-3.236352 289.33020206
-3.23134933333 289.247875727
-3.22634666667 289.38953115
-3.221344 289.309328345
-3.21634133333 289.435159393
-3.21133866667 289.372169915
-3.206336 289.478844828
-3.20133333333 289.413730671
-3.19633066667 289.541474344
-3.191328 289.454386783
-3.18632533333 289.591753852
-3.18132266667 289.50951827
-3.17632 289.640218802
-3.17131733333 289.552917214
-3.16631466667 289.731518524
-3.161312 289.615069061
-3.15630933333 289.762353817
-3.15130666667 289.732002852
-3.146304 289.838914998
-3.14130133333 289.709726575
-3.13629866667 289.863815125
-3.131296 289.795592318
-3.12629333333 289.919582455
-3.12129066667 289.800763647
-3.116288 289.949354724
-3.11128533333 289.877454688
-3.10628266667 290.055406253
-3.10128 289.933133824
-3.09627733333 290.105666231
-3.09127466667 290.030696435
-3.086272 290.126646647
-3.08126933333 290.014271458
-3.07626666667 290.116236991
-3.071264 290.001605203
-3.06626133333 290.096396468
-3.06125866667 290.00186557
-3.056256 290.044163384
-3.05125333333 289.929026173
-3.04625066667 290.097736787
-3.041248 289.908420875
-3.03624533333 290.008971084
-3.03124266667 289.861608776
-3.02624 289.858758741
-3.02123733333 289.721288131
-3.01623466667 289.814878934
-3.011232 289.730471797
-3.00622933333 289.824880794
-3.00122666667 289.725251567
-2.996224 289.812153377
-2.99122133333 289.715596839
-2.98621866667 289.856808093
-2.981216 289.713004776
-2.97621333333 289.807317576
-2.97121066667 289.715548815
-2.966208 289.810764392
-2.96120533333 289.682066142
-2.95620266667 289.765016439
-2.9512 289.671015663
-2.94619733333 289.758028072
-2.94119466667 289.669696499
-2.936192 289.739874887
-2.93118933333 289.604536195
-2.92618666667 289.742496845
-2.921184 289.61002467
-2.91618133333 289.724524319
-2.91117866667 289.603997458
-2.906176 289.714034997
-2.90117333333 289.611524019
-2.89617066667 289.711238286
-2.891168 289.594745938
-2.88616533333 289.690869227
-2.88116266667 289.600678274
-2.87616 289.693192728
-2.87115733333 289.549738666
-2.86615466667 289.682364602
-2.861152 289.541984622
-2.85614933333 289.68010282
-2.85114666667 289.565221298
-2.846144 289.660073112
-2.84114133333 289.524281664
-2.83613866667 289.68472099
-2.831136 289.612137253
-2.82613333333 289.666356743
-2.82113066667 289.610010219
-2.816128 289.697284429
-2.81112533333 289.554528927
-2.80612266667 289.702419833
-2.80112 289.53963928
-2.79611733333 289.639048747
-2.79111466667 289.52817025
-2.786112 289.6126857
-2.78110933333 289.476797356
-2.77610666667 289.582815158
-2.771104 289.482945021
-2.76610133333 289.594106047
-2.76109866667 289.487240266
-2.756096 289.531019972
-2.75109333333 289.44362908
-2.74609066667 289.571486961
-2.741088 289.43189296
-2.73608533333 289.536081343
-2.73108266667 289.426047547
-2.72608 289.488625873
-2.72107733333 289.341651226
-2.71607466667 289.421255135
-2.711072 289.344478891
-2.70606933333 289.423760948
-2.70106666667 289.330905394
-2.696064 289.387561342
-2.69106133333 289.230910987
-2.68605866667 289.399417882
-2.681056 289.238264024
-2.67605333333 289.354333704
-2.67105066667 289.245799425
-2.666048 289.337984263
-2.66104533333 289.192588971
-2.65604266667 289.289097523
-2.65104 289.231888072
-2.64603733333 289.304246199
-2.64103466667 289.245429527
-2.636032 289.301401793
-2.63102933333 289.179379506
-2.62602666667 289.298651231
-2.621024 289.172723413
-2.61602133333 289.262502294
-2.61101866667 289.199601994
-2.606016 289.264043211
-2.60101333333 289.117816717
-2.59601066667 289.207631488
-2.591008 289.153021687
-2.58600533333 289.242828619
-2.58100266667 289.147512585
-2.576 289.249592288
-2.57099733333 289.14643359
-2.56599466667 289.275205476
-2.560992 289.166070569
-2.55598933333 289.266391742
-2.55098666667 289.168705785
-2.545984 289.232756439
-2.54098133333 289.130911521
-2.53597866667 289.205756467
-2.530976 289.181524763
-2.52597333333 289.215580162
-2.52097066667 289.107839856
-2.515968 289.201236909
-2.51096533333 289.075213508
-2.50596266667 289.220584995
-2.50096 289.069567599
-2.49595733333 289.174864841
-2.49095466667 289.047432953
-2.485952 289.122029043
-2.48094933333 289.019816131
-2.47594666667 289.118741345
-2.470944 289.080935299
-2.46594133333 289.10464341
-2.46093866667 289.036930688
-2.455936 289.099178937
-2.45093333333 289.041103752
-2.44593066667 289.138447922
-2.440928 289.028191286
-2.43592533333 289.110761799
-2.43092266667 289.028706609
-2.42592 289.120414735
-2.42091733333 288.9779785
-2.41591466667 289.085705063
-2.410912 289.042725944
-2.40590933333 289.079737095
-2.40090666667 289.053295787
-2.395904 289.111140673
-2.39090133333 289.083803824
-2.38589866667 289.19550628
-2.380896 289.153748274
-2.37589333333 289.198935321
-2.37089066667 289.155727007
-2.365888 289.264866493
-2.36088533333 289.149090334
-2.35588266667 289.265563634
-2.35088 289.271990109
-2.34587733333 289.334678842
-2.34087466667 289.230506709
-2.335872 289.32642309
-2.33086933333 289.235230794
-2.32586666667 289.356678425
-2.320864 289.309014142
-2.31586133333 289.396404853
-2.31085866667 289.331699565
-2.305856 289.433623595
-2.30085333333 289.321964135
-2.29585066667 289.42664374
-2.290848 289.396132257
-2.28584533333 289.471264091
-2.28084266667 289.402090598
-2.27584 289.450265836
-2.27083733333 289.393936317
-2.26583466667 289.502626764
-2.260832 289.451087148
-2.25582933333 289.525354576
-2.25082666667 289.453758296
-2.245824 289.584791569
-2.24082133333 289.445304082
-2.23581866667 289.566475717
-2.230816 289.570978355
-2.22581333333 289.627116539
-2.22081066667 289.598728562
-2.215808 289.708148076
-2.21080533333 289.686537327
-2.20580266667 289.823437798
-2.2008 289.811108783
-2.19579733333 289.94323745
-2.19079466667 289.930159567
-2.185792 290.08473952
-2.18078933333 290.001229026
-2.17578666667 290.105173126
-2.170784 290.099907928
-2.16578133333 290.182124231
-2.16077866667 290.160430611
-2.155776 290.273946908
-2.15077333333 290.270487517
-2.14577066667 290.318405855
-2.140768 290.248179945
-2.13576533333 290.343577343
-2.13076266667 290.294123802
-2.12576 290.392220336
-2.12075733333 290.319133491
-2.11575466667 290.385713455
-2.110752 290.329229729
-2.10574933333 290.375912086
-2.10074666667 290.298974968
-2.095744 290.387382113
-2.09074133333 290.295805788
-2.08573866667 290.388441225
-2.080736 290.309676077
-2.07573333333 290.380335599
-2.07073066667 290.289803469
-2.065728 290.304265134
-2.06072533333 290.232696792
-2.05572266667 290.280806187
-2.05072 290.241032795
-2.04571733333 290.262786905
-2.04071466667 290.177835754
-2.035712 290.228211907
-2.03070933333 290.129475474
-2.02570666667 290.184248864
-2.020704 290.087134236
-2.01570133333 290.138161848
-2.01069866667 290.061001035
-2.005696 290.135742309
-2.00069333333 290.000857346
-1.99569066667 290.052910818
-1.990688 289.994742346
-1.98568533333 290.004665608
-1.98068266667 289.895839686
-1.97568 289.993599341
-1.97067733333 289.881620149
-1.96567466667 289.928832153
-1.960672 289.835993483
-1.95566933333 289.879426906
-1.95066666667 289.80486683
-1.945664 289.851656532
-1.94066133333 289.720178434
-1.93565866667 289.770064833
-1.930656 289.707124754
-1.92565333333 289.752636451
-1.92065066667 289.631347572
-1.915648 289.719785893
-1.91064533333 289.63137439
-1.90564266667 289.671975136
-1.90064 289.604689094
-1.89563733333 289.625916626
-1.89063466667 289.525620279
-1.885632 289.605848931
-1.88062933333 289.519844026
-1.87562666667 289.559385798
-1.870624 289.506590952
-1.86562133333 289.564878324
-1.86061866667 289.445352722
-1.855616 289.536875978
-1.85061333333 289.435507686
-1.84561066667 289.510875241
-1.840608 289.411263461
-1.83560533333 289.464778268
-1.83060266667 289.407014981
-1.8256 289.477551064
-1.82059733333 289.388808755
-1.81559466667 289.405140133
-1.810592 289.393699041
-1.80558933333 289.414308712
-1.80058666667 289.358328088
-1.795584 289.438731589
-1.79058133333 289.390458555
-1.78557866667 289.436367075
-1.780576 289.37580795
-1.77557333333 289.435297217
-1.77057066667 289.363426388
-1.765568 289.473938874
-1.76056533333 289.373094637
-1.75556266667 289.387024873
-1.75056 289.369399753
-1.74555733333 289.423695075
-1.74055466667 289.362689013
-1.735552 289.453621842
-1.73054933333 289.421004609
-1.72554666667 289.487750964
-1.720544 289.466010211
-1.71554133333 289.589858162
-1.71053866667 289.562364627
-1.705536 289.732144058
-1.70053333333 289.688794103
-1.69553066667 289.811627345
-1.690528 289.890622218
-1.68552533333 290.038093707
-1.68052266667 290.065059243
-1.67552 290.260748807
-1.67051733333 290.323941472
-1.66551466667 290.45091122
-1.660512 290.478824596
-1.65550933333 290.660423786
-1.65050666667 290.720592441
-1.645504 290.918670694
-1.64050133333 290.999031448
-1.63549866667 291.161564742
-1.630496 291.250434989
-1.62549333333 291.400583951
-1.62049066667 291.460862669
-1.615488 291.701966745
-1.61048533333 291.72537959
-1.60548266667 291.94242228
-1.60048 291.955468374
-1.59547733333 292.11758354
-1.59047466667 292.157899682
-1.585472 292.327671251
-1.58046933333 292.300801447
-1.57546666667 292.374397829
-1.570464 292.383365033
-1.56546133333 292.531311462
-1.56045866667 292.498041069
-1.555456 292.607697194
-1.55045333333 292.59306035
-1.54545066667 292.662715324
-1.540448 292.53488266
-1.53544533333 292.621113586
-1.53044266667 292.571937318
-1.52544 292.636698087
-1.52043733333 292.603264399
-1.51543466667 292.597541003
-1.510432 292.588290915
-1.50542933333 292.627265653
-1.50042666667 292.561340678
-1.495424 292.621729651
-1.49042133333 292.591877185
-1.48541866667 292.622605077
-1.480416 292.520762224
-1.47541333333 292.560732091
-1.47041066667 292.44845499
-1.465408 292.532994607
-1.46040533333 292.426510698
-1.45540266667 292.450531604
-1.4504 292.43402043
-1.44539733333 292.453374778
-1.44039466667 292.400727975
-1.435392 292.483118509
-1.43038933333 292.512763213
-1.42538666667 292.586741474
-1.420384 292.508508771
-1.41538133333 292.510066413
-1.41037866667 292.442307831
-1.405376 292.503237616
-1.40037333333 292.470513588
-1.39537066667 292.479005909
-1.390368 292.463338692
-1.38536533333 292.474332552
-1.38036266667 292.445227121
-1.37536 292.501540012
-1.37035733333 292.443614247
-1.36535466667 292.474991965
-1.360352 292.399644374
-1.35534933333 292.456993122
-1.35034666667 292.421834617
-1.345344 292.467977927
-1.34034133333 292.434467874
-1.33533866667 292.403900294
-1.330336 292.428689475
-1.32533333333 292.363940474
-1.32033066667 292.300397628
-1.315328 292.34409188
-1.31032533333 292.299561219
-1.30532266667 292.300636193
-1.30032 292.244351098
-1.29531733333 292.275141792
-1.29031466667 292.238945586
-1.285312 292.237256277
-1.28030933333 292.155276798
-1.27530666667 292.140758386
-1.270304 292.112458501
-1.26530133333 292.107879054
-1.26029866667 292.038116825
-1.255296 292.056540099
-1.25029333333 291.967885324
-1.24529066667 291.95739278
-1.240288 291.889633007
-1.23528533333 291.833255976
-1.23028266667 291.776334596
-1.22528 291.743296166
-1.22027733333 291.647668423
-1.21527466667 291.624305469
-1.210272 291.553656577
-1.20526933333 291.518088801
-1.20026666667 291.425738536
-1.195264 291.458712095
-1.19026133333 291.305465478
-1.18525866667 291.33052967
-1.180256 291.142438486
-1.17525333333 291.139957671
-1.17025066667 291.012887328
-1.165248 290.972907519
-1.16024533333 290.827525606
-1.15524266667 290.786366879
-1.15024 290.718096785
-1.14523733333 290.600017723
-1.14023466667 290.494783182
-1.135232 290.412132307
-1.13022933333 290.249116914
-1.12522666667 290.197683967
-1.120224 290.045698468
-1.11522133333 289.949430382
-1.11021866667 289.834841721
-1.105216 289.776605132
-1.10021333333 289.628140528
-1.09521066667 289.57773019
-1.090208 289.490001782
-1.08520533333 289.390875386
-1.08020266667 289.318517628
-1.0752 289.282903012
-1.07019733333 289.166191707
-1.06519466667 289.155013353
-1.060192 289.071315923
-1.05518933333 289.047565179
-1.05018666667 289.054840453
-1.045184 289.063679621
-1.04018133333 289.001881997
-1.03517866667 289.02045097
-1.030176 288.982240583
-1.02517333333 288.943069621
-1.02017066667 288.921080213
-1.015168 288.950135069
-1.01016533333 288.866667507
-1.00516266667 288.889891694
-1.00016 288.820009326
-0.995157333333 288.814297998
-0.990154666667 288.825944491
-0.985152 288.820348593
-0.980149333333 288.723878028
-0.975146666667 288.773492469
-0.970144 288.683845264
-0.965141333333 288.662689521
-0.960138666667 288.650986162
-0.955136 288.624570914
-0.950133333333 288.564713925
-0.945130666667 288.574530158
-0.940128 288.539474038
-0.935125333333 288.527431545
-0.930122666667 288.521447258
-0.92512 288.496666699
-0.920117333333 288.45047561
-0.915114666667 288.438139584
-0.910112 288.451186211
-0.905109333333 288.434763348
-0.900106666667 288.395374557
-0.895104 288.414880488
-0.890101333333 288.37091315
-0.885098666667 288.386154557
-0.880096 288.361410654
-0.875093333333 288.318216846
-0.870090666667 288.326060696
-0.865088 288.326622284
-0.860085333333 288.29143883
-0.855082666667 288.314523862
-0.85008 288.319952628
-0.845077333333 288.333405107
-0.840074666667 288.301307528
-0.835072 288.330337252
-0.830069333333 288.291132037
-0.825066666667 288.328171941
-0.820064 288.341325535
-0.815061333333 288.323832109
-0.810058666667 288.326818262
-0.805056 288.348100268
-0.800053333333 288.293412315
-0.795050666667 288.329605706
-0.790048 288.331954068
-0.785045333333 288.337850266
-0.780042666667 288.314147792
-0.77504 288.328005218
-0.770037333333 288.324594373
-0.765034666667 288.35248054
-0.760032 288.307155852
-0.755029333333 288.307435435
-0.750026666667 288.347030335
-0.745024 288.341957179
-0.740021333333 288.3079936
-0.735018666667 288.320196477
-0.730016 288.333244454
-0.725013333333 288.350713494
-0.720010666667 288.323485382
-0.715008 288.354933924
-0.710005333333 288.346885536
-0.705002666667 288.34700379
-0.7 288.38559493
-0.694997333333 288.372007701
-0.689994666667 288.412670152
-0.684992 288.383013317
-0.679989333333 288.378926249
-0.674986666667 288.399655182
-0.669984 288.356164186
-0.664981333333 288.408744925
-0.659978666667 288.411345842
-0.654976 288.399673204
-0.649973333333 288.394626983
-0.644970666667 288.392714344
-0.639968 288.393486245
-0.634965333333 288.405086743
-0.629962666667 288.422596146
-0.62496 288.422195766
-0.619957333333 288.391059857
-0.614954666667 288.442326292
-0.609952 288.389543155
-0.604949333333 288.416132551
-0.599946666667 288.440995388
-0.594944 288.426397435
-0.589941333333 288.404038235
-0.584938666667 288.389099376
-0.579936 288.39926428
-0.574933333333 288.377422339
-0.569930666667 288.414960362
-0.564928 288.388736873
-0.559925333333 288.370739706
-0.554922666667 288.374004576
-0.54992 288.351541715
-0.544917333333 288.364609144
-0.539914666667 288.390140333
-0.534912 288.374344084
-0.529909333333 288.352527656
-0.524906666667 288.366504861
-0.519904 288.3368956
-0.514901333333 288.326712644
-0.509898666667 288.386945692
-0.504896 288.348571944
-0.499893333333 288.337654296
-0.494890666667 288.346159826
-0.489888 288.333687276
-0.484885333333 288.343885945
-0.479882666667 288.342430199
-0.47488 288.342221266
-0.469877333333 288.334193726
-0.464874666667 288.36048198
-0.459872 288.330085515
-0.454869333333 288.302863222
-0.449866666667 288.339721343
-0.444864 288.288268152
-0.439861333333 288.284756174
-0.434858666667 288.329859746
-0.429856 288.309320608
-0.424853333333 288.270026129
-0.419850666667 288.282786852
-0.414848 288.269975031
-0.409845333333 288.23189329
-0.404842666667 288.238989562
-0.39984 288.24597472
-0.394837333333 288.22227897
-0.389834666667 288.247279858
-0.384832 288.222426972
-0.379829333333 288.225242689
-0.374826666667 288.249810758
-0.369824 288.265586196
-0.364821333333 288.231136957
-0.359818666667 288.239146312
-0.354816 288.217569058
-0.349813333333 288.230011556
-0.344810666667 288.263577402
-0.339808 288.269508458
-0.334805333333 288.219743725
-0.329802666667 288.23576894
-0.3248 288.232234007
-0.319797333333 288.235012146
-0.314794666667 288.254779934
-0.309792 288.285054066
-0.304789333333 288.266265086
-0.299786666667 288.227681412
-0.294784 288.237323188
-0.289781333333 288.230593262
-0.284778666667 288.25307512
-0.279776 288.225329051
-0.274773333333 288.204638741
-0.269770666667 288.267431728
-0.264768 288.225206645
-0.259765333333 288.228904532
-0.254762666667 288.241522109
-0.24976 288.27406606
-0.244757333333 288.236711843
-0.239754666667 288.236695946
-0.234752 288.234141182
-0.229749333333 288.220052207
-0.224746666667 288.232858135
-0.219744 288.245192129
-0.214741333333 288.205298965
-0.209738666667 288.285874251
-0.204736 288.255566008
-0.199733333333 288.229707336
-0.194730666667 288.2813617
-0.189728 288.268888231
-0.184725333333 288.268415636
-0.179722666667 288.277204854
-0.17472 288.24440689
-0.169717333333 288.261047914
-0.164714666667 288.241980008
-0.159712 288.271176152
-0.154709333333 288.199498193
-0.149706666667 288.265062951
-0.144704 288.241331592
-0.139701333333 288.209876762
-0.134698666667 288.257587954
-0.129696 288.261660471
-0.124693333333 288.242901251
-0.119690666667 288.25385556
-0.114688 288.2313358
-0.109685333333 288.234911372
-0.104682666667 288.250397076
-0.09968 288.254406347
-0.0946773333333 288.237998846
-0.0896746666667 288.313534195
-0.084672 288.250400628
-0.0796693333333 288.220854769
-0.0746666666667 288.261801075
-0.069664 288.257898296
-0.0646613333333 288.273479623
-0.0596586666667 288.29021246
-0.054656 288.255684806
-0.0496533333333 288.310652901
-0.0446506666667 288.276770793
-0.039648 288.337815174
-0.0346453333333 288.268253016
-0.0296426666667 288.343015266
-0.02464 288.300166356
-0.0196373333333 288.300337576
-0.0146346666667 288.313846052
-0.009632 288.323319185
-0.00462933333333 288.305679936
