（-9.54972,1.5），（-7,1.5）
-9.99995733333 254.314698258
-9.99495466667 254.281281949
-9.989952 254.313384709
-9.98494933333 254.294851613
-9.97994666667 254.289159206
-9.974944 254.293951438
-9.96994133333 254.338130741
-9.96493866667 254.276177093
-9.959936 254.316189275
-9.95493333333 254.307884115
-9.94993066667 254.345430481
-9.944928 254.304103492
-9.93992533333 254.333621761
-9.93492266667 254.316514899
-9.92992 254.337086141
-9.92491733333 254.310844006
-9.91991466667 254.367235154
-9.914912 254.331574893
-9.90990933333 254.366698216
-9.90490666667 254.317273767
-9.899904 254.352443985
-9.89490133333 254.319683866
-9.88989866667 254.381397359
-9.884896 254.335822918
-9.87989333333 254.36295437
-9.87489066667 254.334202326
-9.869888 254.374746372
-9.86488533333 254.35081716
-9.85988266667 254.379956823
-9.85488 254.331682209
-9.84987733333 254.396097533
-9.84487466667 254.350534915
-9.839872 254.391403403
-9.83486933333 254.390492056
-9.82986666667 254.411097997
-9.824864 254.362724464
-9.81986133333 254.409758545
-9.81485866667 254.373960371
-9.809856 254.435412646
-9.80485333333 254.369491237
-9.79985066667 254.394539609
-9.794848 254.375965908
-9.78984533333 254.404800486
-9.78484266667 254.36978594
-9.77984 254.401586495
-9.77483733333 254.388086692
-9.76983466667 254.437216997
-9.764832 254.372493825
-9.75982933333 254.423273019
-9.75482666667 254.397015795
-9.749824 254.449545941
-9.74482133333 254.41201896
-9.73981866667 254.46118948
-9.734816 254.42054158
-9.72981333333 254.449435192
-9.72481066667 254.409365249
-9.719808 254.453957387
-9.71480533333 254.446935966
-9.70980266667 254.487040651
-9.7048 254.423357084
-9.69979733333 254.472826216
-9.69479466667 254.458841176
-9.689792 254.510835558
-9.68478933333 254.461400341
-9.67978666667 254.480557253
-9.674784 254.472394819
-9.66978133333 254.512517621
-9.66477866667 254.479666847
-9.659776 254.533298521
-9.65477333333 254.495837358
-9.64977066667 254.539097241
-9.644768 254.484573752
-9.63976533333 254.509435851
-9.63476266667 254.497005275
-9.62976 254.540133988
-9.62475733333 254.483093196
-9.61975466667 254.538136113
-9.614752 254.508133208
-9.60974933333 254.542028915
-9.60474666667 254.516222536
-9.599744 254.55201144
-9.59474133333 254.524728981
-9.58973866667 254.571130738
-9.584736 254.49333595
-9.57973333333 254.538817405
-9.57473066667 254.514945371
-9.569728 254.56438116
-9.56472533333 254.487690736
-9.55972266667 254.539031417
-9.55472 254.517066712
-9.54971733333 254.538917903
-9.54471466667 254.49956294
-9.539712 254.525064357
-9.53470933333 254.475822703
-9.52970666667 254.486601533
-9.524704 254.468179995
-9.51970133333 254.508269168
-9.51469866667 254.47708667
-9.509696 254.487699875
-9.50469333333 254.440233386
-9.49969066667 254.441967921
-9.494688 254.443940758
-9.48968533333 254.464668852
-9.48468266667 254.389102929
-9.47968 254.421203966
-9.47467733333 254.399270293
-9.46967466667 254.415978875
-9.464672 254.356361209
-9.45966933333 254.407973296
-9.45466666667 254.389858922
-9.449664 254.407382577
-9.44466133333 254.346249573
-9.43965866667 254.376560209
-9.434656 254.33435424
-9.42965333333 254.388575285
-9.42465066667 254.334374407
-9.419648 254.359345933
-9.41464533333 254.345609634
-9.40964266667 254.359978533
-9.40464 254.31745344
-9.39963733333 254.360202855
-9.39463466667 254.338132426
-9.389632 254.364760037
-9.38462933333 254.308871387
-9.37962666667 254.353692408
-9.374624 254.352683005
-9.36962133333 254.390047402
-9.36461866667 254.340642709
-9.359616 254.375665943
-9.35461333333 254.344895186
-9.34961066667 254.359783978
-9.344608 254.334634632
-9.33960533333 254.381053644
-9.33460266667 254.362404956
-9.3296 254.383026054
-9.32459733333 254.338971876
-9.31959466667 254.380803874
-9.314592 254.373188085
-9.30958933333 254.381669606
-9.30458666667 254.340688844
-9.299584 254.348656705
-9.29458133333 254.293192708
-9.28957866667 254.327252302
-9.284576 254.299427856
-9.27957333333 254.333717462
-9.27457066667 254.293792349
-9.269568 254.306410598
-9.26456533333 254.283154937
-9.25956266667 254.313179891
-9.25456 254.29331766
-9.24955733333 254.314989891
-9.24455466667 254.27703424
-9.239552 254.311982308
-9.23454933333 254.303693195
-9.22954666667 254.333907661
-9.224544 254.292804763
-9.21954133333 254.37211939
-9.21453866667 254.320596092
-9.209536 254.353393171
-9.20453333333 254.338175974
-9.19953066667 254.402413397
-9.194528 254.384566995
-9.18952533333 254.432094895
-9.18452266667 254.413035619
-9.17952 254.473799907
-9.17451733333 254.484167609
-9.16951466667 254.563394699
-9.164512 254.557650034
-9.15950933333 254.608308184
-9.15450666667 254.631319138
-9.149504 254.718508093
-9.14450133333 254.735380979
-9.13949866667 254.82758524
-9.134496 254.861741787
-9.12949333333 254.959665523
-9.12449066667 254.98470606
-9.119488 255.05925946
-9.11448533333 255.110615618
-9.10948266667 255.220280736
-9.10448 255.246030043
-9.09947733333 255.361247607
-9.09447466667 255.402185478
-9.089472 255.529646436
-9.08446933333 255.540438738
-9.07946666667 255.667976463
-9.074464 255.707463235
-9.06946133333 255.790892933
-9.06445866667 255.797488521
-9.059456 255.911071675
-9.05445333333 255.911773026
-9.04945066667 255.992147613
-9.044448 255.985894991
-9.03944533333 256.030970115
-9.03444266667 256.043064398
-9.02944 256.111746943
-9.02443733333 256.107765539
-9.01943466667 256.190230714
-9.014432 256.191113667
-9.00942933333 256.256477549
-9.00442666667 256.228032511
-8.999424 256.244200303
-8.99442133333 256.2238056
-8.98941866667 256.254248764
-8.984416 256.213182227
-8.97941333333 256.265076962
-8.97441066667 256.255209856
-8.969408 256.275964445
-8.96440533333 256.229355118
-8.95940266667 256.214567114
-8.9544 256.157351397
-8.94939733333 256.145777931
-8.94439466667 256.053859075
-8.939392 256.074324305
-8.93438933333 256.015135668
-8.92938666667 256.007958929
-8.924384 255.899441498
-8.91938133333 255.905982124
-8.91437866667 255.837018141
-8.909376 255.845673121
-8.90437333333 255.789400921
-8.89937066667 255.79761425
-8.894368 255.743093325
-8.88936533333 255.785665925
-8.88436266667 255.753807904
-8.87936 255.785151383
-8.87435733333 255.724247646
-8.86935466667 255.697387079
-8.864352 255.657675187
-8.85934933333 255.681827823
-8.85434666667 255.696979635
-8.849344 255.730446762
-8.84434133333 255.653665942
-8.83933866667 255.67848528
-8.834336 255.684998133
-8.82933333333 255.679239858
-8.82433066667 255.660230683
-8.819328 255.705145904
-8.81432533333 255.685667676
-8.80932266667 255.714336131
-8.80432 255.690204899
-8.79931733333 255.750359095
-8.79431466667 255.716553098
-8.789312 255.751584552
-8.78430933333 255.713810862
-8.77930666667 255.747708516
-8.774304 255.706883778
-8.76930133333 255.774191136
-8.76429866667 255.743988015
-8.759296 255.769234491
-8.75429333333 255.721157425
-8.74929066667 255.750408545
-8.744288 255.742337182
-8.73928533333 255.760212023
-8.73428266667 255.75040495
-8.72928 255.775486249
-8.72427733333 255.712540335
-8.71927466667 255.735263121
-8.714272 255.716400708
-8.70926933333 255.785172376
-8.70426666667 255.708117963
-8.699264 255.7123941
-8.69426133333 255.65050643
-8.68925866667 255.6588327
-8.684256 255.591586773
-8.67925333333 255.625867642
-8.67425066667 255.574726274
-8.669248 255.574391241
-8.66424533333 255.506919119
-8.65924266667 255.502595669
-8.65424 255.459174755
-8.64923733333 255.474356319
-8.64423466667 255.39686241
-8.639232 255.389655971
-8.63422933333 255.317610128
-8.62922666667 255.286367404
-8.624224 255.207343866
-8.61922133333 255.203618364
-8.61421866667 255.135741485
-8.609216 255.13013554
-8.60421333333 255.038800244
-8.59921066667 255.02462857
-8.594208 254.95259113
-8.58920533333 254.932043442
-8.58420266667 254.838658449
-8.5792 254.842310343
-8.57419733333 254.771343145
-8.56919466667 254.7700941
-8.564192 254.722903074
-8.55918933333 254.730941886
-8.55418666667 254.706889866
-8.549184 254.71368751
-8.54418133333 254.633641102
-8.53917866667 254.655197805
-8.534176 254.619456981
-8.52917333333 254.615928903
-8.52417066667 254.529787089
-8.519168 254.52795676
-8.51416533333 254.487282167
-8.50916266667 254.503049176
-8.50416 254.44093561
-8.49915733333 254.432186907
-8.49415466667 254.368672213
-8.489152 254.384352409
-8.48414933333 254.310804947
-8.47914666667 254.329899679
-8.474144 254.314155646
-8.46914133333 254.324258202
-8.46413866667 254.267810082
-8.459136 254.269951068
-8.45413333333 254.214729013
-8.44913066667 254.246303181
-8.444128 254.191085964
-8.43912533333 254.211759996
-8.43412266667 254.169683958
-8.42912 254.168899335
-8.42411733333 254.114344195
-8.41911466667 254.148814887
-8.414112 254.110659572
-8.40910933333 254.123545961
-8.40410666667 254.067390989
-8.399104 254.089874196
-8.39410133333 254.065951111
-8.38909866667 254.094476816
-8.384096 254.04035341
-8.37909333333 254.055020256
-8.37409066667 254.027897069
-8.369088 254.027815103
-8.36408533333 253.967609869
-8.35908266667 253.990677772
-8.35408 253.994059535
-8.34907733333 253.990165147
-8.34407466667 253.957754181
-8.339072 253.983283529
-8.33406933333 253.949515808
-8.32906666667 253.9963053
-8.324064 253.958099081
-8.31906133333 253.961774095
-8.31405866667 253.950085348
-8.309056 253.99312256
-8.30405333333 253.945233367
-8.29905066667 253.971468661
-8.294048 253.947848198
-8.28904533333 253.967224321
-8.28404266667 253.920091278
-8.27904 253.934302852
-8.27403733333 253.935755276
-8.26903466667 253.966007116
-8.264032 253.918515363
-8.25902933333 253.936593138
-8.25402666667 253.910131971
-8.249024 253.982966393
-8.24402133333 253.940568207
-8.23901866667 253.955285321
-8.234016 253.943312729
-8.22901333333 253.960650657
-8.22401066667 253.935051859
-8.219008 253.968877902
-8.21400533333 253.952986442
-8.20900266667 253.99952742
-8.204 253.955456357
-8.19899733333 253.975560643
-8.19399466667 253.963869428
-8.188992 254.015907551
-8.18398933333 253.9726612
-8.17898666667 254.006810079
-8.173984 253.9934313
-8.16898133333 254.010517701
-8.16397866667 253.968815198
-8.158976 254.026017983
-8.15397333333 254.030783307
-8.14897066667 254.049643507
-8.143968 254.010630746
-8.13896533333 254.039639566
-8.13396266667 254.040604725
-8.12896 254.080331349
-8.12395733333 254.05211238
-8.11895466667 254.100337661
-8.113952 254.054048524
-8.10894933333 254.095725503
-8.10394666667 254.039157433
-8.098944 254.114126049
-8.09394133333 254.113349341
-8.08893866667 254.146058034
-8.083936 254.089001825
-8.07893333333 254.140166174
-8.07393066667 254.137861633
-8.068928 254.175681248
-8.06392533333 254.124036159
-8.05892266667 254.160010896
-8.05392 254.132357761
-8.04891733333 254.160689839
-8.04391466667 254.140878289
-8.038912 254.178769589
-8.03390933333 254.174769892
-8.02890666667 254.202625808
-8.023904 254.15645592
-8.01890133333 254.197527001
-8.01389866667 254.17087757
-8.008896 254.214946097
-8.00389333333 254.184125521
-7.99889066667 254.207470858
-7.993888 254.20311696
-7.98888533333 254.218885597
-7.98388266667 254.201857545
-7.97888 254.228630043
-7.97387733333 254.195658667
-7.96887466667 254.232421914
-7.963872 254.172343338
-7.95886933333 254.204730266
-7.95386666667 254.210488002
-7.948864 254.234599125
-7.94386133333 254.20970684
-7.93885866667 254.223594265
-7.933856 254.21609576
-7.92885333333 254.262969628
-7.92385066667 254.240509046
-7.918848 254.279763335
-7.91384533333 254.25920449
-7.90884266667 254.293521313
-7.90384 254.251115825
-7.89883733333 254.310281763
-7.89383466667 254.2982527
-7.888832 254.345730036
-7.88382933333 254.302553074
-7.87882666667 254.338284976
-7.873824 254.301473328
-7.86882133333 254.359535279
-7.86381866667 254.307871139
-7.858816 254.353752157
-7.85381333333 254.326818963
-7.84881066667 254.353160569
-7.843808 254.323528056
-7.83880533333 254.389199147
-7.83380266667 254.351618541
-7.8288 254.381766837
-7.82379733333 254.338722378
-7.81879466667 254.358787073
-7.813792 254.36137128
-7.80878933333 254.42260045
-7.80378666667 254.368415389
-7.798784 254.379785123
-7.79378133333 254.366577864
-7.78877866667 254.366810027
-7.783776 254.341950122
-7.77877333333 254.37883593
-7.77377066667 254.342778437
-7.768768 254.364955134
-7.76376533333 254.326153903
-7.75876266667 254.345899242
-7.75376 254.339007186
-7.74875733333 254.358234923
-7.74375466667 254.294457216
-7.738752 254.338224948
-7.73374933333 254.309534503
-7.72874666667 254.341552139
-7.723744 254.30404606
-7.71874133333 254.351198618
-7.71373866667 254.320307255
-7.708736 254.324516984
-7.70373333333 254.28520235
-7.69873066667 254.309440951
-7.693728 254.300848753
-7.68872533333 254.302099677
-7.68372266667 254.253286359
-7.67872 254.289651011
-7.67371733333 254.271157266
-7.66871466667 254.304851496
-7.663712 254.258710173
-7.65870933333 254.289886782
-7.65370666667 254.272378298
-7.648704 254.287023626
-7.64370133333 254.253643403
-7.63869866667 254.284011239
-7.633696 254.280318827
-7.62869333333 254.303756134
-7.62369066667 254.258771698
-7.618688 254.280251937
-7.61368533333 254.265040503
-7.60868266667 254.275978923
-7.60368 254.267292964
-7.59867733333 254.274527132
-7.59367466667 254.260659204
-7.588672 254.298285576
-7.58366933333 254.263546458
-7.57866666667 254.289355991
-7.573664 254.299420668
-7.56866133333 254.305708201
-7.56365866667 254.27637591
-7.558656 254.296799115
-7.55365333333 254.289998228
-7.54865066667 254.325889919
-7.543648 254.293174397
-7.53864533333 254.302347976
-7.53364266667 254.282638134
-7.52864 254.313051012
-7.52363733333 254.275401996
-7.51863466667 254.33264647
-7.513632 254.309444043
-7.50862933333 254.328628539
-7.50362666667 254.258873149
-7.498624 254.281112673
-7.49362133333 254.278753501
-7.48861866667 254.294271548
-7.483616 254.263669106
-7.47861333333 254.273655567
-7.47361066667 254.264519479
-7.468608 254.280660946
-7.46360533333 254.238394683
-7.45860266667 254.284271413
-7.4536 254.266957983
-7.44859733333 254.261251763
-7.44359466667 254.229520809
-7.438592 254.25342413
-7.43358933333 254.230264895
-7.42858666667 254.247644148
-7.423584 254.232362085
-7.41858133333 254.225951074
-7.41357866667 254.210069429
-7.408576 254.236269487
-7.40357333333 254.193869018
-7.39857066667 254.235898615
-7.393568 254.210228014
-7.38856533333 254.2243487
-7.38356266667 254.197265729
-7.37856 254.205439768
-7.37355733333 254.2087431
-7.36855466667 254.211755508
-7.363552 254.1917305
-7.35854933333 254.194074046
-7.35354666667 254.177686941
-7.348544 254.21068615
-7.34354133333 254.178245295
-7.33853866667 254.205315554
-7.333536 254.183745828
-7.32853333333 254.206240731
-7.32353066667 254.161795281
-7.318528 254.203249845
-7.31352533333 254.190132068
-7.30852266667 254.211515516
-7.30352 254.166418968
-7.29851733333 254.186003046
-7.29351466667 254.181019176
-7.288512 254.212145205
-7.28350933333 254.191153966
-7.27850666667 254.204618992
-7.273504 254.18266803
-7.26850133333 254.207559863
-7.26349866667 254.176567698
-7.258496 254.189832732
-7.25349333333 254.186342664
-7.24849066667 254.214296878
-7.243488 254.1429111
-7.23848533333 254.169263449
-7.23348266667 254.154049382
-7.22848 254.219791795
-7.22347733333 254.165922799
-7.21847466667 254.186861187
-7.213472 254.178174012
-7.20846933333 254.20108495
-7.20346666667 254.169792132
-7.198464 254.197169356
-7.19346133333 254.16723571
-7.18845866667 254.21224471
-7.183456 254.148988044
-7.17845333333 254.175067927
-7.17345066667 254.167698009
-7.168448 254.187637592
-7.16344533333 254.139938393
-7.15844266667 254.161252252
-7.15344 254.140855362
-7.14843733333 254.170689092
-7.14343466667 254.125144433
-7.138432 254.149328869
-7.13342933333 254.138510519
-7.12842666667 254.134195502
-7.123424 254.102888136
-7.11842133333 254.13158718
-7.11341866667 254.119696294
-7.108416 254.121440164
-7.10341333333 254.087909052
-7.09841066667 254.11875607
-7.093408 254.113412346
-7.08840533333 254.117879119
-7.08340266667 254.095209456
-7.0784 254.105658806
-7.07339733333 254.074240554
-7.06839466667 254.098406375
-7.063392 254.05979414
-7.05838933333 254.095064642
-7.05338666667 254.076017002
-7.048384 254.092607462
-7.04338133333 254.04043075
-7.03837866667 254.062662252
-7.033376 254.051825224
-7.02837333333 254.097765834
-7.02337066667 254.054102703
-7.018368 254.077186535
-7.01336533333 254.07388984
-7.00836266667 254.097112745
-7.00336 254.053345148
-6.99835733333 254.099452118
-6.99335466667 254.099521994
-6.988352 254.139959994
-6.98334933333 254.097990484
-6.97834666667 254.143275256
-6.973344 254.155741975
-6.96834133333 254.170086665
-6.96333866667 254.13011927
-6.958336 254.180758723
-6.95333333333 254.169970697
-6.94833066667 254.174387724
-6.943328 254.162006909
-6.93832533333 254.200475336
-6.93332266667 254.19151197
-6.92832 254.236558422
-6.92331733333 254.20952842
-6.91831466667 254.252730685
-6.913312 254.252975811
-6.90830933333 254.283065861
-6.90330666667 254.261144473
-6.898304 254.288167791
-6.89330133333 254.28431437
-6.88829866667 254.33220646
-6.883296 254.312367822
-6.87829333333 254.346132239
-6.87329066667 254.346771486
-6.868288 254.364300145
-6.86328533333 254.320272594
-6.85828266667 254.367721797
-6.85328 254.370780896
-6.84827733333 254.389678312
-6.84327466667 254.342007006
-6.838272 254.35949323
-6.83326933333 254.329003861
-6.82826666667 254.360710014
-6.823264 254.331551384
-6.81826133333 254.356010845
-6.81325866667 254.345056418
-6.808256 254.352915435
-6.80325333333 254.332486178
-6.79825066667 254.366058954
-6.793248 254.356266637
-6.78824533333 254.38959138
-6.78324266667 254.347758182
-6.77824 254.371749834
-6.77323733333 254.365054456
-6.76823466667 254.431366737
-6.763232 254.362981904
-6.75822933333 254.410986445
-6.75322666667 254.377874321
-6.748224 254.419031793
-6.74322133333 254.382103237
-6.73821866667 254.429661897
-6.733216 254.410806026
-6.72821333333 254.436121749
-6.72321066667 254.390899471
-6.718208 254.456462457
-6.71320533333 254.4316794
-6.70820266667 254.468075313
-6.7032 254.421482989
-6.69819733333 254.455094507
-6.69319466667 254.4528465
-6.688192 254.497272175
-6.68318933333 254.457695035
-6.67818666667 254.497125882
-6.673184 254.494546981
-6.66818133333 254.517839428
-6.66317866667 254.473234406
-6.658176 254.515051933
-6.65317333333 254.501523831
-6.64817066667 254.547842334
-6.643168 254.515578062
-6.63816533333 254.537872312
-6.63316266667 254.524936625
-6.62816 254.555180232
-6.62315733333 254.541432762
-6.61815466667 254.563334179
-6.613152 254.548047748
-6.60814933333 254.592353224
-6.60314666667 254.536104488
-6.598144 254.570393649
-6.59314133333 254.576975281
-6.58813866667 254.614596325
-6.583136 254.566940252
-6.57813333333 254.607823244
-6.57313066667 254.570182466
-6.568128 254.62615169
-6.56312533333 254.610271349
-6.55812266667 254.653226712
-6.55312 254.650984544
-6.54811733333 254.673850819
-6.54311466667 254.653404702
-6.538112 254.721692222
-6.53310933333 254.726462833
-6.52810666667 254.777906824
-6.523104 254.755832856
-6.51810133333 254.789354825
-6.51309866667 254.799263928
-6.508096 254.861005557
-6.50309333333 254.852421512
-6.49809066667 254.905372036
-6.493088 254.885031649
-6.48808533333 254.949729855
-6.48308266667 254.936025875
-6.47808 254.985599217
-6.47307733333 255.009308356
-6.46807466667 255.065833746
-6.463072 255.03871948
-6.45806933333 255.118380135
-6.45306666667 255.124323435
-6.448064 255.21715535
-6.44306133333 255.233010449
-6.43805866667 255.288496613
-6.433056 255.317730233
-6.42805333333 255.41670252
-6.42305066667 255.443081416
-6.418048 255.5138976
-6.41304533333 255.532316692
-6.40804266667 255.60383714
-6.40304 255.620391661
-6.39803733333 255.706491054
-6.39303466667 255.766770257
-6.388032 255.865967284
-6.38302933333 255.888678477
-6.37802666667 255.975952985
-6.373024 256.014141003
-6.36802133333 256.071707844
-6.36301866667 256.092506176
-6.358016 256.173565146
-6.35301333333 256.182469874
-6.34801066667 256.255297105
-6.343008 256.259252295
-6.33800533333 256.32388369
-6.33300266667 256.356745362
-6.328 256.395205001
-6.32299733333 256.392657183
-6.31799466667 256.425447713
-6.312992 256.42933871
-6.30798933333 256.507167524
-6.30298666667 256.459276963
-6.297984 256.503287921
-6.29298133333 256.495307379
-6.28797866667 256.516835931
-6.282976 256.471419481
-6.27797333333 256.512182355
-6.27297066667 256.509269916
-6.267968 256.51662941
-6.26296533333 256.447751841
-6.25796266667 256.469065755
-6.25296 256.431502841
-6.24795733333 256.427991769
-6.24295466667 256.402404953
-6.237952 256.412354849
-6.23294933333 256.372600525
-6.22794666667 256.394531728
-6.222944 256.311242604
-6.21794133333 256.31920148
-6.21293866667 256.281117741
-6.207936 256.278817087
-6.20293333333 256.193673656
-6.19793066667 256.184575707
-6.192928 256.143361701
-6.18792533333 256.151081104
-6.18292266667 256.086042396
-6.17792 256.073795944
-6.17291733333 256.032934623
-6.16791466667 256.028512659
-6.162912 255.978226522
-6.15790933333 255.972026353
-6.15290666667 255.904033088
-6.147904 255.905226057
-6.14290133333 255.877636616
-6.13789866667 255.946643806
-6.132896 256.018721205
-6.12789333333 255.92467581
-6.12289066667 255.900276686
-6.117888 255.919809479
-6.11288533333 255.88775258
-6.10788266667 255.928424176
-6.10288 255.89520389
-6.09787733333 255.917188486
-6.09287466667 255.89877173
-6.087872 255.9011021
-6.08286933333 255.853391929
-6.07786666667 255.863197016
-6.072864 255.854059779
-6.06786133333 255.860074689
-6.06285866667 255.824510339
-6.057856 255.851189438
-6.05285333333 255.832962584
-6.04785066667 255.852056039
-6.042848 255.830622982
-6.03784533333 255.880643114
-6.03284266667 255.85126638
-6.02784 255.871543186
-6.02283733333 255.824304053
-6.01783466667 255.836558779
-6.012832 255.850005456
-6.00782933333 255.868263139
-6.00282666667 255.834199449
-5.997824 255.85350086
-5.99282133333 255.846201223
-5.98781866667 255.879410284
-5.982816 255.829127423
-5.97781333333 255.842921607
-5.97281066667 255.825934339
-5.967808 255.833288394
-5.96280533333 255.79152905
-5.95780266667 255.828555287
-5.9528 255.783870764
-5.94779733333 255.781941306
-5.94279466667 255.723553281
-5.937792 255.718090785
-5.93278933333 255.670061694
-5.92778666667 255.656316788
-5.922784 255.586366461
-5.91778133333 255.601445394
-5.91277866667 255.539553296
-5.907776 255.535395773
-5.90277333333 255.47014825
-5.89777066667 255.475168701
-5.892768 255.450116753
-5.88776533333 255.442463803
-5.88276266667 255.364606706
-5.87776 255.360539237
-5.87275733333 255.315060793
-5.86775466667 255.27953777
-5.862752 255.206161725
-5.85774933333 255.171382126
-5.85274666667 255.103094198
-5.847744 255.078652463
-5.84274133333 254.996223969
-5.83773866667 254.982814135
-5.832736 254.932877946
-5.82773333333 254.929669525
-5.82273066667 254.850346205
-5.817728 254.853527301
-5.81272533333 254.796779149
-5.80772266667 254.804840039
-5.80272 254.715688972
-5.79771733333 254.723535869
-5.79271466667 254.663546006
-5.787712 254.686602314
-5.78270933333 254.649045273
-5.77770666667 254.632109271
-5.772704 254.597502249
-5.76770133333 254.5832978
-5.76269866667 254.515604068
-5.757696 254.533019086
-5.75269333333 254.488651716
-5.74769066667 254.510953798
-5.742688 254.465402094
-5.73768533333 254.475270063
-5.73268266667 254.444748079
-5.72768 254.449720402
-5.72267733333 254.410095152
-5.71767466667 254.412054196
-5.712672 254.397534712
-5.70766933333 254.412208668
-5.70266666667 254.34026672
-5.697664 254.388363666
-5.69266133333 254.376497038
-5.68765866667 254.397290806
-5.682656 254.371287988
-5.67765333333 254.34344483
-5.67265066667 254.336314958
-5.667648 254.375985586
-5.66264533333 254.330310533
-5.65764266667 254.346742725
-5.65264 254.300347938
-5.64763733333 254.322154708
-5.64263466667 254.287244228
-5.637632 254.319980732
-5.63262933333 254.304700453
-5.62762666667 254.300672414
-5.622624 254.250269721
-5.61762133333 254.258771326
-5.61261866667 254.22515469
-5.607616 254.259386202
-5.60261333333 254.199983687
-5.59761066667 254.220160741
-5.592608 254.159290907
-5.58760533333 254.152334343
-5.58260266667 254.118058754
-5.5776 254.138596367
-5.57259733333 254.123615228
-5.56759466667 254.151535532
-5.562592 254.118961469
-5.55758933333 254.132707176
-5.55258666667 254.125816173
-5.547584 254.167821886
-5.54258133333 254.156643424
-5.53757866667 254.186137219
-5.532576 254.168780618
-5.52757333333 254.201321335
-5.52257066667 254.213253111
-5.517568 254.218920694
-5.51256533333 254.219159527
-5.50756266667 254.233157894
-5.50256 254.207033528
-5.49755733333 254.238250574
-5.49255466667 254.215670366
-5.487552 254.263353209
-5.48254933333 254.219023212
-5.47754666667 254.219127529
-5.472544 254.223889776
-5.46754133333 254.267070741
-5.46253866667 254.227188203
-5.457536 254.272441008
-5.45253333333 254.264747138
-5.44753066667 254.274220328
-5.442528 254.263464709
-5.43752533333 254.27646676
-5.43252266667 254.278597159
-5.42752 254.308759308
-5.42251733333 254.270805574
-5.41751466667 254.289655161
-5.412512 254.272423631
-5.40750933333 254.319869214
-5.40250666667 254.299298531
-5.397504 254.336414765
-5.39250133333 254.350579606
-5.38749866667 254.37290082
-5.382496 254.367320704
-5.37749333333 254.408634095
-5.37249066667 254.400866007
-5.367488 254.41463276
-5.36248533333 254.39660046
-5.35748266667 254.403004137
-5.35248 254.382783875
-5.34747733333 254.416202422
-5.34247466667 254.401302024
-5.337472 254.4305044
-5.33246933333 254.387006163
-5.32746666667 254.422157767
-5.322464 254.391952284
-5.31746133333 254.412571948
-5.31245866667 254.396566144
-5.307456 254.420337684
-5.30245333333 254.388564397
-5.29745066667 254.405492369
-5.292448 254.393332107
-5.28744533333 254.423932196
-5.28244266667 254.40735705
-5.27744 254.416101067
-5.27243733333 254.397165176
-5.26743466667 254.429444374
-5.262432 254.407234804
-5.25742933333 254.446880977
-5.25242666667 254.463607067
-5.247424 254.475279046
-5.24242133333 254.43860947
-5.23741866667 254.48310341
-5.232416 254.459490516
-5.22741333333 254.505532238
-5.22241066667 254.485381505
-5.217408 254.511746571
-5.21240533333 254.493931805
-5.20740266667 254.535140785
-5.2024 254.521696909
-5.19739733333 254.560410544
-5.19239466667 254.557039293
-5.187392 254.569670935
-5.18238933333 254.529669243
-5.17738666667 254.564439892
-5.172384 254.567172577
-5.16738133333 254.590305859
-5.16237866667 254.557917629
-5.157376 254.574127255
-5.15237333333 254.574351791
-5.14737066667 254.607533932
-5.142368 254.573065638
-5.13736533333 254.589515776
-5.13236266667 254.581095232
-5.12736 254.585837052
-5.12235733333 254.565313047
-5.11735466667 254.60038997
-5.112352 254.590655323
-5.10734933333 254.625983244
-5.10234666667 254.604636513
-5.097344 254.610390371
-5.09234133333 254.605094318
-5.08733866667 254.633422967
-5.082336 254.599618125
-5.07733333333 254.65990067
-5.07233066667 254.625593322
-5.067328 254.659545038
-5.06232533333 254.624653153
-5.05732266667 254.660324528
-5.05232 254.663725468
-5.04731733333 254.700218316
-5.04231466667 254.645526514
-5.037312 254.65412136
-5.03230933333 254.638396864
-5.02730666667 254.675607007
-5.022304 254.635739728
-5.01730133333 254.661911483
-5.01229866667 254.625685896
-5.007296 254.662525003
-5.00229333333 254.642658579
-4.99729066667 254.666709821
-4.992288 254.658485545
-4.98728533333 254.660893931
-4.98228266667 254.625761832
-4.97728 254.633344657
-4.97227733333 254.632786328
-4.96727466667 254.645903965
-4.962272 254.607727067
-4.95726933333 254.61543644
-4.95226666667 254.561004435
-4.947264 254.586968508
-4.94226133333 254.578439639
-4.93725866667 254.565618608
-4.932256 254.550506875
-4.92725333333 254.570723087
-4.92225066667 254.520943852
-4.917248 254.562838258
-4.91224533333 254.520892948
-4.90724266667 254.530572261
-4.90224 254.518513929
-4.89723733333 254.503405627
-4.89223466667 254.49679551
-4.887232 254.531093876
-4.88222933333 254.465212652
-4.87722666667 254.506183757
-4.872224 254.491724752
-4.86722133333 254.48260878
-4.86221866667 254.457312624
-4.857216 254.470134527
-4.85221333333 254.47397744
-4.84721066667 254.504685199
-4.842208 254.466066964
-4.83720533333 254.479067235
-4.83220266667 254.476591365
-4.8272 254.489691379
-4.82219733333 254.462964099
-4.81719466667 254.494764131
-4.812192 254.482454911
-4.80718933333 254.516594545
-4.80218666667 254.470683082
-4.797184 254.510219365
-4.79218133333 254.504008258
-4.78717866667 254.504416145
-4.782176 254.481156489
-4.77717333333 254.494329707
-4.77217066667 254.488957825
-4.767168 254.515144324
-4.76216533333 254.484330327
-4.75716266667 254.503219869
-4.75216 254.504857515
-4.74715733333 254.517438494
-4.74215466667 254.482553079
-4.737152 254.524285865
-4.73214933333 254.50417135
-4.72714666667 254.525120086
-4.722144 254.483847587
-4.71714133333 254.497368547
-4.71213866667 254.495547659
-4.707136 254.507320112
-4.70213333333 254.460428094
-4.69713066667 254.475772169
-4.692128 254.454346387
-4.68712533333 254.453599299
-4.68212266667 254.442411179
-4.67712 254.476140827
-4.67211733333 254.452945224
-4.66711466667 254.478696389
-4.662112 254.447415645
-4.65710933333 254.468278483
-4.65210666667 254.462336497
-4.647104 254.472195073
-4.64210133333 254.467252866
-4.63709866667 254.477693811
-4.632096 254.461665341
-4.62709333333 254.47266475
-4.62209066667 254.457119307
-4.617088 254.487860895
-4.61208533333 254.479944365
-4.60708266667 254.489842977
-4.60208 254.464160629
-4.59707733333 254.474692808
-4.59207466667 254.473665989
-4.587072 254.495321985
-4.58206933333 254.468374651
-4.57706666667 254.496409094
-4.572064 254.484403279
-4.56706133333 254.506556787
-4.56205866667 254.491182842
-4.557056 254.507362977
-4.55205333333 254.503719756
-4.54705066667 254.519546085
-4.542048 254.493040983
-4.53704533333 254.539567884
-4.53204266667 254.52028304
-4.52704 254.55066384
-4.52203733333 254.526448074
-4.51703466667 254.530011072
-4.512032 254.508424379
-4.50702933333 254.570226319
-4.50202666667 254.528089982
-4.497024 254.563122773
-4.49202133333 254.525173353
-4.48701866667 254.557035482
-4.482016 254.531975327
-4.47701333333 254.566580321
-4.47201066667 254.560858417
-4.467008 254.574370752
-4.46200533333 254.528689955
-4.45700266667 254.558497121
-4.452 254.556992805
-4.44699733333 254.579281577
-4.44199466667 254.541452236
-4.436992 254.588066554
-4.43198933333 254.556990617
-4.42698666667 254.575813673
-4.421984 254.556673111
-4.41698133333 254.593366216
-4.41197866667 254.581485577
-4.406976 254.596665576
-4.40197333333 254.574871445
-4.39697066667 254.580979543
-4.391968 254.578428576
-4.38696533333 254.627747285
-4.38196266667 254.616079213
-4.37696 254.605697911
-4.37195733333 254.605508961
-4.36695466667 254.619792093
-4.361952 254.61644433
-4.35694933333 254.6279997
-4.35194666667 254.612295776
-4.346944 254.646636885
-4.34194133333 254.621463694
-4.33693866667 254.632914369
-4.331936 254.624111689
-4.32693333333 254.670738447
-4.32193066667 254.63713329
-4.316928 254.654589295
-4.31192533333 254.661506999
-4.30692266667 254.673264252
-4.30192 254.635364285
-4.29691733333 254.658909071
-4.29191466667 254.642806569
-4.286912 254.632077691
-4.28190933333 254.588045122
-4.27690666667 254.633129469
-4.271904 254.600152684
-4.26690133333 254.607863748
-4.26189866667 254.576849102
-4.256896 254.589125398
-4.25189333333 254.552600245
-4.24689066667 254.605003753
-4.241888 254.583195718
-4.23688533333 254.608303856
-4.23188266667 254.582783581
-4.22688 254.589469934
-4.22187733333 254.559043741
-4.21687466667 254.582278086
-4.211872 254.567944932
-4.20686933333 254.618306638
-4.20186666667 254.550767977
-4.196864 254.573773278
-4.19186133333 254.577750669
-4.18685866667 254.612397764
-4.181856 254.562063139
-4.17685333333 254.594431512
-4.17185066667 254.575800035
-4.166848 254.601563304
-4.16184533333 254.579199611
-4.15684266667 254.610870759
-4.15184 254.627938743
-4.14683733333 254.642320573
-4.14183466667 254.593895754
-4.136832 254.609797704
-4.13182933333 254.620568524
-4.12682666667 254.649292683
-4.121824 254.629241173
-4.11682133333 254.63775035
-4.11181866667 254.622249165
-4.106816 254.67468769
-4.10181333333 254.621426892
-4.09681066667 254.652743959
-4.091808 254.61013819
-4.08680533333 254.681869447
-4.08180266667 254.6202071
-4.0768 254.64527175
-4.07179733333 254.633650775
-4.06679466667 254.651238507
-4.061792 254.619762189
-4.05678933333 254.618080763
-4.05178666667 254.583284
-4.046784 254.601214198
-4.04178133333 254.592047506
-4.03677866667 254.607642573
-4.031776 254.598815455
-4.02677333333 254.596895242
-4.02177066667 254.5392407
-4.016768 254.570884175
-4.01176533333 254.541949116
-4.00676266667 254.584895988
-4.00176 254.555762013
-3.99675733333 254.549461989
-3.99175466667 254.556242843
-3.986752 254.567996388
-3.98174933333 254.543807447
-3.97674666667 254.544750669
-3.971744 254.546884818
-3.96674133333 254.549848846
-3.96173866667 254.528824786
-3.956736 254.55300446
-3.95173333333 254.531993714
-3.94673066667 254.577085675
-3.941728 254.526542859
-3.93672533333 254.550892745
-3.93172266667 254.546857905
-3.92672 254.555856609
-3.92171733333 254.528678297
-3.91671466667 254.564732703
-3.911712 254.5639923
-3.90670933333 254.588444639
-3.90170666667 254.532446687
-3.896704 254.566270966
-3.89170133333 254.537529127
-3.88669866667 254.560767501
-3.881696 254.520357787
-3.87669333333 254.535470723
-3.87169066667 254.531720375
-3.866688 254.563003508
-3.86168533333 254.536809574
-3.85668266667 254.529905706
-3.85168 254.516082513
-3.84667733333 254.530840268
-3.84167466667 254.512409742
-3.836672 254.550609295
-3.83166933333 254.538659964
-3.82666666667 254.55290136
-3.821664 254.503198252
-3.81666133333 254.517115779
-3.81165866667 254.522101101
-3.806656 254.532550288
-3.80165333333 254.530086627
-3.79665066667 254.527159097
-3.791648 254.496537125
-3.78664533333 254.524553018
-3.78164266667 254.500153122
-3.77664 254.518622808
-3.77163733333 254.513044367
-3.76663466667 254.522136984
-3.761632 254.475413198
-3.75662933333 254.499200043
-3.75162666667 254.495888685
-3.746624 254.51908668
-3.74162133333 254.478312381
-3.73661866667 254.490578561
-3.731616 254.491009053
-3.72661333333 254.514224434
-3.72161066667 254.5084661
-3.716608 254.526097064
-3.71160533333 254.487635851
-3.70660266667 254.506170365
-3.7016 254.487047646
-3.69659733333 254.49406506
-3.69159466667 254.485693042
-3.686592 254.507879659
-3.68158933333 254.496586907
-3.67658666667 254.494883293
-3.671584 254.494210815
-3.66658133333 254.500617965
-3.66157866667 254.490313571
-3.656576 254.490146483
-3.65157333333 254.487136239
-3.64657066667 254.479456918
-3.641568 254.443994511
-3.63656533333 254.479770108
-3.63156266667 254.466256822
-3.62656 254.492484254
-3.62155733333 254.448383005
-3.61655466667 254.446765629
-3.611552 254.438725052
-3.60654933333 254.449583554
-3.60154666667 254.396571724
-3.596544 254.395762786
-3.59154133333 254.386040201
-3.58653866667 254.394303353
-3.581536 254.362697135
-3.57653333333 254.36804138
-3.57153066667 254.355342753
-3.566528 254.354182711
-3.56152533333 254.291335903
-3.55652266667 254.319979131
-3.55152 254.31417441
-3.54651733333 254.29374984
-3.54151466667 254.259109925
-3.536512 254.289128426
-3.53150933333 254.264731016
-3.52650666667 254.280176069
-3.521504 254.241009778
-3.51650133333 254.267756423
-3.51149866667 254.249215052
-3.506496 254.265566045
-3.50149333333 254.23053694
-3.49649066667 254.269597913
-3.491488 254.249740719
-3.48648533333 254.281387376
-3.48148266667 254.246403481
-3.47648 254.257181326
-3.47147733333 254.226168006
-3.46647466667 254.245655162
-3.461472 254.21569036
-3.45646933333 254.257099941
-3.45146666667 254.246158995
-3.446464 254.262181122
-3.44146133333 254.21631689
-3.43645866667 254.238453163
-3.431456 254.232968376
-3.42645333333 254.258370104
-3.42145066667 254.222195922
-3.416448 254.244462565
-3.41144533333 254.239696278
-3.40644266667 254.257354415
-3.40144 254.210125323
-3.39643733333 254.244777976
-3.39143466667 254.227573343
-3.386432 254.227207376
-3.38142933333 254.19860987
-3.37642666667 254.199328682
-3.371424 254.212939809
-3.36642133333 254.219642024
-3.36141866667 254.189996564
-3.356416 254.186781314
-3.35141333333 254.180969035
-3.34641066667 254.197349181
-3.341408 254.152087669
-3.33640533333 254.174972513
-3.33140266667 254.166333443
-3.3264 254.188630319
-3.32139733333 254.138415035
-3.31639466667 254.173112769
-3.311392 254.163140187
-3.30638933333 254.185602635
-3.30138666667 254.128395641
-3.296384 254.157223232
-3.29138133333 254.132204824
-3.28637866667 254.170847892
-3.281376 254.134737264
-3.27637333333 254.150176794
-3.27137066667 254.140375585
-3.266368 254.150675525
-3.26136533333 254.120722629
-3.25636266667 254.151912748
-3.25136 254.131422479
-3.24635733333 254.152839281
-3.24135466667 254.11012013
-3.236352 254.153576182
-3.23134933333 254.145087206
-3.22634666667 254.182147521
-3.221344 254.143603022
-3.21634133333 254.162355234
-3.21133866667 254.137919195
-3.206336 254.156152748
-3.20133333333 254.149462302
-3.19633066667 254.180379555
-3.191328 254.163646754
-3.18632533333 254.196701338
-3.18132266667 254.143719345
-3.17632 254.170499682
-3.17131733333 254.157901795
-3.16631466667 254.17459752
-3.161312 254.165234972
-3.15630933333 254.180358384
-3.15130666667 254.154654802
-3.146304 254.159908995
-3.14130133333 254.140059812
-3.13629866667 254.181931183
-3.131296 254.159757774
-3.12629333333 254.184464845
-3.12129066667 254.126136994
-3.116288 254.160023794
-3.11128533333 254.163927419
-3.10628266667 254.188051312
-3.10128 254.155946543
-3.09627733333 254.173075432
-3.09127466667 254.173460414
-3.086272 254.204483093
-3.08126933333 254.168418315
-3.07626666667 254.171238267
-3.071264 254.180513038
-3.06626133333 254.185739677
-3.06125866667 254.146106484
-3.056256 254.176946565
-3.05125333333 254.186982792
-3.04625066667 254.204582202
-3.041248 254.160223111
-3.03624533333 254.173396556
-3.03124266667 254.142995963
-3.02624 254.171141902
-3.02123733333 254.157545597
-3.01623466667 254.170114449
-3.011232 254.156150949
-3.00622933333 254.154116919
-3.00122666667 254.109392311
-2.996224 254.136734311
-2.99122133333 254.110151112
-2.98621866667 254.140356917
-2.981216 254.121446105
-2.97621333333 254.116723793
-2.97121066667 254.106921986
-2.966208 254.119791382
-2.96120533333 254.089940861
-2.95620266667 254.121486473
-2.9512 254.086961086
-2.94619733333 254.113799757
-2.94119466667 254.080238091
-2.936192 254.070273582
-2.93118933333 254.084051218
-2.92618666667 254.082912594
-2.921184 254.041318877
-2.91618133333 254.049652028
-2.91117866667 254.012600498
-2.906176 254.055486344
-2.90117333333 253.999234299
-2.89617066667 254.018249163
-2.891168 253.981096068
-2.88616533333 253.995476347
-2.88116266667 253.970186393
-2.87616 253.993086296
-2.87115733333 253.960294837
-2.86615466667 253.987807787
-2.861152 253.930773002
-2.85614933333 253.973525134
-2.85114666667 253.955958863
-2.846144 253.981097061
-2.84114133333 253.965293323
-2.83613866667 253.981694065
-2.831136 253.960619685
-2.82613333333 253.968377083
-2.82113066667 253.946106454
-2.816128 253.981632368
-2.81112533333 253.952237593
-2.80612266667 253.982453576
-2.80112 253.939135543
-2.79611733333 253.96932228
-2.79111466667 253.975616781
-2.786112 253.987299443
-2.78110933333 253.972184164
-2.77610666667 254.006844012
-2.771104 253.997622772
-2.76610133333 254.022693332
-2.76109866667 254.002686769
-2.756096 254.041149339
-2.75109333333 254.03547014
-2.74609066667 254.038519834
-2.741088 254.012122423
-2.73608533333 254.047392741
-2.73108266667 254.061059728
-2.72608 254.053026279
-2.72107733333 254.032132257
-2.71607466667 254.053637036
-2.711072 254.058702737
-2.70606933333 254.066239906
-2.70106666667 254.027784279
-2.696064 254.05587044
-2.69106133333 254.043997833
-2.68605866667 254.048591434
-2.681056 254.014440413
-2.67605333333 254.056579819
-2.67105066667 254.051983301
-2.666048 254.058002935
-2.66104533333 254.039669513
-2.65604266667 254.040191352
-2.65104 254.035514418
-2.64603733333 254.051471367
-2.64103466667 254.024402781
-2.636032 254.04618782
-2.63102933333 254.032289285
-2.62602666667 254.044536643
-2.621024 254.007854575
-2.61602133333 254.057593649
-2.61101866667 254.031926816
-2.606016 254.036840921
-2.60101333333 254.005094441
-2.59601066667 254.022576245
-2.591008 254.01627906
-2.58600533333 254.054188249
-2.58100266667 254.028812872
-2.576 254.047809593
-2.57099733333 254.03364881
-2.56599466667 254.047605119
-2.560992 254.021741873
-2.55598933333 254.04285516
-2.55098666667 254.050806249
-2.545984 254.065837038
-2.54098133333 254.025155081
-2.53597866667 254.022271972
-2.530976 254.046180002
-2.52597333333 254.063899698
-2.52097066667 254.027141639
-2.515968 254.056327209
-2.51096533333 254.048142185
-2.50596266667 254.047579259
-2.50096 254.04799078
-2.49595733333 254.049842772
-2.49095466667 254.046985315
-2.485952 254.077862437
-2.48094933333 254.030739205
-2.47594666667 254.051382798
-2.470944 254.055362222
-2.46594133333 254.0749286
-2.46093866667 254.056655317
-2.455936 254.074905408
-2.45093333333 254.059825156
-2.44593066667 254.08754379
-2.440928 254.0742371
-2.43592533333 254.069579709
-2.43092266667 254.045401792
-2.42592 254.067782427
-2.42091733333 254.050689524
-2.41591466667 254.066389481
-2.410912 254.089311823
-2.40590933333 254.09473672
-2.40090666667 254.051205193
-2.395904 254.065502555
-2.39090133333 254.066635893
-2.38589866667 254.089039103
-2.380896 254.050380419
-2.37589333333 254.091028244
-2.37089066667 254.068430762
-2.365888 254.082110731
-2.36088533333 254.063056247
-2.35588266667 254.09536013
-2.35088 254.110827537
-2.34587733333 254.105098052
-2.34087466667 254.101216895
-2.335872 254.096318535
-2.33086933333 254.110101883
-2.32586666667 254.130882403
-2.320864 254.105254639
-2.31586133333 254.112617957
-2.31085866667 254.098077139
-2.305856 254.106672135
-2.30085333333 254.087484407
-2.29585066667 254.129775328
-2.290848 254.115723729
-2.28584533333 254.132104906
-2.28084266667 254.086723846
-2.27584 254.096979876
-2.27083733333 254.131390825
-2.26583466667 254.151515069
-2.260832 254.113472589
-2.25582933333 254.123378677
-2.25082666667 254.118259874
-2.245824 254.13584007
-2.24082133333 254.102566587
-2.23581866667 254.126206622
-2.230816 254.104741663
-2.22581333333 254.099462527
-2.22081066667 254.061601325
-2.215808 254.097872041
-2.21080533333 254.093639196
-2.20580266667 254.121495779
-2.2008 254.059836084
-2.19579733333 254.066766955
-2.19079466667 254.030203342
-2.185792 254.084223621
-2.18078933333 254.032497909
-2.17578666667 254.059343213
-2.170784 254.047068951
-2.16578133333 254.055734491
-2.16077866667 254.010216604
-2.155776 254.028386535
-2.15077333333 254.036645414
-2.14577066667 254.049175169
-2.140768 254.007574966
-2.13576533333 254.03570072
-2.13076266667 254.018871446
-2.12576 254.033857391
-2.12075733333 254.009478848
-2.11575466667 254.033426946
-2.110752 254.034815328
-2.10574933333 254.044211343
-2.10074666667 254.006744514
-2.095744 254.053468407
-2.09074133333 254.034658368
-2.08573866667 254.03886448
-2.080736 254.012659312
-2.07573333333 254.052624359
-2.07073066667 254.020344582
-2.065728 254.053499483
-2.06072533333 254.023720955
-2.05572266667 254.051675925
-2.05072 254.046244228
-2.04571733333 254.063261132
-2.04071466667 254.051584001
-2.035712 254.085551071
-2.03070933333 254.069034421
-2.02570666667 254.081277237
-2.020704 254.048581785
-2.01570133333 254.082533379
-2.01069866667 254.081078914
-2.005696 254.085165116
-2.00069333333 254.062589061
-1.99569066667 254.089583408
-1.990688 254.077420012
-1.98568533333 254.091417723
-1.98068266667 254.048602358
-1.97568 254.077910191
-1.97067733333 254.076640866
-1.96567466667 254.110977736
-1.960672 254.04962319
-1.95566933333 254.074316927
-1.95066666667 254.058046282
-1.945664 254.084428029
-1.94066133333 254.051117561
-1.93565866667 254.073961421
-1.930656 254.062223863
-1.92565333333 254.084870401
-1.92065066667 254.044766218
-1.915648 254.068221227
-1.91064533333 254.056257311
-1.90564266667 254.088037686
-1.90064 254.078972257
-1.89563733333 254.094256393
-1.89063466667 254.079230631
-1.885632 254.105267495
-1.88062933333 254.06783972
-1.87562666667 254.078921522
-1.870624 254.064455049
-1.86562133333 254.101686517
-1.86061866667 254.0993898
-1.855616 254.114342185
-1.85061333333 254.103237998
-1.84561066667 254.115554046
-1.840608 254.09651579
-1.83560533333 254.109833526
-1.83060266667 254.118857088
-1.8256 254.145910233
-1.82059733333 254.112592868
-1.81559466667 254.123528322
-1.810592 254.132366707
-1.80558933333 254.157823128
-1.80058666667 254.121617235
-1.795584 254.140810361
-1.79058133333 254.147899159
-1.78557866667 254.162895667
-1.780576 254.130057683
-1.77557333333 254.148192863
-1.77057066667 254.138089136
-1.765568 254.177775283
-1.76056533333 254.143317622
-1.75556266667 254.161290252
-1.75056 254.152862707
-1.74555733333 254.177249551
-1.74055466667 254.154948885
-1.735552 254.174309835
-1.73054933333 254.151514151
-1.72554666667 254.161262223
-1.720544 254.150837492
-1.71554133333 254.179226011
-1.71053866667 254.192595446
-1.705536 254.21086284
-1.70053333333 254.160842246
-1.69553066667 254.186946151
-1.690528 254.176166428
-1.68552533333 254.205480992
-1.68052266667 254.158571662
-1.67552 254.186088395
-1.67051733333 254.198139308
-1.66551466667 254.208370901
-1.660512 254.173394179
-1.65550933333 254.216268053
-1.65050666667 254.186952819
-1.645504 254.223478163
-1.64050133333 254.171836969
-1.63549866667 254.194661412
-1.630496 254.193896837
-1.62549333333 254.229519415
-1.62049066667 254.195574332
-1.615488 254.216618355
-1.61048533333 254.201065041
-1.60548266667 254.242615959
-1.60048 254.224177374
-1.59547733333 254.244285156
-1.59047466667 254.234714518
-1.585472 254.252188125
-1.58046933333 254.23101807
-1.57546666667 254.251626259
-1.570464 254.24380449
-1.56546133333 254.259715369
-1.56045866667 254.264332329
-1.555456 254.265914023
-1.55045333333 254.260370816
-1.54545066667 254.282468603
-1.540448 254.260714536
-1.53544533333 254.267544451
-1.53044266667 254.2947688
-1.52544 254.274486947
-1.52043733333 254.240665387
-1.51543466667 254.293147952
-1.510432 254.292447771
-1.50542933333 254.333799504
-1.50042666667 254.294266972
-1.495424 254.318551645
-1.49042133333 254.30591913
-1.48541866667 254.335978073
-1.480416 254.309693554
-1.47541333333 254.30584492
-1.47041066667 254.27848062
-1.465408 254.302604431
-1.46040533333 254.274887466
-1.45540266667 254.297932533
-1.4504 254.30135385
-1.44539733333 254.301752151
-1.44039466667 254.262142057
-1.435392 254.259303881
-1.43038933333 254.234853833
-1.42538666667 254.27804488
-1.420384 254.259511621
-1.41538133333 254.264060162
-1.41037866667 254.245532014
-1.405376 254.253294459
-1.40037333333 254.226305149
-1.39537066667 254.256173202
-1.390368 254.230336624
-1.38536533333 254.262439823
-1.38036266667 254.229837168
-1.37536 254.253589172
-1.37035733333 254.262697983
-1.36535466667 254.264652672
-1.360352 254.255360477
-1.35534933333 254.250369283
-1.35034666667 254.235129044
-1.345344 254.260513479
-1.34034133333 254.247918754
-1.33533866667 254.257359649
-1.330336 254.254778332
-1.32533333333 254.277541841
-1.32033066667 254.258592282
-1.315328 254.272053873
-1.31032533333 254.275383049
-1.30532266667 254.303941897
-1.30032 254.28661522
-1.29531733333 254.284407264
-1.29031466667 254.286486337
-1.285312 254.302934473
-1.28030933333 254.283008106
-1.27530666667 254.304751417
-1.270304 254.30509704
-1.26530133333 254.317473395
-1.26029866667 254.282696169
-1.255296 254.305419037
-1.25029333333 254.305997734
-1.24529066667 254.336689939
-1.240288 254.298662662
-1.23528533333 254.3228444
-1.23028266667 254.305706267
-1.22528 254.304034515
-1.22027733333 254.283586067
-1.21527466667 254.318548583
-1.210272 254.319449495
-1.20526933333 254.315692186
-1.20026666667 254.306659501
-1.195264 254.324897689
-1.19026133333 254.312583217
-1.18525866667 254.322278154
-1.180256 254.307842382
-1.17525333333 254.316284218
-1.17025066667 254.304794677
-1.165248 254.324678604
-1.16024533333 254.303994712
-1.15524266667 254.326656593
-1.15024 254.318661347
-1.14523733333 254.32769926
-1.14023466667 254.287578716
-1.135232 254.331086331
-1.13022933333 254.353643564
-1.12522666667 254.354217178
-1.120224 254.313468191
-1.11522133333 254.34260875
-1.11021866667 254.319412723
-1.105216 254.361303192
-1.10021333333 254.323711921
-1.09521066667 254.363824902
-1.090208 254.342283856
-1.08520533333 254.37066849
-1.08020266667 254.365811019
-1.0752 254.373902384
-1.07019733333 254.378126386
-1.06519466667 254.396615877
-1.060192 254.349736289
-1.05518933333 254.37484589
-1.05018666667 254.364306137
-1.045184 254.415036003
-1.04018133333 254.37072273
-1.03517866667 254.389297428
-1.030176 254.371335753
-1.02517333333 254.406955412
-1.02017066667 254.375029476
-1.015168 254.399207979
-1.01016533333 254.380095559
-1.00516266667 254.40882537
-1.00016 254.371404643
-0.995157333333 254.382154799
-0.990154666667 254.376017093
-0.985152 254.424528093
-0.980149333333 254.371188593
-0.975146666667 254.414816045
-0.970144 254.392388792
-0.965141333333 254.430416407
-0.960138666667 254.40211841
-0.955136 254.427648525
-0.950133333333 254.406288561
-0.945130666667 254.422693414
-0.940128 254.383685859
-0.935125333333 254.407258995
-0.930122666667 254.404226674
-0.92512 254.420391589
-0.920117333333 254.397848474
-0.915114666667 254.415047418
-0.910112 254.391065576
-0.905109333333 254.41225491
-0.900106666667 254.388829286
-0.895104 254.417047021
-0.890101333333 254.418451674
-0.885098666667 254.429203319
-0.880096 254.399065144
-0.875093333333 254.422666572
-0.870090666667 254.399027673
-0.865088 254.432660442
-0.860085333333 254.392409442
-0.855082666667 254.386342813
-0.85008 254.395412993
-0.845077333333 254.411914512
-0.840074666667 254.387185263
-0.835072 254.398142688
-0.830069333333 254.389444521
-0.825066666667 254.411572762
-0.820064 254.383582339
-0.815061333333 254.402644987
-0.810058666667 254.405664247
-0.805056 254.407405118
-0.800053333333 254.366602452
-0.795050666667 254.391150633
-0.790048 254.371479036
-0.785045333333 254.411573156
-0.780042666667 254.388050297
-0.77504 254.390574066
-0.770037333333 254.378401494
-0.765034666667 254.388829723
-0.760032 254.377558242
-0.755029333333 254.377266953
-0.750026666667 254.385507015
-0.745024 254.379119122
-0.740021333333 254.362701759
-0.735018666667 254.360963108
-0.730016 254.364135858
-0.725013333333 254.395198721
-0.720010666667 254.370449556
-0.715008 254.370405466
-0.710005333333 254.329848806
-0.705002666667 254.354414989
-0.7 254.308143241
-0.694997333333 254.342200106
-0.689994666667 254.31447938
-0.684992 254.312431433
-0.679989333333 254.267811469
-0.674986666667 254.27340142
-0.669984 254.254875189
-0.664981333333 254.278367361
-0.659978666667 254.231784969
-0.654976 254.240290313
-0.649973333333 254.238024841
-0.644970666667 254.243413581
-0.639968 254.190520539
-0.634965333333 254.247039572
-0.629962666667 254.196191113
-0.62496 254.209553838
-0.619957333333 254.209042476
-0.614954666667 254.210572154
-0.609952 254.214085423
-0.604949333333 254.222420596
-0.599946666667 254.192145522
-0.594944 254.212122278
-0.589941333333 254.171211411
-0.584938666667 254.192227277
-0.579936 254.167748389
-0.574933333333 254.184448076
-0.569930666667 254.16998403
-0.564928 254.176531677
-0.559925333333 254.153362012
-0.554922666667 254.184408391
-0.54992 254.181438483
-0.544917333333 254.21690377
-0.539914666667 254.161056015
-0.534912 254.18649291
-0.529909333333 254.171417103
-0.524906666667 254.192849298
-0.519904 254.18445339
-0.514901333333 254.194084861
-0.509898666667 254.186165637
-0.504896 254.20982443
-0.499893333333 254.174967235
-0.494890666667 254.208180251
-0.489888 254.176254744
-0.484885333333 254.210294737
-0.479882666667 254.159413934
-0.47488 254.192218064
-0.469877333333 254.170776894
-0.464874666667 254.202862975
-0.459872 254.171056944
-0.454869333333 254.181292269
-0.449866666667 254.163266308
-0.444864 254.183970962
-0.439861333333 254.158522847
-0.434858666667 254.173533539
-0.429856 254.171460386
-0.424853333333 254.178023876
-0.419850666667 254.13425399
-0.414848 254.138726287
-0.409845333333 254.15307446
-0.404842666667 254.169962144
-0.39984 254.131794911
-0.394837333333 254.15402644
-0.389834666667 254.127235823
-0.384832 254.148498478
-0.379829333333 254.126080554
-0.374826666667 254.154549591
-0.369824 254.15746488
-0.364821333333 254.164584192
-0.359818666667 254.123023028
-0.354816 254.140877812
-0.349813333333 254.154955477
-0.344810666667 254.182084535
-0.339808 254.130287014
-0.334805333333 254.141604809
-0.329802666667 254.12365519
-0.3248 254.166022549
-0.319797333333 254.121120423
-0.314794666667 254.162463545
-0.309792 254.156820486
-0.304789333333 254.169407544
-0.299786666667 254.143758662
-0.294784 254.15748067
-0.289781333333 254.152951295
-0.284778666667 254.181455542
-0.279776 254.144427963
-0.274773333333 254.16936086
-0.269770666667 254.150904463
-0.264768 254.170651043
-0.259765333333 254.15298211
-0.254762666667 254.168016798
-0.24976 254.164014334
-0.244757333333 254.186619893
-0.239754666667 254.156938984
-0.234752 254.195372424
-0.229749333333 254.187101824
-0.224746666667 254.202834044
-0.219744 254.16530407
-0.214741333333 254.195028356
-0.209738666667 254.168025726
-0.204736 254.2038196
-0.199733333333 254.180289301
-0.194730666667 254.188163752
-0.189728 254.182632646
-0.184725333333 254.197166813
-0.179722666667 254.162279025
-0.17472 254.177269547
-0.169717333333 254.179233916
-0.164714666667 254.185826665
-0.159712 254.165867586
-0.154709333333 254.183890851
-0.149706666667 254.161916704
-0.144704 254.21818935
-0.139701333333 254.181803133
-0.134698666667 254.200884451
-0.129696 254.177624554
-0.124693333333 254.180774356
-0.119690666667 254.152011659
-0.114688 254.164531841
-0.109685333333 254.175192049
-0.104682666667 254.194669552
-0.09968 254.156022978
-0.0946773333333 254.178485253
-0.0896746666667 254.180104178
-0.084672 254.194003545
-0.0796693333333 254.165042559
-0.0746666666667 254.182179937
-0.069664 254.165830961
-0.0646613333333 254.170350016
-0.0596586666667 254.163719912
-0.054656 254.193198371
-0.0496533333333 254.183502001
-0.0446506666667 254.16999212
-0.039648 254.156296908
-0.0346453333333 254.179446225
-0.0296426666667 254.188780665
-0.02464 254.212151932
-0.0196373333333 254.172475995
-0.0146346666667 254.180666304
-0.009632 254.173250381
-0.00462933333333 254.19674623
