（-8.68426,1.5），（-5.63763,1.5），（-3.15631,1.5）
-9.99995733333 370.713190093
-9.99495466667 370.715417039
-9.989952 370.718253066
-9.98494933333 370.720282517
-9.97994666667 370.720131228
-9.974944 370.716788962
-9.96994133333 370.709768061
-9.96493866667 370.699035612
-9.959936 370.684914447
-9.95493333333 370.667946458
-9.94993066667 370.648775492
-9.944928 370.628174547
-9.93992533333 370.607136636
-9.93492266667 370.586903431
-9.92992 370.568707191
-9.92491733333 370.553315657
-9.91991466667 370.540766868
-9.914912 370.530409353
-9.90990933333 370.521062949
-9.90490666667 370.511225405
-9.899904 370.499330674
-9.89490133333 370.483912621
-9.88989866667 370.46374384
-9.884896 370.438081147
-9.87989333333 370.406949907
-9.87489066667 370.37124739
-9.869888 370.332522557
-9.86488533333 370.292638127
-9.85988266667 370.253297708
-9.85488 370.215533327
-9.84987733333 370.179501799
-9.84487466667 370.144772832
-9.839872 370.11073561
-9.83486933333 370.076827872
-9.82986666667 370.042709011
-9.824864 370.008459249
-9.81986133333 369.974691961
-9.81485866667 369.942350101
-9.809856 369.912311419
-9.80485333333 369.885105432
-9.79985066667 369.860785115
-9.794848 369.838994657
-9.78984533333 369.819205576
-9.78484266667 369.800946563
-9.77984 369.783886238
-9.77483733333 369.767830765
-9.76983466667 369.752769736
-9.764832 369.738918846
-9.75982933333 369.726634188
-9.75482666667 369.716316424
-9.749824 369.708399213
-9.74482133333 369.70328881
-9.73981866667 369.701367468
-9.734816 369.703065873
-9.72981333333 369.708821801
-9.72481066667 369.718906715
-9.719808 369.733259696
-9.71480533333 369.751523297
-9.70980266667 369.77324189
-9.7048 369.797972726
-9.69979733333 369.825388291
-9.69479466667 369.855471636
-9.689792 369.88845768
-9.68478933333 369.924507959
-9.67978666667 369.963424771
-9.674784 370.004303223
-9.66978133333 370.045348069
-9.66477866667 370.084223887
-9.659776 370.118867767
-9.65477333333 370.148126651
-9.64977066667 370.171791122
-9.644768 370.190317807
-9.63976533333 370.204377223
-9.63476266667 370.214412179
-9.62976 370.220517824
-9.62475733333 370.222659508
-9.61975466667 370.220957505
-9.614752 370.215959719
-9.60974933333 370.208934732
-9.60474666667 370.201905005
-9.599744 370.197275306
-9.59474133333 370.197317248
-9.58973866667 370.203620262
-9.584736 370.216576391
-9.57973333333 370.235405761
-9.57473066667 370.258660961
-9.569728 370.284697766
-9.56472533333 370.312018843
-9.55972266667 370.339517776
-9.55472 370.366446576
-9.54971733333 370.392223497
-9.54471466667 370.416322626
-9.539712 370.438398406
-9.53470933333 370.458381714
-9.52970666667 370.476459888
-9.524704 370.492898201
-9.51970133333 370.507736903
-9.51469866667 370.520675649
-9.509696 370.531207888
-9.50469333333 370.538867649
-9.49969066667 370.543496058
-9.494688 370.545319247
-9.48968533333 370.544822092
-9.48468266667 370.5425788
-9.47968 370.538978956
-9.47467733333 370.534039986
-9.46967466667 370.527603073
-9.464672 370.519677452
-9.45966933333 370.510652484
-9.45466666667 370.501122955
-9.449664 370.491552991
-9.44466133333 370.482142886
-9.43965866667 370.472814365
-9.434656 370.463256842
-9.42965333333 370.452991436
-9.42465066667 370.441508656
-9.419648 370.428390032
-9.41464533333 370.413295548
-9.40964266667 370.395956564
-9.40464 370.376315998
-9.39963733333 370.354612404
-9.39463466667 370.33118167
-9.389632 370.306341722
-9.38462933333 370.280540119
-9.37962666667 370.254471152
-9.374624 370.228975701
-9.36962133333 370.204795806
-9.36461866667 370.182449017
-9.359616 370.162191984
-9.35461333333 370.143900585
-9.34961066667 370.127051788
-9.344608 370.110968799
-9.33960533333 370.0950055
-9.33460266667 370.07869264
-9.3296 370.06186851
-9.32459733333 370.044639577
-9.31959466667 370.027265765
-9.314592 370.01010229
-9.30958933333 369.993596627
-9.30458666667 369.978251325
-9.299584 369.96452951
-9.29458133333 369.952714468
-9.28957866667 369.942961454
-9.284576 369.935389392
-9.27957333333 369.92999461
-9.27457066667 369.926600911
-9.269568 369.924963807
-9.26456533333 369.924878978
-9.25956266667 369.9262118
-9.25456 369.928947462
-9.24955733333 369.933324751
-9.24455466667 369.939833209
-9.239552 369.949130353
-9.23454933333 369.962066933
-9.22954666667 369.979509975
-9.224544 370.001912656
-9.21954133333 370.029046189
-9.21453866667 370.060098834
-9.209536 370.093929772
-9.20453333333 370.129370093
-9.19953066667 370.165562192
-9.194528 370.20220807
-9.18952533333 370.239586825
-9.18452266667 370.278352733
-9.17952 370.319247721
-9.17451733333 370.362704502
-9.16951466667 370.408520162
-9.164512 370.455720647
-9.15950933333 370.502621323
-9.15450666667 370.547096692
-9.149504 370.587094393
-9.14450133333 370.621257306
-9.13949866667 370.649364941
-9.134496 370.672338124
-9.12949333333 370.69176209
-9.12449066667 370.709348951
-9.119488 370.726517675
-9.11448533333 370.744045774
-9.10948266667 370.761993503
-9.10448 370.77992376
-9.09947733333 370.797287081
-9.09447466667 370.813812818
-9.089472 370.829636718
-9.08446933333 370.845096466
-9.07946666667 370.86051191
-9.074464 370.876028116
-9.06946133333 370.891402477
-9.06445866667 370.905883695
-9.059456 370.918264811
-9.05445333333 370.927147239
-9.04945066667 370.931359105
-9.044448 370.930402625
-9.03944533333 370.92483106
-9.03444266667 370.916231884
-9.02944 370.906614093
-9.02443733333 370.897573588
-9.01943466667 370.889854177
-9.014432 370.88348096
-9.00942933333 370.878138548
-9.00442666667 370.873548982
-8.999424 370.869640612
-8.99442133333 370.866469851
-8.98941866667 370.86414679
-8.984416 370.862769639
-8.97941333333 370.862116653
-8.97441066667 370.861374019
-8.969408 370.859097997
-8.96440533333 370.853344196
-8.95940266667 370.841961916
-8.9544 370.822801313
-8.94939733333 370.793755594
-8.94439466667 370.752978452
-8.939392 370.699343229
-8.93438933333 370.632842947
-8.92938666667 370.554723577
-8.924384 370.467338197
-8.91938133333 370.373751264
-8.91437866667 370.277191631
-8.909376 370.18052335
-8.90437333333 370.085996653
-8.89937066667 369.995304297
-8.894368 369.90964241
-8.88936533333 369.829571078
-8.88436266667 369.754844794
-8.87936 369.684453445
-8.87435733333 369.617219312
-8.86935466667 369.552756638
-8.864352 369.492050115
-8.85934933333 369.43720346
-8.85434666667 369.390376927
-8.849344 369.352682041
-8.84434133333 369.323722818
-8.83933866667 369.30167494
-8.834336 369.283759141
-8.82933333333 369.266983039
-8.82433066667 369.248916501
-8.819328 369.228197854
-8.81432533333 369.204712953
-8.80932266667 369.179503977
-8.80432 369.154312579
-8.79931733333 369.130940328
-8.79431466667 369.110851518
-8.789312 369.095008738
-8.78430933333 369.083835672
-8.77930666667 369.077267571
-8.774304 369.074932414
-8.76930133333 369.076394407
-8.76429866667 369.081262609
-8.759296 369.089163688
-8.75429333333 369.099749737
-8.74929066667 369.112805926
-8.744288 369.128252398
-8.73928533333 369.145988467
-8.73428266667 369.165765814
-8.72928 369.187158306
-8.72427733333 369.209618697
-8.71927466667 369.232572785
-8.714272 369.255519452
-8.70926933333 369.278199997
-8.70426666667 369.300692968
-8.699264 369.323372093
-8.69426133333 369.346707005
-8.68925866667 369.370858565
-8.684256 369.395393304
-8.67925333333 369.419358512
-8.67425066667 369.441621988
-8.669248 369.461314653
-8.66424533333 369.478106633
-8.65924266667 369.492020949
-8.65424 369.503076287
-8.64923733333 369.511089125
-8.64423466667 369.515579241
-8.639232 369.515833051
-8.63422933333 369.511067779
-8.62922666667 369.500659591
-8.624224 369.484262583
-8.61922133333 369.461848724
-8.61421866667 369.433925285
-8.609216 369.401707227
-8.60421333333 369.3671009
-8.59921066667 369.332525294
-8.594208 369.300803547
-8.58920533333 369.275056281
-8.58420266667 369.258128458
-8.5792 369.251776903
-8.57419733333 369.2562603
-8.56919466667 369.270466875
-8.564192 369.29240153
-8.55918933333 369.319900183
-8.55418666667 369.351241858
-8.549184 369.38516741
-8.54418133333 369.420463163
-8.53917866667 369.455523087
-8.534176 369.48810521
-8.52917333333 369.515406308
-8.52417066667 369.534537343
-8.519168 369.543169153
-8.51416533333 369.540072605
-8.50916266667 369.525332147
-8.50416 369.500078579
-8.49915733333 369.466025905
-8.49415466667 369.425111959
-8.489152 369.379115445
-8.48414933333 369.32922563
-8.47914666667 369.27603533
-8.474144 369.220004864
-8.46914133333 369.162139647
-8.46413866667 369.104467736
-8.459136 369.049898494
-8.45413333333 369.001299105
-8.44913066667 368.960186862
-8.444128 368.92617578
-8.43912533333 368.897564185
-8.43412266667 368.872353721
-8.42912 368.849185769
-8.42411733333 368.827909592
-8.41911466667 368.80951491
-8.414112 368.795317447
-8.40910933333 368.786145821
-8.40410666667 368.781936714
-8.399104 368.78170246
-8.39410133333 368.783853885
-8.38909866667 368.78669054
-8.384096 368.788689173
-8.37909333333 368.788620249
-8.37409066667 368.785795419
-8.369088 368.780256828
-8.36408533333 368.772646609
-8.35908266667 368.763869596
-8.35408 368.754874193
-8.34907733333 368.746638661
-8.34407466667 368.740123194
-8.339072 368.736147724
-8.33406933333 368.73539454
-8.32906666667 368.738376017
-8.324064 368.745251625
-8.31906133333 368.755691219
-8.31405866667 368.769094933
-8.309056 368.784916561
-8.30405333333 368.802772561
-8.29905066667 368.822407815
-8.294048 368.843556062
-8.28904533333 368.865909804
-8.28404266667 368.889316048
-8.27904 368.913961683
-8.27403733333 368.940364824
-8.26903466667 368.969292833
-8.264032 369.001774648
-8.25902933333 369.039108405
-8.25402666667 369.08273408
-8.249024 369.134035331
-8.24402133333 369.194152683
-8.23901866667 369.263801006
-8.234016 369.342976269
-8.22901333333 369.430650025
-8.22401066667 369.524928234
-8.219008 369.623823908
-8.21400533333 369.725960467
-8.20900266667 369.830745044
-8.204 369.938258523
-8.19899733333 370.04901442
-8.19399466667 370.163464102
-8.188992 370.281395886
-8.18398933333 370.401537577
-8.17898666667 370.521622187
-8.173984 370.63901802
-8.16898133333 370.751648246
-8.16397866667 370.858766304
-8.158976 370.96141406
-8.15397333333 371.062355237
-8.14897066667 371.165418477
-8.143968 371.274465358
-8.13896533333 371.392342452
-8.13396266667 371.520270758
-8.12896 371.657748945
-8.12395733333 371.802931716
-8.11895466667 371.953297682
-8.113952 372.106239504
-8.10894933333 372.259406541
-8.10394666667 372.410911997
-8.098944 372.559501252
-8.09394133333 372.70457015
-8.08893866667 372.845921275
-8.083936 372.983447124
-8.07893333333 373.116989796
-8.07393066667 373.246374419
-8.068928 373.371407049
-8.06392533333 373.491701617
-8.05892266667 373.606535366
-8.05392 373.715052672
-8.04891733333 373.816659298
-8.04391466667 373.911158642
-8.038912 373.998593533
-8.03390933333 374.079109637
-8.02890666667 374.152742923
-8.023904 374.219148836
-8.01890133333 374.277365954
-8.01389866667 374.325948871
-8.008896 374.363487259
-8.00389333333 374.389052942
-7.99889066667 374.402335442
-7.993888 374.403533923
-7.98888533333 374.393228581
-7.98388266667 374.372179288
-7.97888 374.340942235
-7.97387733333 374.29967739
-7.96887466667 374.248347504
-7.963872 374.187048967
-7.95886933333 374.116315397
-7.95386666667 374.037143105
-7.948864 373.950781071
-7.94386133333 373.858617013
-7.93885866667 373.762165423
-7.933856 373.663317423
-7.92885333333 373.564640571
-7.92385066667 373.469019348
-7.918848 373.37854207
-7.91384533333 373.293568095
-7.90884266667 373.21299699
-7.90384 373.135399881
-7.89883733333 373.059948048
-7.89383466667 372.986593226
-7.888832 372.915677897
-7.88382933333 372.847408254
-7.87882666667 372.781393705
-7.873824 372.716645135
-7.86882133333 372.652132664
-7.86381866667 372.587611866
-7.858816 372.524134985
-7.85381333333 372.46369126
-7.84881066667 372.408232342
-7.843808 372.358810854
-7.83880533333 372.315202527
-7.83380266667 372.275988104
-7.8288 372.239136965
-7.82379733333 372.202912766
-7.81879466667 372.166577439
-7.813792 372.130221043
-7.80878933333 372.094230105
-7.80378666667 372.059084628
-7.798784 372.025258294
-7.79378133333 371.992913575
-7.78877866667 371.961402141
-7.783776 371.929273208
-7.77877333333 371.894840012
-7.77377066667 371.856828968
-7.768768 371.814813373
-7.76376533333 371.769137689
-7.75876266667 371.720547244
-7.75376 371.669780077
-7.74875733333 371.617129206
-7.74375466667 371.562140933
-7.738752 371.503704659
-7.73374933333 371.440531775
-7.72874666667 371.371634156
-7.723744 371.296640006
-7.71874133333 371.215933522
-7.71373866667 371.130484716
-7.708736 371.041277029
-7.70373333333 370.948702021
-7.69873066667 370.852519034
-7.693728 370.752297934
-7.68872533333 370.647663879
-7.68372266667 370.538312845
-7.67872 370.424419208
-7.67371733333 370.307218117
-7.66871466667 370.188967412
-7.663712 370.072456068
-7.65870933333 369.960609952
-7.65370666667 369.856274017
-7.648704 369.761802404
-7.64370133333 369.678423589
-7.63869866667 369.605989391
-7.633696 369.54330818
-7.62869333333 369.488833893
-7.62369066667 369.441402156
-7.618688 369.400755554
-7.61368533333 369.367601891
-7.60868266667 369.343220958
-7.60368 369.329023937
-7.59867733333 369.32614263
-7.59367466667 369.335143609
-7.588672 369.355798457
-7.58366933333 369.386802066
-7.57866666667 369.425670808
-7.573664 369.469067405
-7.56866133333 369.513496101
-7.56365866667 369.556118763
-7.558656 369.595313611
-7.55365333333 369.630911352
-7.54865066667 369.663931542
-7.543648 369.695702561
-7.53864533333 369.727014545
-7.53364266667 369.75768726
-7.52864 369.786642114
-7.52363733333 369.812351566
-7.51863466667 369.833410454
-7.513632 369.849010795
-7.50862933333 369.859150594
-7.50362666667 369.864620037
-7.498624 369.866842216
-7.49362133333 369.867482258
-7.48861866667 369.867947737
-7.483616 369.869046051
-7.47861333333 369.870892382
-7.47361066667 369.873025698
-7.468608 369.874721049
-7.46360533333 369.875331759
-7.45860266667 369.874498844
-7.4536 369.872278231
-7.44859733333 369.869174345
-7.44359466667 369.865956013
-7.438592 369.86321398
-7.43358933333 369.860924269
-7.42858666667 369.858370285
-7.423584 369.854521822
-7.41858133333 369.848504659
-7.41357866667 369.839844109
-7.408576 369.828452287
-7.40357333333 369.814632093
-7.39857066667 369.799225173
-7.393568 369.783611821
-7.38856533333 369.769354643
-7.38356266667 369.757706537
-7.37856 369.749176177
-7.37355733333 369.743339455
-7.36855466667 369.739043947
-7.363552 369.735025449
-7.35854933333 369.730613946
-7.35354666667 369.725867423
-7.348544 369.720997169
-7.34354133333 369.715669653
-7.33853866667 369.708781129
-7.333536 369.698871519
-7.32853333333 369.684959444
-7.32353066667 369.667105863
-7.318528 369.646399744
-7.31352533333 369.62441481
-7.30852266667 369.602541327
-7.30352 369.581577657
-7.29851733333 369.561515709
-7.29351466667 369.541613455
-7.288512 369.520793919
-7.28350933333 369.498142756
-7.27850666667 369.473327859
-7.273504 369.446758267
-7.26850133333 369.419215857
-7.26349866667 369.391416912
-7.258496 369.363823117
-7.25349333333 369.336629036
-7.24849066667 369.309762628
-7.243488 369.282918242
-7.23848533333 369.255998277
-7.23348266667 369.229460166
-7.22848 369.204093753
-7.22347733333 369.180725963
-7.21847466667 369.160146052
-7.213472 369.143060015
-7.20846933333 369.1300678
-7.20346666667 369.121614652
-7.198464 369.117847561
-7.19346133333 369.118574486
-7.18845866667 369.123439303
-7.183456 369.131978874
-7.17845333333 369.14359169
-7.17345066667 369.157740364
-7.168448 369.174201083
-7.16344533333 369.193045971
-7.15844266667 369.214417168
-7.15344 369.238384417
-7.14843733333 369.264948458
-7.14343466667 369.294093876
-7.138432 369.325781673
-7.13342933333 369.359829964
-7.12842666667 369.395792423
-7.123424 369.433004243
-7.11842133333 369.470636799
-7.11341866667 369.507809602
-7.108416 369.543763493
-7.10341333333 369.578139446
-7.09841066667 369.611151161
-7.093408 369.64326677
-7.08840533333 369.674712644
-7.08340266667 369.705277342
-7.0784 369.734387958
-7.07339733333 369.761386733
-7.06839466667 369.785915286
-7.063392 369.807993639
-7.05838933333 369.827894066
-7.05338666667 369.846176198
-7.048384 369.863543511
-7.04338133333 369.880562814
-7.03837866667 369.897574514
-7.033376 369.914690939
-7.02837333333 369.931913341
-7.02337066667 369.949454126
-7.018368 369.967934258
-7.01336533333 369.988177212
-7.00836266667 370.010820542
-7.00336 370.036117458
-6.99835733333 370.064049943
-6.99335466667 370.094391197
-6.988352 370.126608489
-6.98334933333 370.159836649
-6.97834666667 370.192973185
-6.973344 370.224667706
-6.96834133333 370.253332916
-6.96333866667 370.277417949
-6.958336 370.295820399
-6.95333333333 370.307937883
-6.94833066667 370.31350512
-6.943328 370.312542909
-6.93832533333 370.305328303
-6.93332266667 370.29247269
-6.92832 370.274974647
-6.92331733333 370.254059848
-6.91831466667 370.230881611
-6.913312 370.206436322
-6.90830933333 370.181584933
-6.90330666667 370.157034667
-6.898304 370.13340586
-6.89330133333 370.11141312
-6.88829866667 370.091838716
-6.883296 370.07518847
-6.87829333333 370.061425344
-6.87329066667 370.050028848
-6.868288 370.040331061
-6.86328533333 370.031897787
-6.85828266667 370.024684903
-6.85328 370.018839615
-6.84827733333 370.014242502
-6.84327466667 370.010177026
-6.838272 370.005463858
-6.83326933333 369.998920922
-6.82826666667 369.989618984
-6.823264 369.977091376
-6.81826133333 369.96157154
-6.81325866667 369.943902308
-6.808256 369.925212938
-6.80325333333 369.906526344
-6.79825066667 369.888508071
-6.793248 369.871412908
-6.78824533333 369.85516267
-6.78324266667 369.839595326
-6.77824 369.824601682
-6.77323733333 369.810133127
-6.76823466667 369.796375116
-6.763232 369.78391177
-6.75822933333 369.773703347
-6.75322666667 369.766810345
-6.748224 369.76405239
-6.74322133333 369.765855335
-6.73821866667 369.772268482
-6.733216 369.783027919
-6.72821333333 369.797644826
-6.72321066667 369.815530373
-6.718208 369.836106273
-6.71320533333 369.858938014
-6.70820266667 369.883792077
-6.7032 369.910611851
-6.69819733333 369.939362647
-6.69319466667 369.969891862
-6.688192 370.001920288
-6.68318933333 370.035129714
-6.67818666667 370.069368025
-6.673184 370.104832338
-6.66818133333 370.142068871
-6.66317866667 370.181824289
-6.658176 370.224857729
-6.65317333333 370.271800764
-6.64817066667 370.322814861
-6.643168 370.377094471
-6.63816533333 370.432707765
-6.63316266667 370.48720172
-6.62816 370.538494147
-6.62315733333 370.58542683
-6.61815466667 370.627809554
-6.613152 370.66600798
-6.60814933333 370.700273471
-6.60314666667 370.730280887
-6.598144 370.755192803
-6.59314133333 370.774187714
-6.58813866667 370.786914269
-6.583136 370.793727819
-6.57813333333 370.795919371
-6.57313066667 370.795735304
-6.568128 370.795776802
-6.56312533333 370.7980906
-6.55812266667 370.803652261
-6.55312 370.812402147
-6.54811733333 370.823563531
-6.54311466667 370.836030274
-6.538112 370.848695285
-6.53310933333 370.860681518
-6.52810666667 370.871466397
-6.523104 370.880901564
-6.51810133333 370.88914608
-6.51309866667 370.896613618
-6.508096 370.904031983
-6.50309333333 370.912371099
-6.49809066667 370.922589361
-6.493088 370.935514703
-6.48808533333 370.951931706
-6.48308266667 370.972664655
-6.47808 370.998433963
-6.47307733333 371.029611373
-6.46807466667 371.066024412
-6.463072 371.106694564
-6.45806933333 371.149559601
-6.45306666667 371.191534475
-6.448064 371.22914554
-6.44306133333 371.25934976
-6.43805866667 371.280145096
-6.433056 371.290908027
-6.42805333333 371.292410505
-6.42305066667 371.286466625
-6.418048 371.275337221
-6.41304533333 371.261125424
-6.40804266667 371.245298739
-6.40304 371.22866663
-6.39803733333 371.211690447
-6.39303466667 371.194835641
-6.388032 371.178875177
-6.38302933333 371.164883996
-6.37802666667 371.153733508
-6.373024 371.145521087
-6.36802133333 371.13941835
-6.36301866667 371.134109187
-6.358016 371.128435654
-6.35301333333 371.121724792
-6.34801066667 371.113750248
-6.343008 371.104514468
-6.33800533333 371.094148752
-6.33300266667 371.082923787
-6.328 371.071137797
-6.32299733333 371.059019707
-6.31799466667 371.04672137
-6.312992 371.034324715
-6.30798933333 371.021843156
-6.30298666667 371.009293264
-6.297984 370.996828805
-6.29298133333 370.984842349
-6.28797866667 370.97395177
-6.282976 370.964813821
-6.27797333333 370.957888232
-6.27297066667 370.953328198
-6.267968 370.951122907
-6.26296533333 370.951235718
-6.25796266667 370.95343762
-6.25296 370.957142089
-6.24795733333 370.961529335
-6.24295466667 370.965860222
-6.237952 370.969673316
-6.23294933333 370.972772741
-6.22794666667 370.975225274
-6.222944 370.977247658
-6.21794133333 370.978940798
-6.21293866667 370.98025311
-6.207936 370.981054635
-6.20293333333 370.981077523
-6.19793066667 370.979747993
-6.192928 370.976026443
-6.18792533333 370.968575481
-6.18292266667 370.956325745
-6.17792 370.939118585
-6.17291733333 370.91802038
-6.16791466667 370.895021409
-6.162912 370.872305213
-6.15790933333 370.851459095
-6.15290666667 370.832910557
-6.147904 370.815914426
-6.14290133333 370.799082139
-6.13789866667 370.781028536
-6.132896 370.760943759
-6.12789333333 370.738849136
-6.12289066667 370.715354524
-6.117888 370.691265523
-6.11288533333 370.667444061
-6.10788266667 370.644821606
-6.10288 370.6244933
-6.09787733333 370.607793967
-6.09287466667 370.596284977
-6.087872 370.591527683
-6.08286933333 370.594678139
-6.07786666667 370.60607791
-6.072864 370.625194724
-6.06786133333 370.650872332
-6.06285866667 370.681568535
-6.057856 370.715650256
-6.05285333333 370.751589895
-6.04785066667 370.787966776
-6.042848 370.823382807
-6.03784533333 370.856349787
-6.03284266667 370.885379443
-6.02784 370.909246819
-6.02283733333 370.927402809
-6.01783466667 370.940261699
-6.012832 370.949006333
-6.00782933333 370.95511379
-6.00282666667 370.959842284
-5.997824 370.963996028
-5.99282133333 370.968101428
-5.98781866667 370.972671953
-5.982816 370.97810637
-5.97781333333 370.984365261
-5.97281066667 370.990864789
-5.967808 370.996902818
-5.96280533333 371.002264253
-5.95780266667 371.007414417
-5.9528 371.013130905
-5.94779733333 371.019859296
-5.94279466667 371.027320586
-5.937792 371.034689134
-5.93278933333 371.04109039
-5.92778666667 371.045952232
-5.922784 371.049094731
-5.91778133333 371.050634895
-5.91277866667 371.050867257
-5.907776 371.050155064
-5.90277333333 371.04884721
-5.89777066667 371.047328416
-5.892768 371.045973441
-5.88776533333 371.045012313
-5.88276266667 371.044585009
-5.87776 371.044846008
-5.87275733333 371.04603618
-5.86775466667 371.048459802
-5.862752 371.052262402
-5.85774933333 371.057304475
-5.85274666667 371.063254401
-5.847744 371.06984673
-5.84274133333 371.077033765
-5.83773866667 371.084923744
-5.832736 371.093569008
-5.82773333333 371.102733037
-5.82273066667 371.111940661
-5.817728 371.120669832
-5.81272533333 371.128427166
-5.80772266667 371.13479955
-5.80272 371.139526648
-5.79771733333 371.142536715
-5.79271466667 371.143891513
-5.787712 371.143592329
-5.78270933333 371.141410922
-5.77770666667 371.136850875
-5.772704 371.129258239
-5.76770133333 371.118193134
-5.76269866667 371.103829586
-5.757696 371.087083659
-5.75269333333 371.069393869
-5.74769066667 371.052347147
-5.742688 371.037238434
-5.73768533333 371.024595089
-5.73268266667 371.01403827
-5.72768 371.004579809
-5.72267733333 370.99511445
-5.71767466667 370.984955133
-5.712672 370.974214847
-5.70766933333 370.963839314
-5.70266666667 370.955152797
-5.697664 370.949205138
-5.69266133333 370.94652219
-5.68765866667 370.947233126
-5.682656 370.951368867
-5.67765333333 370.959222229
-5.67265066667 370.971424998
-5.667648 370.98864991
-5.66264533333 371.011356995
-5.65764266667 371.039687606
-5.65264 371.073377105
-5.64763733333 371.111558964
-5.64263466667 371.152733597
-5.637632 371.194903741
-5.63262933333 371.235744973
-5.62762666667 371.272868585
-5.622624 371.304074009
-5.61762133333 371.327654287
-5.61261866667 371.342705007
-5.607616 371.349330121
-5.60261333333 371.348531328
-5.59761066667 371.341749031
-5.592608 371.330324618
-5.58760533333 371.315192676
-5.58260266667 371.296922312
-5.5776 371.276065586
-5.57259733333 371.253688216
-5.56759466667 371.231529625
-5.562592 371.211607663
-5.55758933333 371.195629722
-5.55258666667 371.184460219
-5.547584 371.17788256
-5.54258133333 371.174830491
-5.53757866667 371.173844744
-5.532576 371.173599684
-5.52757333333 371.173293588
-5.52257066667 371.172707935
-5.517568 371.171915438
-5.51256533333 371.171001443
-5.50756266667 371.170015041
-5.50256 371.169108087
-5.49755733333 371.168622364
-5.49255466667 371.168951096
-5.487552 371.170474335
-5.48254933333 371.173721177
-5.47754666667 371.179508199
-5.472544 371.188801582
-5.46754133333 371.202346817
-5.46253866667 371.220411263
-5.457536 371.24281793
-5.45253333333 371.269090104
-5.44753066667 371.298471423
-5.442528 371.329958832
-5.43752533333 371.362525622
-5.43252266667 371.395316984
-5.42752 371.427711002
-5.42251733333 371.459289885
-5.41751466667 371.489818541
-5.412512 371.519153293
-5.40750933333 371.547145281
-5.40250666667 371.57356215
-5.397504 371.598102437
-5.39250133333 371.620541554
-5.38749866667 371.640731489
-5.382496 371.658545227
-5.37749333333 371.673926285
-5.37249066667 371.686805233
-5.367488 371.696987078
-5.36248533333 371.704154263
-5.35748266667 371.707918689
-5.35248 371.707924185
-5.34747733333 371.704053284
-5.34247466667 371.696568678
-5.337472 371.685980927
-5.33246933333 371.672739663
-5.32746666667 371.657130377
-5.322464 371.639436557
-5.31746133333 371.620120829
-5.31245866667 371.599859169
-5.307456 371.579334149
-5.30245333333 371.559012079
-5.29745066667 371.539172743
-5.292448 371.520018367
-5.28744533333 371.501760661
-5.28244266667 371.484675255
-5.27744 371.469039669
-5.27243733333 371.45498908
-5.26743466667 371.442418056
-5.262432 371.431015392
-5.25742933333 371.42049386
-5.25242666667 371.410910139
-5.247424 371.402748313
-5.24242133333 371.396609775
-5.23741866667 371.392903301
-5.232416 371.39184031
-5.22741333333 371.39365585
-5.22241066667 371.398891352
-5.217408 371.408506713
-5.21240533333 371.423698681
-5.20740266667 371.445627613
-5.2024 371.475345106
-5.19739733333 371.513979006
-5.19239466667 371.562847854
-5.187392 371.623353281
-5.18238933333 371.696737484
-5.17738666667 371.783906014
-5.172384 371.885356935
-5.16738133333 372.001062834
-5.16237866667 372.130388074
-5.157376 372.272257223
-5.15237333333 372.425467644
-5.14737066667 372.5887485
-5.142368 372.760701855
-5.13736533333 372.939669345
-5.13236266667 373.123498762
-5.12736 373.30948919
-5.12235733333 373.494574472
-5.11735466667 373.675733635
-5.112352 373.850533238
-5.10734933333 374.017556541
-5.10234666667 374.176418156
-5.097344 374.327313418
-5.09234133333 374.470513055
-5.08733866667 374.606129676
-5.082336 374.734175557
-5.07733333333 374.854721085
-5.07233066667 374.967997258
-5.067328 375.074254707
-5.06232533333 375.173396146
-5.05732266667 375.264663682
-5.05232 375.346799709
-5.04731733333 375.418462396
-5.04231466667 375.478404119
-5.037312 375.525528426
-5.03230933333 375.558889945
-5.02730666667 375.577634599
-5.022304 375.581073991
-5.01730133333 375.568994511
-5.01229866667 375.542061901
-5.007296 375.502028109
-5.00229333333 375.451547084
-4.99729066667 375.393821784
-4.992288 375.332281292
-4.98728533333 375.270171082
-4.98228266667 375.210155346
-4.97728 375.15427796
-4.97227733333 375.10417554
-4.96727466667 375.061138604
-4.962272 375.025669421
-4.95726933333 374.997087118
-4.95226666667 374.973906566
-4.947264 374.954592755
-4.94226133333 374.937919926
-4.93725866667 374.922830368
-4.932256 374.908217466
-4.92725333333 374.893063924
-4.92225066667 374.876640544
-4.917248 374.85874274
-4.91224533333 374.839990709
-4.90724266667 374.821714
-4.90224 374.805486961
-4.89723733333 374.792581761
-4.89223466667 374.78332526
-4.887232 374.776647969
-4.88222933333 374.770376317
-4.87722666667 374.762325614
-4.872224 374.751465159
-4.86722133333 374.738407918
-4.86221866667 374.725053503
-4.857216 374.713647988
-4.85221333333 374.705800388
-4.84721066667 374.701747777
-4.842208 374.700312373
-4.83720533333 374.699685373
-4.83220266667 374.698403231
-4.8272 374.695870463
-4.82219733333 374.692221869
-4.81719466667 374.688008225
-4.812192 374.683894696
-4.80718933333 374.680375466
-4.80218666667 374.677589036
-4.797184 374.675346811
-4.79218133333 374.67327484
-4.78717866667 374.670883897
-4.782176 374.667757305
-4.77717333333 374.66375086
-4.77217066667 374.65888552
-4.767168 374.653165651
-4.76216533333 374.646527879
-4.75716266667 374.638909302
-4.75216 374.630198607
-4.74715733333 374.620024976
-4.74215466667 374.607820771
-4.737152 374.593139479
-4.73214933333 374.575792257
-4.72714666667 374.555745264
-4.722144 374.532909445
-4.71714133333 374.506897904
-4.71213866667 374.476743593
-4.707136 374.440945685
-4.70213333333 374.397934148
-4.69713066667 374.346426106
-4.692128 374.285413938
-4.68712533333 374.21420437
-4.68212266667 374.132676953
-4.67712 374.041206641
-4.67211733333 373.940412114
-4.66711466667 373.831234413
-4.662112 373.71507789
-4.65710933333 373.593777013
-4.65210666667 373.469370403
-4.647104 373.34373804
-4.64210133333 373.218301586
-4.63709866667 373.093850924
-4.632096 372.97050675
-4.62709333333 372.847944954
-4.62209066667 372.725889123
-4.617088 372.604588714
-4.61208533333 372.484934718
-4.60708266667 372.368293873
-4.60208 372.256192288
-4.59707733333 372.149830048
-4.59207466667 372.049774937
-4.587072 371.956028719
-4.58206933333 371.868125154
-4.57706666667 371.785246284
-4.572064 371.706418748
-4.56706133333 371.630417684
-4.56205866667 371.555796914
-4.557056 371.481287124
-4.55205333333 371.406010881
-4.54705066667 371.329582559
-4.542048 371.25217561
-4.53704533333 371.174477414
-4.53204266667 371.097575213
-4.52704 371.022738851
-4.52203733333 370.951076129
-4.51703466667 370.88333205
-4.512032 370.819873083
-4.50702933333 370.760766048
-4.50202666667 370.705771739
-4.497024 370.65431901
-4.49202133333 370.605699854
-4.48701866667 370.559224014
-4.482016 370.514264859
-4.47701333333 370.470318319
-4.47201066667 370.426981223
-4.467008 370.384074886
-4.46200533333 370.341731145
-4.45700266667 370.300207564
-4.452 370.259710261
-4.44699733333 370.220316632
-4.44199466667 370.182003114
-4.436992 370.144699932
-4.43198933333 370.108304887
-4.42698666667 370.072591227
-4.421984 370.037225644
-4.41698133333 370.002017609
-4.41197866667 369.967188309
-4.406976 369.933364342
-4.40197333333 369.901273317
-4.39697066667 369.871506856
-4.391968 369.844509594
-4.38696533333 369.820766113
-4.38196266667 369.800921361
-4.37696 369.785524322
-4.37195733333 369.774697927
-4.36695466667 369.768175052
-4.361952 369.76537876
-4.35694933333 369.765351805
-4.35194666667 369.766831909
-4.346944 369.768596286
-4.34194133333 369.769938397
-4.33693866667 369.770963426
-4.331936 369.772551105
-4.32693333333 369.776027208
-4.32193066667 369.78254796
-4.316928 369.792339822
-4.31192533333 369.80440353
-4.30692266667 369.817031137
-4.30192 369.828582219
-4.29691733333 369.83794036
-4.29191466667 369.844419016
-4.286912 369.847411871
-4.28190933333 369.846214074
-4.27690666667 369.840097195
-4.271904 369.82853676
-4.26690133333 369.811550047
-4.26189866667 369.789931546
-4.256896 369.765232887
-4.25189333333 369.739444106
-4.24689066667 369.714556102
-4.241888 369.692119393
-4.23688533333 369.672922953
-4.23188266667 369.657006896
-4.22688 369.643935329
-4.22187733333 369.633203637
-4.21687466667 369.624608793
-4.211872 369.618404402
-4.20686933333 369.615285911
-4.20186666667 369.61609699
-4.196864 369.621345998
-4.19186133333 369.630837958
-4.18685866667 369.643566213
-4.181856 369.657996548
-4.17685333333 369.672583564
-4.17185066667 369.686032446
-4.166848 369.697176687
-4.16184533333 369.704728353
-4.15684266667 369.70733748
-4.15184 369.703963782
-4.14683733333 369.694290708
-4.14183466667 369.67884301
-4.136832 369.658593302
-4.13182933333 369.634390658
-4.12682666667 369.606763356
-4.121824 369.576258039
-4.11682133333 369.543950563
-4.11181866667 369.511494501
-4.106816 369.480591604
-4.10181333333 369.452170308
-4.09681066667 369.426047036
-4.091808 369.401123512
-4.08680533333 369.375852083
-4.08180266667 369.348990807
-4.0768 369.320156446
-4.07179733333 369.289722605
-4.06679466667 369.258297753
-4.061792 369.226232109
-4.05678933333 369.19352989
-4.05178666667 369.160048083
-4.046784 369.125685021
-4.04178133333 369.090391438
-4.03677866667 369.054150876
-4.031776 369.017034504
-4.02677333333 368.97922768
-4.02177066667 368.940847502
-4.016768 368.901755241
-4.01176533333 368.861558938
-4.00676266667 368.819742669
-4.00176 368.77598241
-3.99675733333 368.730426998
-3.99175466667 368.683644951
-3.986752 368.636372245
-3.98174933333 368.589352227
-3.97674666667 368.543212651
-3.971744 368.498467498
-3.96674133333 368.455645893
-3.96173866667 368.415449453
-3.956736 368.37877195
-3.95173333333 368.346597706
-3.94673066667 368.319929525
-3.941728 368.299686675
-3.93672533333 368.2866123
-3.93172266667 368.281189909
-3.92672 368.283552904
-3.92171733333 368.29355344
-3.91671466667 368.310792491
-3.911712 368.334690913
-3.90670933333 368.364671921
-3.90170666667 368.400297673
-3.896704 368.441204764
-3.89170133333 368.486981599
-3.88669866667 368.53706921
-3.881696 368.590585444
-3.87669333333 368.646285676
-3.87169066667 368.702850377
-3.866688 368.759235124
-3.86168533333 368.814782451
-3.85668266667 368.869054812
-3.85168 368.921576551
-3.84667733333 368.97168028
-3.84167466667 369.018476953
-3.836672 369.061107013
-3.83166933333 369.099145714
-3.82666666667 369.132742401
-3.821664 369.162420742
-3.81666133333 369.18871435
-3.81165866667 369.211840214
-3.806656 369.231626692
-3.80165333333 369.247686839
-3.79665066667 369.259735661
-3.791648 369.267870781
-3.78664533333 369.272528033
-3.78164266667 369.274127951
-3.77664 369.272922254
-3.77163733333 369.269362007
-3.76663466667 369.264363471
-3.761632 369.259055211
-3.75662933333 369.254502073
-3.75162666667 369.251768103
-3.746624 369.252074486
-3.74162133333 369.25664899
-3.73661866667 369.266307471
-3.731616 369.281153885
-3.72661333333 369.300689041
-3.72161066667 369.32422135
-3.716608 369.351084053
-3.71160533333 369.380670405
-3.70660266667 369.412475495
-3.7016 369.446129267
-3.69659733333 369.481225928
-3.69159466667 369.516896071
-3.686592 369.551486702
-3.68158933333 369.582741712
-3.67658666667 369.60859685
-3.671584 369.628012178
-3.66658133333 369.641253823
-3.66157866667 369.649584387
-3.656576 369.654698844
-3.65157333333 369.65817357
-3.64657066667 369.661161822
-3.641568 369.66440421
-3.63656533333 369.668551527
-3.63156266667 369.674460315
-3.62656 369.68309146
-3.62155733333 369.695225359
-3.61655466667 369.711345868
-3.611552 369.731727556
-3.60654933333 369.756631953
-3.60154666667 369.786241976
-3.596544 369.820337006
-3.59154133333 369.858235365
-3.58653866667 369.898943389
-3.581536 369.941446778
-3.57653333333 369.985002268
-3.57153066667 370.029303543
-3.566528 370.074347505
-3.56152533333 370.120160607
-3.55652266667 370.16661214
-3.55152 370.213285933
-3.54651733333 370.25955552
-3.54151466667 370.304855623
-3.536512 370.348886185
-3.53150933333 370.391587929
-3.52650666667 370.43292624
-3.521504 370.472755307
-3.51650133333 370.510880034
-3.51149866667 370.54723764
-3.506496 370.581997451
-3.50149333333 370.615472374
-3.49649066667 370.64792295
-3.491488 370.679270426
-3.48648533333 370.709018453
-3.48148266667 370.736580685
-3.47648 370.761654939
-3.47147733333 370.784308742
-3.46647466667 370.804824734
-3.461472 370.823489924
-3.45646933333 370.840540661
-3.45146666667 370.856148962
-3.446464 370.870417307
-3.44146133333 370.883482386
-3.43645866667 370.895328782
-3.431456 370.905378714
-3.42645333333 370.912589564
-3.42145066667 370.915925301
-3.416448 370.914744514
-3.41144533333 370.908987051
-3.40644266667 370.899198951
-3.40144 370.886373157
-3.39643733333 370.871647533
-3.39143466667 370.855925666
-3.386432 370.839641694
-3.38142933333 370.822855204
-3.37642666667 370.80554092
-3.371424 370.787811016
-3.36642133333 370.77011058
-3.36141866667 370.7532528
-3.356416 370.73828306
-3.35141333333 370.726355127
-3.34641066667 370.718543921
-3.341408 370.715632593
-3.33640533333 370.718051239
-3.33140266667 370.725827167
-3.3264 370.738564819
-3.32139733333 370.755679352
-3.31639466667 370.776758506
-3.311392 370.801720816
-3.30638933333 370.830617342
-3.30138666667 370.863287242
-3.296384 370.899193734
-3.29138133333 370.937321679
-3.28637866667 370.976180787
-3.281376 371.014079756
-3.27637333333 371.049692736
-3.27137066667 371.082502538
-3.266368 371.112770863
-3.26136533333 371.141021849
-3.25636266667 371.167365964
-3.25136 371.191193704
-3.24635733333 371.211386964
-3.24135466667 371.226865066
-3.236352 371.236943868
-3.23134933333 371.241371187
-3.22634666667 371.240251539
-3.221344 371.233849068
-3.21634133333 371.222460255
-3.21133866667 371.206445373
-3.206336 371.186294895
-3.20133333333 371.162492256
-3.19633066667 371.135356582
-3.191328 371.105141844
-3.18632533333 371.072275892
-3.18132266667 371.037571409
-3.17632 371.002230615
-3.17131733333 370.967670694
-3.16631466667 370.935200879
-3.161312 370.905761515
-3.15630933333 370.879897337
-3.15130666667 370.857929483
-3.146304 370.840142478
-3.14130133333 370.826766562
-3.13629866667 370.817744065
-3.131296 370.812487415
-3.12629333333 370.809914305
-3.12129066667 370.808706851
-3.116288 370.807670268
-3.11128533333 370.806036458
-3.10628266667 370.8034682
-3.10128 370.799857019
-3.09627733333 370.795184607
-3.09127466667 370.789583151
-3.086272 370.783415413
-3.08126933333 370.777221026
-3.07626666667 370.771724997
-3.071264 370.76779134
-3.06626133333 370.76627766
-3.06125866667 370.767995377
-3.056256 370.773611416
-3.05125333333 370.783420947
-3.04625066667 370.797144316
-3.041248 370.813998437
-3.03624533333 370.833020961
-3.03124266667 370.853343749
-3.02624 370.874331724
-3.02123733333 370.895739316
-3.01623466667 370.917724319
-3.011232 370.94049964
-3.00622933333 370.964071807
-3.00122666667 370.988335909
-2.996224 371.013233871
-2.99122133333 371.038664537
-2.98621866667 371.064375331
-2.981216 371.090049126
-2.97621333333 371.11544456
-2.97121066667 371.140403039
-2.966208 371.164820617
-2.96120533333 371.188665964
-2.95620266667 371.211981615
-2.9512 371.234865197
-2.94619733333 371.257461988
-2.94119466667 371.279921288
-2.936192 371.302258501
-2.93118933333 371.324203362
-2.92618666667 371.345296154
-2.921184 371.365111171
-2.91618133333 371.383302309
-2.91117866667 371.399540075
-2.906176 371.41348098
-2.90117333333 371.424745475
-2.89617066667 371.432975683
-2.891168 371.437862161
-2.88616533333 371.439160361
-2.88116266667 371.436698548
-2.87616 371.430422535
-2.87115733333 371.420437719
-2.86615466667 371.407070855
-2.861152 371.39092725
-2.85614933333 371.372858794
-2.85114666667 371.353770296
-2.846144 371.334298002
-2.84114133333 371.314773807
-2.83613866667 371.295534606
-2.831136 371.277148753
-2.82613333333 371.260257419
-2.82113066667 371.245161009
-2.816128 371.231563174
-2.81112533333 371.218668815
-2.80612266667 371.20563057
-2.80112 371.192004771
-2.79611733333 371.17784509
-2.79111466667 371.163460402
-2.786112 371.149176835
-2.78110933333 371.135265814
-2.77610666667 371.122027988
-2.771104 371.109723683
-2.76610133333 371.098386164
-2.76109866667 371.08778663
-2.756096 371.077644022
-2.75109333333 371.067896429
-2.74609066667 371.058904692
-2.741088 371.051432709
-2.73608533333 371.046423877
-2.73108266667 371.044792594
-2.72608 371.047240622
-2.72107733333 371.054261106
-2.71607466667 371.066325598
-2.711072 371.083936067
-2.70606933333 371.107525918
-2.70106666667 371.137405772
-2.696064 371.173825202
-2.69106133333 371.217147345
-2.68605866667 371.268134457
-2.681056 371.327940696
-2.67605333333 371.397882669
-2.67105066667 371.479320086
-2.666048 371.573723736
-2.66104533333 371.682657257
-2.65604266667 371.807357531
-2.65104 371.948179267
-2.64603733333 372.104416233
-2.64103466667 372.274524616
-2.636032 372.456497315
-2.63102933333 372.648207287
-2.62602666667 372.847492249
-2.621024 373.051926877
-2.61602133333 373.258667713
-2.61101866667 373.464788255
-2.606016 373.667832128
-2.60101333333 373.866068821
-2.59601066667 374.05838384
-2.591008 374.243995411
-2.58600533333 374.422049349
-2.58100266667 374.59152584
-2.576 374.751668947
-2.57099733333 374.90243991
-2.56599466667 375.044368329
-2.560992 375.177995774
-2.55598933333 375.303367833
-2.55098666667 375.419714119
-2.545984 375.525367427
-2.54098133333 375.61777782
-2.53597866667 375.693637138
-2.530976 375.749343839
-2.52597333333 375.782017649
-2.52097066667 375.790764889
-2.515968 375.777500175
-2.51096533333 375.746487604
-2.50596266667 375.702810876
-2.50096 375.651055046
-2.49595733333 375.594946015
-2.49095466667 375.537742796
-2.485952 375.482683272
-2.48094933333 375.432806373
-2.47594666667 375.390151913
-2.470944 375.355291223
-2.46594133333 375.327720768
-2.46093866667 375.306665079
-2.455936 375.291366436
-2.45093333333 375.280671915
-2.44593066667 375.272932915
-2.440928 375.266686928
-2.43592533333 375.261219989
-2.43092266667 375.256332634
-2.42592 375.251869397
-2.42091733333 375.247717089
-2.41591466667 375.243945544
-2.410912 375.240732571
-2.40590933333 375.238277452
-2.40090666667 375.236663659
-2.395904 375.235698716
-2.39090133333 375.234948914
-2.38589866667 375.233945162
-2.380896 375.232368262
-2.37589333333 375.230099383
-2.37089066667 375.227151275
-2.365888 375.22350856
-2.36088533333 375.219001071
-2.35588266667 375.21332921
-2.35088 375.206211326
-2.34587733333 375.197517878
-2.34087466667 375.1872341
-2.335872 375.175387726
-2.33086933333 375.162084927
-2.32586666667 375.147632242
-2.320864 375.132513476
-2.31586133333 375.117166474
-2.31085866667 375.101737681
-2.305856 375.085997984
-2.30085333333 375.069416971
-2.29585066667 375.051479484
-2.290848 375.032064786
-2.28584533333 375.011466664
-2.28084266667 374.990015925
-2.27584 374.967622032
-2.27083733333 374.943599441
-2.26583466667 374.9168238
-2.260832 374.885970756
-2.25582933333 374.849785594
-2.25082666667 374.807334347
-2.245824 374.758142864
-2.24082133333 374.702042958
-2.23581866667 374.63895253
-2.230816 374.568754895
-2.22581333333 374.491184567
-2.22081066667 374.405824984
-2.215808 374.312562547
-2.21080533333 374.212156786
-2.20580266667 374.106321939
-2.2008 373.99736129
-2.19579733333 373.8877471
-2.19079466667 373.779866439
-2.185792 373.676070018
-2.18078933333 373.57878258
-2.17578666667 373.490353734
-2.170784 373.412587977
-2.16578133333 373.346241693
-2.16077866667 373.290776438
-2.155776 373.244543691
-2.15077333333 373.205170116
-2.14577066667 373.169902491
-2.140768 373.136049623
-2.13576533333 373.101514478
-2.13076266667 373.065160671
-2.12576 373.026849234
-2.12075733333 372.987225881
-2.11575466667 372.947184074
-2.110752 372.907220237
-2.10574933333 372.867111758
-2.10074666667 372.82588172
-2.095744 372.782036827
-2.09074133333 372.734035836
-2.08573866667 372.680746046
-2.080736 372.621802321
-2.07573333333 372.55772657
-2.07073066667 372.489630175
-2.065728 372.418696607
-2.06072533333 372.345832786
-2.05572266667 372.271642359
-2.05072 372.196537598
-2.04571733333 372.120854124
-2.04071466667 372.04499705
-2.035712 371.969481756
-2.03070933333 371.894825212
-2.02570666667 371.821318998
-2.020704 371.748803975
-2.01570133333 371.676630463
-2.01069866667 371.603878102
-2.005696 371.529671766
-2.00069333333 371.453412779
-1.99569066667 371.374936562
-1.990688 371.294519262
-1.98568533333 371.212695288
-1.98068266667 371.130196189
-1.97568 371.047852597
-1.97067733333 370.966388393
-1.96567466667 370.886485646
-1.960672 370.808879799
-1.95566933333 370.734271783
-1.95066666667 370.663218738
-1.945664 370.596033064
-1.94066133333 370.53280008
-1.93565866667 370.473613139
-1.930656 370.418828672
-1.92565333333 370.369069976
-1.92065066667 370.324982024
-1.915648 370.286943165
-1.91064533333 370.25499539
-1.90564266667 370.228969724
-1.90064 370.208723491
-1.89563733333 370.194065703
-1.89063466667 370.184508471
-1.885632 370.179245199
-1.88062933333 370.177270902
-1.87562666667 370.177457675
-1.870624 370.178544415
-1.86562133333 370.179293887
-1.86061866667 370.178786791
-1.855616 370.176461327
-1.85061333333 370.171872903
-1.84561066667 370.16459234
-1.840608 370.154345201
-1.83560533333 370.141017009
-1.83060266667 370.124404873
-1.8256 370.104111913
-1.82059733333 370.079552445
-1.81559466667 370.050018995
-1.810592 370.015074399
-1.80558933333 369.974957764
-1.80058666667 369.930637226
-1.795584 369.883610883
-1.79058133333 369.835532587
-1.78557866667 369.787799059
-1.780576 369.741307208
-1.77557333333 369.696455255
-1.77057066667 369.653340798
-1.765568 369.612080344
-1.76056533333 369.572938357
-1.75556266667 369.536084806
-1.75056 369.501319595
-1.74555733333 369.468047852
-1.74055466667 369.435323101
-1.735552 369.401997696
-1.73054933333 369.366921708
-1.72554666667 369.32910385
-1.720544 369.287813742
-1.71554133333 369.242639297
-1.71053866667 369.193428671
-1.705536 369.140144306
-1.70053333333 369.08273437
-1.69553066667 369.021158305
-1.690528 368.95569036
-1.68552533333 368.887269973
-1.68052266667 368.817477713
-1.67552 368.748302668
-1.67051733333 368.681978979
-1.66551466667 368.620765027
-1.660512 368.566625905
-1.65550933333 368.521003529
-1.65050666667 368.484606097
-1.645504 368.457346014
-1.64050133333 368.438506104
-1.63549866667 368.427051217
-1.630496 368.421919948
-1.62549333333 368.422220644
-1.62049066667 368.427419303
-1.615488 368.437315809
-1.61048533333 368.451793069
-1.60548266667 368.470661502
-1.60048 368.493630562
-1.59547733333 368.520356925
-1.59047466667 368.550587096
-1.585472 368.584229959
-1.58046933333 368.621279715
-1.57546666667 368.661769138
-1.570464 368.705798446
-1.56546133333 368.753461544
-1.56045866667 368.804845284
-1.555456 368.860220422
-1.55045333333 368.920087663
-1.54545066667 368.984845974
-1.540448 369.054306465
-1.53544533333 369.12744531
-1.53044266667 369.202632575
-1.52544 369.278047735
-1.52043733333 369.352109293
-1.51543466667 369.423678293
-1.510432 369.49182998
-1.50542933333 369.555490062
-1.50042666667 369.613325906
-1.495424 369.664054181
-1.49042133333 369.706898201
-1.48541866667 369.741822014
-1.480416 369.769314852
-1.47541333333 369.790154323
-1.47041066667 369.805557566
-1.465408 369.81745144
-1.46040533333 369.828561642
-1.45540266667 369.842029859
-1.4504 369.86050661
-1.44539733333 369.885200152
-1.44039466667 369.915425414
-1.435392 369.948941477
-1.43038933333 369.982772074
-1.42538666667 370.014203117
-1.420384 370.04151621
-1.41538133333 370.064011098
-1.41037866667 370.081603824
-1.405376 370.094379346
-1.40037333333 370.102240377
-1.39537066667 370.104665777
-1.390368 370.10070019
-1.38536533333 370.089313601
-1.38036266667 370.069827756
-1.37536 370.042127009
-1.37035733333 370.006641162
-1.36535466667 369.964278521
-1.360352 369.916253349
-1.35534933333 369.863767444
-1.35034666667 369.807770199
-1.345344 369.748758342
-1.34034133333 369.68672474
-1.33533866667 369.621434819
-1.330336 369.552841913
-1.32533333333 369.48137287
-1.32033066667 369.408063791
-1.315328 369.334531468
-1.31032533333 369.2628445
-1.30532266667 369.19519798
-1.30032 369.133455464
-1.29531733333 369.07881354
-1.29031466667 369.031693068
-1.285312 368.991870427
-1.28030933333 368.958871005
-1.27530666667 368.932390605
-1.270304 368.912463267
-1.26530133333 368.899414873
-1.26029866667 368.893663974
-1.255296 368.895547646
-1.25029333333 368.905273112
-1.24529066667 368.922866544
-1.240288 368.948066799
-1.23528533333 368.980380363
-1.23028266667 369.019243568
-1.22528 369.063831007
-1.22027733333 369.112650059
-1.21527466667 369.163458851
-1.210272 369.213725227
-1.20526933333 369.261224356
-1.20026666667 369.304246423
-1.195264 369.341481232
-1.19026133333 369.371806345
-1.18525866667 369.394324121
-1.180256 369.408656436
-1.17525333333 369.415160071
-1.17025066667 369.414924815
-1.165248 369.409399876
-1.16024533333 369.399694471
-1.15524266667 369.386018222
-1.15024 369.367700191
-1.14523733333 369.343659763
-1.14023466667 369.31307947
-1.135232 369.275987801
-1.13022933333 369.233535056
-1.12522666667 369.187901298
-1.120224 369.141840767
-1.11522133333 369.098117311
-1.11021866667 369.05913584
-1.105216 369.026738023
-1.10021333333 369.002093537
-1.09521066667 368.985753069
-1.090208 368.977838242
-1.08520533333 368.978243579
-1.08020266667 368.986843647
-1.0752 369.003503372
-1.07019733333 369.027950621
-1.06519466667 369.059740408
-1.060192 369.098276285
-1.05518933333 369.142867804
-1.05018666667 369.192886232
-1.045184 369.247862992
-1.04018133333 369.307398558
-1.03517866667 369.370938177
-1.030176 369.437321817
-1.02517333333 369.504481769
-1.02017066667 369.569736199
-1.015168 369.630430972
-1.01016533333 369.684470777
-1.00516266667 369.730587458
-1.00016 369.768368491
-0.995157333333 369.798218224
-0.990154666667 369.821258322
-0.985152 369.838949572
-0.980149333333 369.85259078
-0.975146666667 369.863098339
-0.970144 369.871152212
-0.965141333333 369.877631398
-0.960138666667 369.884005398
-0.955136 369.892290344
-0.950133333333 369.904554931
-0.945130666667 369.922218964
-0.940128 369.94552094
-0.935125333333 369.973342769
-0.930122666667 370.00360128
-0.92512 370.034044306
-0.920117333333 370.063080891
-0.915114666667 370.090196744
-0.910112 370.115767778
-0.905109333333 370.140590186
-0.900106666667 370.165437997
-0.895104 370.190850216
-0.890101333333 370.217135375
-0.885098666667 370.244642992
-0.880096 370.274048978
-0.875093333333 370.306118881
-0.870090666667 370.341191389
-0.865088 370.378997382
-0.860085333333 370.418858894
-0.855082666667 370.459952716
-0.85008 370.501572274
-0.845077333333 370.543217046
-0.840074666667 370.584507332
-0.835072 370.625084148
-0.830069333333 370.664653503
-0.825066666667 370.703143203
-0.820064 370.740610302
-0.815061333333 370.777112948
-0.810058666667 370.812721298
-0.805056 370.847524857
-0.800053333333 370.881618683
-0.795050666667 370.915019472
-0.790048 370.947604328
-0.785045333333 370.979098611
-0.780042666667 371.009164545
-0.77504 371.037569484
-0.770037333333 371.064226049
-0.765034666667 371.089146347
-0.760032 371.112368721
-0.755029333333 371.133872447
-0.750026666667 371.153530541
-0.745024 371.171237846
-0.740021333333 371.187045254
-0.735018666667 371.200958282
-0.730016 371.212542119
-0.725013333333 371.220816428
-0.720010666667 371.22454831
-0.715008 371.222652937
-0.710005333333 371.214597115
-0.705002666667 371.200562508
-0.7 371.181410489
-0.694997333333 371.158550022
-0.689994666667 371.133422909
-0.684992 371.106957717
-0.679989333333 371.079389483
-0.674986666667 371.050452547
-0.669984 371.019829402
-0.664981333333 370.987610598
-0.659978666667 370.954492997
-0.654976 370.921745542
-0.649973333333 370.891077778
-0.644970666667 370.864408266
-0.639968 370.84336517
-0.634965333333 370.828820426
-0.629962666667 370.820755953
-0.62496 370.81850534
-0.619957333333 370.821170455
-0.614954666667 370.828059109
-0.609952 370.838811507
-0.604949333333 370.853119524
-0.599946666667 370.870338891
-0.594944 370.889417615
-0.589941333333 370.909135701
-0.584938666667 370.928282685
-0.579936 370.945772336
-0.574933333333 370.960847426
-0.569930666667 370.973309586
-0.564928 370.983533188
-0.559925333333 370.992080558
-0.554922666667 370.999382235
-0.54992 371.00573758
-0.544917333333 371.011408073
-0.539914666667 371.016636673
-0.534912 371.021647261
-0.529909333333 371.026644266
-0.524906666667 371.031761608
-0.519904 371.036906845
-0.514901333333 371.041631118
-0.509898666667 371.045231778
-0.504896 371.046997517
-0.499893333333 371.046445377
-0.494890666667 371.043556764
-0.489888 371.038863847
-0.484885333333 371.033229286
-0.479882666667 371.027568423
-0.47488 371.022676725
-0.469877333333 371.01913128
-0.464874666667 371.017182375
-0.459872 371.016612046
-0.454869333333 371.016819751
-0.449866666667 371.017088097
-0.444864 371.016755553
-0.439861333333 371.015483268
-0.434858666667 371.013465186
-0.429856 371.011425896
-0.424853333333 371.010388247
-0.419850666667 371.011326083
-0.414848 371.01491475
-0.409845333333 371.021417143
-0.404842666667 371.030715441
-0.39984 371.042437619
-0.394837333333 371.056165807
-0.389834666667 371.071669598
-0.384832 371.088975902
-0.379829333333 371.108197049
-0.374826666667 371.129352939
-0.369824 371.152318359
-0.364821333333 371.176738895
-0.359818666667 371.202077393
-0.354816 371.227763659
-0.349813333333 371.253263269
-0.344810666667 371.277975871
-0.339808 371.301260135
-0.334805333333 371.322624755
-0.329802666667 371.34185304
-0.3248 371.35900374
-0.319797333333 371.374293689
-0.314794666667 371.387936244
-0.309792 371.400055659
-0.304789333333 371.410698647
-0.299786666667 371.419849599
-0.294784 371.427484977
-0.289781333333 371.433685672
-0.284778666667 371.43869883
-0.279776 371.442887491
-0.274773333333 371.446592484
-0.269770666667 371.450073772
-0.264768 371.453533336
-0.259765333333 371.457118898
-0.254762666667 371.460964436
-0.24976 371.465331231
-0.244757333333 371.470692207
-0.239754666667 371.477489662
-0.234752 371.485826148
-0.229749333333 371.4953416
-0.224746666667 371.505326317
-0.219744 371.514984559
-0.214741333333 371.523750771
-0.209738666667 371.531426989
-0.204736 371.5380584
-0.199733333333 371.54369296
-0.194730666667 371.548228355
-0.189728 371.551399407
-0.184725333333 371.552905807
-0.179722666667 371.552563051
-0.17472 371.550350044
-0.169717333333 371.546420279
-0.164714666667 371.541089609
-0.159712 371.534784257
-0.154709333333 371.527999925
-0.149706666667 371.521183862
-0.144704 371.514651667
-0.139701333333 371.508595449
-0.134698666667 371.503030864
-0.129696 371.497742059
-0.124693333333 371.49234734
-0.119690666667 371.486482207
-0.114688 371.479896119
-0.109685333333 371.472370497
-0.104682666667 371.463624589
-0.09968 371.453367622
