（-9,1），（-6.5,1），（-2,1）
-9.99995733333 798.884152196
-9.99495466667 798.462719023
-9.989952 798.699525257
-9.98494933333 798.883083777
-9.97994666667 798.378121942
-9.974944 798.382084793
-9.96994133333 798.151083766
-9.96493866667 798.514106969
-9.959936 798.043503438
-9.95493333333 798.198097988
-9.94993066667 798.15929949
-9.944928 797.930685929
-9.93992533333 798.247210223
-9.93492266667 798.078468372
-9.92992 797.787343988
-9.92491733333 798.149331951
-9.91991466667 798.322075318
-9.914912 798.430066711
-9.90990933333 798.256955703
-9.90490666667 798.299076046
-9.899904 797.057093302
-9.89490133333 796.205972018
-9.88989866667 796.448501048
-9.884896 796.437567353
-9.87989333333 796.379554045
-9.87489066667 796.389570912
-9.869888 796.572325793
-9.86488533333 796.545771075
-9.85988266667 797.599639776
-9.85488 797.567479069
-9.84987733333 797.028030999
-9.84487466667 797.387142087
-9.839872 797.727017547
-9.83486933333 797.2178432
-9.82986666667 796.822881855
-9.824864 796.820770032
-9.81986133333 796.698420111
-9.81485866667 796.392935391
-9.809856 795.897869748
-9.80485333333 796.143000746
-9.79985066667 795.993042404
-9.794848 795.805909378
-9.78984533333 795.613376718
-9.78484266667 795.862435038
-9.77984 795.802082226
-9.77483733333 795.782025832
-9.76983466667 795.418617814
-9.764832 795.146544109
-9.75982933333 794.788505483
-9.75482666667 796.168860661
-9.749824 796.73089918
-9.74482133333 796.960781527
-9.73981866667 796.706558655
-9.734816 795.85519922
-9.72981333333 795.50536946
-9.72481066667 795.413930116
-9.719808 795.32300775
-9.71480533333 795.081672162
-9.70980266667 795.016463507
-9.7048 794.274753373
-9.69979733333 793.647202162
-9.69479466667 794.103841163
-9.689792 794.403705101
-9.68478933333 793.915567733
-9.67978666667 794.478223891
-9.674784 794.439232163
-9.66978133333 794.303552144
-9.66477866667 794.177007434
-9.659776 793.68874597
-9.65477333333 793.898880578
-9.64977066667 793.911373902
-9.644768 793.831251613
-9.63976533333 793.33600115
-9.63476266667 793.764574158
-9.62976 793.530469519
-9.62475733333 793.45529031
-9.61975466667 793.36774583
-9.614752 793.20858411
-9.60974933333 792.551326826
-9.60474666667 792.573279753
-9.599744 793.073528946
-9.59474133333 793.47386307
-9.58973866667 792.795360889
-9.584736 792.607357576
-9.57973333333 792.906319751
-9.57473066667 793.022300925
-9.569728 792.606033574
-9.56472533333 792.044936649
-9.55972266667 792.18987903
-9.55472 791.890330528
-9.54971733333 791.875688519
-9.54471466667 791.708072983
-9.539712 791.595575497
-9.53470933333 791.201283126
-9.52970666667 791.130841235
-9.524704 790.591017343
-9.51970133333 790.656287729
-9.51469866667 790.854176698
-9.509696 790.261736579
-9.50469333333 790.162187543
-9.49969066667 790.568334143
-9.494688 790.733759313
-9.48968533333 790.960824015
-9.48468266667 790.897686491
-9.47968 791.049633509
-9.47467733333 791.206810266
-9.46967466667 791.682292913
-9.464672 792.103757856
-9.45966933333 792.019586482
-9.45466666667 792.19928107
-9.449664 792.069022785
-9.44466133333 792.362336766
-9.43965866667 791.678671558
-9.434656 791.40395396
-9.42965333333 791.711491013
-9.42465066667 791.991882852
-9.419648 792.033144828
-9.41464533333 791.257584468
-9.40964266667 791.429540962
-9.40464 792.107184564
-9.39963733333 791.723187981
-9.39463466667 792.305093346
-9.389632 791.501027915
-9.38462933333 792.229992241
-9.37962666667 791.675234894
-9.374624 791.96290639
-9.36962133333 791.849518343
-9.36461866667 792.120273448
-9.359616 792.101458264
-9.35461333333 792.230797805
-9.34961066667 792.308356218
-9.344608 792.452982407
-9.33960533333 792.758546687
-9.33460266667 792.839614557
-9.3296 792.535846125
-9.32459733333 792.96362715
-9.31959466667 792.617920902
-9.314592 792.983509133
-9.30958933333 792.442332886
-9.30458666667 792.439154469
-9.299584 792.375056469
-9.29458133333 792.084519543
-9.28957866667 792.135335323
-9.284576 791.803015869
-9.27957333333 791.641146142
-9.27457066667 791.513926372
-9.269568 791.496884137
-9.26456533333 791.831726019
-9.25956266667 791.47832797
-9.25456 791.85309637
-9.24955733333 791.333644313
-9.24455466667 791.289666357
-9.239552 790.436212718
-9.23454933333 790.719117276
-9.22954666667 790.837546082
-9.224544 790.695378632
-9.21954133333 790.136534169
-9.21453866667 789.809966468
-9.209536 789.966971698
-9.20453333333 789.414928911
-9.19953066667 789.327206917
-9.194528 789.338494478
-9.18952533333 788.985804712
-9.18452266667 789.116676767
-9.17952 788.607227975
-9.17451733333 788.516841557
-9.16951466667 788.167680234
-9.164512 788.344192473
-9.15950933333 788.161885114
-9.15450666667 788.119574737
-9.149504 787.636752173
-9.14450133333 787.809173222
-9.13949866667 788.134635476
-9.134496 788.528267532
-9.12949333333 789.187541598
-9.12449066667 789.678923748
-9.119488 789.425071968
-9.11448533333 789.723590279
-9.10948266667 789.649350979
-9.10448 789.451737872
-9.09947733333 789.706505363
-9.09447466667 789.060898998
-9.089472 789.418336338
-9.08446933333 789.286429652
-9.07946666667 789.489100202
-9.074464 789.397721737
-9.06946133333 789.229305694
-9.06445866667 789.559482482
-9.059456 789.282214948
-9.05445333333 790.128233225
-9.04945066667 789.686108695
-9.044448 789.627804111
-9.03944533333 789.863934202
-9.03444266667 789.65652505
-9.02944 789.770313192
-9.02443733333 789.663433478
-9.01943466667 789.638570068
-9.014432 789.643073723
-9.00942933333 789.815602399
-9.00442666667 789.849801457
-8.999424 789.851152613
-8.99442133333 790.66129463
-8.98941866667 790.078835327
-8.984416 789.951943678
-8.97941333333 789.818806877
-8.97441066667 790.068083034
-8.969408 790.154075341
-8.96440533333 790.369954958
-8.95940266667 789.809052201
-8.9544 789.656266922
-8.94939733333 789.898435662
-8.94439466667 790.2055512
-8.939392 790.170138498
-8.93438933333 790.177450394
-8.92938666667 790.420020847
-8.924384 789.649392482
-8.91938133333 788.94286185
-8.91437866667 789.050987231
-8.909376 789.58196707
-8.90437333333 789.354839015
-8.89937066667 789.77770474
-8.894368 789.653524222
-8.88936533333 789.918206849
-8.88436266667 789.801641668
-8.87936 789.588073156
-8.87435733333 789.48268727
-8.86935466667 788.490715721
-8.864352 788.134936492
-8.85934933333 787.680494341
-8.85434666667 788.27974557
-8.849344 787.819450843
-8.84434133333 787.695433713
-8.83933866667 787.53637573
-8.834336 787.248590711
-8.82933333333 787.530604573
-8.82433066667 787.688580773
-8.819328 788.546935311
-8.81432533333 788.203798871
-8.80932266667 787.58004349
-8.80432 788.427648603
-8.79931733333 787.97258112
-8.79431466667 788.161076512
-8.789312 787.933187994
-8.78430933333 788.148231193
-8.77930666667 787.893830641
-8.774304 788.234293951
-8.76930133333 788.058163042
-8.76429866667 788.040380975
-8.759296 788.090411133
-8.75429333333 787.637803042
-8.74929066667 787.591364795
-8.744288 787.762425097
-8.73928533333 787.822559751
-8.73428266667 788.382300708
-8.72928 787.962501305
-8.72427733333 788.351631151
-8.71927466667 788.160455488
-8.714272 788.350895095
-8.70926933333 788.71841712
-8.70426666667 788.617799884
-8.699264 788.688498762
-8.69426133333 788.955833738
-8.68925866667 789.509531914
-8.684256 789.11267101
-8.67925333333 789.249445671
-8.67425066667 789.156085684
-8.669248 789.050209459
-8.66424533333 789.299102537
-8.65924266667 789.257510059
-8.65424 790.290294796
-8.64923733333 790.95796057
-8.64423466667 792.313865227
-8.639232 793.224403002
-8.63422933333 794.521244728
-8.62922666667 796.069235181
-8.624224 797.920608058
-8.61922133333 800.451124335
-8.61421866667 803.39331865
-8.609216 805.411034727
-8.60421333333 807.447493549
-8.59921066667 809.0351659
-8.594208 810.072898892
-8.58920533333 810.081260348
-8.58420266667 812.520177946
-8.5792 813.371594026
-8.57419733333 815.144939546
-8.56919466667 816.607773295
-8.564192 815.098696596
-8.55918933333 813.832749816
-8.55418666667 814.541088595
-8.549184 815.867530276
-8.54418133333 818.411404832
-8.53917866667 821.307566005
-8.534176 825.199963004
-8.52917333333 826.677749184
-8.52417066667 827.725320251
-8.519168 828.414884531
-8.51416533333 829.491425919
-8.50916266667 828.366380207
-8.50416 825.832888545
-8.49915733333 824.561145627
-8.49415466667 823.903804524
-8.489152 825.412855558
-8.48414933333 822.601055132
-8.47914666667 820.705977513
-8.474144 820.314694415
-8.46914133333 819.355446689
-8.46413866667 819.233752284
-8.459136 818.758859889
-8.45413333333 818.967111401
-8.44913066667 818.579804971
-8.444128 818.715365498
-8.43912533333 819.022523218
-8.43412266667 818.438463102
-8.42912 818.072740523
-8.42411733333 817.402472092
-8.41911466667 817.451710274
-8.414112 817.605462418
-8.40910933333 816.573772104
-8.40410666667 815.920698661
-8.399104 814.983897953
-8.39410133333 814.801640764
-8.38909866667 814.129183337
-8.384096 812.408093206
-8.37909333333 811.340731022
-8.37409066667 810.323525013
-8.369088 809.511617441
-8.36408533333 809.033498071
-8.35908266667 808.477529526
-8.35408 807.478252049
-8.34907733333 807.119157877
-8.34407466667 807.56073162
-8.339072 806.885137672
-8.33406933333 806.752621545
-8.32906666667 806.369723163
-8.324064 805.914481956
-8.31906133333 805.70373034
-8.31405866667 805.232906008
-8.309056 804.54369657
-8.30405333333 804.516050752
-8.29905066667 804.073316677
-8.294048 803.791986249
-8.28904533333 803.540124903
-8.28404266667 803.429475482
-8.27904 802.988140412
-8.27403733333 803.57054849
-8.26903466667 802.748304511
-8.264032 802.618484901
-8.25902933333 802.128631723
-8.25402666667 802.071241536
-8.249024 801.643207899
-8.24402133333 801.323244457
-8.23901866667 801.063836944
-8.234016 800.651973929
-8.22901333333 799.765505425
-8.22401066667 799.925075536
-8.219008 799.33842964
-8.21400533333 799.337156799
-8.20900266667 798.782415806
-8.204 799.027436942
-8.19899733333 798.886996347
-8.19399466667 798.859992304
-8.188992 798.314951219
-8.18398933333 798.00200646
-8.17898666667 798.002105212
-8.173984 797.404153082
-8.16898133333 797.038968458
-8.16397866667 797.209730044
-8.158976 797.370489045
-8.15397333333 797.44152792
-8.14897066667 796.658385191
-8.143968 796.317246377
-8.13896533333 796.383444115
-8.13396266667 796.535570935
-8.12896 796.304093487
-8.12395733333 795.8229677
-8.11895466667 795.987718425
-8.113952 796.332128309
-8.10894933333 796.489594346
-8.10394666667 796.399884242
-8.098944 796.291221984
-8.09394133333 797.254529411
-8.08893866667 796.719450842
-8.083936 796.861085974
-8.07893333333 796.749716473
-8.07393066667 797.212550467
-8.068928 797.261848011
-8.06392533333 796.317992832
-8.05892266667 796.123772839
-8.05392 796.675643696
-8.04891733333 796.466149884
-8.04391466667 797.577890087
-8.038912 797.811855826
-8.03390933333 797.466617911
-8.02890666667 797.365046976
-8.023904 797.729220838
-8.01890133333 797.747834748
-8.01389866667 798.226897676
-8.008896 797.947501751
-8.00389333333 798.158437112
-7.99889066667 798.099347931
-7.993888 798.567281459
-7.98888533333 798.511604484
-7.98388266667 798.443396414
-7.97888 798.766892175
-7.97387733333 798.810891377
-7.96887466667 798.797088596
-7.963872 799.300903179
-7.95886933333 799.107299906
-7.95386666667 799.346414931
-7.948864 799.001576385
-7.94386133333 799.287994303
-7.93885866667 798.934553921
-7.933856 798.896929142
-7.92885333333 798.498176792
-7.92385066667 798.588367083
-7.918848 799.059564526
-7.91384533333 798.785920536
-7.90884266667 798.515686363
-7.90384 798.441254417
-7.89883733333 798.28794017
-7.89383466667 798.746055406
-7.888832 798.689311059
-7.88382933333 798.507420528
-7.87882666667 798.756666861
-7.873824 798.691478914
-7.86882133333 798.340385201
-7.86381866667 798.353421538
-7.858816 797.914840933
-7.85381333333 798.76137526
-7.84881066667 799.673552128
-7.843808 799.683980595
-7.83880533333 799.579335873
-7.83380266667 799.98247601
-7.8288 800.076490552
-7.82379733333 800.224193899
-7.81879466667 799.553862966
-7.813792 799.96489852
-7.80878933333 799.937908813
-7.80378666667 799.669101027
-7.798784 799.72796638
-7.79378133333 799.636088791
-7.78877866667 799.836785471
-7.783776 799.906298697
-7.77877333333 799.881043945
-7.77377066667 799.563693751
-7.768768 799.959278135
-7.76376533333 799.704107814
-7.75876266667 799.453917897
-7.75376 799.529261983
-7.74875733333 800.045389759
-7.74375466667 799.659634512
-7.738752 799.294235029
-7.73374933333 799.251344992
-7.72874666667 799.561303845
-7.723744 799.334163153
-7.71874133333 799.268679428
-7.71373866667 799.431920277
-7.708736 799.187828792
-7.70373333333 799.657085386
-7.69873066667 799.173906885
-7.693728 799.664587443
-7.68872533333 799.200743792
-7.68372266667 799.199169493
-7.67872 799.219320373
-7.67371733333 798.965667458
-7.66871466667 798.824620563
-7.663712 798.848415246
-7.65870933333 799.167742231
-7.65370666667 799.369713555
-7.648704 798.674112773
-7.64370133333 798.752898317
-7.63869866667 799.047560933
-7.633696 799.221600866
-7.62869333333 799.243130483
-7.62369066667 799.584274235
-7.618688 799.47259488
-7.61368533333 799.383427676
-7.60868266667 799.109519747
-7.60368 798.886908184
-7.59867733333 799.143180353
-7.59367466667 799.182870422
-7.588672 798.933126489
-7.58366933333 799.029273952
-7.57866666667 799.338653839
-7.573664 799.652109918
-7.56866133333 799.264760309
-7.56365866667 799.020626782
-7.558656 799.833456449
-7.55365333333 800.124897596
-7.54865066667 799.950903575
-7.543648 800.105245359
-7.53864533333 800.008454639
-7.53364266667 800.098858649
-7.52864 800.178567731
-7.52363733333 800.220384655
-7.51863466667 799.533315773
-7.513632 800.250912516
-7.50862933333 799.722516979
-7.50362666667 799.907261974
-7.498624 799.24968699
-7.49362133333 799.363082832
-7.48861866667 799.480206399
-7.483616 799.357529241
-7.47861333333 799.535937975
-7.47361066667 799.608148052
-7.468608 799.65326083
-7.46360533333 799.827149718
-7.45860266667 799.858367642
-7.4536 799.554539338
-7.44859733333 799.478093088
-7.44359466667 799.765320597
-7.438592 799.212801905
-7.43358933333 799.952357792
-7.42858666667 799.434122896
-7.423584 799.919584441
-7.41858133333 799.846006662
-7.41357866667 799.544503631
-7.408576 800.064300644
-7.40357333333 799.941784243
-7.39857066667 800.25213544
-7.393568 799.837369256
-7.38856533333 799.804133535
-7.38356266667 800.562965792
-7.37856 800.541214014
-7.37355733333 800.687041944
-7.36855466667 800.095822832
-7.363552 800.432186364
-7.35854933333 800.516143187
-7.35354666667 800.666086471
-7.348544 800.409892746
-7.34354133333 800.482026022
-7.33853866667 800.800900992
-7.333536 800.718565732
-7.32853333333 799.836864175
-7.32353066667 800.12902126
-7.318528 799.832545537
-7.31352533333 800.29177657
-7.30852266667 799.994993595
-7.30352 799.991236753
-7.29851733333 799.825082949
-7.29351466667 800.056819123
-7.288512 799.706471639
-7.28350933333 800.041664283
-7.27850666667 800.465729928
-7.273504 800.521244884
-7.26850133333 800.704520399
-7.26349866667 800.599371261
-7.258496 800.201167005
-7.25349333333 800.448038355
-7.24849066667 800.140257079
-7.243488 800.508005255
-7.23848533333 799.843603059
-7.23348266667 800.315083034
-7.22848 799.647314665
-7.22347733333 799.698788468
-7.21847466667 799.476911677
-7.213472 799.256189485
-7.20846933333 799.541056078
-7.20346666667 799.625967779
-7.198464 799.639122501
-7.19346133333 799.677065751
-7.18845866667 799.18230711
-7.183456 799.24522721
-7.17845333333 798.82031283
-7.17345066667 799.020467637
-7.168448 798.690184841
-7.16344533333 798.77603669
-7.15844266667 798.596654409
-7.15344 798.481105003
-7.14843733333 798.776777017
-7.14343466667 798.895331876
-7.138432 798.45405127
-7.13342933333 798.443999187
-7.12842666667 798.392874944
-7.123424 798.983278041
-7.11842133333 798.944273404
-7.11341866667 799.340865859
-7.108416 799.568618015
-7.10341333333 799.138243681
-7.09841066667 798.527217879
-7.093408 798.317041866
-7.08840533333 798.294081079
-7.08340266667 798.346979065
-7.0784 798.011587012
-7.07339733333 798.023021401
-7.06839466667 797.408275296
-7.063392 797.318962676
-7.05838933333 796.743558166
-7.05338666667 796.987932186
-7.048384 796.520773899
-7.04338133333 796.792247102
-7.03837866667 796.279849968
-7.033376 796.736258838
-7.02837333333 796.072701603
-7.02337066667 795.980742442
-7.018368 795.919604416
-7.01336533333 795.99109122
-7.00836266667 795.768481481
-7.00336 796.103518832
-6.99835733333 796.162975547
-6.99335466667 796.278337143
-6.988352 796.497518921
-6.98334933333 796.371259395
-6.97834666667 796.30442809
-6.973344 796.928508888
-6.96834133333 796.862280268
-6.96333866667 796.918477031
-6.958336 796.502808506
-6.95333333333 795.944856291
-6.94833066667 796.199160566
-6.943328 796.974027199
-6.93832533333 797.02260041
-6.93332266667 797.369606559
-6.92832 797.487867983
-6.92331733333 797.934300166
-6.91831466667 798.021751561
-6.913312 798.148864933
-6.90830933333 797.461690661
-6.90330666667 797.808891626
-6.898304 797.429112154
-6.89330133333 797.336358203
-6.88829866667 797.425301996
-6.883296 797.050040705
-6.87829333333 796.507903645
-6.87329066667 796.095989351
-6.868288 796.254489574
-6.86328533333 796.503601591
-6.85828266667 795.988390767
-6.85328 796.272495984
-6.84827733333 796.699083562
-6.84327466667 797.881131371
-6.838272 797.756192248
-6.83326933333 797.383750683
-6.82826666667 797.314772236
-6.823264 797.156385858
-6.81826133333 796.947923817
-6.81325866667 796.859045019
-6.808256 796.544497559
-6.80325333333 797.189909198
-6.79825066667 797.564577841
-6.793248 798.056015801
-6.78824533333 796.547369865
-6.78324266667 796.526902189
-6.77824 795.688631061
-6.77323733333 795.828299787
-6.76823466667 795.727037904
-6.763232 795.653932256
-6.75822933333 795.686895631
-6.75322666667 795.898326848
-6.748224 796.02600276
-6.74322133333 796.374203312
-6.73821866667 795.788175502
-6.733216 795.976219039
-6.72821333333 796.34760745
-6.72321066667 796.458938376
-6.718208 794.92068976
-6.71320533333 794.55782218
-6.70820266667 794.368720497
-6.7032 794.708614144
-6.69819733333 794.729203729
-6.69319466667 794.884907475
-6.688192 794.510668346
-6.68318933333 794.499274732
-6.67818666667 793.818230028
-6.673184 794.648404341
-6.66818133333 794.312402508
-6.66317866667 794.593992232
-6.658176 794.727380874
-6.65317333333 795.196752124
-6.64817066667 795.289115163
-6.643168 795.510396168
-6.63816533333 795.072533428
-6.63316266667 794.815657139
-6.62816 795.404748139
-6.62315733333 795.280294316
-6.61815466667 794.786619364
-6.613152 794.547132148
-6.60814933333 795.091513094
-6.60314666667 794.962321208
-6.598144 794.740877952
-6.59314133333 795.738579353
-6.58813866667 796.015809504
-6.583136 796.436482141
-6.57813333333 795.988271272
-6.57313066667 796.318466203
-6.568128 796.663825576
-6.56312533333 796.925583363
-6.55812266667 797.528693855
-6.55312 798.132726879
-6.54811733333 798.35274805
-6.54311466667 799.153645885
-6.538112 798.803587667
-6.53310933333 799.014771145
-6.52810666667 799.156110063
-6.523104 799.549686609
-6.51810133333 799.274278733
-6.51309866667 800.079723617
-6.508096 801.680412736
-6.50309333333 802.461528095
-6.49809066667 803.31381682
-6.493088 803.591035009
-6.48808533333 804.73028786
-6.48308266667 805.550326189
-6.47808 805.069818616
-6.47307733333 805.937427643
-6.46807466667 806.786379828
-6.463072 806.945706066
-6.45806933333 806.74409346
-6.45306666667 806.785487855
-6.448064 805.058983317
-6.44306133333 804.816282397
-6.43805866667 804.927729631
-6.433056 804.797347422
-6.42805333333 803.622212908
-6.42305066667 802.951253424
-6.418048 803.039397331
-6.41304533333 803.084396137
-6.40804266667 802.117639328
-6.40304 802.325907425
-6.39803733333 801.414002141
-6.39303466667 800.791468721
-6.388032 801.123324975
-6.38302933333 800.974481445
-6.37802666667 800.44643321
-6.373024 801.087169522
-6.36802133333 800.069442769
-6.36301866667 799.877864115
-6.358016 799.911640534
-6.35301333333 800.423390669
-6.34801066667 800.473177051
-6.343008 801.180852009
-6.33800533333 801.484135434
-6.33300266667 803.033310877
-6.328 803.913436711
-6.32299733333 805.202994122
-6.31799466667 804.528797724
-6.312992 804.904082455
-6.30798933333 804.002439506
-6.30298666667 804.201129169
-6.297984 803.690928024
-6.29298133333 803.781052319
-6.28797866667 803.294346582
-6.282976 803.433493413
-6.27797333333 802.738888338
-6.27297066667 802.94092505
-6.267968 802.436941951
-6.26296533333 802.680575416
-6.25796266667 802.787421319
-6.25296 802.974167787
-6.24795733333 802.495382241
-6.24295466667 803.003025205
-6.237952 803.086179936
-6.23294933333 802.693846436
-6.22794666667 802.462308231
-6.222944 802.453572435
-6.21794133333 802.546317731
-6.21293866667 802.77259416
-6.207936 802.072625945
-6.20293333333 801.975982662
-6.19793066667 801.330249945
-6.192928 801.309498568
-6.18792533333 800.477925014
-6.18292266667 800.407577806
-6.17792 800.049433066
-6.17291733333 799.781111135
-6.16791466667 799.697023305
-6.162912 798.950158873
-6.15790933333 798.483978543
-6.15290666667 799.471098873
-6.147904 799.943528167
-6.14290133333 800.702242267
-6.13789866667 799.309531668
-6.132896 799.574664807
-6.12789333333 796.081406872
-6.12289066667 795.471233624
-6.117888 794.295519809
-6.11288533333 794.451552819
-6.10788266667 795.402162143
-6.10288 792.653085042
-6.09787733333 792.339463504
-6.09287466667 791.88121126
-6.087872 795.026681475
-6.08286933333 794.88566917
-6.07786666667 793.428528872
-6.072864 794.322190458
-6.06786133333 795.801676823
-6.06285866667 797.888423159
-6.057856 797.674986538
-6.05285333333 798.793581109
-6.04785066667 800.683552521
-6.042848 800.759199312
-6.03784533333 800.174770634
-6.03284266667 800.552696988
-6.02784 799.982353158
-6.02283733333 799.790505432
-6.01783466667 799.734074477
-6.012832 798.89185305
-6.00782933333 795.978351404
-6.00282666667 792.458726538
-5.997824 791.077249731
-5.99282133333 789.860541837
-5.98781866667 790.204431535
-5.982816 790.229038459
-5.97781333333 790.437570566
-5.97281066667 790.206229902
-5.967808 790.274334652
-5.96280533333 789.832957975
-5.95780266667 789.673168794
-5.9528 789.891527421
-5.94779733333 789.451513532
-5.94279466667 789.34702286
-5.937792 789.019256201
-5.93278933333 789.123698099
-5.92778666667 788.491886789
-5.922784 788.955326085
-5.91778133333 788.663312103
-5.91277866667 788.964368393
-5.907776 788.706057688
-5.90277333333 789.186602107
-5.89777066667 789.231951165
-5.892768 789.769437496
-5.88776533333 789.695200341
-5.88276266667 789.980671606
-5.87776 790.140995652
-5.87275733333 790.708839231
-5.86775466667 790.554598752
-5.862752 791.195751556
-5.85774933333 791.625490178
-5.85274666667 792.099763598
-5.847744 792.872366306
-5.84274133333 793.208849224
-5.83773866667 793.390453954
-5.832736 793.68881645
-5.82773333333 793.854683036
-5.82273066667 794.681814884
-5.817728 794.513034781
-5.81272533333 795.241289167
-5.80772266667 795.841404664
-5.80272 796.457020458
-5.79771733333 796.650532414
-5.79271466667 797.229102617
-5.787712 797.592932936
-5.78270933333 798.307843826
-5.77770666667 798.952898424
-5.772704 799.999748764
-5.76770133333 800.844369178
-5.76269866667 801.766714423
-5.757696 802.311169505
-5.75269333333 803.090068509
-5.74769066667 802.859786537
-5.742688 803.057494309
-5.73768533333 803.012517228
-5.73268266667 803.079400304
-5.72768 802.615900992
-5.72267733333 803.120600236
-5.71767466667 803.202961242
-5.712672 803.739382005
-5.70766933333 803.31295115
-5.70266666667 803.864985536
-5.697664 803.699772462
-5.69266133333 804.118386143
-5.68765866667 803.488993128
-5.682656 804.407754798
-5.67765333333 803.654478823
-5.67265066667 803.583621606
-5.667648 803.856396301
-5.66264533333 803.772644412
-5.65764266667 803.526703555
-5.65264 803.877190902
-5.64763733333 803.417772907
-5.64263466667 803.267883316
-5.637632 803.385995719
-5.63262933333 803.762639695
-5.62762666667 803.482525231
-5.622624 803.460862519
-5.61762133333 803.356383301
-5.61261866667 803.707786946
-5.607616 803.213891878
-5.60261333333 803.230237034
-5.59761066667 803.149550232
-5.592608 803.25932169
-5.58760533333 803.363702751
-5.58260266667 803.382971089
-5.5776 803.260538905
-5.57259733333 803.642089074
-5.56759466667 803.818945504
-5.562592 803.673099522
-5.55758933333 803.723251955
-5.55258666667 804.076821984
-5.547584 803.817108963
-5.54258133333 804.451519558
-5.53757866667 804.119172028
-5.532576 803.686656976
-5.52757333333 804.113943822
-5.52257066667 804.14250688
-5.517568 804.121432283
-5.51256533333 803.995027083
-5.50756266667 804.211199213
-5.50256 804.38181295
-5.49755733333 805.031453585
-5.49255466667 805.120116698
-5.487552 804.620910141
-5.48254933333 804.458292961
-5.47754666667 804.609457884
-5.472544 804.658039001
-5.46754133333 804.084278714
-5.46253866667 804.712468314
-5.457536 804.132072397
-5.45253333333 804.441712819
-5.44753066667 804.163848252
-5.442528 804.190635559
-5.43752533333 803.822486405
-5.43252266667 804.040568118
-5.42752 803.920160877
-5.42251733333 804.604304042
-5.41751466667 803.871988613
-5.412512 803.908438192
-5.40750933333 803.748288631
-5.40250666667 803.73243039
-5.397504 803.491292081
-5.39250133333 803.96734431
-5.38749866667 803.327203535
-5.382496 802.963339739
-5.37749333333 803.316788727
-5.37249066667 803.986834438
-5.367488 803.492260924
-5.36248533333 803.583120078
-5.35748266667 802.940092763
-5.35248 803.240137458
-5.34747733333 803.112645585
-5.34247466667 803.451609678
-5.337472 803.106226998
-5.33246933333 803.537252172
-5.32746666667 803.146157595
-5.322464 802.99296843
-5.31746133333 803.558032561
-5.31245866667 803.47826046
-5.307456 803.26616331
-5.30245333333 803.239284047
-5.29745066667 802.636142819
-5.292448 803.231058876
-5.28744533333 803.065589707
-5.28244266667 803.242270677
-5.27744 802.875678841
-5.27243733333 803.056849406
-5.26743466667 803.360342976
-5.262432 803.527231391
-5.25742933333 803.357367143
-5.25242666667 802.865371339
-5.247424 802.945022301
-5.24242133333 803.376580809
-5.23741866667 802.667249063
-5.232416 802.625834445
-5.22741333333 802.266528645
-5.22241066667 802.690058821
-5.217408 802.315794045
-5.21240533333 802.236982203
-5.20740266667 802.28165777
-5.2024 802.563754211
-5.19739733333 802.265116184
-5.19239466667 802.321126552
-5.187392 802.140835674
-5.18238933333 802.068565016
-5.17738666667 802.391538304
-5.172384 802.456454913
-5.16738133333 802.262079505
-5.16237866667 802.568934147
-5.157376 802.547715386
-5.15237333333 802.762993028
-5.14737066667 802.61341686
-5.142368 802.781883522
-5.13736533333 802.738979014
-5.13236266667 802.929739522
-5.12736 802.587851898
-5.12235733333 802.588411355
-5.11735466667 802.683299269
-5.112352 802.800056725
-5.10734933333 802.544483992
-5.10234666667 802.694151921
-5.097344 802.233433169
-5.09234133333 802.940354347
-5.08733866667 802.402757322
-5.082336 802.761535938
-5.07733333333 802.328329699
-5.07233066667 802.993725982
-5.067328 803.161919311
-5.06232533333 802.478462736
-5.05732266667 802.487245788
-5.05232 802.068820783
-5.04731733333 802.037345917
-5.04231466667 801.900674556
-5.037312 801.699670812
-5.03230933333 802.349595698
-5.02730666667 802.309739368
-5.022304 802.737491018
-5.01730133333 802.177931452
-5.01229866667 802.894058825
-5.007296 803.105245991
-5.00229333333 803.045483201
-4.99729066667 803.074005886
-4.992288 803.051986398
-4.98728533333 802.928054369
-4.98228266667 802.803975488
-4.97728 802.290577347
-4.97227733333 802.635591848
-4.96727466667 802.0195715
-4.962272 802.367079496
-4.95726933333 801.780582789
-4.95226666667 801.694330304
-4.947264 801.151292578
-4.94226133333 801.187457496
-4.93725866667 800.837586503
-4.932256 801.412233474
-4.92725333333 801.844624961
-4.92225066667 802.354797473
-4.917248 801.950482812
-4.91224533333 801.832322071
-4.90724266667 801.420182924
-4.90224 801.439489814
-4.89723733333 801.749496528
-4.89223466667 802.077608654
-4.887232 801.466535018
-4.88222933333 801.677670663
-4.87722666667 801.529615404
-4.872224 801.603538129
-4.86722133333 801.080362824
-4.86221866667 800.922541646
-4.857216 800.912175911
-4.85221333333 801.28933213
-4.84721066667 800.738901148
-4.842208 801.265033835
-4.83720533333 800.635165251
-4.83220266667 801.071955577
-4.8272 800.739705341
-4.82219733333 800.806979083
-4.81719466667 800.558444154
-4.812192 800.618196547
-4.80718933333 800.229874754
-4.80218666667 800.407358468
-4.797184 800.780795284
-4.79218133333 801.973361543
-4.78717866667 802.23715984
-4.782176 803.40892954
-4.77717333333 802.976257205
-4.77217066667 803.666676452
-4.767168 802.290011256
-4.76216533333 801.534543869
-4.75716266667 801.326570016
-4.75216 802.42919068
-4.74715733333 802.944885995
-4.74215466667 803.261188835
-4.737152 803.600806274
-4.73214933333 803.519389373
-4.72714666667 803.531616859
-4.722144 803.616279647
-4.71714133333 802.845183371
-4.71213866667 802.614526993
-4.707136 802.310080232
-4.70213333333 802.609600903
-4.69713066667 802.573141177
-4.692128 802.461100746
-4.68712533333 802.414060653
-4.68212266667 802.743112202
-4.67712 802.675134324
-4.67211733333 804.555543223
-4.66711466667 805.184803529
-4.662112 805.057925608
-4.65710933333 804.999147987
-4.65210666667 804.922453121
-4.647104 804.950379441
-4.64210133333 805.155097305
-4.63709866667 805.182354416
-4.632096 805.184371046
-4.62709333333 804.34028367
-4.62209066667 804.996579951
-4.617088 805.031609148
-4.61208533333 804.786864786
-4.60708266667 804.4696945
-4.60208 804.367262411
-4.59707733333 804.918637809
-4.59207466667 805.284827735
-4.587072 804.816582878
-4.58206933333 805.165513578
-4.57706666667 805.283594295
-4.572064 806.057301155
-4.56706133333 805.803838308
-4.56205866667 806.060466662
-4.557056 806.00118383
-4.55205333333 806.100703717
-4.54705066667 805.436761033
-4.542048 805.27561179
-4.53704533333 805.099034446
-4.53204266667 805.797111476
-4.52704 805.333902569
-4.52203733333 805.129154472
-4.51703466667 804.145028448
-4.512032 804.234268025
-4.50702933333 804.360800615
-4.50202666667 803.056267336
-4.497024 800.778350699
-4.49202133333 801.252751372
-4.48701866667 801.263377827
-4.482016 802.041957969
-4.47701333333 801.408912233
-4.47201066667 801.082662578
-4.467008 800.960134143
-4.46200533333 801.216302172
-4.45700266667 801.892982305
-4.452 801.9960315
-4.44699733333 801.425256185
-4.44199466667 802.206839989
-4.436992 801.29710615
-4.43198933333 801.080212731
-4.42698666667 799.796857518
-4.421984 799.799737516
-4.41698133333 799.449250769
-4.41197866667 798.760315438
-4.406976 798.744176658
-4.40197333333 798.757341487
-4.39697066667 798.61179851
-4.391968 798.563742803
-4.38696533333 798.566250598
-4.38196266667 798.692193178
-4.37696 798.432314073
-4.37195733333 798.955720714
-4.36695466667 798.390038308
-4.361952 798.592578355
-4.35694933333 798.287883006
-4.35194666667 798.284823134
-4.346944 797.635882565
-4.34194133333 798.047684256
-4.33693866667 797.357636228
-4.331936 797.627999604
-4.32693333333 797.247113065
-4.32193066667 797.122774891
-4.316928 796.665979129
-4.31192533333 796.913290966
-4.30692266667 796.690490059
-4.30192 796.813262666
-4.29691733333 796.308873509
-4.29191466667 796.571444634
-4.286912 796.142581283
-4.28190933333 796.530481269
-4.27690666667 796.723379089
-4.271904 796.605333671
-4.26690133333 796.168001963
-4.26189866667 795.740110296
-4.256896 795.477067233
-4.25189333333 795.931022009
-4.24689066667 795.77617791
-4.241888 796.098705394
-4.23688533333 796.068179575
-4.23188266667 796.572758986
-4.22688 796.171344002
-4.22187733333 796.334288477
-4.21687466667 796.540793552
-4.211872 796.346587714
-4.20686933333 796.428806871
-4.20186666667 796.545505354
-4.196864 796.000152756
-4.19186133333 796.150386575
-4.18685866667 795.774016797
-4.181856 796.323054863
-4.17685333333 796.233125655
-4.17185066667 795.979194931
-4.166848 795.692124027
-4.16184533333 795.822593809
-4.15684266667 796.079707896
-4.15184 796.463545073
-4.14683733333 798.126398702
-4.14183466667 798.069408208
-4.136832 798.21725867
-4.13182933333 797.937178023
-4.12682666667 797.913443694
-4.121824 798.295396167
-4.11682133333 797.732388774
-4.11181866667 798.019751182
-4.106816 797.249489458
-4.10181333333 797.519722059
-4.09681066667 797.718350261
-4.091808 798.79726193
-4.08680533333 798.969342904
-4.08180266667 798.685979055
-4.0768 798.463925438
-4.07179733333 798.721397258
-4.06679466667 798.54050806
-4.061792 798.377946303
-4.05678933333 798.411976723
-4.05178666667 798.925412039
-4.046784 798.637662386
-4.04178133333 798.719282635
-4.03677866667 798.330007049
-4.031776 798.242478762
-4.02677333333 797.875135918
-4.02177066667 797.668585282
-4.016768 797.458084246
-4.01176533333 797.723732295
-4.00676266667 797.353218349
-4.00176 797.573344338
-3.99675733333 796.473243601
-3.99175466667 796.606262966
-3.986752 795.66052475
-3.98174933333 795.198078095
-3.97674666667 794.458329594
-3.971744 794.443835491
-3.96674133333 793.480487055
-3.96173866667 793.875614173
-3.956736 793.318817121
-3.95173333333 792.999931589
-3.94673066667 792.737899623
-3.941728 792.921542822
-3.93672533333 792.553803202
-3.93172266667 792.376570509
-3.92672 792.023015926
-3.92171733333 792.51329745
-3.91671466667 791.805488419
-3.911712 791.720924156
-3.90670933333 791.250931627
-3.90170666667 791.376384445
-3.896704 791.271514655
-3.89170133333 791.369819845
-3.88669866667 791.134118357
-3.881696 791.153412513
-3.87669333333 791.089178967
-3.87169066667 791.028985011
-3.866688 790.805316378
-3.86168533333 791.711634458
-3.85668266667 791.383589738
-3.85168 791.824967379
-3.84667733333 792.203078526
-3.84167466667 793.982806415
-3.836672 794.132173017
-3.83166933333 794.942251636
-3.82666666667 795.350094832
-3.821664 795.042860379
-3.81666133333 795.431670945
-3.81165866667 796.19072111
-3.806656 796.399854975
-3.80165333333 796.668447953
-3.79665066667 797.441225244
-3.791648 797.720122438
-3.78664533333 797.510258884
-3.78164266667 797.580893804
-3.77664 797.499316543
-3.77163733333 797.50881022
-3.76663466667 796.446531599
-3.761632 795.909108964
-3.75662933333 795.83134584
-3.75162666667 795.7981145
-3.746624 795.343895326
-3.74162133333 795.508201446
-3.73661866667 795.081956631
-3.731616 795.671628266
-3.72661333333 795.616201878
-3.72161066667 795.841223675
-3.716608 795.49973898
-3.71160533333 795.742490953
-3.70660266667 795.136320785
-3.7016 794.763175156
-3.69659733333 794.448956824
-3.69159466667 794.681755356
-3.686592 794.705181051
-3.68158933333 794.50931399
-3.67658666667 794.23330404
-3.671584 794.126744761
-3.66658133333 793.751264556
-3.66157866667 794.23455552
-3.656576 794.111043166
-3.65157333333 794.040395045
-3.64657066667 793.463345068
-3.641568 794.378626349
-3.63656533333 794.069035117
-3.63156266667 794.036173847
-3.62656 793.612658801
-3.62155733333 794.425778557
-3.61655466667 794.004055263
-3.611552 793.943802722
-3.60654933333 793.620658086
-3.60154666667 794.538140012
-3.596544 794.362855825
-3.59154133333 794.768070242
-3.58653866667 794.094848863
-3.581536 794.582955362
-3.57653333333 794.14198352
-3.57153066667 794.643770394
-3.566528 794.33364466
-3.56152533333 794.235198341
-3.55652266667 794.072674594
-3.55152 794.851320293
-3.54651733333 794.610022499
-3.54151466667 794.274229245
-3.536512 794.480681108
-3.53150933333 794.757413563
-3.52650666667 793.995718398
-3.521504 794.187988788
-3.51650133333 794.048417112
-3.51149866667 794.707423934
-3.506496 794.05066311
-3.50149333333 793.824694904
-3.49649066667 794.222905015
-3.491488 794.059918524
-3.48648533333 794.173108655
-3.48148266667 794.078356853
-3.47648 793.681223061
-3.47147733333 793.763339378
-3.46647466667 793.699748521
-3.461472 793.934394161
-3.45646933333 793.411855536
-3.45146666667 793.72188107
-3.446464 793.544078191
-3.44146133333 793.683890383
-3.43645866667 793.47662352
-3.431456 793.780771307
-3.42645333333 793.568154594
-3.42145066667 793.569491445
-3.416448 793.248943587
-3.41144533333 793.364018477
-3.40644266667 793.355573238
-3.40144 793.606320698
-3.39643733333 792.647948403
-3.39143466667 793.286110673
-3.386432 792.557133553
-3.38142933333 792.970259435
-3.37642666667 792.858942983
-3.371424 792.995488899
-3.36642133333 792.428548881
-3.36141866667 793.418820338
-3.356416 793.38008404
-3.35141333333 793.466340046
-3.34641066667 793.348874508
-3.341408 793.069222709
-3.33640533333 793.258761082
-3.33140266667 793.438517105
-3.3264 792.484521393
-3.32139733333 792.923400135
-3.31639466667 792.713726524
-3.311392 792.943333201
-3.30638933333 792.081420692
-3.30138666667 792.125118059
-3.296384 792.287694359
-3.29138133333 792.176136647
-3.28637866667 792.0145979
-3.281376 791.721414104
-3.27637333333 791.814058394
-3.27137066667 791.781163606
-3.266368 791.726238005
-3.26136533333 791.653709424
-3.25636266667 791.465017673
-3.25136 791.883779304
-3.24635733333 791.679181788
-3.24135466667 791.945510153
-3.236352 791.211133213
-3.23134933333 791.715370684
-3.22634666667 791.368186007
-3.221344 791.186968791
-3.21634133333 790.652461282
-3.21133866667 791.079373306
-3.206336 790.603166668
-3.20133333333 791.129650073
-3.19633066667 790.22836098
-3.191328 790.498119229
-3.18632533333 790.108407977
-3.18132266667 790.598386052
-3.17632 790.051204165
-3.17131733333 790.288416947
-3.16631466667 790.139854841
-3.161312 790.455608046
-3.15630933333 790.095752067
-3.15130666667 789.998818807
-3.146304 790.08283842
-3.14130133333 789.976954859
-3.13629866667 789.615034862
-3.131296 790.005658965
-3.12629333333 789.198030447
-3.12129066667 789.807343134
-3.116288 789.614665257
-3.11128533333 789.426496247
-3.10628266667 789.177893218
-3.10128 789.594449668
-3.09627733333 789.447906379
-3.09127466667 789.739263987
-3.086272 789.439405725
-3.08126933333 789.166532663
-3.07626666667 789.231230534
-3.071264 788.963075163
-3.06626133333 788.070567035
-3.06125866667 788.388187147
-3.056256 787.867946554
-3.05125333333 788.194298045
-3.04625066667 787.982674719
-3.041248 787.56522418
-3.03624533333 787.035718818
-3.03124266667 786.988420019
-3.02624 787.107150756
-3.02123733333 786.796009501
-3.01623466667 786.723602048
-3.011232 786.489835299
-3.00622933333 786.483088652
-3.00122666667 786.447903119
-2.996224 786.29161865
-2.99122133333 786.444699254
-2.98621866667 785.554678391
-2.981216 785.792895571
-2.97621333333 785.615454061
-2.97121066667 786.662041564
-2.966208 786.082456108
-2.96120533333 786.081743793
-2.95620266667 785.600272476
-2.9512 785.563607347
-2.94619733333 785.381347102
-2.94119466667 785.741027913
-2.936192 785.061609191
-2.93118933333 785.407695692
-2.92618666667 785.186895541
-2.921184 785.448298168
-2.91618133333 784.72208116
-2.91117866667 784.864159893
-2.906176 784.877410265
-2.90117333333 784.795150459
-2.89617066667 784.491003887
-2.891168 784.221504083
-2.88616533333 784.249517914
-2.88116266667 784.871580742
-2.87616 784.387496717
-2.87115733333 785.370902944
-2.86615466667 786.143598861
-2.861152 787.699529746
-2.85614933333 789.323454369
-2.85114666667 791.68704215
-2.846144 792.998745846
-2.84114133333 794.372778561
-2.83613866667 794.691230288
-2.831136 795.300213632
-2.82613333333 795.428613208
-2.82113066667 795.485656746
-2.816128 795.35660079
-2.81112533333 795.006042465
-2.80612266667 794.085076013
-2.80112 794.036689668
-2.79611733333 793.503126327
-2.79111466667 793.466076835
-2.786112 791.980452593
-2.78110933333 791.559663435
-2.77610666667 791.213976473
-2.771104 790.9674793
-2.76610133333 790.978025099
-2.76109866667 790.426493547
-2.756096 790.361408266
-2.75109333333 790.099002887
-2.74609066667 789.882866102
-2.741088 789.711240148
-2.73608533333 788.965875431
-2.73108266667 788.986474649
-2.72608 788.400912282
-2.72107733333 788.607868876
-2.71607466667 788.153455406
-2.711072 788.075633597
-2.70606933333 788.053954893
-2.70106666667 788.307534229
-2.696064 787.582244153
-2.69106133333 787.603959284
-2.68605866667 787.625701775
-2.681056 787.614779608
-2.67605333333 787.828804129
-2.67105066667 787.678498623
-2.666048 787.4678103
-2.66104533333 787.949422655
-2.65604266667 787.667955468
-2.65104 787.829667721
-2.64603733333 787.553866633
-2.64103466667 787.66438859
-2.636032 787.471126351
-2.63102933333 787.271905486
-2.62602666667 787.337375096
-2.621024 787.784551694
-2.61602133333 787.115909069
-2.61101866667 787.677556562
-2.606016 787.048346111
-2.60101333333 787.186280585
-2.59601066667 786.93280558
-2.591008 787.162372059
-2.58600533333 786.94919546
-2.58100266667 786.893451926
-2.576 786.427612196
-2.57099733333 786.475710607
-2.56599466667 786.486985621
-2.560992 786.715121278
-2.55598933333 786.47776825
-2.55098666667 787.022975632
-2.545984 786.387797278
-2.54098133333 786.599873675
-2.53597866667 785.757746233
-2.530976 786.353931336
-2.52597333333 785.827069441
-2.52097066667 785.916412939
-2.515968 786.071001553
-2.51096533333 786.237799049
-2.50596266667 786.351543899
-2.50096 786.390158046
-2.49595733333 787.088337439
-2.49095466667 787.885550793
-2.485952 788.012903864
-2.48094933333 788.091313878
-2.47594666667 787.542329362
-2.470944 787.560868331
-2.46594133333 786.683116072
-2.46093866667 786.443699328
-2.455936 785.618794772
-2.45093333333 785.997505449
-2.44593066667 785.463804322
-2.440928 785.553130641
-2.43592533333 784.900915676
-2.43092266667 785.037806716
-2.42592 784.655082764
-2.42091733333 784.876580318
-2.41591466667 784.289593933
-2.410912 784.509692828
-2.40590933333 784.231479333
-2.40090666667 784.590125331
-2.395904 784.051899601
-2.39090133333 784.196319033
-2.38589866667 784.157942745
-2.380896 783.930944662
-2.37589333333 783.243657888
-2.37089066667 783.263167647
-2.365888 783.12016517
-2.36088533333 782.924622888
-2.35588266667 782.881585242
-2.35088 783.232469687
-2.34587733333 782.538585828
-2.34087466667 782.89818354
-2.335872 782.287721365
-2.33086933333 782.485785135
-2.32586666667 781.910649744
-2.320864 782.329340126
-2.31586133333 781.875584563
-2.31085866667 781.976184897
-2.305856 781.870082108
-2.30085333333 781.96801837
-2.29585066667 781.923836817
-2.290848 782.243857014
-2.28584533333 781.967504154
-2.28084266667 782.505259934
-2.27584 782.096768838
-2.27083733333 782.671270338
-2.26583466667 781.978603795
-2.260832 782.4307996
-2.25582933333 782.334780955
-2.25082666667 782.781134432
-2.245824 782.289513559
-2.24082133333 782.247345555
-2.23581866667 782.276970015
-2.230816 782.154348855
-2.22581333333 781.866458016
-2.22081066667 782.107409914
-2.215808 781.85653462
-2.21080533333 782.415469251
-2.20580266667 782.067959333
-2.2008 781.7029255
-2.19579733333 781.306342063
-2.19079466667 781.351207753
-2.185792 781.06360038
-2.18078933333 781.047975229
-2.17578666667 781.086496845
-2.170784 780.993802346
-2.16578133333 780.738434305
-2.16077866667 780.835852869
-2.155776 780.489061424
-2.15077333333 780.882794465
-2.14577066667 780.226223735
-2.140768 780.2635706
-2.13576533333 779.781681498
-2.13076266667 780.843474304
-2.12576 780.995694264
-2.12075733333 780.983896481
-2.11575466667 780.361764482
-2.110752 780.076199311
-2.10574933333 780.318134041
-2.10074666667 780.748666592
-2.095744 779.948738564
-2.09074133333 780.014412694
-2.08573866667 779.691035411
-2.080736 780.006706991
-2.07573333333 780.053727283
-2.07073066667 780.804593289
-2.065728 781.715513175
-2.06072533333 782.622601701
-2.05572266667 782.8925493
-2.05072 783.076286114
-2.04571733333 782.854097661
-2.04071466667 783.070679148
-2.035712 783.338097867
-2.03070933333 783.160824005
-2.02570666667 782.646273433
-2.020704 783.551654148
-2.01570133333 783.072551932
-2.01069866667 783.375172194
-2.005696 782.782500051
-2.00069333333 782.790970247
-1.99569066667 782.186839084
-1.990688 782.103074257
-1.98568533333 781.818867172
-1.98068266667 782.427868219
-1.97568 782.07223389
-1.97067733333 782.450359748
-1.96567466667 781.695546048
-1.960672 782.026144579
-1.95566933333 781.901896722
-1.95066666667 782.278290802
-1.945664 781.893385258
-1.94066133333 781.729968908
-1.93565866667 781.622505251
-1.930656 781.567621822
-1.92565333333 781.735386375
-1.92065066667 781.716608256
-1.915648 781.816659344
-1.91064533333 781.975459757
-1.90564266667 781.592040212
-1.90064 781.645281022
-1.89563733333 781.249479166
-1.89063466667 781.771786338
-1.885632 781.548623857
-1.88062933333 781.502861804
-1.87562666667 781.41666889
-1.870624 781.422011025
-1.86562133333 781.288614925
-1.86061866667 780.669061955
-1.855616 780.355229129
-1.85061333333 780.395014533
-1.84561066667 780.192239791
-1.840608 780.194955458
-1.83560533333 779.516875227
-1.83060266667 779.835285758
-1.8256 779.568090746
-1.82059733333 779.682490698
-1.81559466667 779.241346901
-1.810592 779.635611259
-1.80558933333 779.565360328
-1.80058666667 779.447352789
-1.795584 779.245316977
-1.79058133333 779.695042606
-1.78557866667 779.327394947
-1.780576 779.319709714
-1.77557333333 778.918643673
-1.77057066667 779.520126146
-1.765568 778.971049968
-1.76056533333 779.503131859
-1.75556266667 779.104269452
-1.75056 779.329278993
-1.74555733333 779.570997531
-1.74055466667 779.716311509
-1.735552 779.950870751
-1.73054933333 780.304177416
-1.72554666667 780.509543989
-1.720544 780.781146194
-1.71554133333 781.043197993
-1.71053866667 781.905481287
-1.705536 781.938237173
-1.70053333333 783.809790311
-1.69553066667 784.341805785
-1.690528 785.639881719
-1.68552533333 787.306885825
-1.68052266667 788.404910092
-1.67552 789.078609899
-1.67051733333 790.16743384
-1.66551466667 791.115413397
-1.660512 792.125394237
-1.65550933333 792.580637255
-1.65050666667 793.802521256
-1.645504 794.825013388
-1.64050133333 796.921989842
-1.63549866667 798.203529778
-1.630496 799.485780555
-1.62549333333 800.263378965
-1.62049066667 799.807496748
-1.615488 801.786550995
-1.61048533333 803.695898561
-1.60548266667 803.757129412
-1.60048 805.186648374
-1.59547733333 804.814000163
-1.59047466667 808.321662337
-1.585472 809.259150708
-1.58046933333 811.95660325
-1.57546666667 813.290379773
-1.570464 814.276262641
-1.56546133333 815.477215415
-1.56045866667 815.026836261
-1.555456 815.103732581
-1.55045333333 815.411841183
-1.54545066667 815.237676094
-1.540448 815.309406594
-1.53544533333 814.437831232
-1.53044266667 814.40499953
-1.52544 814.097787208
-1.52043733333 814.557037624
-1.51543466667 814.071309306
-1.510432 813.777532038
-1.50542933333 813.32083451
-1.50042666667 812.022262458
-1.495424 811.499065588
-1.49042133333 812.05322165
-1.48541866667 811.369205817
-1.480416 810.970569537
-1.47541333333 810.127331054
-1.47041066667 810.559082634
-1.465408 810.008652025
-1.46040533333 810.279239374
-1.45540266667 809.724110744
-1.4504 809.619485959
-1.44539733333 808.868900647
-1.44039466667 808.692560501
-1.435392 808.371734125
-1.43038933333 808.604372738
-1.42538666667 807.728961041
-1.420384 808.403362074
-1.41538133333 807.814791608
-1.41037866667 807.995685166
-1.405376 807.386794144
-1.40037333333 807.657819398
-1.39537066667 807.353844419
-1.390368 807.117714397
-1.38536533333 807.150537833
-1.38036266667 806.980133274
-1.37536 806.351776277
-1.37035733333 806.342141039
-1.36535466667 806.005361745
-1.360352 806.151172425
-1.35534933333 805.858322167
-1.35034666667 805.947855848
-1.345344 805.39262954
-1.34034133333 805.4472683
-1.33533866667 805.884148937
-1.330336 805.48047689
-1.32533333333 805.169757862
-1.32033066667 805.348184713
-1.315328 805.000918704
-1.31032533333 805.190490582
-1.30532266667 804.883660478
-1.30032 804.88690617
-1.29531733333 804.188876946
-1.29031466667 804.660248599
-1.285312 804.123940654
-1.28030933333 804.267701399
-1.27530666667 803.734688513
-1.270304 803.815846695
-1.26530133333 803.705451002
-1.26029866667 803.918912748
-1.255296 803.743695429
-1.25029333333 804.000214754
-1.24529066667 803.235613224
-1.240288 803.373525008
-1.23528533333 802.276554404
-1.23028266667 802.864405013
-1.22528 802.177280428
-1.22027733333 802.684625796
-1.21527466667 802.361234486
-1.210272 801.982659476
-1.20526933333 801.547729104
-1.20026666667 801.363793881
-1.195264 800.336818295
-1.19026133333 799.692705633
-1.18525866667 798.775423421
-1.180256 798.340985591
-1.17525333333 797.647053955
-1.17025066667 797.159311568
-1.165248 797.307741567
-1.16024533333 797.23872098
-1.15524266667 795.726421398
-1.15024 795.263411632
-1.14523733333 795.060766865
-1.14023466667 794.168304452
-1.135232 793.499977962
-1.13022933333 794.283292621
-1.12522666667 795.933223863
-1.120224 798.663196921
-1.11522133333 798.861809802
-1.11021866667 799.38345835
-1.105216 798.456322485
-1.10021333333 796.574904613
-1.09521066667 796.857752598
-1.090208 797.574978456
-1.08520533333 796.585337215
-1.08020266667 796.43335195
-1.0752 795.747683975
-1.07019733333 795.154029211
-1.06519466667 794.611590768
-1.060192 796.392302351
-1.05518933333 796.494357256
-1.05018666667 797.64447291
-1.045184 798.191038232
-1.04018133333 799.155804547
-1.03517866667 799.459336622
-1.030176 799.851705708
-1.02517333333 800.570141987
-1.02017066667 801.085856476
-1.015168 801.089631263
-1.01016533333 800.943770398
-1.00516266667 800.998140955
-1.00016 801.55256198
-0.995157333333 801.251359852
-0.990154666667 802.116095621
-0.985152 801.734371165
-0.980149333333 801.874685015
-0.975146666667 801.452346918
-0.970144 801.608047694
-0.965141333333 800.798715121
-0.960138666667 800.790724452
-0.955136 800.648829301
-0.950133333333 800.78001123
-0.945130666667 800.296590219
-0.940128 801.134484331
-0.935125333333 800.089436163
-0.930122666667 800.180779223
-0.92512 799.358495766
-0.920117333333 799.558229286
-0.915114666667 799.287677871
-0.910112 799.537131052
-0.905109333333 799.042357755
-0.900106666667 799.499941899
-0.895104 799.240660082
-0.890101333333 799.485993866
-0.885098666667 798.966647373
-0.880096 799.185011061
-0.875093333333 798.466889584
-0.870090666667 798.574661502
-0.865088 798.377657314
-0.860085333333 798.786695725
-0.855082666667 798.772818271
-0.85008 799.064595974
-0.845077333333 798.862082734
-0.840074666667 798.782809378
-0.835072 799.078615442
-0.830069333333 798.949699717
-0.825066666667 799.016720927
-0.820064 799.56604906
-0.815061333333 799.296878136
-0.810058666667 798.992430155
-0.805056 798.950870151
-0.800053333333 799.056461926
-0.795050666667 798.410928116
-0.790048 798.458542921
-0.785045333333 797.954733771
-0.780042666667 798.236128511
-0.77504 797.433592897
-0.770037333333 797.794880674
-0.765034666667 797.377912765
-0.760032 797.493628829
-0.755029333333 797.299194722
-0.750026666667 797.218941667
-0.745024 796.867822646
-0.740021333333 797.027823739
-0.735018666667 797.185350888
-0.730016 797.223272737
-0.725013333333 797.264331509
-0.720010666667 797.669163542
-0.715008 797.12567777
-0.710005333333 797.486708306
-0.705002666667 797.417877122
-0.7 797.690679734
-0.694997333333 797.468936578
-0.689994666667 797.637665316
-0.684992 797.523619648
-0.679989333333 798.256802541
-0.674986666667 798.207361016
-0.669984 798.611531552
-0.664981333333 798.559512748
-0.659978666667 798.944712388
-0.654976 798.72881538
-0.649973333333 799.426875818
-0.644970666667 799.46494961
-0.639968 800.106181133
-0.634965333333 799.416967744
-0.629962666667 799.682169961
-0.62496 799.355284669
-0.619957333333 799.286177248
-0.614954666667 798.589060237
-0.609952 798.296426743
-0.604949333333 798.536325896
-0.599946666667 799.103508185
-0.594944 798.878967961
-0.589941333333 799.306634496
-0.584938666667 798.91414375
-0.579936 799.402583368
-0.574933333333 798.911547786
-0.569930666667 798.434420019
-0.564928 798.487940878
-0.559925333333 798.66873475
-0.554922666667 799.05769705
-0.54992 798.699923531
-0.544917333333 798.647735591
-0.539914666667 799.130245279
-0.534912 798.708724964
-0.529909333333 799.101444211
-0.524906666667 798.669510525
-0.519904 799.218367201
-0.514901333333 798.910473564
-0.509898666667 799.305533261
-0.504896 799.346459318
-0.499893333333 799.616002323
-0.494890666667 799.652550567
-0.489888 799.485990217
-0.484885333333 798.881222039
-0.479882666667 799.0797123
-0.47488 799.394368275
-0.469877333333 799.540268438
-0.464874666667 798.879992537
-0.459872 799.336932778
-0.454869333333 799.808811463
-0.449866666667 800.167982291
-0.444864 799.702939741
-0.439861333333 799.972356282
-0.434858666667 799.810917931
-0.429856 799.707573952
-0.424853333333 799.222284399
-0.419850666667 799.313358167
-0.414848 799.017897907
-0.409845333333 799.834799049
-0.404842666667 798.979125887
-0.39984 799.615763421
-0.394837333333 799.25200779
-0.389834666667 799.562577909
-0.384832 799.578589017
-0.379829333333 800.001906838
-0.374826666667 799.297802402
-0.369824 799.654648393
-0.364821333333 798.643648579
-0.359818666667 798.905247739
-0.354816 798.621484288
-0.349813333333 799.245537246
-0.344810666667 798.213829429
-0.339808 797.977910841
-0.334805333333 798.123065139
-0.329802666667 798.443608197
-0.3248 797.581579695
-0.319797333333 797.715546326
-0.314794666667 797.190701105
-0.309792 797.35413764
-0.304789333333 796.761516
-0.299786666667 796.972907913
-0.294784 796.84712951
-0.289781333333 797.256177954
-0.284778666667 796.407508162
-0.279776 796.205296083
-0.274773333333 795.660586386
-0.269770666667 796.170609664
-0.264768 795.674432892
-0.259765333333 795.986997893
-0.254762666667 794.9663322
-0.24976 795.147054455
-0.244757333333 794.746525751
-0.239754666667 794.822622347
-0.234752 794.460134409
-0.229749333333 795.022362893
-0.224746666667 794.625276361
-0.219744 794.780633199
-0.214741333333 794.418135515
-0.209738666667 794.987631219
-0.204736 794.847786814
-0.199733333333 794.411641856
-0.194730666667 794.455967238
-0.189728 794.585218321
-0.184725333333 794.398421239
-0.179722666667 794.194283565
-0.17472 793.918962
-0.169717333333 794.065797681
-0.164714666667 793.763413062
-0.159712 793.705958011
-0.154709333333 793.241896713
-0.149706666667 793.193410113
-0.144704 793.159001744
-0.139701333333 793.403615504
-0.134698666667 793.19373773
-0.129696 793.332955063
-0.124693333333 792.942016751
-0.119690666667 792.679125122
-0.114688 792.521707855
-0.109685333333 792.769734881
-0.104682666667 792.386996827
-0.09968 792.547871846
-0.0946773333333 791.72379724
-0.0896746666667 792.011413312
-0.084672 792.183661063
-0.0796693333333 792.450548705
-0.0746666666667 791.809002712
-0.069664 791.890693806
-0.0646613333333 791.459473773
-0.0596586666667 791.96502817
-0.054656 791.603268083
-0.0496533333333 791.875388231
-0.0446506666667 791.394195205
-0.039648 791.638130406
-0.0346453333333 791.619966926
-0.0296426666667 791.447120529
-0.02464 790.902379214
-0.0196373333333 791.105976282
-0.0146346666667 791.020711174
-0.009632 791.021761556
-0.00462933333333 790.648435604
