（-9.79485,1），（-7.23348,1），（-5.26243,1），（-1.52544,1）
-9.99995733333 289.265187663
-9.99495466667 289.172659165
-9.989952 289.211112395
-9.98494933333 289.144942284
-9.97994666667 289.162075875
-9.974944 289.108583638
-9.96994133333 289.147352941
-9.96493866667 289.00760443
-9.959936 289.022087745
-9.95493333333 288.939165324
-9.94993066667 288.954911735
-9.944928 288.850584295
-9.93992533333 288.868247992
-9.93492266667 288.760787754
-9.92992 288.787986281
-9.92491733333 288.710055697
-9.91991466667 288.687644983
-9.914912 288.638981457
-9.90990933333 288.686869114
-9.90490666667 288.566791699
-9.899904 288.593802598
-9.89490133333 288.508365523
-9.88989866667 288.510086988
-9.884896 288.392640801
-9.87989333333 288.421010215
-9.87489066667 288.376677874
-9.869888 288.405759624
-9.86488533333 288.284935961
-9.85988266667 288.324476992
-9.85488 288.256665239
-9.84987733333 288.297169223
-9.84487466667 288.198089264
-9.839872 288.234703071
-9.83486933333 288.175636419
-9.82986666667 288.303211837
-9.824864 288.274037244
-9.81986133333 288.329955458
-9.81485866667 288.304711497
-9.809856 288.354218216
-9.80485333333 288.306183498
-9.79985066667 288.359131549
-9.794848 288.314583883
-9.78984533333 288.37910136
-9.78484266667 288.306707101
-9.77984 288.325693014
-9.77483733333 288.333919715
-9.76983466667 288.347523609
-9.764832 288.323884205
-9.75982933333 288.350704057
-9.75482666667 288.284616906
-9.749824 288.311675325
-9.74482133333 288.186201971
-9.73981866667 288.231630796
-9.734816 288.178321828
-9.72981333333 288.223698158
-9.72481066667 288.085880575
-9.719808 288.070401759
-9.71480533333 287.953453635
-9.70980266667 287.977925339
-9.7048 287.962712763
-9.69979733333 288.081823962
-9.69479466667 288.130313558
-9.689792 288.211875963
-9.68478933333 288.177291556
-9.67978666667 288.162245225
-9.674784 288.188993671
-9.66978133333 288.451983332
-9.66477866667 288.416738588
-9.659776 288.7334832
-9.65477333333 288.733634675
-9.64977066667 288.623682832
-9.644768 288.657766568
-9.63976533333 288.697806783
-9.63476266667 288.633821422
-9.62976 289.040942416
-9.62475733333 290.304595797
-9.61975466667 291.039764717
-9.614752 291.334133834
-9.60974933333 291.575687149
-9.60474666667 291.836857493
-9.599744 292.039436256
-9.59474133333 292.316184095
-9.58973866667 292.471458718
-9.584736 292.432383462
-9.57973333333 292.403660081
-9.57473066667 292.668413747
-9.569728 292.414913767
-9.56472533333 292.396459952
-9.55972266667 293.029537518
-9.55472 293.29089061
-9.54971733333 293.583233983
-9.54471466667 293.604464259
-9.539712 293.657830881
-9.53470933333 293.603346107
-9.52970666667 293.694636625
-9.524704 293.61965693
-9.51970133333 293.559478586
-9.51469866667 293.383775484
-9.509696 293.32949507
-9.50469333333 293.190112287
-9.49969066667 293.117987116
-9.494688 293.022427321
-9.48968533333 293.037017904
-9.48468266667 292.965129498
-9.47968 293.066792733
-9.47467733333 293.054511581
-9.46967466667 292.878308017
-9.464672 292.519692632
-9.45966933333 292.447422283
-9.45466666667 292.431570964
-9.449664 292.467440851
-9.44466133333 292.464957116
-9.43965866667 292.633743859
-9.434656 292.680530084
-9.42965333333 292.607670565
-9.42465066667 292.644407068
-9.419648 292.836736194
-9.41464533333 292.675518255
-9.40964266667 292.847424154
-9.40464 292.713839787
-9.39963733333 293.152035929
-9.39463466667 293.510547308
-9.389632 293.608678921
-9.38462933333 293.453091772
-9.37962666667 293.563590578
-9.374624 293.36583365
-9.36962133333 293.41677976
-9.36461866667 293.690910026
-9.359616 293.966063945
-9.35461333333 293.4351739
-9.34961066667 293.40543745
-9.344608 293.202901274
-9.33960533333 293.08036958
-9.33460266667 292.863430853
-9.3296 292.72211382
-9.32459733333 292.496725322
-9.31959466667 292.515241821
-9.314592 292.44643046
-9.30958933333 292.506056122
-9.30458666667 292.55533637
-9.299584 292.69682804
-9.29458133333 292.668139632
-9.28957866667 292.705797243
-9.284576 292.548713612
-9.27957333333 292.523722595
-9.27457066667 292.400782298
-9.269568 292.358567858
-9.26456533333 292.177877634
-9.25956266667 292.099316042
-9.25456 291.862376493
-9.24955733333 291.754251353
-9.24455466667 291.578133029
-9.239552 291.642141115
-9.23454933333 291.587073502
-9.22954666667 291.669835141
-9.224544 291.612893858
-9.21954133333 291.742127968
-9.21453866667 291.648364118
-9.209536 291.724290943
-9.20453333333 291.580227587
-9.19953066667 291.535970324
-9.194528 291.469482004
-9.18952533333 291.453536726
-9.18452266667 291.247540139
-9.17952 291.205593252
-9.17451733333 291.096564202
-9.16951466667 291.092499216
-9.164512 291.158152034
-9.15950933333 291.218044465
-9.15450666667 291.078133657
-9.149504 291.297168056
-9.14450133333 290.290694225
-9.13949866667 289.955998078
-9.134496 289.343151298
-9.12949333333 288.994387973
-9.12449066667 288.875172139
-9.119488 288.826560175
-9.11448533333 288.543196197
-9.10948266667 288.292890775
-9.10448 288.082866177
-9.09947733333 288.021938569
-9.09447466667 287.804426707
-9.089472 287.764622435
-9.08446933333 287.664270237
-9.07946666667 287.710257539
-9.074464 287.700688223
-9.06946133333 287.783730975
-9.06445866667 287.733461486
-9.059456 287.841875771
-9.05445333333 287.87395772
-9.04945066667 287.972166589
-9.044448 287.932777496
-9.03944533333 288.026219764
-9.03444266667 287.975360618
-9.02944 287.974676979
-9.02443733333 287.980738191
-9.01943466667 288.040259428
-9.014432 288.011069509
-9.00942933333 288.056943677
-9.00442666667 288.005863938
-8.999424 288.104879408
-8.99442133333 288.108184807
-8.98941866667 288.19409093
-8.984416 288.086163272
-8.97941333333 288.140083131
-8.97441066667 288.029971001
-8.969408 288.073033911
-8.96440533333 288.001939379
-8.95940266667 288.012182865
-8.9544 287.933323697
-8.94939733333 287.939716064
-8.94439466667 287.852668958
-8.939392 287.925957748
-8.93438933333 287.865990828
-8.92938666667 287.956590665
-8.924384 287.855447673
-8.91938133333 287.906707547
-8.91437866667 287.888070468
-8.909376 287.916359433
-8.90437333333 287.923850302
-8.89937066667 287.927084115
-8.894368 287.913153572
-8.88936533333 287.952768076
-8.88436266667 287.894309139
-8.87936 287.954287171
-8.87435733333 287.900114201
-8.86935466667 287.968143984
-8.864352 287.903873131
-8.85934933333 287.949177943
-8.85434666667 287.997922588
-8.849344 288.073591764
-8.84434133333 288.051008504
-8.83933866667 288.081583532
-8.834336 288.11089201
-8.82933333333 288.209923564
-8.82433066667 288.222276159
-8.819328 288.319033449
-8.81432533333 288.264111068
-8.80932266667 288.331500125
-8.80432 288.304247726
-8.79931733333 288.383039232
-8.79431466667 288.393568562
-8.789312 288.501351969
-8.78430933333 288.480203851
-8.77930666667 288.536194144
-8.774304 288.365277673
-8.76930133333 288.424409703
-8.76429866667 288.383246357
-8.759296 288.515178543
-8.75429333333 288.568035987
-8.74929066667 288.59856282
-8.744288 288.536941423
-8.73928533333 288.554367842
-8.73428266667 288.481125817
-8.72928 288.479807948
-8.72427733333 288.44073054
-8.71927466667 288.444211049
-8.714272 288.308718556
-8.70926933333 288.313666586
-8.70426666667 288.181723782
-8.699264 288.20491474
-8.69426133333 288.11435181
-8.68925866667 288.137399798
-8.684256 288.034637298
-8.67925333333 288.084389133
-8.67425066667 288.047851493
-8.669248 288.149039793
-8.66424533333 288.079693249
-8.65924266667 288.169756556
-8.65424 288.151899012
-8.64923733333 288.270938977
-8.64423466667 288.207267594
-8.639232 288.296166752
-8.63422933333 288.260417001
-8.62922666667 288.323370645
-8.624224 288.263464119
-8.61922133333 288.222928657
-8.61421866667 288.035282453
-8.609216 288.001469503
-8.60421333333 287.954588018
-8.59921066667 287.992921334
-8.594208 287.978502422
-8.58920533333 288.011923642
-8.58420266667 287.978100259
-8.5792 288.07951946
-8.57419733333 288.081627123
-8.56919466667 288.13709761
-8.564192 288.102250711
-8.55918933333 288.18539519
-8.55418666667 288.166668801
-8.549184 288.220604036
-8.54418133333 288.145333036
-8.53917866667 288.230592665
-8.534176 288.242126233
-8.52917333333 288.280446961
-8.52417066667 288.245356935
-8.519168 288.351355515
-8.51416533333 288.350180499
-8.50916266667 288.39169068
-8.50416 288.371580644
-8.49915733333 288.444572598
-8.49415466667 288.453690296
-8.489152 288.529998289
-8.48414933333 288.512277343
-8.47914666667 288.573661167
-8.474144 288.554654172
-8.46914133333 288.614103246
-8.46413866667 288.613018635
-8.459136 288.71340903
-8.45413333333 288.731958647
-8.44913066667 288.758872028
-8.444128 288.731480598
-8.43912533333 288.773153281
-8.43412266667 288.762136877
-8.42912 288.810920241
-8.42411733333 288.732958106
-8.41911466667 288.8028215
-8.414112 288.759891997
-8.40910933333 288.784997842
-8.40410666667 288.717093369
-8.399104 288.729004937
-8.39410133333 288.662240127
-8.38909866667 288.685334977
-8.384096 288.631620447
-8.37909333333 288.701935291
-8.37409066667 288.68992025
-8.369088 288.686870402
-8.36408533333 288.643911039
-8.35908266667 288.681906294
-8.35408 288.661017644
-8.34907733333 288.692227515
-8.34407466667 288.585910996
-8.339072 288.633383485
-8.33406933333 288.634840814
-8.32906666667 288.618801418
-8.324064 288.592886449
-8.31906133333 288.622192388
-8.31405866667 288.566780927
-8.309056 288.554429651
-8.30405333333 288.495388103
-8.29905066667 288.514069768
-8.294048 288.451460098
-8.28904533333 288.492063432
-8.28404266667 288.434752239
-8.27904 288.461328075
-8.27403733333 288.437150511
-8.26903466667 288.44263776
-8.264032 288.391399213
-8.25902933333 288.441227094
-8.25402666667 288.425561542
-8.249024 288.4160764
-8.24402133333 288.387763976
-8.23901866667 288.371788108
-8.234016 288.320778074
-8.22901333333 288.301372268
-8.22401066667 288.19525013
-8.219008 288.185820796
-8.21400533333 288.138354423
-8.20900266667 288.120096876
-8.204 288.057001767
-8.19899733333 288.090156946
-8.19399466667 288.030514529
-8.188992 288.044810302
-8.18398933333 287.9519851
-8.17898666667 287.975517808
-8.173984 287.89766949
-8.16898133333 287.906102091
-8.16397866667 287.810744187
-8.158976 287.833698455
-8.15397333333 287.82106787
-8.14897066667 287.844102872
-8.143968 287.757434485
-8.13896533333 287.753377733
-8.13396266667 287.685059455
-8.12896 287.714751842
-8.12395733333 287.64357365
-8.11895466667 287.623527468
-8.113952 287.566711749
-8.10894933333 287.573326231
-8.10394666667 287.505933079
-8.098944 287.473531263
-8.09394133333 287.437371394
-8.08893866667 287.457458038
-8.083936 287.422978043
-8.07893333333 287.416629271
-8.07393066667 287.386554978
-8.068928 287.356793968
-8.06392533333 287.294993969
-8.05892266667 287.348754375
-8.05392 287.329072782
-8.04891733333 287.34556874
-8.04391466667 287.291265588
-8.038912 287.342633057
-8.03390933333 287.351652388
-8.02890666667 287.348446482
-8.023904 287.341143748
-8.01890133333 287.334872322
-8.01389866667 287.345797034
-8.008896 287.369463625
-8.00389333333 287.345408892
-7.99889066667 287.361839685
-7.993888 287.363423827
-7.98888533333 287.370600892
-7.98388266667 287.358268928
-7.97888 287.3368935
-7.97387733333 287.307107046
-7.96887466667 287.362640839
-7.963872 287.301163274
-7.95886933333 287.289647601
-7.95386666667 287.244884409
-7.948864 287.276108286
-7.94386133333 287.175837479
-7.93885866667 287.17755129
-7.933856 287.137697105
-7.92885333333 287.114741504
-7.92385066667 287.04610929
-7.918848 287.065069014
-7.91384533333 287.015235475
-7.90884266667 287.01360694
-7.90384 286.910061306
-7.89883733333 286.909244367
-7.89383466667 286.875941485
-7.888832 286.839802112
-7.88382933333 286.847236247
-7.87882666667 286.829641714
-7.873824 286.837338699
-7.86882133333 286.825245111
-7.86381866667 286.765508304
-7.858816 286.767769309
-7.85381333333 286.754191544
-7.84881066667 286.785135645
-7.843808 286.764614164
-7.83880533333 286.764177109
-7.83380266667 286.779572305
-7.8288 286.805787923
-7.82379733333 286.729888785
-7.81879466667 286.666256325
-7.813792 286.576844874
-7.80878933333 286.582164286
-7.80378666667 286.491429741
-7.798784 286.457109721
-7.79378133333 286.371556261
-7.78877866667 286.374650355
-7.783776 286.351025055
-7.77877333333 286.341088763
-7.77377066667 286.290873861
-7.768768 286.257303665
-7.76376533333 286.130735137
-7.75876266667 286.081792303
-7.75376 286.071655956
-7.74875733333 286.054791056
-7.74375466667 286.019001627
-7.738752 286.00235055
-7.73374933333 286.038798253
-7.72874666667 286.095515343
-7.723744 286.102087029
-7.71874133333 286.055402539
-7.71373866667 285.989292245
-7.708736 285.940694153
-7.70373333333 285.788241541
-7.69873066667 285.727951339
-7.693728 285.679977318
-7.68872533333 285.635152442
-7.68372266667 285.566640764
-7.67872 285.62894675
-7.67371733333 285.633685558
-7.66871466667 285.72094988
-7.663712 285.749469283
-7.65870933333 285.774696251
-7.65370666667 285.755438471
-7.648704 285.779804068
-7.64370133333 285.754643207
-7.63869866667 285.753170443
-7.633696 285.735412415
-7.62869333333 285.70689232
-7.62369066667 285.692024051
-7.618688 285.63675862
-7.61368533333 285.572100472
-7.60868266667 285.520512762
-7.60368 285.478599762
-7.59867733333 285.450236822
-7.59367466667 285.400836496
-7.588672 285.369349832
-7.58366933333 285.346915983
-7.57866666667 285.302218024
-7.573664 285.257187827
-7.56866133333 285.234339755
-7.56365866667 285.147976267
-7.558656 285.102997284
-7.55365333333 285.04553818
-7.54865066667 285.017335181
-7.543648 284.962593736
-7.53864533333 284.892337714
-7.53364266667 284.835970501
-7.52864 284.788487353
-7.52363733333 284.676909551
-7.51863466667 284.635773847
-7.513632 284.629358931
-7.50862933333 284.590722286
-7.50362666667 284.515540728
-7.498624 284.498823838
-7.49362133333 284.439859451
-7.48861866667 284.429410212
-7.483616 284.361086945
-7.47861333333 284.318308308
-7.47361066667 284.269582476
-7.468608 284.262670902
-7.46360533333 284.186764836
-7.45860266667 284.185095149
-7.4536 284.179655107
-7.44859733333 284.176318424
-7.44359466667 284.13139216
-7.438592 284.119276059
-7.43358933333 284.129817053
-7.42858666667 284.169841656
-7.423584 284.169272275
-7.41858133333 284.176209164
-7.41357866667 284.229929714
-7.408576 284.300314052
-7.40357333333 284.249901392
-7.39857066667 284.266842326
-7.393568 284.2410088
-7.38856533333 284.199440009
-7.38356266667 284.164876635
-7.37856 284.139548776
-7.37355733333 284.104358392
-7.36855466667 284.112390862
-7.363552 284.083990045
-7.35854933333 284.063998954
-7.35354666667 284.073354253
-7.348544 284.086487918
-7.34354133333 284.024555631
-7.33853866667 284.017566096
-7.333536 284.007283103
-7.32853333333 284.026967975
-7.32353066667 283.956194505
-7.318528 283.917588127
-7.31352533333 283.905286227
-7.30852266667 283.889472794
-7.30352 283.795644182
-7.29851733333 283.764673251
-7.29351466667 283.7623277
-7.288512 283.730129995
-7.28350933333 283.648645023
-7.27850666667 283.631435606
-7.273504 283.644547404
-7.26850133333 283.564365603
-7.26349866667 283.538272956
-7.258496 283.509134965
-7.25349333333 283.528863339
-7.24849066667 283.486354585
-7.243488 283.467122073
-7.23848533333 283.485748934
-7.23348266667 283.463805332
-7.22848 283.433468499
-7.22347733333 283.411321786
-7.21847466667 283.410064678
-7.213472 283.419442107
-7.20846933333 283.41506653
-7.20346666667 283.375049814
-7.198464 283.349718285
-7.19346133333 283.338817616
-7.18845866667 283.317078155
-7.183456 283.280521707
-7.17845333333 283.268625701
-7.17345066667 283.266133228
-7.168448 283.25385253
-7.16344533333 283.18754641
-7.15844266667 283.159938733
-7.15344 283.150332679
-7.14843733333 283.105019845
-7.14343466667 283.153889406
-7.138432 283.145280869
-7.13342933333 283.22184421
-7.12842666667 283.240972711
-7.123424 283.234749045
-7.11842133333 283.228923218
-7.11341866667 283.261594764
-7.108416 283.277718476
-7.10341333333 283.272886748
-7.09841066667 283.326463081
-7.093408 283.389843243
-7.08840533333 283.457983654
-7.08340266667 283.47653763
-7.0784 283.509861847
-7.07339733333 283.532899125
-7.06839466667 283.475938671
-7.063392 283.507508634
-7.05838933333 283.493905233
-7.05338666667 283.461842331
-7.048384 283.451442304
-7.04338133333 283.408146234
-7.03837866667 283.392159195
-7.033376 283.450699172
-7.02837333333 283.444641591
-7.02337066667 283.481276099
-7.018368 283.522503239
-7.01336533333 283.638506369
-7.00836266667 283.689459641
-7.00336 283.73817436
-6.99835733333 283.771798107
-6.99335466667 283.858171481
-6.988352 283.811596871
-6.98334933333 283.800371449
-6.97834666667 283.783961788
-6.973344 283.919348718
-6.96834133333 284.04685058
-6.96333866667 284.130873031
-6.958336 284.362286595
-6.95333333333 284.859064379
-6.94833066667 285.108853077
-6.943328 285.19336866
-6.93832533333 285.33110011
-6.93332266667 285.61468611
-6.92832 285.785819108
-6.92331733333 285.973968694
-6.91831466667 286.065425973
-6.913312 286.250318607
-6.90830933333 286.46335528
-6.90330666667 286.648428387
-6.898304 286.817210756
-6.89330133333 286.956611186
-6.88829866667 287.020515383
-6.883296 287.109551074
-6.87829333333 287.230121136
-6.87329066667 287.328964785
-6.868288 287.381528722
-6.86328533333 287.386501007
-6.85828266667 287.239004577
-6.85328 287.292293984
-6.84827733333 287.423922419
-6.84327466667 287.495801965
-6.838272 287.489276834
-6.83326933333 287.589495021
-6.82826666667 287.638152549
-6.823264 287.741855424
-6.81826133333 287.81601507
-6.81325866667 287.899479882
-6.808256 287.863367148
-6.80325333333 287.909874432
-6.79825066667 287.898814944
-6.793248 287.87625042
-6.78824533333 287.874031063
-6.78324266667 287.862439272
-6.77824 287.832722881
-6.77323733333 287.876498063
-6.76823466667 287.78874712
-6.763232 287.720484723
-6.75822933333 287.652749377
-6.75322666667 287.667316635
-6.748224 287.602057381
-6.74322133333 287.596232813
-6.73821866667 287.543790507
-6.733216 287.555977935
-6.72821333333 287.50830061
-6.72321066667 287.48663107
-6.718208 287.396610673
-6.71320533333 287.338902155
-6.70820266667 287.288649923
-6.7032 287.255463708
-6.69819733333 287.177402003
-6.69319466667 287.147469519
-6.688192 287.043330305
-6.68318933333 287.062311109
-6.67818666667 287.01269333
-6.673184 286.994152377
-6.66818133333 286.962041224
-6.66317866667 286.931741286
-6.658176 286.858743312
-6.65317333333 286.878093036
-6.64817066667 286.808913718
-6.643168 286.772499305
-6.63816533333 286.745739567
-6.63316266667 286.796401991
-6.62816 286.781793703
-6.62315733333 286.789629243
-6.61815466667 286.721652447
-6.613152 286.776340544
-6.60814933333 286.720259761
-6.60314666667 286.735716608
-6.598144 286.738863022
-6.59314133333 286.791801196
-6.58813866667 286.726517656
-6.583136 286.754225859
-6.57813333333 286.706215722
-6.57313066667 286.706392542
-6.568128 286.658823819
-6.56312533333 286.689068598
-6.55812266667 286.635297603
-6.55312 286.660988718
-6.54811733333 286.569941429
-6.54311466667 286.560162385
-6.538112 286.472649894
-6.53310933333 286.479231882
-6.52810666667 286.417105216
-6.523104 286.430323884
-6.51810133333 286.399204775
-6.51309866667 286.462583114
-6.508096 286.358811661
-6.50309333333 286.322608683
-6.49809066667 286.283850326
-6.493088 286.332569589
-6.48808533333 286.331896897
-6.48308266667 286.341404101
-6.47808 286.362302844
-6.47307733333 286.380173961
-6.46807466667 286.286367057
-6.463072 286.199814288
-6.45806933333 286.038767294
-6.45306666667 285.967922223
-6.448064 285.87298017
-6.44306133333 285.877228137
-6.43805866667 285.763493971
-6.433056 285.699001228
-6.42805333333 285.683320386
-6.42305066667 285.684909025
-6.418048 285.644407236
-6.41304533333 285.51100509
-6.40804266667 285.311968799
-6.40304 285.203043224
-6.39803733333 285.10643971
-6.39303466667 285.068046066
-6.388032 285.046628102
-6.38302933333 285.094813438
-6.37802666667 284.920882222
-6.373024 284.777252608
-6.36802133333 284.685797911
-6.36301866667 284.5773064
-6.358016 284.674941971
-6.35301333333 284.719447231
-6.34801066667 284.485246109
-6.343008 284.429196065
-6.33800533333 284.27507766
-6.33300266667 284.191528166
-6.328 284.036170468
-6.32299733333 283.974597839
-6.31799466667 283.869515949
-6.312992 283.86796034
-6.30798933333 283.860404351
-6.30298666667 283.867809831
-6.297984 283.780210288
-6.29298133333 283.733515952
-6.28797866667 283.634906575
-6.282976 283.598271643
-6.27797333333 283.570023695
-6.27297066667 283.556687053
-6.267968 283.50635407
-6.26296533333 283.506364409
-6.25796266667 283.435716832
-6.25296 283.511340894
-6.24795733333 283.48575626
-6.24295466667 283.528707743
-6.237952 283.515493069
-6.23294933333 283.559257977
-6.22794666667 283.497917064
-6.222944 283.518257578
-6.21794133333 283.532981568
-6.21293866667 283.562947412
-6.207936 283.548401071
-6.20293333333 283.617529351
-6.19793066667 283.560460225
-6.192928 283.678741111
-6.18792533333 283.645417093
-6.18292266667 283.724600775
-6.17792 283.750503257
-6.17291733333 283.811992187
-6.16791466667 283.832007178
-6.162912 283.845260731
-6.15790933333 283.802735596
-6.15290666667 283.921991012
-6.147904 283.894116766
-6.14290133333 283.967068701
-6.13789866667 283.915218314
-6.132896 283.985836467
-6.12789333333 284.012141923
-6.12289066667 284.033629778
-6.117888 283.981644353
-6.11288533333 284.052278366
-6.10788266667 283.988955231
-6.10288 284.027585963
-6.09787733333 284.015533507
-6.09287466667 284.039336225
-6.087872 284.052762112
-6.08286933333 284.111942797
-6.07786666667 284.085311094
-6.072864 284.178335675
-6.06786133333 284.113961913
-6.06285866667 284.188298379
-6.057856 284.113446302
-6.05285333333 284.175022849
-6.04785066667 284.122562322
-6.042848 284.185293082
-6.03784533333 284.152973736
-6.03284266667 284.174450016
-6.02784 284.121373506
-6.02283733333 284.124921287
-6.01783466667 284.066135872
-6.012832 284.115983218
-6.00782933333 284.039249484
-6.00282666667 284.070863206
-5.997824 284.02243857
-5.99282133333 284.052883751
-5.98781866667 283.969616456
-5.982816 284.016162495
-5.97781333333 283.936358411
-5.97281066667 283.974492751
-5.967808 283.90522778
-5.96280533333 283.948798924
-5.95780266667 283.930525575
-5.9528 283.96386944
-5.94779733333 283.925446078
-5.94279466667 283.950817771
-5.937792 283.918218175
-5.93278933333 283.955584542
-5.92778666667 283.90187501
-5.922784 283.901806104
-5.91778133333 283.84596193
-5.91277866667 283.869346237
-5.907776 283.812284133
-5.90277333333 283.871070502
-5.89777066667 283.813329722
-5.892768 283.897806831
-5.88776533333 283.897798517
-5.88276266667 283.979921663
-5.87776 283.973088041
-5.87275733333 284.098116084
-5.86775466667 284.109679322
-5.862752 284.210015254
-5.85774933333 284.248360861
-5.85274666667 284.331101227
-5.847744 284.315300156
-5.84274133333 284.403954922
-5.83773866667 284.440167075
-5.832736 284.565838751
-5.82773333333 284.559808122
-5.82273066667 284.702566003
-5.817728 284.735461446
-5.81272533333 284.935365067
-5.80772266667 284.966222384
-5.80272 285.096480817
-5.79771733333 285.083456834
-5.79271466667 285.190549908
-5.787712 285.200623583
-5.78270933333 285.302882258
-5.77770666667 285.301068803
-5.772704 285.386704399
-5.76770133333 285.368161017
-5.76269866667 285.48288663
-5.757696 285.542335029
-5.75269333333 285.671297661
-5.74769066667 285.650678197
-5.742688 285.777560417
-5.73768533333 285.718613628
-5.73268266667 285.769362195
-5.72768 285.729854313
-5.72267733333 285.78450675
-5.71767466667 285.772577889
-5.712672 285.802398142
-5.70766933333 285.759113096
-5.70266666667 285.830264331
-5.697664 285.787298688
-5.69266133333 285.818478455
-5.68765866667 285.720757244
-5.682656 285.755886441
-5.67765333333 285.704331078
-5.67265066667 285.732557015
-5.667648 285.689076781
-5.66264533333 285.673456815
-5.65764266667 285.59213408
-5.65264 285.612451231
-5.64763733333 285.543672409
-5.64263466667 285.625915644
-5.637632 285.587159441
-5.63262933333 285.641559669
-5.62762666667 285.614563168
-5.622624 285.720678917
-5.61762133333 285.662937666
-5.61261866667 285.765441755
-5.607616 285.703477914
-5.60261333333 285.732928039
-5.59761066667 285.762872625
-5.592608 285.83372036
-5.58760533333 285.785509845
-5.58260266667 285.918604856
-5.5776 285.930368472
-5.57259733333 286.044775476
-5.56759466667 286.069350337
-5.562592 286.210175609
-5.55758933333 286.185119829
-5.55258666667 286.336746814
-5.547584 286.331532739
-5.54258133333 286.342093789
-5.53757866667 286.21121547
-5.532576 286.208944789
-5.52757333333 286.128113606
-5.52257066667 286.148379317
-5.517568 286.078664159
-5.51256533333 286.071615673
-5.50756266667 285.92506886
-5.50256 285.915963894
-5.49755733333 285.776020687
-5.49255466667 285.733111536
-5.487552 285.615073951
-5.48254933333 285.569528005
-5.47754666667 285.486922862
-5.472544 285.44505986
-5.46754133333 285.363271052
-5.46253866667 285.410987957
-5.457536 285.347880579
-5.45253333333 285.386290685
-5.44753066667 285.317350768
-5.442528 285.320207506
-5.43752533333 285.27796151
-5.43252266667 285.369575763
-5.42752 285.309620952
-5.42251733333 285.297432231
-5.41751466667 285.208915035
-5.412512 285.202273957
-5.40750933333 285.119116684
-5.40250666667 285.201798504
-5.397504 285.078194694
-5.39250133333 285.086161876
-5.38749866667 284.975820238
-5.382496 285.008893682
-5.37749333333 284.897583253
-5.37249066667 284.906572617
-5.367488 284.79103164
-5.36248533333 284.802192267
-5.35748266667 284.696556851
-5.35248 284.678318258
-5.34747733333 284.532735652
-5.34247466667 284.561781196
-5.337472 284.3991122
-5.33246933333 284.374475594
-5.32746666667 284.277105548
-5.322464 284.20719536
-5.31746133333 284.136254666
-5.31245866667 284.100393763
-5.307456 283.924525895
-5.30245333333 283.944203175
-5.29745066667 283.861359313
-5.292448 283.87081791
-5.28744533333 283.754679248
-5.28244266667 283.770435471
-5.27744 283.655856061
-5.27243733333 283.643288765
-5.26743466667 283.705834768
-5.262432 283.749236906
-5.25742933333 283.679283704
-5.25242666667 283.771630707
-5.247424 283.78779391
-5.24242133333 283.801868043
-5.23741866667 283.747124562
-5.232416 283.844345351
-5.22741333333 283.90178538
-5.22241066667 284.009970216
-5.217408 284.112522017
-5.21240533333 284.527639376
-5.20740266667 284.817869336
-5.2024 285.011155828
-5.19739733333 284.896091181
-5.19239466667 285.029864729
-5.187392 285.166816905
-5.18238933333 285.55139146
-5.17738666667 285.750189722
-5.172384 286.014418417
-5.16738133333 286.223691953
-5.16237866667 286.435993215
-5.157376 286.627000676
-5.15237333333 286.936306568
-5.14737066667 287.038092771
-5.142368 287.173555905
-5.13736533333 287.283771841
-5.13236266667 287.374743571
-5.12736 287.381999805
-5.12235733333 287.467983668
-5.11735466667 287.512726809
-5.112352 287.674523235
-5.10734933333 287.61961105
-5.10234666667 287.713403829
-5.097344 287.649297049
-5.09234133333 287.657901735
-5.08733866667 287.601303672
-5.082336 287.619174373
-5.07733333333 287.514725764
-5.07233066667 287.520415989
-5.067328 287.356249924
-5.06232533333 287.389759541
-5.05732266667 287.300887218
-5.05232 287.322184932
-5.04731733333 287.23108867
-5.04231466667 287.320095839
-5.037312 287.297096871
-5.03230933333 287.373958208
-5.02730666667 287.323242068
-5.022304 287.379111499
-5.01730133333 287.40531309
-5.01229866667 287.430988679
-5.007296 287.3554151
-5.00229333333 287.449377685
-4.99729066667 287.406432068
-4.992288 287.462825377
-4.98728533333 287.36240271
-4.98228266667 287.384182645
-4.97728 287.323338973
-4.97227733333 287.374941678
-4.96727466667 287.352733386
-4.962272 287.380533591
-4.95726933333 287.295988068
-4.95226666667 287.335447079
-4.947264 287.19222744
-4.94226133333 287.248234518
-4.93725866667 287.212593033
-4.932256 287.187183535
-4.92725333333 287.118176841
-4.92225066667 287.18183593
-4.917248 287.100718308
-4.91224533333 287.101621806
-4.90724266667 287.019413289
-4.90224 287.080430999
-4.89723733333 286.965672269
-4.89223466667 286.998177824
-4.887232 286.900355161
-4.88222933333 286.94133651
-4.87722666667 286.890504421
-4.872224 286.909052081
-4.86722133333 286.826114321
-4.86221866667 286.837873091
-4.857216 286.789907672
-4.85221333333 286.909781353
-4.84721066667 286.860209478
-4.842208 286.913932247
-4.83720533333 286.954436546
-4.83220266667 286.973149355
-4.8272 286.866929626
-4.82219733333 286.895831045
-4.81719466667 286.842379634
-4.812192 286.885465578
-4.80718933333 286.79374726
-4.80218666667 286.926680322
-4.797184 287.005566873
-4.79218133333 287.222355086
-4.78717866667 287.219100303
-4.782176 287.319740014
-4.77717333333 287.309881381
-4.77217066667 287.294050332
-4.767168 287.164865123
-4.76216533333 287.140987541
-4.75716266667 286.959120726
-4.75216 286.905802315
-4.74715733333 286.58932267
-4.74215466667 286.454446314
-4.737152 286.255469544
-4.73214933333 286.167999269
-4.72714666667 285.924119424
-4.722144 285.9010751
-4.71714133333 285.807639531
-4.71213866667 285.860921797
-4.707136 285.806145945
-4.70213333333 285.829999674
-4.69713066667 285.725169322
-4.692128 285.644393123
-4.68712533333 285.519894149
-4.68212266667 285.522674453
-4.67712 285.384321546
-4.67211733333 285.335061794
-4.66711466667 285.510419965
-4.662112 286.333466196
-4.65710933333 286.401700999
-4.65210666667 286.272065265
-4.647104 286.015024397
-4.64210133333 285.85402931
-4.63709866667 285.64448604
-4.632096 285.612283272
-4.62709333333 285.493646005
-4.62209066667 285.542130917
-4.617088 285.49160442
-4.61208533333 285.459991967
-4.60708266667 285.254272427
-4.60208 285.194153315
-4.59707733333 285.022123529
-4.59207466667 284.962191094
-4.587072 284.767121034
-4.58206933333 284.722573288
-4.57706666667 284.545571988
-4.572064 284.451647279
-4.56706133333 284.198340712
-4.56205866667 284.119706865
-4.557056 283.933395947
-4.55205333333 283.851462213
-4.54705066667 283.70072237
-4.542048 283.664717798
-4.53704533333 283.56257911
-4.53204266667 283.501766373
-4.52704 283.356180642
-4.52203733333 283.339984009
-4.51703466667 283.215952536
-4.512032 283.156984445
-4.50702933333 283.033047363
-4.50202666667 282.954929723
-4.497024 282.908446865
-4.49202133333 282.893361464
-4.48701866667 282.795827803
-4.482016 282.800876527
-4.47701333333 282.72120507
-4.47201066667 282.700875043
-4.467008 282.594355701
-4.46200533333 282.514435029
-4.45700266667 282.455657885
-4.452 282.469205199
-4.44699733333 282.339498989
-4.44199466667 282.297436784
-4.436992 282.295287899
-4.43198933333 282.319719849
-4.42698666667 282.305622916
-4.421984 282.38272648
-4.41698133333 282.35708961
-4.41197866667 282.479612318
-4.406976 282.444578939
-4.40197333333 282.529760277
-4.39697066667 282.544966816
-4.391968 282.565987263
-4.38696533333 282.573415008
-4.38196266667 282.628465219
-4.37696 282.566442574
-4.37195733333 282.628319463
-4.36695466667 282.549279013
-4.361952 282.620701072
-4.35694933333 282.578393162
-4.35194666667 282.697244745
-4.346944 282.641143816
-4.34194133333 282.65917587
-4.33693866667 282.714415119
-4.331936 282.825874254
-4.32693333333 282.84220661
-4.32193066667 282.91293997
-4.316928 282.908104301
-4.31192533333 283.027504876
-4.30692266667 283.035813262
-4.30192 283.10108056
-4.29691733333 283.125773355
-4.29191466667 283.238190411
-4.286912 283.281180842
-4.28190933333 283.366488957
-4.27690666667 283.408337368
-4.271904 283.482186606
-4.26690133333 283.467508514
-4.26189866667 283.549703127
-4.256896 283.554756019
-4.25189333333 283.667297157
-4.24689066667 283.619652718
-4.241888 283.732498209
-4.23688533333 283.738917512
-4.23188266667 283.75229481
-4.22688 283.752511199
-4.22187733333 283.808134039
-4.21687466667 283.845061525
-4.211872 283.978992213
-4.20686933333 283.979053966
-4.20186666667 284.066824016
-4.196864 284.069760441
-4.19186133333 284.111376372
-4.18685866667 284.082146132
-4.181856 284.173773232
-4.17685333333 284.129185907
-4.17185066667 284.173069819
-4.166848 284.150783243
-4.16184533333 284.239430494
-4.15684266667 284.257158823
-4.15184 284.326808617
-4.14683733333 284.288518839
-4.14183466667 284.376230865
-4.136832 284.391076629
-4.13182933333 284.470467639
-4.12682666667 284.4630646
-4.121824 284.518833706
-4.11682133333 284.498905396
-4.11181866667 284.550577996
-4.106816 284.525867365
-4.10181333333 284.653258207
-4.09681066667 284.663201176
-4.091808 284.728666691
-4.08680533333 284.727518296
-4.08180266667 284.784952199
-4.0768 284.800904816
-4.07179733333 284.876410212
-4.06679466667 284.895334611
-4.061792 284.948821651
-4.05678933333 285.000479708
-4.05178666667 285.069530347
-4.046784 285.091620039
-4.04178133333 285.158329741
-4.03677866667 285.179828897
-4.031776 285.225126056
-4.02677333333 285.225941553
-4.02177066667 285.362353955
-4.016768 285.364926209
-4.01176533333 285.438667362
-4.00676266667 285.470813973
-4.00176 285.492454981
-3.99675733333 285.517640061
-3.99175466667 285.567915622
-3.986752 285.542312731
-3.98174933333 285.569638767
-3.97674666667 285.551677917
-3.971744 285.580846954
-3.96674133333 285.589220777
-3.96173866667 285.608605488
-3.956736 285.609896542
-3.95173333333 285.617291028
-3.94673066667 285.587217047
-3.941728 285.640932365
-3.93672533333 285.583467326
-3.93172266667 285.606010163
-3.92672 285.5793445
-3.92171733333 285.633998501
-3.91671466667 285.587479694
-3.911712 285.607234264
-3.90670933333 285.570377711
-3.90170666667 285.548518872
-3.896704 285.528994404
-3.89170133333 285.521549069
-3.88669866667 285.485048745
-3.881696 285.473738097
-3.87669333333 285.427980679
-3.87169066667 285.47966103
-3.866688 285.40010209
-3.86168533333 285.443648728
-3.85668266667 285.457042555
-3.85168 285.504793971
-3.84667733333 285.431429233
-3.84167466667 285.455367163
-3.836672 285.461262999
-3.83166933333 285.450141232
-3.82666666667 285.41232323
-3.821664 285.392821
-3.81666133333 285.399237455
-3.81165866667 285.361865009
-3.806656 285.306534258
-3.80165333333 285.25447734
-3.79665066667 285.249821979
-3.791648 285.253165716
-3.78664533333 285.218696027
-3.78164266667 285.197545407
-3.77664 285.201338369
-3.77163733333 285.237364117
-3.76663466667 285.187038666
-3.761632 285.214688444
-3.75662933333 285.210805893
-3.75162666667 285.212146204
-3.746624 285.233899443
-3.74162133333 285.235041325
-3.73661866667 285.241970129
-3.731616 285.287260255
-3.72661333333 285.281303668
-3.72161066667 285.282501924
-3.716608 285.310671437
-3.71160533333 285.30660558
-3.70660266667 285.308569624
-3.7016 285.335026549
-3.69659733333 285.325144889
-3.69159466667 285.34257334
-3.686592 285.311881422
-3.68158933333 285.318125779
-3.67658666667 285.324798965
-3.671584 285.353945614
-3.66658133333 285.31869211
-3.66157866667 285.278477166
-3.656576 285.229681663
-3.65157333333 285.183178383
-3.64657066667 285.156313299
-3.641568 285.174372205
-3.63656533333 285.201055761
-3.63156266667 285.201850796
-3.62656 285.161159707
-3.62155733333 285.182322712
-3.61655466667 285.162822166
-3.611552 285.15401772
-3.60654933333 285.132398177
-3.60154666667 285.110385138
-3.596544 285.094525739
-3.59154133333 285.126975963
-3.58653866667 285.100842061
-3.581536 285.152200805
-3.57653333333 285.168538
-3.57153066667 285.182516062
-3.566528 285.18591608
-3.56152533333 285.183038547
-3.55652266667 285.174608692
-3.55152 285.206923096
-3.54651733333 285.159691772
-3.54151466667 285.193925458
-3.536512 285.239347331
-3.53150933333 285.254059129
-3.52650666667 285.297432299
-3.521504 285.324834016
-3.51650133333 285.331501114
-3.51149866667 285.34209591
-3.506496 285.342821055
-3.50149333333 285.402619806
-3.49649066667 285.463699893
-3.491488 285.486763343
-3.48648533333 285.509882967
-3.48148266667 285.625617958
-3.47648 285.642711917
-3.47147733333 285.691477131
-3.46647466667 285.743009248
-3.461472 285.79528453
-3.45646933333 285.782337012
-3.45146666667 285.827821406
-3.446464 285.816586453
-3.44146133333 285.814570039
-3.43645866667 285.822841488
-3.431456 285.80904478
-3.42645333333 285.771994348
-3.42145066667 285.79037268
-3.416448 285.774565378
-3.41144533333 285.763534815
-3.40644266667 285.695221012
-3.40144 285.698265882
-3.39643733333 285.704503359
-3.39143466667 285.664453329
-3.386432 285.613293278
-3.38142933333 285.660791327
-3.37642666667 285.644029506
-3.371424 285.651561122
-3.36642133333 285.644706075
-3.36141866667 285.646873249
-3.356416 285.653681265
-3.35141333333 285.616727996
-3.34641066667 285.571693442
-3.341408 285.54195266
-3.33640533333 285.53321416
-3.33140266667 285.552992667
-3.3264 285.518356915
-3.32139733333 285.473979956
-3.31639466667 285.483856597
-3.311392 285.392990597
-3.30638933333 285.335733264
-3.30138666667 285.284357194
-3.296384 285.247596768
-3.29138133333 285.245152224
-3.28637866667 285.187495489
-3.281376 285.233688384
-3.27637333333 285.24529277
-3.27137066667 285.23614857
-3.266368 285.19183563
-3.26136533333 285.223315783
-3.25636266667 285.199685422
-3.25136 285.244799985
-3.24635733333 285.252808405
-3.24135466667 285.278963748
-3.236352 285.274659563
-3.23134933333 285.256819562
-3.22634666667 285.280684786
-3.221344 285.215331008
-3.21634133333 285.198295459
-3.21133866667 285.160198063
-3.206336 285.103141432
-3.20133333333 285.06095093
-3.19633066667 285.00892274
-3.191328 285.001966422
-3.18632533333 284.949362302
-3.18132266667 284.891597488
-3.17632 284.883178914
-3.17131733333 284.827258596
-3.16631466667 284.78292584
-3.161312 284.74449648
-3.15630933333 284.720015824
-3.15130666667 284.736838928
-3.146304 284.648972672
-3.14130133333 284.638836408
-3.13629866667 284.627947945
-3.131296 284.59704843
-3.12629333333 284.576697669
-3.12129066667 284.581686706
-3.116288 284.619616805
-3.11128533333 284.700556804
-3.10628266667 284.768808644
-3.10128 284.830271827
-3.09627733333 284.892327787
-3.09127466667 284.916424247
-3.086272 284.914480347
-3.08126933333 284.928418011
-3.07626666667 284.942291151
-3.071264 284.92177587
-3.06626133333 284.958872382
-3.06125866667 284.986416745
-3.056256 285.005664476
-3.05125333333 285.045102741
-3.04625066667 285.048226574
-3.041248 285.048404759
-3.03624533333 285.11315742
-3.03124266667 285.132584364
-3.02624 285.200481889
-3.02123733333 285.214311124
-3.01623466667 285.290642078
-3.011232 285.328563115
-3.00622933333 285.415134305
-3.00122666667 285.436595923
-2.996224 285.471041944
-2.99122133333 285.473160803
-2.98621866667 285.493890894
-2.981216 285.489033239
-2.97621333333 285.550894953
-2.97121066667 285.586233177
-2.966208 285.583787828
-2.96120533333 285.674430488
-2.95620266667 285.735918325
-2.9512 285.700630794
-2.94619733333 285.724679043
-2.94119466667 285.718564147
-2.936192 285.710637191
-2.93118933333 285.697037635
-2.92618666667 285.710540503
-2.921184 285.730748481
-2.91618133333 285.737138226
-2.91117866667 285.72192827
-2.906176 285.747983288
-2.90117333333 285.724731069
-2.89617066667 285.779152592
-2.891168 285.766120336
-2.88616533333 285.815457596
-2.88116266667 285.832429731
-2.87616 285.818196501
-2.87115733333 285.819299429
-2.86615466667 285.819465094
-2.861152 285.814599373
-2.85614933333 285.827324221
-2.85114666667 285.753397773
-2.846144 285.753200776
-2.84114133333 285.714075421
-2.83613866667 285.730888762
-2.831136 285.699804539
-2.82613333333 285.653373307
-2.82113066667 285.613154824
-2.816128 285.57903792
-2.81112533333 285.543858812
-2.80612266667 285.539388788
-2.80112 285.51705772
-2.79611733333 285.540860877
-2.79111466667 285.487252876
-2.786112 285.475188538
-2.78110933333 285.45297598
-2.77610666667 285.427774883
-2.771104 285.40928079
-2.76610133333 285.414758203
-2.76109866667 285.375925863
-2.756096 285.373276658
-2.75109333333 285.37511746
-2.74609066667 285.373953398
-2.741088 285.332757143
-2.73608533333 285.325141999
-2.73108266667 285.291656588
-2.72608 285.250225849
-2.72107733333 285.26770283
-2.71607466667 285.275224583
-2.711072 285.251356384
-2.70606933333 285.253977168
-2.70106666667 285.228287012
-2.696064 285.24431997
-2.69106133333 285.198807097
-2.68605866667 285.224140226
-2.681056 285.20884148
-2.67605333333 285.209740365
-2.67105066667 285.209506238
-2.666048 285.228956199
-2.66104533333 285.204768346
-2.65604266667 285.240723095
-2.65104 285.254049695
-2.64603733333 285.261282568
-2.64103466667 285.237361111
-2.636032 285.185004266
-2.63102933333 285.164515628
-2.62602666667 285.171532014
-2.621024 285.155765322
-2.61602133333 285.13889509
-2.61101866667 285.079683627
-2.606016 285.062154625
-2.60101333333 285.052390465
-2.59601066667 285.029731135
-2.591008 284.981760769
-2.58600533333 284.922303214
-2.58100266667 284.839241204
-2.576 284.800858324
-2.57099733333 284.713662656
-2.56599466667 284.708696878
-2.560992 284.653318418
-2.55598933333 284.593615994
-2.55098666667 284.553342156
-2.545984 284.59898777
-2.54098133333 284.571077598
-2.53597866667 284.64987065
-2.530976 284.603105599
-2.52597333333 284.613289058
-2.52097066667 284.595108774
-2.515968 284.627546093
-2.51096533333 284.591573177
-2.50596266667 284.564934246
-2.50096 284.497316951
-2.49595733333 284.472551947
-2.49095466667 284.433056576
-2.485952 284.42410036
-2.48094933333 284.412707657
-2.47594666667 284.452217314
-2.470944 284.418014849
-2.46594133333 284.457876962
-2.46093866667 284.473743418
-2.455936 284.508292733
-2.45093333333 284.519725271
-2.44593066667 284.548412706
-2.440928 284.551375188
-2.43592533333 284.653199319
-2.43092266667 284.702583357
-2.42592 284.729235304
-2.42091733333 284.764813945
-2.41591466667 284.833001285
-2.410912 284.815655811
-2.40590933333 284.843933874
-2.40090666667 284.895902205
-2.395904 284.967233832
-2.39090133333 284.938943235
-2.38589866667 284.927283721
-2.380896 284.934632379
-2.37589333333 284.991188502
-2.37089066667 284.9949861
-2.365888 285.006921702
-2.36088533333 285.036060456
-2.35588266667 285.066168019
-2.35088 285.025071911
-2.34587733333 285.02242427
-2.34087466667 285.038608841
-2.335872 285.101495143
-2.33086933333 285.08184827
-2.32586666667 285.085635378
-2.320864 285.03510646
-2.31586133333 285.013990558
-2.31085866667 285.014638475
-2.305856 284.986536148
-2.30085333333 284.95116493
-2.29585066667 285.013278538
-2.290848 284.951605191
-2.28584533333 284.943279718
-2.28084266667 284.891254268
-2.27584 284.926159686
-2.27083733333 284.823343785
-2.26583466667 284.810433631
-2.260832 284.702054386
-2.25582933333 284.635657694
-2.25082666667 284.565264117
-2.245824 284.437297051
-2.24082133333 284.24232835
-2.23581866667 284.211519939
-2.230816 284.074740192
-2.22581333333 284.037337434
-2.22081066667 283.975883741
-2.215808 283.93348526
-2.21080533333 283.897300925
-2.20580266667 283.826463051
-2.2008 283.678951647
-2.19579733333 283.583458556
-2.19079466667 283.330391137
-2.185792 283.22908949
-2.18078933333 283.049039245
-2.17578666667 282.974573222
-2.170784 282.880898289
-2.16578133333 282.827128937
-2.16077866667 282.734052243
-2.155776 282.689440465
-2.15077333333 282.666828625
-2.14577066667 282.685828736
-2.140768 282.645058155
-2.13576533333 282.677754916
-2.13076266667 282.620204272
-2.12576 282.596202391
-2.12075733333 282.568352545
-2.11575466667 282.492075944
-2.110752 282.450842993
-2.10574933333 282.413201807
-2.10074666667 282.309578914
-2.095744 282.254179768
-2.09074133333 282.190335907
-2.08573866667 282.218986248
-2.080736 282.206463665
-2.07573333333 282.260280138
-2.07073066667 282.201939566
-2.065728 282.247778502
-2.06072533333 282.287671011
-2.05572266667 282.38198182
-2.05072 282.468527242
-2.04571733333 282.601247953
-2.04071466667 282.697967258
-2.035712 282.849984695
-2.03070933333 282.873126552
-2.02570666667 282.934087881
-2.020704 282.950836934
-2.01570133333 283.012913838
-2.01069866667 282.989702541
-2.005696 283.062136418
-2.00069333333 283.118125322
-1.99569066667 283.277541707
-1.990688 283.384949494
-1.98568533333 283.456830726
-1.98068266667 283.450923616
-1.97568 283.571620163
-1.97067733333 283.62006004
-1.96567466667 283.716805589
-1.960672 283.785295979
-1.95566933333 283.917548894
-1.95066666667 283.977135466
-1.945664 284.134072707
-1.94066133333 284.250345619
-1.93565866667 284.412042361
-1.930656 284.439721898
-1.92565333333 284.553991315
-1.92065066667 284.580007341
-1.915648 284.683900223
-1.91064533333 284.696772918
-1.90564266667 284.73252006
-1.90064 284.660839429
-1.89563733333 284.643570691
-1.89063466667 284.578256826
-1.885632 284.525802804
-1.88062933333 284.500255033
-1.87562666667 284.471227705
-1.870624 284.379676987
-1.86562133333 284.33774934
-1.86061866667 284.216192174
-1.855616 284.256955312
-1.85061333333 284.141622269
-1.84561066667 284.161588543
-1.840608 284.094369771
-1.83560533333 284.13061412
-1.83060266667 284.04749732
-1.8256 284.047724556
-1.82059733333 283.979455932
-1.81559466667 284.005736423
-1.810592 283.902385013
-1.80558933333 283.889881888
-1.80058666667 283.839888817
-1.795584 283.803251539
-1.79058133333 283.762473878
-1.78557866667 283.800078869
-1.780576 283.765510466
-1.77557333333 283.787516933
-1.77057066667 283.745963961
-1.765568 283.723518312
-1.76056533333 283.720878345
-1.75556266667 283.714722567
-1.75056 283.679093064
-1.74555733333 283.68810582
-1.74055466667 283.646296888
-1.735552 283.674927135
-1.73054933333 283.575589442
-1.72554666667 283.641187339
-1.720544 283.629368741
-1.71554133333 283.654506252
-1.71053866667 283.659268358
-1.705536 283.655752713
-1.70053333333 283.608537649
-1.69553066667 283.647079683
-1.690528 283.562167176
-1.68552533333 283.605225782
-1.68052266667 283.612804882
-1.67552 283.66594612
-1.67051733333 283.604581228
-1.66551466667 283.643437393
-1.660512 283.607028592
-1.65550933333 283.636614938
-1.65050666667 283.604075493
-1.645504 283.641804836
-1.64050133333 283.60824114
-1.63549866667 283.665034516
-1.630496 283.545094819
-1.62549333333 283.628649824
-1.62049066667 283.600660208
-1.615488 283.623211918
-1.61048533333 283.557142473
-1.60548266667 283.560204411
-1.60048 283.50193059
-1.59547733333 283.581392652
-1.59047466667 283.473056788
-1.585472 283.515339884
-1.58046933333 283.47701748
-1.57546666667 283.505778436
-1.570464 283.416881003
-1.56546133333 283.436175418
-1.56045866667 283.408585006
-1.555456 283.426727886
-1.55045333333 283.364667125
-1.54545066667 283.370167705
-1.540448 283.361270731
-1.53544533333 283.393439825
-1.53044266667 283.321915289
-1.52544 283.338023657
-1.52043733333 283.292821556
-1.51543466667 283.360206929
-1.510432 283.292893999
-1.50542933333 283.309438852
-1.50042666667 283.243018964
-1.495424 283.323241553
-1.49042133333 283.255251481
-1.48541866667 283.2552571
-1.480416 283.275417773
-1.47541333333 283.331004149
-1.47041066667 283.271193863
-1.465408 283.320766144
-1.46040533333 283.25165922
-1.45540266667 283.245537873
-1.4504 283.193328308
-1.44539733333 283.199867564
-1.44039466667 283.160602496
-1.435392 283.227497451
-1.43038933333 283.155456132
-1.42538666667 283.174024588
-1.420384 283.121726201
-1.41538133333 283.191456168
-1.41037866667 283.120282702
-1.405376 283.131733568
-1.40037333333 283.066943134
-1.39537066667 283.103882517
-1.390368 283.037677831
-1.38536533333 283.053491437
-1.38036266667 282.970599409
-1.37536 282.977277596
-1.37035733333 282.936836634
-1.36535466667 282.993165514
-1.360352 282.923144944
-1.35534933333 282.938608989
-1.35034666667 282.886982245
-1.345344 282.884676395
-1.34034133333 282.82088502
-1.33533866667 282.860576336
-1.330336 282.77303311
-1.32533333333 282.799668129
-1.32033066667 282.729854562
-1.315328 282.785276097
-1.31032533333 282.794594993
-1.30532266667 282.956927832
-1.30032 283.079603764
-1.29531733333 283.315411642
-1.29031466667 283.31789313
-1.285312 283.487423418
-1.28030933333 283.407825005
-1.27530666667 283.530020243
-1.270304 283.507971935
-1.26530133333 283.529571352
-1.26029866667 283.583123292
-1.255296 283.881799138
-1.25029333333 284.032407311
-1.24529066667 284.346243301
-1.240288 284.606393604
-1.23528533333 284.875464636
-1.23028266667 285.118415059
-1.22528 285.380743277
-1.22027733333 285.618778426
-1.21527466667 286.025862904
-1.210272 286.307235679
-1.20526933333 286.664542726
-1.20026666667 286.867102014
-1.195264 287.268018302
-1.19026133333 287.535741556
-1.18525866667 287.997138576
-1.180256 288.449984296
-1.17525333333 288.951092848
-1.17025066667 289.245300188
-1.165248 289.491851782
-1.16024533333 289.723912961
-1.15524266667 289.914957255
-1.15024 290.01860958
-1.14523733333 290.276625012
-1.14023466667 290.405438866
-1.135232 290.658734116
-1.13022933333 290.762980578
-1.12522666667 290.860756718
-1.120224 290.825337847
-1.11522133333 290.838747673
-1.11021866667 290.790045225
-1.105216 290.910456173
-1.10021333333 290.897708488
-1.09521066667 290.970002567
-1.090208 290.92436185
-1.08520533333 290.947488446
-1.08020266667 290.882946549
-1.0752 290.980364378
-1.07019733333 290.886612785
-1.06519466667 290.881285757
-1.060192 290.804560833
-1.05518933333 290.851166261
-1.05018666667 290.759607156
-1.045184 290.839182051
-1.04018133333 290.744777064
-1.03517866667 290.752813744
-1.030176 290.606685327
-1.02517333333 290.632164165
-1.02017066667 290.470306772
-1.015168 290.447691212
-1.01016533333 290.252951428
-1.00516266667 290.164193212
-1.00016 289.960660637
-0.995157333333 289.771191207
-0.990154666667 289.415971717
-0.985152 289.049441798
-0.980149333333 288.545902014
-0.975146666667 288.266338684
-0.970144 287.973087617
-0.965141333333 287.769307397
-0.960138666667 287.491637709
-0.955136 287.342094284
-0.950133333333 287.129267046
-0.945130666667 287.087791638
-0.940128 286.93317091
-0.935125333333 286.868987653
-0.930122666667 286.742895213
-0.92512 286.756164256
-0.920117333333 286.582740508
-0.915114666667 286.571923649
-0.910112 286.450996138
-0.905109333333 286.40630248
-0.900106666667 286.327856753
-0.895104 286.318833408
-0.890101333333 286.176306896
-0.885098666667 286.161727751
-0.880096 286.029611841
-0.875093333333 286.046035209
-0.870090666667 285.911006957
-0.865088 285.926606252
-0.860085333333 285.881514292
-0.855082666667 285.898273174
-0.85008 285.804266536
-0.845077333333 285.767623329
-0.840074666667 285.68973036
-0.835072 285.652426129
-0.830069333333 285.572104032
-0.825066666667 285.515213195
-0.820064 285.446923911
-0.815061333333 285.437732928
-0.810058666667 285.343194642
-0.805056 285.300023256
-0.800053333333 285.258619615
-0.795050666667 285.257044533
-0.790048 285.159157705
-0.785045333333 285.155646454
-0.780042666667 285.080246636
-0.77504 285.089311211
-0.770037333333 284.930913145
-0.765034666667 284.949156855
-0.760032 284.783789395
-0.755029333333 284.771844773
-0.750026666667 284.715286623
-0.745024 284.764898093
-0.740021333333 284.602121806
-0.735018666667 284.443135685
-0.730016 284.215373134
-0.725013333333 284.12158038
-0.720010666667 283.891518627
-0.715008 283.733496789
-0.710005333333 283.455028714
-0.705002666667 283.300759235
-0.7 283.054991272
-0.694997333333 283.041680548
-0.689994666667 282.985538843
-0.684992 283.47350936
-0.679989333333 283.368564859
-0.674986666667 282.976314307
-0.669984 282.887991702
-0.664981333333 282.924899994
-0.659978666667 282.936556432
-0.654976 282.848592431
-0.649973333333 282.705909508
-0.644970666667 282.645435908
-0.639968 282.570849451
-0.634965333333 282.574660215
-0.629962666667 282.404862777
-0.62496 282.3685224
-0.619957333333 282.31592342
-0.614954666667 282.330448726
-0.609952 282.270283953
-0.604949333333 282.363595071
-0.599946666667 282.323691584
-0.594944 282.376766477
-0.589941333333 282.290364705
-0.584938666667 282.258115428
-0.579936 282.15903753
-0.574933333333 282.165230095
-0.569930666667 282.135426957
-0.564928 282.24076058
-0.559925333333 282.214490865
-0.554922666667 282.23657567
-0.54992 282.169014512
-0.544917333333 282.244345654
-0.539914666667 282.174518897
-0.534912 282.235124791
-0.529909333333 282.224228557
-0.524906666667 282.308296953
-0.519904 282.270945869
-0.514901333333 282.353960351
-0.509898666667 282.319155697
-0.504896 282.388333784
-0.499893333333 282.374377712
-0.494890666667 282.415778344
-0.489888 282.369389442
-0.484885333333 282.439110521
-0.479882666667 282.437498428
-0.47488 282.517181264
-0.469877333333 282.450238748
-0.464874666667 282.506942505
-0.459872 282.429762934
-0.454869333333 282.534844869
-0.449866666667 282.482609619
-0.444864 282.563787204
-0.439861333333 282.479323545
-0.434858666667 282.531561933
-0.429856 282.427815471
-0.424853333333 282.460429167
-0.419850666667 282.39912131
-0.414848 282.492776562
-0.409845333333 282.399707994
-0.404842666667 282.472114086
-0.39984 282.419751973
-0.394837333333 282.492701882
-0.389834666667 282.430751297
-0.384832 282.471522926
-0.379829333333 282.467425556
-0.374826666667 282.532191046
-0.369824 282.524845343
-0.364821333333 282.585235451
-0.359818666667 282.55704169
-0.354816 282.635593547
-0.349813333333 282.569272882
-0.344810666667 282.631135779
-0.339808 282.601048879
-0.334805333333 282.628474846
-0.329802666667 282.520358995
-0.3248 282.594860921
-0.319797333333 282.601927042
-0.314794666667 282.629080632
-0.309792 282.551609077
-0.304789333333 282.600438709
-0.299786666667 282.550478393
-0.294784 282.655318311
-0.289781333333 282.580544006
-0.284778666667 282.660878559
-0.279776 282.606827315
-0.274773333333 282.655287964
-0.269770666667 282.645302178
-0.264768 282.68997787
-0.259765333333 282.672757725
-0.254762666667 282.74362602
-0.24976 282.698368489
-0.244757333333 282.76409067
-0.239754666667 282.710330839
-0.234752 282.754206258
-0.229749333333 282.73608183
-0.224746666667 282.811092296
-0.219744 282.747098482
-0.214741333333 282.823476171
-0.209738666667 282.80236657
-0.204736 282.883605459
-0.199733333333 282.866070072
-0.194730666667 282.978075954
-0.189728 282.934364279
-0.184725333333 283.021545045
-0.179722666667 282.966477912
-0.17472 283.046650067
-0.169717333333 283.004588875
-0.164714666667 283.048008318
-0.159712 283.023092418
-0.154709333333 283.031196625
-0.149706666667 282.979425859
-0.144704 283.050862581
-0.139701333333 283.069013394
-0.134698666667 283.067293935
-0.129696 283.042452674
-0.124693333333 283.107436911
-0.119690666667 283.100385009
-0.114688 283.14520398
-0.109685333333 283.068496384
-0.104682666667 283.13275358
-0.09968 283.136227365
-0.0946773333333 283.213467638
-0.0896746666667 283.178696395
-0.084672 283.264052784
-0.0796693333333 283.214152691
-0.0746666666667 283.319293726
-0.069664 283.266679263
-0.0646613333333 283.344948037
-0.0596586666667 283.360780607
-0.054656 283.397887593
-0.0496533333333 283.319909823
-0.0446506666667 283.379791288
-0.039648 283.388291867
-0.0346453333333 283.405980262
-0.0296426666667 283.387165966
-0.02464 283.444616336
-0.0196373333333 283.402287542
-0.0146346666667 283.445021503
-0.009632 283.44038978
-0.00462933333333 283.492914619
