（-9.01443,1.5），（-6.75823,1.5），（-2.40091,1.5）
-9.99995733333 372.735472059
-9.99495466667 372.720413368
-9.989952 372.712028774
-9.98494933333 372.710746978
-9.97994666667 372.716738222
-9.974944 372.730108036
-9.96994133333 372.750955041
-9.96493866667 372.77911964
-9.959936 372.814018588
-9.95493333333 372.854769199
-9.94993066667 372.900428714
-9.944928 372.950114341
-9.93992533333 373.00296505
-9.93492266667 373.058055579
-9.92992 373.114382376
-9.92491733333 373.170850575
-9.91991466667 373.226396638
-9.914912 373.280225698
-9.90990933333 373.331776727
-9.90490666667 373.380447288
-9.899904 373.425563998
-9.89490133333 373.466598235
-9.88989866667 373.503213619
-9.884896 373.535116454
-9.87989333333 373.562080198
-9.87489066667 373.584015718
-9.869888 373.601163902
-9.86488533333 373.614362005
-9.85988266667 373.625177483
-9.85488 373.635499393
-9.84987733333 373.646671073
-9.84487466667 373.65885394
-9.839872 373.671030752
-9.83486933333 373.681646567
-9.82986666667 373.689333128
-9.824864 373.693298883
-9.81986133333 373.693283227
-9.81485866667 373.689279666
-9.809856 373.681463791
-9.80485333333 373.670380422
-9.79985066667 373.656972617
-9.794848 373.642352497
-9.78984533333 373.627599119
-9.78484266667 373.613712528
-9.77984 373.601494858
-9.77483733333 373.591340671
-9.76983466667 373.583062795
-9.764832 373.575890241
-9.75982933333 373.568736436
-9.75482666667 373.560596903
-9.749824 373.550881438
-9.74482133333 373.539589089
-9.73981866667 373.527135393
-9.734816 373.514056642
-9.72981333333 373.500862934
-9.72481066667 373.488013507
-9.719808 373.475861665
-9.71480533333 373.46466468
-9.70980266667 373.454637652
-9.7048 373.445998277
-9.69979733333 373.439054532
-9.69479466667 373.434212934
-9.689792 373.431865853
-9.68478933333 373.43218383
-9.67978666667 373.43502705
-9.674784 373.439951086
-9.66978133333 373.446318342
-9.66477866667 373.453508151
-9.659776 373.461138896
-9.65477333333 373.469255054
-9.64977066667 373.478311089
-9.644768 373.488892729
-9.63976533333 373.501436346
-9.63476266667 373.516228401
-9.62976 373.53341134
-9.62475733333 373.552934626
-9.61975466667 373.574599253
-9.614752 373.598023837
-9.60974933333 373.622466944
-9.60474666667 373.646702452
-9.599744 373.669149289
-9.59474133333 373.688109917
-9.58973866667 373.702065115
-9.584736 373.709942473
-9.57973333333 373.711376351
-9.57473066667 373.706791579
-9.569728 373.697118279
-9.56472533333 373.68328863
-9.55972266667 373.666021106
-9.55472 373.645995403
-9.54971733333 373.623971337
-9.54471466667 373.600674945
-9.539712 373.576739988
-9.53470933333 373.552653817
-9.52970666667 373.528625795
-9.524704 373.504662484
-9.51970133333 373.480766329
-9.51469866667 373.457016911
-9.509696 373.433532738
-9.50469333333 373.410419215
-9.49969066667 373.387854896
-9.494688 373.366282406
-9.48968533333 373.346480694
-9.48468266667 373.329422599
-9.47968 373.316080453
-9.47467733333 373.307223096
-9.46967466667 373.303226094
-9.464672 373.30403845
-9.45966933333 373.309270527
-9.45466666667 373.318212369
-9.449664 373.329942459
-9.44466133333 373.343560232
-9.43965866667 373.358254676
-9.434656 373.373165192
-9.42965333333 373.387393322
-9.42465066667 373.400145635
-9.419648 373.410855968
-9.41464533333 373.419206372
-9.40964266667 373.425144565
-9.40464 373.429088452
-9.39963733333 373.431847426
-9.39463466667 373.434298879
-9.389632 373.437272053
-9.38462933333 373.44152704
-9.37962666667 373.447695852
-9.374624 373.456363867
-9.36962133333 373.468272483
-9.36461866667 373.484193924
-9.359616 373.50438102
-9.35461333333 373.52800016
-9.34961066667 373.553146865
-9.344608 373.577518791
-9.33960533333 373.599147989
-9.33460266667 373.616950446
-9.3296 373.631051931
-9.32459733333 373.642445882
-9.31959466667 373.652237286
-9.314592 373.661139805
-9.30958933333 373.669353024
-9.30458666667 373.67677513
-9.299584 373.683444679
-9.29458133333 373.689946534
-9.28957866667 373.697198302
-9.284576 373.705923683
-9.27957333333 373.716371531
-9.27457066667 373.728420437
-9.269568 373.74186728
-9.26456533333 373.756674213
-9.25956266667 373.77306999
-9.25456 373.791473575
-9.24955733333 373.812249964
-9.24455466667 373.83544738
-9.239552 373.860742431
-9.23454933333 373.88761986
-9.22954666667 373.915584218
-9.224544 373.944222901
-9.21954133333 373.973179072
-9.21453866667 374.002064864
-9.209536 374.030375802
-9.20453333333 374.05753355
-9.19953066667 374.083090392
-9.194528 374.106921761
-9.18952533333 374.129114351
-9.18452266667 374.149767958
-9.17952 374.168936552
-9.17451733333 374.186600817
-9.16951466667 374.20268975
-9.164512 374.217201206
-9.15950933333 374.230265197
-9.15450666667 374.242047616
-9.149504 374.252604646
-9.14450133333 374.261766071
-9.13949866667 374.269037431
-9.134496 374.273585237
-9.12949333333 374.274326284
-9.12449066667 374.270168412
-9.119488 374.260349209
-9.11448533333 374.244553191
-9.10948266667 374.222757018
-9.10448 374.195131837
-9.09947733333 374.162247421
-9.09447466667 374.1251925
-9.089472 374.085477344
-9.08446933333 374.044891569
-9.07946666667 374.005314352
-9.074464 373.968442517
-9.06946133333 373.935576213
-9.06445866667 373.907472711
-9.059456 373.88429936
-9.05445333333 373.865653199
-9.04945066667 373.850706541
-9.044448 373.838586281
-9.03944533333 373.828666952
-9.03444266667 373.820572508
-9.02944 373.814007862
-9.02443733333 373.808612429
-9.01943466667 373.803909734
-9.014432 373.799270619
-9.00942933333 373.793893847
-9.00442666667 373.786804538
-8.999424 373.77698686
-8.99442133333 373.763611335
-8.98941866667 373.746136537
-8.984416 373.72417455
-8.97941333333 373.697282568
-8.97441066667 373.664930825
-8.969408 373.626636987
-8.96440533333 373.582251817
-8.95940266667 373.532305558
-8.9544 373.478077588
-8.94939733333 373.421301855
-8.94439466667 373.36367178
-8.939392 373.306525651
-8.93438933333 373.250763215
-8.92938666667 373.196914728
-8.924384 373.145323833
-8.91938133333 373.096327466
-8.91437866667 373.050377417
-8.909376 373.008004673
-8.90437333333 372.969808969
-8.89937066667 372.936365824
-8.894368 372.908116384
-8.88936533333 372.885298511
-8.88436266667 372.867769251
-8.87936 372.854964995
-8.87435733333 372.846196459
-8.86935466667 372.840921777
-8.864352 372.838719353
-8.85934933333 372.839213917
-8.85434666667 372.842241969
-8.849344 372.848096842
-8.84434133333 372.857524238
-8.83933866667 372.871451359
-8.834336 372.890699267
-8.82933333333 372.915824138
-8.82433066667 372.947081038
-8.819328 372.984460173
-8.81432533333 373.027696839
-8.80932266667 373.076198846
-8.80432 373.129068331
-8.79931733333 373.18530961
-8.79431466667 373.243925404
-8.789312 373.303819309
-8.78430933333 373.363844307
-8.77930666667 373.422958813
-8.774304 373.480273342
-8.76930133333 373.535125856
-8.76429866667 373.587127553
-8.759296 373.635997389
-8.75429333333 373.681384237
-8.74929066667 373.722958568
-8.744288 373.760579178
-8.73928533333 373.794333565
-8.73428266667 373.824479158
-8.72928 373.851375122
-8.72427733333 373.87541021
-8.71927466667 373.896857636
-8.714272 373.915876346
-8.70926933333 373.932773532
-8.70426666667 373.948046243
-8.699264 373.962148995
-8.69426133333 373.975406919
-8.68925866667 373.988062017
-8.684256 374.000219736
-8.67925333333 374.011803429
-8.67425066667 374.022702873
-8.669248 374.032968004
-8.66424533333 374.042848316
-8.65924266667 374.052759928
-8.65424 374.063278857
-8.64923733333 374.075065279
-8.64423466667 374.088618597
-8.639232 374.104197795
-8.63422933333 374.122017443
-8.62922666667 374.14247932
-8.624224 374.166223651
-8.61922133333 374.19405975
-8.61421866667 374.226806658
-8.609216 374.265231139
-8.60421333333 374.31013652
-8.59921066667 374.362522285
-8.594208 374.423716267
-8.58920533333 374.495183439
-8.58420266667 374.578011601
-8.5792 374.672578555
-8.57419733333 374.778496014
-8.56919466667 374.894886354
-8.564192 375.020769775
-8.55918933333 375.155186228
-8.55418666667 375.297103851
-8.549184 375.44541214
-8.54418133333 375.598996784
-8.53917866667 375.756812682
-8.534176 375.917803804
-8.52917333333 376.080654648
-8.52417066667 376.243769708
-8.519168 376.405457191
-8.51416533333 376.564065644
-8.50916266667 376.717973498
-8.50416 376.865553824
-8.49915733333 377.005236733
-8.49415466667 377.13561631
-8.489152 377.255519207
-8.48414933333 377.363996824
-8.47914666667 377.460020564
-8.474144 377.542176972
-8.46914133333 377.608732397
-8.46413866667 377.658243382
-8.459136 377.69049345
-8.45413333333 377.706963127
-8.44913066667 377.710386127
-8.444128 377.7038841
-8.43912533333 377.690233511
-8.43412266667 377.671457808
-8.42912 377.648737471
-8.42411733333 377.622574098
-8.41911466667 377.593034953
-8.414112 377.560061283
-8.40910933333 377.523905713
-8.40410666667 377.485448395
-8.399104 377.44620449
-8.39410133333 377.408022075
-8.38909866667 377.372646667
-8.384096 377.341277146
-8.37909333333 377.314249188
-8.37409066667 377.291204422
-8.369088 377.271586996
-8.36408533333 377.254987638
-8.35908266667 377.241258136
-8.35408 377.230489709
-8.34907733333 377.22280593
-8.34407466667 377.218089873
-8.339072 377.215963621
-8.33406933333 377.215958093
-8.32906666667 377.217595701
-8.324064 377.220406013
-8.31906133333 377.223806551
-8.31405866667 377.227061951
-8.309056 377.22931662
-8.30405333333 377.229673205
-8.29905066667 377.227408727
-8.294048 377.222311877
-8.28904533333 377.214841848
-8.28404266667 377.205928262
-8.27904 377.196599918
-8.27403733333 377.187719588
-8.26903466667 377.179895082
-8.264032 377.173425377
-8.25902933333 377.168350592
-8.25402666667 377.164629434
-8.249024 377.162249039
-8.24402133333 377.161179513
-8.23901866667 377.161365807
-8.234016 377.16285905
-8.22901333333 377.165766824
-8.22401066667 377.170060793
-8.219008 377.175570069
-8.21400533333 377.182133719
-8.20900266667 377.189673201
-8.204 377.198102394
-8.19899733333 377.207149499
-8.19399466667 377.216295732
-8.188992 377.22482345
-8.18398933333 377.231930952
-8.17898666667 377.237083719
-8.173984 377.240285772
-8.16898133333 377.241918147
-8.16397866667 377.242327672
-8.158976 377.241457776
-8.15397333333 377.238804216
-8.14897066667 377.233756594
-8.143968 377.225892131
-8.13896533333 377.215076184
-8.13396266667 377.201466344
-8.12896 377.185349924
-8.12395733333 377.166901865
-8.11895466667 377.146079101
-8.113952 377.122808194
-8.10894933333 377.097196628
-8.10394666667 377.069511432
-8.098944 377.040006571
-8.09394133333 377.008733919
-8.08893866667 376.975433012
-8.083936 376.939503499
-8.07893333333 376.899957717
-8.07393066667 376.855446528
-8.068928 376.804364771
-8.06392533333 376.744856869
-8.05892266667 376.674863083
-8.05392 376.592545765
-8.04891733333 376.497099316
-8.04391466667 376.389421911
-8.038912 376.272352047
-8.03390933333 376.150207761
-8.02890666667 376.02762666
-8.023904 375.908419802
-8.01890133333 375.794907183
-8.01389866667 375.687817693
-8.008896 375.586890748
-8.00389333333 375.491706271
-7.99889066667 375.402142828
-7.993888 375.318143243
-7.98888533333 375.239002717
-7.98388266667 375.162982978
-7.97888 375.087672151
-7.97387733333 375.010785008
-7.96887466667 374.930990365
-7.963872 374.848283326
-7.95886933333 374.76373358
-7.95386666667 374.67888926
-7.948864 374.595027899
-7.94386133333 374.512547411
-7.93885866667 374.430958869
-7.933856 374.349353035
-7.92885333333 374.266968149
-7.92385066667 374.183539746
-7.918848 374.099303743
-7.91384533333 374.014770356
-7.90884266667 373.930377697
-7.90384 373.84625573
-7.89883733333 373.762192326
-7.89383466667 373.677757466
-7.888832 373.592532486
-7.88382933333 373.506372439
-7.87882666667 373.419530197
-7.873824 373.332414049
-7.86882133333 373.245202678
-7.86381866667 373.157727654
-7.858816 373.069643713
-7.85381333333 372.98072519
-7.84881066667 372.891006074
-7.843808 372.800730598
-7.83880533333 372.71028299
-7.83380266667 372.620283804
-7.8288 372.531582514
-7.82379733333 372.44512569
-7.81879466667 372.361865957
-7.813792 372.282795921
-7.80878933333 372.208963115
-7.80378666667 372.141274964
-7.798784 372.080171037
-7.79378133333 372.025601992
-7.78877866667 371.977352359
-7.783776 371.935308634
-7.77877333333 371.899539598
-7.77377066667 371.870312933
-7.768768 371.84811186
-7.76376533333 371.833706083
-7.75876266667 371.828111805
-7.75376 371.832264341
-7.74875733333 371.846668163
-7.74375466667 371.871214521
-7.738752 371.905156616
-7.73374933333 371.94714981
-7.72874666667 371.995330355
-7.723744 372.047503047
-7.71874133333 372.10140283
-7.71373866667 372.154801566
-7.708736 372.205548454
-7.70373333333 372.251644655
-7.69873066667 372.291558823
-7.693728 372.324578107
-7.68872533333 372.350959105
-7.68372266667 372.371796523
-7.67872 372.388535114
-7.67371733333 372.402434723
-7.66871466667 372.414354682
-7.663712 372.424899365
-7.65870933333 372.434566792
-7.65370666667 372.443788683
-7.648704 372.452926417
-7.64370133333 372.462287586
-7.63869866667 372.472215843
-7.633696 372.483004647
-7.62869333333 372.494645571
-7.62369066667 372.506742582
-7.618688 372.518735171
-7.61368533333 372.53002944
-7.60868266667 372.540117048
-7.60368 372.548722767
-7.59867733333 372.555743085
-7.59367466667 372.561066662
-7.588672 372.564481696
-7.58366933333 372.565731415
-7.57866666667 372.564580987
-7.573664 372.560827039
-7.56866133333 372.554387625
-7.56365866667 372.545438895
-7.558656 372.534478408
-7.55365333333 372.522243895
-7.54865066667 372.509513784
-7.543648 372.496985103
-7.53864533333 372.485272018
-7.53364266667 372.474975412
-7.52864 372.46676047
-7.52363733333 372.461368312
-7.51863466667 372.459541618
-7.513632 372.461894351
-7.50862933333 372.468672941
-7.50362666667 372.479345944
-7.498624 372.492492155
-7.49362133333 372.506188685
-7.48861866667 372.518496945
-7.483616 372.527797946
-7.47861333333 372.532951165
-7.47361066667 372.533349787
-7.468608 372.529015042
-7.46360533333 372.520601061
-7.45860266667 372.509263931
-7.4536 372.496557688
-7.44859733333 372.484326708
-7.44359466667 372.474479157
-7.438592 372.468677255
-7.43358933333 372.468130748
-7.42858666667 372.473499253
-7.423584 372.484876209
-7.41858133333 372.501781789
-7.41357866667 372.523093849
-7.408576 372.547137112
-7.40357333333 372.572136399
-7.39857066667 372.596801158
-7.393568 372.620598125
-7.38856533333 372.643527047
-7.38356266667 372.665689752
-7.37856 372.687062087
-7.37355733333 372.707694483
-7.36855466667 372.727996295
-7.363552 372.748799933
-7.35854933333 372.771279844
-7.35354666667 372.796636582
-7.348544 372.825638473
-7.34354133333 372.858368781
-7.33853866667 372.894453027
-7.333536 372.933461478
-7.32853333333 372.975154474
-7.32353066667 373.019534653
-7.318528 373.066691846
-7.31352533333 373.116515085
-7.30852266667 373.168442829
-7.30352 373.221567523
-7.29851733333 373.27490377
-7.29351466667 373.327515941
-7.288512 373.37856187
-7.28350933333 373.427338556
-7.27850666667 373.473365266
-7.273504 373.516402996
-7.26850133333 373.556423208
-7.26349866667 373.593504681
-7.258496 373.62769592
-7.25349333333 373.658990197
-7.24849066667 373.687435106
-7.243488 373.713152167
-7.23848533333 373.736277969
-7.23348266667 373.75700347
-7.22848 373.775485435
-7.22347733333 373.791728316
-7.21847466667 373.805588578
-7.213472 373.81689563
-7.20846933333 373.825594823
-7.20346666667 373.831788733
-7.198464 373.835757404
-7.19346133333 373.837936239
-7.18845866667 373.838726801
-7.183456 373.838208154
-7.17845333333 373.835958893
-7.17345066667 373.831089866
-7.168448 373.822555836
-7.16344533333 373.809485212
-7.15844266667 373.79128993
-7.15344 373.767788033
-7.14843733333 373.739425974
-7.14343466667 373.707277012
-7.138432 373.672769345
-7.13342933333 373.637341804
-7.12842666667 373.602006085
-7.123424 373.567187404
-7.11842133333 373.533020895
-7.11341866667 373.499704476
-7.108416 373.467636581
-7.10341333333 373.437198068
-7.09841066667 373.408615431
-7.093408 373.382080283
-7.08840533333 373.357764899
-7.08340266667 373.335753141
-7.0784 373.316091285
-7.07339733333 373.298884959
-7.06839466667 373.284149282
-7.063392 373.271644969
-7.05838933333 373.260839618
-7.05338666667 373.250830438
-7.048384 373.240545295
-7.04338133333 373.229097178
-7.03837866667 373.215919557
-7.033376 373.200800555
-7.02837333333 373.183781893
-7.02337066667 373.164916844
-7.018368 373.144150158
-7.01336533333 373.121456355
-7.00836266667 373.096961088
-7.00336 373.070880056
-6.99835733333 373.043449613
-6.99335466667 373.014955895
-6.988352 372.985719652
-6.98334933333 372.956155808
-6.97834666667 372.926845822
-6.973344 372.898441026
-6.96834133333 372.871488777
-6.96333866667 372.846352465
-6.958336 372.823234625
-6.95333333333 372.802143274
-6.94833066667 372.782876458
-6.943328 372.765031047
-6.93832533333 372.748125087
-6.93332266667 372.731832817
-6.92832 372.716120208
-6.92331733333 372.701265571
-6.91831466667 372.687804111
-6.913312 372.676299437
-6.90830933333 372.667088693
-6.90330666667 372.660337709
-6.898304 372.656298154
-6.89330133333 372.655570986
-6.88829866667 372.65914249
-6.883296 372.668166361
-6.87829333333 372.683619514
-6.87329066667 372.706146236
-6.868288 372.736044463
-6.86328533333 372.773137815
-6.85828266667 372.81671123
-6.85328 372.86576819
-6.84827733333 372.919312414
-6.84327466667 372.976579274
-6.838272 373.037036252
-6.83326933333 373.100109395
-6.82826666667 373.165011735
-6.823264 373.230761074
-6.81826133333 373.296336785
-6.81325866667 373.360825853
-6.808256 373.423428324
-6.80325333333 373.483444371
-6.79825066667 373.540437391
-6.793248 373.594365049
-6.78824533333 373.645451845
-6.78324266667 373.693969348
-6.77824 373.740135966
-6.77323733333 373.784010814
-6.76823466667 373.825343456
-6.763232 373.863604623
-6.75822933333 373.898296103
-6.75322666667 373.929161817
-6.748224 373.956156029
-6.74322133333 373.979308332
-6.73821866667 373.998586608
-6.733216 374.013916165
-6.72821333333 374.025466198
-6.72321066667 374.033834329
-6.718208 374.039821993
-6.71320533333 374.044018428
-6.70820266667 374.046653697
-6.7032 374.047794912
-6.69819733333 374.047583643
-6.69319466667 374.046281763
-6.688192 374.044123568
-6.68318933333 374.041197773
-6.67818666667 374.037568265
-6.673184 374.03344922
-6.66818133333 374.029203155
-6.66317866667 374.025206371
-6.658176 374.021731647
-6.65317333333 374.018914988
-6.64817066667 374.016817723
-6.643168 374.015432998
-6.63816533333 374.014636826
-6.63316266667 374.014211473
-6.62816 374.013963874
-6.62315733333 374.013837528
-6.61815466667 374.013832589
-6.613152 374.013798762
-6.60814933333 374.0133402
-6.60314666667 374.011955936
-6.598144 374.009254371
-6.59314133333 374.004950756
-6.58813866667 373.99866968
-6.583136 373.989985577
-6.57813333333 373.978772226
-6.57313066667 373.965397528
-6.568128 373.950641126
-6.56312533333 373.935377542
-6.55812266667 373.920312614
-6.55312 373.905970176
-6.54811733333 373.892758255
-6.54311466667 373.880966335
-6.538112 373.870717061
-6.53310933333 373.861964127
-6.52810666667 373.854561992
-6.523104 373.848238264
-6.51810133333 373.84258659
-6.51309866667 373.837215448
-6.508096 373.831870904
-6.50309333333 373.826514663
-6.49809066667 373.821253097
-6.493088 373.816215023
-6.48808533333 373.811540457
-6.48308266667 373.807369205
-6.47808 373.803798205
-6.47307733333 373.800852726
-6.46807466667 373.798505018
-6.463072 373.796603242
-6.45806933333 373.794851423
-6.45306666667 373.793075459
-6.448064 373.791466743
-6.44306133333 373.790402342
-6.43805866667 373.790200999
-6.433056 373.791209746
-6.42805333333 373.793910593
-6.42305066667 373.798853747
-6.418048 373.806673011
-6.41304533333 373.818168489
-6.40804266667 373.834332384
-6.40304 373.856365317
-6.39803733333 373.885880969
-6.39303466667 373.924943131
-6.388032 373.975543214
-6.38302933333 374.039009561
-6.37802666667 374.116126396
-6.373024 374.207656899
-6.36802133333 374.314505645
-6.36301866667 374.437356301
-6.358016 374.576143779
-6.35301333333 374.729792282
-6.34801066667 374.896297534
-6.343008 375.073078372
-6.33800533333 375.257435079
-6.33300266667 375.446922622
-6.328 375.639429836
-6.32299733333 375.833018534
-6.31799466667 376.025868895
-6.312992 376.216351679
-6.30798933333 376.403123612
-6.30298666667 376.585053728
-6.297984 376.761055404
-6.29298133333 376.929934406
-6.28797866667 377.090461318
-6.282976 377.241619054
-6.27797333333 377.382715016
-6.27297066667 377.513208199
-6.267968 377.632455058
-6.26296533333 377.73974718
-6.25796266667 377.834527791
-6.25296 377.916450271
-6.24795733333 377.9853202
-6.24295466667 378.041092335
-6.237952 378.083762315
-6.23294933333 378.113153328
-6.22794666667 378.129137164
-6.222944 378.132285535
-6.21794133333 378.124235553
-6.21293866667 378.107452056
-6.207936 378.084611867
-6.20293333333 378.057993962
-6.19793066667 378.029342557
-6.192928 378.00023967
-6.18792533333 377.972522649
-6.18292266667 377.948116537
-6.17792 377.928341082
-6.17291733333 377.913456795
-6.16791466667 377.902857129
-6.162912 377.895613755
-6.15790933333 377.890736439
-6.15290666667 377.887260526
-6.147904 377.884452947
-6.14290133333 377.881919858
-6.13789866667 377.879557385
-6.132896 377.877548171
-6.12789333333 377.876193073
-6.12289066667 377.875596373
-6.117888 377.875757597
-6.11288533333 377.877002572
-6.10788266667 377.880235971
-6.10288 377.886584035
-6.09787733333 377.896662577
-6.09287466667 377.910180012
-6.087872 377.926107767
-6.08286933333 377.943318604
-6.07786666667 377.961066871
-6.072864 377.97899334
-6.06786133333 377.996905771
-6.06285866667 378.014454962
-6.057856 378.031067166
-6.05285333333 378.046146038
-6.04785066667 378.059177126
-6.042848 378.069783618
-6.03784533333 378.077952187
-6.03284266667 378.084044258
-6.02784 378.088497831
-6.02283733333 378.091499841
-6.01783466667 378.092998334
-6.012832 378.092975522
-6.00782933333 378.091465612
-6.00282666667 378.088433558
-5.997824 378.083656819
-5.99282133333 378.076600112
-5.98781866667 378.066577698
-5.982816 378.05326146
-5.97781333333 378.03703991
-5.97281066667 378.018644228
-5.967808 377.998331036
-5.96280533333 377.975603702
-5.95780266667 377.949616216
-5.9528 377.919721651
-5.94779733333 377.885822381
-5.94279466667 377.848272015
-5.937792 377.807426829
-5.93278933333 377.763157917
-5.92778666667 377.71464905
-5.922784 377.660649521
-5.91778133333 377.599903227
-5.91277866667 377.531358569
-5.907776 377.454338342
-5.90277333333 377.368909354
-5.89777066667 377.276036309
-5.892768 377.177310909
-5.88776533333 377.074567578
-5.88276266667 376.969617938
-5.87776 376.864187967
-5.87275733333 376.759862818
-5.86775466667 376.657955423
-5.862752 376.559437242
-5.85774933333 376.464812271
-5.85274666667 376.373892674
-5.847744 376.285779259
-5.84274133333 376.199288877
-5.83773866667 376.113429944
-5.832736 376.027607011
-5.82773333333 375.941533767
-5.82273066667 375.855123891
-5.817728 375.768499615
-5.81272533333 375.68204461
-5.80772266667 375.59642241
-5.80272 375.512452183
-5.79771733333 375.430842957
-5.79271466667 375.351998072
-5.787712 375.276037885
-5.78270933333 375.202874015
-5.77770666667 375.132282698
-5.772704 375.063919522
-5.76770133333 374.997309274
-5.76269866667 374.93196798
-5.757696 374.867507094
-5.75269333333 374.803666281
-5.74769066667 374.740419206
-5.742688 374.677982732
-5.73768533333 374.616717768
-5.73268266667 374.556885753
-5.72768 374.498495268
-5.72267733333 374.441329476
-5.71767466667 374.385147413
-5.712672 374.329941406
-5.70766933333 374.276005669
-5.70266666667 374.223729982
-5.697664 374.173383623
-5.69266133333 374.125019805
-5.68765866667 374.078479901
-5.682656 374.033470753
-5.67765333333 373.989712639
-5.67265066667 373.94701237
-5.667648 373.90515166
-5.66264533333 373.863821604
-5.65764266667 373.82277864
-5.65264 373.781954529
-5.64763733333 373.741367842
-5.64263466667 373.700988437
-5.637632 373.660694971
-5.63262933333 373.6203183
-5.62762666667 373.57972278
-5.622624 373.538866812
-5.61762133333 373.497873331
-5.61261866667 373.457050328
-5.607616 373.416711242
-5.60261333333 373.376973641
-5.59761066667 373.337729885
-5.592608 373.298756146
-5.58760533333 373.25975643
-5.58260266667 373.220324957
-5.5776 373.179873101
-5.57259733333 373.137589724
-5.56759466667 373.0925891
-5.562592 373.044322954
-5.55758933333 372.99288742
-5.55258666667 372.938812743
-5.547584 372.882727657
-5.54258133333 372.825258691
-5.53757866667 372.766991501
-5.532576 372.708374611
-5.52757333333 372.649672593
-5.52257066667 372.590971477
-5.517568 372.532244336
-5.51256533333 372.473460628
-5.50756266667 372.414754285
-5.50256 372.356490775
-5.49755733333 372.29931337
-5.49255466667 372.244252881
-5.487552 372.192626498
-5.48254933333 372.145754734
-5.47754666667 372.104738281
-5.472544 372.070361229
-5.46754133333 372.042980187
-5.46253866667 372.022531274
-5.457536 372.008685814
-5.45253333333 372.000838085
-5.44753066667 371.997970651
-5.442528 371.99876892
-5.43752533333 372.001941161
-5.43252266667 372.00644274
-5.42752 372.011571785
-5.42251733333 372.016851222
-5.41751466667 372.021797719
-5.412512 372.025939464
-5.40750933333 372.029021911
-5.40250666667 372.030989946
-5.397504 372.031822
-5.39250133333 372.031435923
-5.38749866667 372.029659132
-5.382496 372.026354271
-5.37749333333 372.021472296
-5.37249066667 372.014983566
-5.367488 372.006937545
-5.36248533333 371.997472324
-5.35748266667 371.986764977
-5.35248 371.975050354
-5.34747733333 371.962617931
-5.34247466667 371.949696892
-5.337472 371.936400045
-5.33246933333 371.92278407
-5.32746666667 371.908897801
-5.322464 371.894782216
-5.31746133333 371.880638506
-5.31245866667 371.866989023
-5.307456 371.854453457
-5.30245333333 371.843341108
-5.29745066667 371.833419502
-5.292448 371.824020152
-5.28744533333 371.81439395
-5.28244266667 371.803888068
-5.27744 371.791875572
-5.27243733333 371.777630326
-5.26743466667 371.760299719
-5.262432 371.739101732
-5.25742933333 371.713540665
-5.25242666667 371.683544923
-5.247424 371.649503342
-5.24242133333 371.612225801
-5.23741866667 371.572879555
-5.232416 371.532910238
-5.22741333333 371.493972247
-5.22241066667 371.457884509
-5.217408 371.426488762
-5.21240533333 371.401353165
-5.20740266667 371.383489707
-5.2024 371.373250369
-5.19739733333 371.370330486
-5.19239466667 371.373926676
-5.187392 371.383040037
-5.18238933333 371.396729176
-5.17738666667 371.414233355
-5.172384 371.434980454
-5.16738133333 371.458599856
-5.16237866667 371.484858754
-5.157376 371.513547456
-5.15237333333 371.544383816
-5.14737066667 371.577000649
-5.142368 371.610977575
-5.13736533333 371.645804883
-5.13236266667 371.680849846
-5.12736 371.715419209
-5.12235733333 371.74884171
-5.11735466667 371.780552754
-5.112352 371.810144053
-5.10734933333 371.83751595
-5.10234666667 371.86303652
-5.097344 371.887528681
-5.09234133333 371.912018378
-5.08733866667 371.937320071
-5.082336 371.963883005
-5.07733333333 371.991899564
-5.07233066667 372.02142942
-5.067328 372.052468306
-5.06232533333 372.084899058
-5.05732266667 372.118518666
-5.05232 372.153173751
-5.04731733333 372.188847028
-5.04231466667 372.225630274
-5.037312 372.263607101
-5.03230933333 372.302816814
-5.02730666667 372.343420098
-5.022304 372.385647952
-5.01730133333 372.429408821
-5.01229866667 372.474127587
-5.007296 372.518969611
-5.00229333333 372.563148618
-4.99729066667 372.606003679
-4.992288 372.647016938
-4.98728533333 372.685812377
-4.98228266667 372.722086035
-4.97728 372.7556604
-4.97227733333 372.786607272
-4.96727466667 372.815212122
-4.962272 372.841787182
-4.95726933333 372.866524418
-4.95226666667 372.889400273
-4.947264 372.910055812
-4.94226133333 372.927892929
-4.93725866667 372.942340668
-4.932256 372.952890352
-4.92725333333 372.958987527
-4.92225066667 372.960072304
-4.917248 372.955824886
-4.91224533333 372.946217209
-4.90724266667 372.931339477
-4.90224 372.911404081
-4.89723733333 372.88692715
-4.89223466667 372.858686039
-4.887232 372.827352209
-4.88222933333 372.793141334
-4.87722666667 372.755805905
-4.872224 372.714903199
-4.86722133333 372.670103428
-4.86221866667 372.621404426
-4.857216 372.569151671
-4.85221333333 372.513999688
-4.84721066667 372.457013036
-4.842208 372.399638839
-4.83720533333 372.343326828
-4.83220266667 372.289102198
-4.8272 372.237327745
-4.82219733333 372.187655614
-4.81719466667 372.139316429
-4.812192 372.091579945
-4.80718933333 372.044014619
-4.80218666667 371.996518016
-4.797184 371.949215223
-4.79218133333 371.902247331
-4.78717866667 371.855728657
-4.782176 371.809904653
-4.77717333333 371.765175979
-4.77217066667 371.721864096
-4.767168 371.680028332
-4.76216533333 371.639614175
-4.75716266667 371.600688933
-4.75216 371.563421654
-4.74715733333 371.528071873
-4.74215466667 371.495037699
-4.737152 371.464883121
-4.73214933333 371.438374653
-4.72714666667 371.416365667
-4.722144 371.399671403
-4.71714133333 371.389090148
-4.71213866667 371.38526652
-4.707136 371.388444229
-4.70213333333 371.398440443
-4.69713066667 371.414811949
-4.692128 371.43718441
-4.68712533333 371.465470071
-4.68212266667 371.499836564
-4.67712 371.540457336
-4.67211733333 371.587202868
-4.66711466667 371.639462012
-4.662112 371.69617693
-4.65710933333 371.755973166
-4.65210666667 371.817238589
-4.647104 371.878131927
-4.64210133333 371.936794404
-4.63709866667 371.991683347
-4.632096 372.041644987
-4.62709333333 372.085768084
-4.62209066667 372.123360595
-4.617088 372.154010888
-4.61208533333 372.177622176
-4.60708266667 372.194387206
-4.60208 372.20470423
-4.59707733333 372.209096996
-4.59207466667 372.208144638
-4.587072 372.202427707
-4.58206933333 372.19248063
-4.57706666667 372.178784084
-4.572064 372.161825822
-4.56706133333 372.142179714
-4.56205866667 372.120547313
-4.557056 372.097677165
-4.55205333333 372.074263901
-4.54705066667 372.050990818
-4.542048 372.02848058
-4.53704533333 372.007117749
-4.53204266667 371.987072269
-4.52704 371.968492068
-4.52203733333 371.951619741
-4.51703466667 371.936744534
-4.512032 371.924181686
-4.50702933333 371.914365096
-4.50202666667 371.907736569
-4.497024 371.90455092
-4.49202133333 371.90495172
-4.48701866667 371.909142568
-4.482016 371.917289808
-4.47701333333 371.929252105
-4.47201066667 371.944487028
-4.467008 371.962292014
-4.46200533333 371.982082178
-4.45700266667 372.003440494
-4.452 372.026127192
-4.44699733333 372.050090356
-4.44199466667 372.075375668
-4.436992 372.101986967
-4.43198933333 372.129777479
-4.42698666667 372.158446485
-4.421984 372.187640929
-4.41698133333 372.217111758
-4.41197866667 372.246713051
-4.406976 372.276265837
-4.40197333333 372.305501986
-4.39697066667 372.334155157
-4.391968 372.362088734
-4.38696533333 372.389299491
-4.38196266667 372.415815826
-4.37696 372.441513914
-4.37195733333 372.466008756
-4.36695466667 372.488849132
-4.361952 372.509718027
-4.35694933333 372.528531161
-4.35194666667 372.545499685
-4.346944 372.56105002
-4.34194133333 372.575557048
-4.33693866667 372.589263075
-4.331936 372.602375053
-4.32693333333 372.61514844
-4.32193066667 372.627878364
-4.316928 372.640721282
-4.31192533333 372.65350059
-4.30692266667 372.665751142
-4.30192 372.676915586
-4.29691733333 372.686530199
-4.29191466667 372.694299426
-4.286912 372.700149517
-4.28190933333 372.704290608
-4.27690666667 372.707242255
-4.271904 372.709744828
-4.26690133333 372.7125667
-4.26189866667 372.716374273
-4.256896 372.721628697
-4.25189333333 372.728570347
-4.24689066667 372.737351431
-4.241888 372.748052513
-4.23688533333 372.760661666
-4.23188266667 372.775149442
-4.22688 372.791576504
-4.22187733333 372.810178911
-4.21687466667 372.83137247
-4.211872 372.855570271
-4.20686933333 372.882986771
-4.20186666667 372.913650414
-4.196864 372.947534644
-4.19186133333 372.984573237
-4.18685866667 373.024614038
-4.181856 373.067460849
-4.17685333333 373.112924557
-4.17185066667 373.16069692
-4.166848 373.210178881
-4.16184533333 373.260532634
-4.15684266667 373.310948049
-4.15184 373.360826317
-4.14683733333 373.409781549
-4.14183466667 373.457623116
-4.136832 373.504305475
-4.13182933333 373.549816433
-4.12682666667 373.59416004
-4.121824 373.637373915
-4.11682133333 373.679382366
-4.11181866667 373.719985753
-4.106816 373.759017224
-4.10181333333 373.796391869
-4.09681066667 373.83209948
-4.091808 373.866215152
-4.08680533333 373.8988444
-4.08180266667 373.929985256
-4.0768 373.959407015
-4.07179733333 373.98677515
-4.06679466667 374.011748528
-4.061792 374.033901716
-4.05678933333 374.052759117
-4.05178666667 374.067998708
-4.046784 374.079550921
-4.04178133333 374.087536079
-4.03677866667 374.092171612
-4.031776 374.093682282
-4.02677333333 374.09236099
-4.02177066667 374.08859248
-4.016768 374.082840571
-4.01176533333 374.075780207
-4.00676266667 374.068258126
-4.00176 374.061024693
-3.99675733333 374.054652833
-3.99175466667 374.049677799
-3.986752 374.046526112
-3.98174933333 374.045386686
-3.97674666667 374.046301851
-3.971744 374.049325543
-3.96674133333 374.054535095
-3.96173866667 374.061921484
-3.956736 374.071263061
-3.95173333333 374.082021408
-3.94673066667 374.093298728
-3.941728 374.104041213
-3.93672533333 374.113327774
-3.93172266667 374.120454308
-3.92672 374.124940787
-3.92171733333 374.126702182
-3.91671466667 374.126141773
-3.911712 374.123970176
-3.90670933333 374.120797882
-3.90170666667 374.116820022
-3.896704 374.111927238
-3.89170133333 374.106060579
-3.88669866667 374.099445844
-3.881696 374.092445611
-3.87669333333 374.085303879
-3.87169066667 374.07802985
-3.866688 374.070399789
-3.86168533333 374.062070828
-3.85668266667 374.052784803
-3.85168 374.042464745
-3.84667733333 374.031100157
-3.84167466667 374.01854858
-3.836672 374.004524256
-3.83166933333 373.988665701
-3.82666666667 373.970627525
-3.821664 373.950230675
-3.81666133333 373.927554882
-3.81165866667 373.902997205
-3.806656 373.877265203
-3.80165333333 373.851280698
-3.79665066667 373.825974566
-3.791648 373.802043961
-3.78664533333 373.7797501
-3.78164266667 373.758840763
-3.77664 373.738689712
-3.77163733333 373.718545352
-3.76663466667 373.697827009
-3.761632 373.676313963
-3.75662933333 373.654126972
-3.75162666667 373.631483422
-3.746624 373.608496218
-3.74162133333 373.58532365
-3.73661866667 373.562319991
-3.731616 373.539924448
-3.72661333333 373.5186447
-3.72161066667 373.499007682
-3.716608 373.481339909
-3.71160533333 373.465723172
-3.70660266667 373.452080373
-3.7016 373.440292736
-3.69659733333 373.430230385
-3.69159466667 373.421513981
-3.686592 373.413359261
-3.68158933333 373.404782269
-3.67658666667 373.394977972
-3.671584 373.383470574
-3.66658133333 373.3699857
-3.66157866667 373.35429425
-3.656576 373.336275382
-3.65157333333 373.316070718
-3.64657066667 373.294047869
-3.641568 373.270735665
-3.63656533333 373.246815711
-3.63156266667 373.223115959
-3.62656 373.20052808
-3.62155733333 373.179798529
-3.61655466667 373.161376451
-3.611552 373.145440741
-3.60654933333 373.131911637
-3.60154666667 373.120537215
-3.596544 373.111025109
-3.59154133333 373.102970527
-3.58653866667 373.095828234
-3.581536 373.089145772
-3.57653333333 373.082736063
-3.57153066667 373.076679392
-3.566528 373.071225285
-3.56152533333 373.066612157
-3.55652266667 373.063005521
-3.55152 373.060643031
-3.54651733333 373.059835896
-3.54151466667 373.060851777
-3.536512 373.063883935
-3.53150933333 373.069057136
-3.52650666667 373.076371312
-3.521504 373.085641442
-3.51650133333 373.096512866
-3.51149866667 373.10855252
-3.506496 373.121252159
-3.50149333333 373.133992628
-3.49649066667 373.146063632
-3.491488 373.156756066
-3.48648533333 373.165589796
-3.48148266667 373.172439172
-3.47648 373.17736374
-3.47147733333 373.180382094
-3.46647466667 373.18140883
-3.461472 373.180374402
-3.45646933333 373.177334572
-3.45146666667 373.172319837
-3.446464 373.165119554
-3.44146133333 373.155233499
-3.43645866667 373.142012758
-3.431456 373.124816669
-3.42645333333 373.10310046
-3.42145066667 373.076442117
-3.416448 373.044561004
-3.41144533333 373.007389226
-3.40644266667 372.965211815
-3.40144 372.918663233
-3.39643733333 372.868566188
-3.39143466667 372.815681668
-3.386432 372.760668846
-3.38142933333 372.704356519
-3.37642666667 372.647913531
-3.371424 372.592717254
-3.36642133333 372.540182048
-3.36141866667 372.491556812
-3.356416 372.447780314
-3.35141333333 372.409502034
-3.34641066667 372.377053751
-3.341408 372.35034973
-3.33640533333 372.328925911
-3.33140266667 372.311968778
-3.3264 372.298302226
-3.32139733333 372.286426921
-3.31639466667 372.274673775
-3.311392 372.261466451
-3.30638933333 372.245625175
-3.30138666667 372.226625846
-3.296384 372.204678229
-3.29138133333 372.180450037
-3.28637866667 372.154791775
-3.281376 372.128659511
-3.27637333333 372.103061538
-3.27137066667 372.078946197
-3.266368 372.057126335
-3.26136533333 372.038207985
-3.25636266667 372.022470564
-3.25136 372.009798314
-3.24635733333 371.99975782
-3.24135466667 371.991788796
-3.236352 371.985439646
-3.23134933333 371.980509505
-3.22634666667 371.976954977
-3.221344 371.974752426
-3.21634133333 371.973950492
-3.21133866667 371.97471618
-3.206336 371.977162016
-3.20133333333 371.981268915
-3.19633066667 371.987015554
-3.191328 371.994511126
-3.18632533333 372.0039312
-3.18132266667 372.015329756
-3.17632 372.028545018
-3.17131733333 372.043228035
-3.16631466667 372.058965124
-3.161312 372.075373779
-3.15630933333 372.092199232
-3.15130666667 372.109379911
-3.146304 372.126932583
-3.14130133333 372.14484222
-3.13629866667 372.163084449
-3.131296 372.181615986
-3.12629333333 372.200453296
-3.12129066667 372.219756699
-3.116288 372.239742647
-3.11128533333 372.260472938
-3.10628266667 372.281783887
-3.10128 372.303426967
-3.09627733333 372.325237773
-3.09127466667 372.347146259
-3.086272 372.369055856
-3.08126933333 372.390852863
-3.07626666667 372.412546775
-3.071264 372.434331717
-3.06626133333 372.456528787
-3.06125866667 372.479481843
-3.056256 372.503333532
-3.05125333333 372.527891802
-3.04625066667 372.552835618
-3.041248 372.577868618
-3.03624533333 372.602730686
-3.03124266667 372.627248756
-3.02624 372.651498607
-3.02123733333 372.675893844
-3.01623466667 372.701081525
-3.011232 372.727579766
-3.00622933333 372.755535774
-3.00122666667 372.784822397
-2.996224 372.815255333
-2.99122133333 372.846684107
-2.98621866667 372.879003354
-2.981216 372.912173318
-2.97621333333 372.946192551
-2.97121066667 372.981045545
-2.966208 373.016638077
-2.96120533333 373.052746946
-2.95620266667 373.089059257
-2.9512 373.125450852
-2.94619733333 373.16221415
-2.94119466667 373.199881447
-2.936192 373.238892381
-2.93118933333 373.279456294
-2.92618666667 373.321582628
-2.921184 373.365120688
-2.91618133333 373.409849153
-2.91117866667 373.455551506
-2.906176 373.501996491
-2.90117333333 373.548891536
-2.89617066667 373.596004825
-2.891168 373.643296277
-2.88616533333 373.690809285
-2.88116266667 373.738460797
-2.87616 373.786021514
-2.87115733333 373.833308146
-2.86615466667 373.880257375
-2.861152 373.926803343
-2.85614933333 373.97276331
-2.85114666667 374.017879746
-2.846144 374.061894018
-2.84114133333 374.104542257
-2.83613866667 374.145584041
-2.831136 374.18488371
-2.82613333333 374.222422796
-2.82113066667 374.258213889
-2.816128 374.292322301
-2.81112533333 374.325005629
-2.80612266667 374.356705306
-2.80112 374.387760521
-2.79611733333 374.418163288
-2.79111466667 374.447623354
-2.786112 374.475766686
-2.78110933333 374.502250063
-2.77610666667 374.526864543
-2.771104 374.549660849
-2.76610133333 374.570801977
-2.76109866667 374.590326883
-2.756096 374.608088985
-2.75109333333 374.623923926
-2.74609066667 374.637737943
-2.741088 374.649396661
-2.73608533333 374.658762741
-2.73108266667 374.665825806
-2.72608 374.670694166
-2.72107733333 374.673575479
-2.71607466667 374.674714309
-2.711072 374.674259836
-2.70606933333 374.672289273
-2.70106666667 374.668920096
-2.696064 374.664369051
-2.69106133333 374.658985354
-2.68605866667 374.653184673
-2.681056 374.647286833
-2.67605333333 374.641417155
-2.67105066667 374.635557918
-2.666048 374.629656081
-2.66104533333 374.623717865
-2.65604266667 374.617781286
-2.65104 374.611726339
-2.64603733333 374.605240699
-2.64103466667 374.597935512
-2.636032 374.589471668
-2.63102933333 374.579728066
-2.62602666667 374.568881284
-2.621024 374.557275461
-2.61602133333 374.545242064
-2.61101866667 374.532985726
-2.606016 374.520598491
-2.60101333333 374.508242869
-2.59601066667 374.496219955
-2.591008 374.484767259
-2.58600533333 374.47399572
-2.58100266667 374.463986649
-2.576 374.45488278
-2.57099733333 374.446943432
-2.56599466667 374.440505052
-2.560992 374.435877616
-2.55598933333 374.433259359
-2.55098666667 374.432518842
-2.545984 374.43314409
-2.54098133333 374.434542305
-2.53597866667 374.436182444
-2.530976 374.437534937
-2.52597333333 374.438057181
-2.52097066667 374.437236129
-2.515968 374.434673564
-2.51096533333 374.430191431
-2.50596266667 374.423824468
-2.50096 374.41577751
-2.49595733333 374.406449951
-2.49095466667 374.396325376
-2.485952 374.38580248
-2.48094933333 374.375189149
-2.47594666667 374.364734463
-2.470944 374.354580671
-2.46594133333 374.344738906
-2.46093866667 374.335137488
-2.455936 374.32571768
-2.45093333333 374.316523063
-2.44593066667 374.307706646
-2.440928 374.299325224
-2.43592533333 374.29122732
-2.43092266667 374.283265008
-2.42592 374.275481642
-2.42091733333 374.267996025
-2.41591466667 374.260789932
-2.410912 374.253685692
-2.40590933333 374.246520448
-2.40090666667 374.239232099
-2.395904 374.2318559
-2.39090133333 374.224572795
-2.38589866667 374.217571706
-2.380896 374.210874228
-2.37589333333 374.204262645
-2.37089066667 374.197352617
-2.365888 374.189786876
-2.36088533333 374.181427187
-2.35588266667 374.172409832
-2.35088 374.163064893
-2.34587733333 374.153756879
-2.34087466667 374.144608109
-2.335872 374.1352752
-2.33086933333 374.125183717
-2.32586666667 374.113929382
-2.320864 374.10135366
-2.31586133333 374.087467879
-2.31085866667 374.072393169
-2.305856 374.056375038
-2.30085333333 374.03987519
-2.29585066667 374.023448691
-2.290848 374.007323448
-2.28584533333 373.991185798
-2.28084266667 373.974477974
-2.27584 373.956757671
-2.27083733333 373.937946525
-2.26583466667 373.918348452
-2.260832 373.898340041
-2.25582933333 373.87805101
-2.25082666667 373.857454583
-2.245824 373.836636993
-2.24082133333 373.815832182
-2.23581866667 373.795287436
-2.230816 373.775077165
-2.22581333333 373.75510862
-2.22081066667 373.735236368
-2.215808 373.71530689
-2.21080533333 373.695310208
-2.20580266667 373.675495378
-2.2008 373.656169384
-2.19579733333 373.637431905
-2.19079466667 373.619219066
-2.185792 373.601489049
-2.18078933333 373.584281132
-2.17578666667 373.567630732
-2.170784 373.551524677
-2.16578133333 373.535878484
-2.16077866667 373.520514193
-2.155776 373.505347412
-2.15077333333 373.490639292
-2.14577066667 373.476815375
-2.140768 373.46409878
-2.13576533333 373.452558752
-2.13076266667 373.4423102
-2.12576 373.433458889
-2.12075733333 373.426018822
-2.11575466667 373.419948062
-2.110752 373.415203034
-2.10574933333 373.411675962
-2.10074666667 373.409142834
-2.095744 373.407387736
-2.09074133333 373.4064251
-2.08573866667 373.406602185
-2.080736 373.40854963
-2.07573333333 373.413040447
-2.07073066667 373.420918358
-2.065728 373.433054671
-2.06072533333 373.450276881
-2.05572266667 373.473276304
-2.05072 373.502491633
-2.04571733333 373.538145689
-2.04071466667 373.5803183
-2.035712 373.629077766
-2.03070933333 373.684700464
-2.02570666667 373.747757525
-2.020704 373.819028714
-2.01570133333 373.899371068
-2.01069866667 373.989575632
-2.005696 374.090267398
-2.00069333333 374.201824086
-1.99569066667 374.324230536
-1.990688 374.456946009
-1.98568533333 374.598955009
-1.98068266667 374.748959421
-1.97568 374.905733774
-1.97067733333 375.068298467
-1.96567466667 375.235871608
-1.960672 375.407819718
-1.95566933333 375.583472689
-1.95066666667 375.761884404
-1.945664 375.941681316
-1.94066133333 376.12103387
-1.93565866667 376.297840389
-1.930656 376.469947495
-1.92565333333 376.635247205
-1.92065066667 376.791698099
-1.915648 376.937368833
-1.91064533333 377.070403227
-1.90564266667 377.188963294
-1.90064 377.291394307
-1.89563733333 377.376396828
-1.89063466667 377.443109266
-1.885632 377.491388231
-1.88062933333 377.521957078
-1.87562666667 377.536032695
-1.870624 377.534948458
-1.86562133333 377.520399686
-1.86061866667 377.494967721
-1.855616 377.461959378
-1.85061333333 377.42448179
-1.84561066667 377.384393271
-1.840608 377.34193713
-1.83560533333 377.296339305
-1.83060266667 377.246823312
-1.8256 377.193551953
-1.82059733333 377.137998185
-1.81559466667 377.082490153
-1.810592 377.029508375
-1.80558933333 376.981502945
-1.80058666667 376.940813229
-1.795584 376.908938858
-1.79058133333 376.885585313
-1.78557866667 376.868679767
-1.780576 376.855533615
-1.77557333333 376.844171189
-1.77057066667 376.833939275
-1.765568 376.825278395
-1.76056533333 376.819086184
-1.75556266667 376.816150721
-1.75056 376.816870831
-1.74555733333 376.821182285
-1.74055466667 376.828595137
-1.735552 376.838342645
-1.73054933333 376.849493774
-1.72554666667 376.861208737
-1.720544 376.873147099
-1.71554133333 376.885472173
-1.71053866667 376.898506386
-1.705536 376.912454727
-1.70053333333 376.927290399
-1.69553066667 376.942927141
-1.690528 376.959459049
-1.68552533333 376.977128383
-1.68052266667 376.996250776
-1.67552 377.017307669
-1.67051733333 377.040878485
-1.66551466667 377.06730532
-1.660512 377.096486854
-1.65550933333 377.127942208
-1.65050666667 377.160881366
-1.645504 377.194363927
-1.64050133333 377.227594666
-1.63549866667 377.259848564
-1.630496 377.290186904
-1.62549333333 377.317643755
-1.62049066667 377.341756487
-1.615488 377.362785332
-1.61048533333 377.381340081
-1.60548266667 377.397822769
-1.60048 377.412226794
-1.59547733333 377.424382107
-1.59047466667 377.434316078
-1.585472 377.442427887
-1.58046933333 377.449353004
-1.57546666667 377.455654844
-1.570464 377.461487994
-1.56546133333 377.466380525
-1.56045866667 377.469365714
-1.555456 377.46934233
-1.55045333333 377.465402782
-1.54545066667 377.45703294
-1.540448 377.444225912
-1.53544533333 377.427285787
-1.53044266667 377.406509726
-1.52544 377.381995403
-1.52043733333 377.353592185
-1.51543466667 377.320943624
-1.510432 377.283692012
-1.50542933333 377.241692717
-1.50042666667 377.194903528
-1.495424 377.143020283
-1.49042133333 377.085351688
-1.48541866667 377.020920427
-1.480416 376.948675869
-1.47541333333 376.867681187
-1.47041066667 376.777168371
-1.465408 376.67656623
-1.46040533333 376.565500979
-1.45540266667 376.443945537
-1.4504 376.312506875
-1.44539733333 376.172473894
-1.44039466667 376.025624117
-1.435392 375.873930251
-1.43038933333 375.719129391
-1.42538666667 375.562425134
-1.420384 375.404428825
-1.41538133333 375.245339766
-1.41037866667 375.0853821
-1.405376 374.925319607
-1.40037333333 374.766543183
-1.39537066667 374.61060175
-1.390368 374.458785655
-1.38536533333 374.312024237
-1.38036266667 374.170911943
-1.37536 374.035917277
-1.37035733333 373.907654766
-1.36535466667 373.786906679
-1.360352 373.674478288
-1.35534933333 373.571071926
-1.35034666667 373.477225771
-1.345344 373.393198578
-1.34034133333 373.318787837
-1.33533866667 373.253273799
-1.330336 373.195422378
-1.32533333333 373.143636318
-1.32033066667 373.096360838
-1.315328 373.052429124
-1.31032533333 373.010949205
-1.30532266667 372.970965605
-1.30032 372.931463994
-1.29531733333 372.891544881
-1.29031466667 372.850461712
-1.285312 372.807667084
-1.28030933333 372.762911485
-1.27530666667 372.716314683
-1.270304 372.668297963
-1.26530133333 372.61943012
-1.26029866667 372.57024817
-1.255296 372.521058878
-1.25029333333 372.471956409
-1.24529066667 372.423083883
-1.240288 372.374776012
-1.23528533333 372.327530369
-1.23028266667 372.281857656
-1.22528 372.238156951
-1.22027733333 372.19676804
-1.21527466667 372.157938484
-1.210272 372.12177831
-1.20526933333 372.0882676
-1.20026666667 372.05736604
-1.195264 372.029031708
-1.19026133333 372.003224101
-1.18525866667 371.980040954
-1.180256 371.959805463
-1.17525333333 371.942988636
-1.17025066667 371.929959481
-1.165248 371.920802197
-1.16024533333 371.915206721
-1.15524266667 371.912517787
-1.15024 371.912019579
-1.14523733333 371.913205813
-1.14023466667 371.915864319
-1.135232 371.919999706
-1.13022933333 371.925697333
-1.12522666667 371.933087467
-1.120224 371.942369942
-1.11522133333 371.953748216
-1.11021866667 371.967317566
-1.105216 371.982991217
-1.10021333333 372.000606971
-1.09521066667 372.020090055
-1.090208 372.041443199
-1.08520533333 372.064496778
-1.08020266667 372.088727276
-1.0752 372.113447814
-1.07019733333 372.137972297
-1.06519466667 372.161700445
-1.060192 372.184142826
-1.05518933333 372.20492924
-1.05018666667 372.223895629
-1.045184 372.241070192
-1.04018133333 372.256508287
-1.03517866667 372.270249493
-1.030176 372.282279717
-1.02517333333 372.292543763
-1.02017066667 372.301025319
-1.015168 372.307780402
-1.01016533333 372.312969218
-1.00516266667 372.316852245
-1.00016 372.319560986
-0.995157333333 372.320904396
-0.990154666667 372.320351513
-0.985152 372.317209188
-0.980149333333 372.310848329
-0.975146666667 372.300754221
-0.970144 372.286445394
-0.965141333333 372.267545783
-0.960138666667 372.243936866
-0.955136 372.215765967
-0.950133333333 372.183321691
-0.945130666667 372.146968674
-0.940128 372.107167916
-0.935125333333 372.06456758
-0.930122666667 372.020001398
-0.92512 371.974312158
-0.920117333333 371.928277319
-0.915114666667 371.882852422
-0.910112 371.839413492
-0.905109333333 371.799537754
-0.900106666667 371.764566557
-0.895104 371.735361802
-0.890101333333 371.712255532
-0.885098666667 371.695124333
-0.880096 371.683581383
-0.875093333333 371.677165566
-0.870090666667 371.675413969
-0.865088 371.677882752
-0.860085333333 371.684186069
-0.855082666667 371.693935442
-0.85008 371.706706186
-0.845077333333 371.722077183
-0.840074666667 371.739623747
-0.835072 371.758848608
-0.830069333333 371.7792015
-0.825066666667 371.800146625
-0.820064 371.821221894
-0.815061333333 371.842119852
-0.810058666667 371.862621337
-0.805056 371.882539134
-0.800053333333 371.90167763
-0.795050666667 371.919809134
-0.790048 371.936812954
-0.785045333333 371.95271851
-0.780042666667 371.967543175
-0.77504 371.981203595
-0.770037333333 371.993725235
-0.765034666667 372.005422018
-0.760032 372.016809173
-0.755029333333 372.028426783
-0.750026666667 372.040707669
-0.745024 372.053832981
-0.740021333333 372.067748967
-0.735018666667 372.082262025
-0.730016 372.097139357
-0.725013333333 372.112188793
-0.720010666667 372.127216417
-0.715008 372.14197845
-0.710005333333 372.156158504
-0.705002666667 372.169511774
-0.7 372.182048259
-0.694997333333 372.194013105
-0.689994666667 372.205722867
-0.684992 372.217448233
-0.679989333333 372.229435644
-0.674986666667 372.241823407
-0.669984 372.254378441
-0.664981333333 372.266537693
-0.659978666667 372.277856012
-0.654976 372.288232316
-0.649973333333 372.297806283
-0.644970666667 372.306880446
-0.639968 372.315829753
-0.634965333333 372.32485059
-0.629962666667 372.333797254
-0.62496 372.342216487
-0.619957333333 372.349463386
-0.614954666667 372.354853721
-0.609952 372.357865806
-0.604949333333 372.358207257
-0.599946666667 372.355747711
-0.594944 372.350457902
-0.589941333333 372.342403697
-0.584938666667 372.331912695
-0.579936 372.319629047
-0.574933333333 372.306304434
-0.569930666667 372.292660127
-0.564928 372.279302153
-0.559925333333 372.266569744
-0.554922666667 372.254465738
-0.54992 372.242937262
-0.544917333333 372.232178187
-0.539914666667 372.222664471
-0.534912 372.215045707
-0.529909333333 372.21001661
-0.524906666667 372.208037484
-0.519904 372.209086943
-0.514901333333 372.212839619
-0.509898666667 372.219016337
-0.504896 372.227475865
-0.499893333333 372.238064538
-0.494890666667 372.250518646
-0.489888 372.264445255
-0.484885333333 372.279363304
-0.479882666667 372.294760041
-0.47488 372.310138102
-0.469877333333 372.325092812
-0.464874666667 372.339395042
-0.459872 372.353075966
-0.454869333333 372.366542862
-0.449866666667 372.380429913
-0.444864 372.395142719
-0.439861333333 372.410613581
-0.434858666667 372.426353708
-0.429856 372.441713365
-0.424853333333 372.456242261
-0.419850666667 372.469776847
-0.414848 372.482297678
-0.409845333333 372.493805607
-0.404842666667 372.504354388
-0.39984 372.514119666
-0.394837333333 372.523442044
-0.389834666667 372.532765333
-0.384832 372.542384517
-0.379829333333 372.552229872
-0.374826666667 372.561884955
-0.369824 372.570716668
-0.364821333333 372.578010048
-0.359818666667 372.583008536
-0.354816 372.584984348
-0.349813333333 372.583352348
-0.344810666667 372.57770065
-0.339808 372.567897218
-0.334805333333 372.554180572
-0.329802666667 372.537068499
-0.3248 372.517270085
-0.319797333333 372.495638212
-0.314794666667 372.473015689
-0.309792 372.450266827
-0.304789333333 372.428363759
-0.299786666667 372.408269001
-0.294784 372.390697262
-0.289781333333 372.375973699
-0.284778666667 372.364117476
-0.279776 372.355036808
-0.274773333333 372.348719578
-0.269770666667 372.345204709
-0.264768 372.344411441
-0.259765333333 372.346139362
-0.254762666667 372.350126996
-0.24976 372.356091211
-0.244757333333 372.363890113
-0.239754666667 372.373420542
-0.234752 372.384288573
-0.229749333333 372.395865296
-0.224746666667 372.407555441
-0.219744 372.418948619
-0.214741333333 372.429851963
-0.209738666667 372.440312021
-0.204736 372.450483
-0.199733333333 372.4604561
-0.194730666667 372.470150373
-0.189728 372.479284361
-0.184725333333 372.487625568
-0.179722666667 372.495114574
-0.17472 372.501773323
-0.169717333333 372.507681007
-0.164714666667 372.512835812
-0.159712 372.516997839
-0.154709333333 372.519798765
-0.149706666667 372.521025171
-0.144704 372.520661438
-0.139701333333 372.518689815
-0.134698666667 372.514939723
-0.129696 372.509106758
-0.124693333333 372.500841998
-0.119690666667 372.489813315
-0.114688 372.475744315
-0.109685333333 372.458564409
-0.104682666667 372.438648414
-0.09968 372.416837048
