（-8.98442,1.5），（-7.2,1.5），（-2,1.5）
-9.99995733333 279.939626652
-9.99495466667 279.915986418
-9.989952 279.939887135
-9.98494933333 279.908399526
-9.97994666667 279.935323674
-9.974944 279.936289421
-9.96994133333 279.880766606
-9.96493866667 279.893633562
-9.959936 279.952728652
-9.95493333333 279.934092678
-9.94993066667 280.034417651
-9.944928 279.998906549
-9.93992533333 280.023555053
-9.93492266667 280.038365128
-9.92992 280.077571059
-9.92491733333 280.069126138
-9.91991466667 280.141710026
-9.914912 280.106201306
-9.90990933333 280.133120822
-9.90490666667 280.144784474
-9.899904 280.130212895
-9.89490133333 280.072991053
-9.88989866667 280.137894137
-9.884896 280.111746879
-9.87989333333 280.137566228
-9.87489066667 280.138611526
-9.869888 280.211748515
-9.86488533333 280.184028766
-9.85988266667 280.221259615
-9.85488 280.259828897
-9.84987733333 280.240204034
-9.84487466667 280.252247029
-9.839872 280.216294701
-9.83486933333 280.197671352
-9.82986666667 280.218437928
-9.824864 280.157598926
-9.81986133333 280.163050837
-9.81485866667 280.147932905
-9.809856 280.184680033
-9.80485333333 280.180654637
-9.79985066667 280.200272533
-9.794848 280.18110032
-9.78984533333 280.208144033
-9.78484266667 280.150884887
-9.77984 280.240305779
-9.77483733333 280.168147816
-9.76983466667 280.220994949
-9.764832 280.211525554
-9.75982933333 280.236545366
-9.75482666667 280.212606512
-9.749824 280.247086429
-9.74482133333 280.165897357
-9.73981866667 280.177467088
-9.734816 280.08741698
-9.72981333333 280.135545857
-9.72481066667 280.045843438
-9.719808 280.057216562
-9.71480533333 280.022621245
-9.70980266667 280.032887784
-9.7048 279.910467758
-9.69979733333 279.995186357
-9.69479466667 280.016880843
-9.689792 280.044401888
-9.68478933333 279.971980944
-9.67978666667 279.977845539
-9.674784 279.929507388
-9.66978133333 279.992309162
-9.66477866667 279.952299061
-9.659776 279.9249154
-9.65477333333 279.863522177
-9.64977066667 279.909648366
-9.644768 279.8349342
-9.63976533333 279.84722436
-9.63476266667 279.764194082
-9.62976 279.836022802
-9.62475733333 279.768899423
-9.61975466667 279.835344946
-9.614752 279.863996849
-9.60974933333 279.873034489
-9.60474666667 279.784965238
-9.599744 279.858019821
-9.59474133333 279.816132771
-9.58973866667 279.852991074
-9.584736 279.772438818
-9.57973333333 279.845890649
-9.57473066667 279.787966469
-9.569728 279.852849427
-9.56472533333 279.81036537
-9.55972266667 279.886788855
-9.55472 279.802358944
-9.54971733333 279.840279619
-9.54471466667 279.814349003
-9.539712 279.878682139
-9.53470933333 279.811581809
-9.52970666667 279.932773796
-9.524704 279.879308795
-9.51970133333 279.927160333
-9.51469866667 279.90426805
-9.509696 280.022674087
-9.50469333333 279.984931124
-9.49969066667 280.032526187
-9.494688 280.083124312
-9.48968533333 280.150950408
-9.48468266667 280.064142895
-9.47968 280.191337064
-9.47467733333 280.094454156
-9.46967466667 280.189917259
-9.464672 280.180449646
-9.45966933333 280.243477801
-9.45466666667 280.241053737
-9.449664 280.355926791
-9.44466133333 280.289946167
-9.43965866667 280.37988011
-9.434656 280.384874848
-9.42965333333 280.45947139
-9.42465066667 280.388617331
-9.419648 280.486829244
-9.41464533333 280.477703138
-9.40964266667 280.608819101
-9.40464 280.577773096
-9.39963733333 280.654862309
-9.39463466667 280.608213084
-9.389632 280.772091588
-9.38462933333 280.739676864
-9.37962666667 280.736209149
-9.374624 280.694009488
-9.36962133333 280.783286882
-9.36461866667 280.66214654
-9.359616 280.727747613
-9.35461333333 280.730425651
-9.34961066667 280.731950459
-9.344608 280.710817688
-9.33960533333 280.856460454
-9.33460266667 280.803785004
-9.3296 280.929268798
-9.32459733333 280.894496879
-9.31959466667 280.951222827
-9.314592 280.931890401
-9.30958933333 281.020556465
-9.30458666667 280.921694209
-9.299584 280.994604437
-9.29458133333 280.925679336
-9.28957866667 280.994096825
-9.284576 280.919524734
-9.27957333333 281.000487095
-9.27457066667 280.955926613
-9.269568 281.00082369
-9.26456533333 280.940941503
-9.25956266667 281.044121118
-9.25456 280.944723867
-9.24955733333 281.055056404
-9.24455466667 280.955902166
-9.239552 281.036149193
-9.23454933333 280.962118589
-9.22954666667 281.037659746
-9.224544 280.921580214
-9.21954133333 280.981928882
-9.21453866667 280.908721572
-9.209536 280.953910816
-9.20453333333 280.925062931
-9.19953066667 280.966602647
-9.194528 280.891808679
-9.18952533333 280.979030552
-9.18452266667 280.902811009
-9.17952 280.955940078
-9.17451733333 280.860459969
-9.16951466667 280.985341524
-9.164512 280.964577128
-9.15950933333 280.98190767
-9.15450666667 280.854487509
-9.149504 280.95345685
-9.14450133333 280.844776568
-9.13949866667 280.890072067
-9.134496 280.836520288
-9.12949333333 280.920137357
-9.12449066667 280.821259502
-9.119488 280.871733431
-9.11448533333 280.790522554
-9.10948266667 280.879076065
-9.10448 280.789689134
-9.09947733333 280.828148491
-9.09447466667 280.735332728
-9.089472 280.866850523
-9.08446933333 280.766418947
-9.07946666667 280.82445329
-9.074464 280.73191477
-9.06946133333 280.810692404
-9.06445866667 280.715429902
-9.059456 280.838638272
-9.05445333333 280.735326877
-9.04945066667 280.800806771
-9.044448 280.742315492
-9.03944533333 280.861910053
-9.03444266667 280.750426681
-9.02944 280.87510761
-9.02443733333 280.763305258
-9.01943466667 280.868927317
-9.014432 280.796364649
-9.00942933333 280.885868216
-9.00442666667 280.794084288
-8.999424 280.926695774
-8.99442133333 280.802693528
-8.98941866667 280.951012892
-8.984416 280.899619324
-8.97941333333 281.031087278
-8.97441066667 280.931001218
-8.969408 281.064539548
-8.96440533333 280.98557013
-8.95940266667 281.103296766
-8.9544 281.032369076
-8.94939733333 281.045019985
-8.94439466667 280.991727329
-8.939392 280.987793635
-8.93438933333 280.876773255
-8.92938666667 281.000971975
-8.924384 280.854426669
-8.91938133333 280.941284323
-8.91437866667 280.866179361
-8.909376 280.990513648
-8.90437333333 280.983816173
-8.89937066667 281.085495322
-8.894368 280.92794508
-8.88936533333 281.05131516
-8.88436266667 280.976427663
-8.87936 281.026672604
-8.87435733333 280.893139002
-8.86935466667 280.981886839
-8.864352 280.904620091
-8.85934933333 280.987599858
-8.85434666667 280.911315908
-8.849344 281.026514673
-8.84434133333 280.948751083
-8.83933866667 281.029351776
-8.834336 280.941066682
-8.82933333333 281.070352828
-8.82433066667 280.943298176
-8.819328 281.01262122
-8.81432533333 280.9483746
-8.80932266667 281.079417076
-8.80432 280.948653266
-8.79931733333 280.961039974
-8.79431466667 280.911194101
-8.789312 280.958816469
-8.78430933333 280.868863507
-8.77930666667 280.917659174
-8.774304 280.796198524
-8.76930133333 280.837281164
-8.76429866667 280.770068727
-8.759296 280.805074752
-8.75429333333 280.714015417
-8.74929066667 280.828048214
-8.744288 280.768012814
-8.73928533333 280.796443781
-8.73428266667 280.761704345
-8.72928 280.887014966
-8.72427733333 280.77506125
-8.71927466667 280.858779588
-8.714272 280.755872638
-8.70926933333 280.887928063
-8.70426666667 280.783302173
-8.699264 280.885428356
-8.69426133333 280.784267473
-8.68925866667 280.91729741
-8.684256 280.781703844
-8.67925333333 280.915078286
-8.67425066667 280.826922179
-8.669248 280.929859661
-8.66424533333 280.86254378
-8.65924266667 280.922750488
-8.65424 280.865022539
-8.64923733333 280.966487174
-8.64423466667 280.898129272
-8.639232 280.958482857
-8.63422933333 280.900599503
-8.62922666667 280.984665889
-8.624224 280.902453473
-8.61922133333 281.081820872
-8.61421866667 280.950248268
-8.609216 281.115325701
-8.60421333333 281.023643324
-8.59921066667 281.12699449
-8.594208 281.052685422
-8.58920533333 281.206915061
-8.58420266667 281.123585276
-8.5792 281.21220648
-8.57419733333 281.236142726
-8.56919466667 281.352687056
-8.564192 281.204619079
-8.55918933333 281.377188059
-8.55418666667 281.317222216
-8.549184 281.486995366
-8.54418133333 281.403893509
-8.53917866667 281.571614077
-8.534176 281.483366337
-8.52917333333 281.708728268
-8.52417066667 281.606737793
-8.519168 281.782837729
-8.51416533333 281.779728927
-8.50916266667 281.921957975
-8.50416 281.878766673
-8.49915733333 282.075448555
-8.49415466667 282.045889705
-8.489152 282.243595751
-8.48414933333 282.252925795
-8.47914666667 282.404766234
-8.474144 282.386728381
-8.46914133333 282.619351987
-8.46413866667 282.576697274
-8.459136 282.742626747
-8.45413333333 282.687152968
-8.44913066667 282.929944839
-8.444128 282.882602676
-8.43912533333 283.071980475
-8.43412266667 283.070035548
-8.42912 283.30169095
-8.42411733333 283.254046053
-8.41911466667 283.46621237
-8.414112 283.424182074
-8.40910933333 283.567311038
-8.40410666667 283.499754676
-8.399104 283.6612258
-8.39410133333 283.580074288
-8.38909866667 283.715065194
-8.384096 283.606147678
-8.37909333333 283.719537906
-8.37409066667 283.581522536
-8.369088 283.692288918
-8.36408533333 283.482045699
-8.35908266667 283.667555341
-8.35408 283.520067597
-8.34907733333 283.547810794
-8.34407466667 283.4428633
-8.339072 283.553204903
-8.33406933333 283.402997611
-8.32906666667 283.533779568
-8.324064 283.388499327
-8.31906133333 283.484614519
-8.31405866667 283.294664186
-8.309056 283.358139634
-8.30405333333 283.22468965
-8.29905066667 283.262260748
-8.294048 283.194033181
-8.28904533333 283.27990477
-8.28404266667 283.167559614
-8.27904 283.312781545
-8.27403733333 283.184073585
-8.26903466667 283.249711116
-8.264032 283.13563494
-8.25902933333 283.305844234
-8.25402666667 283.13376471
-8.249024 283.273505857
-8.24402133333 283.123816233
-8.23901866667 283.160932485
-8.234016 283.036568459
-8.22901333333 283.109857959
-8.22401066667 283.000411483
-8.219008 283.048874672
-8.21400533333 282.975931387
-8.20900266667 283.04940362
-8.204 282.926071792
-8.19899733333 283.093007049
-8.19399466667 282.900934324
-8.188992 282.992156217
-8.18398933333 282.83168746
-8.17898666667 282.947652628
-8.173984 282.813935554
-8.16898133333 282.937640289
-8.16397866667 282.750288399
-8.158976 282.849871992
-8.15397333333 282.720220161
-8.14897066667 282.804342016
-8.143968 282.644091796
-8.13896533333 282.802204828
-8.13396266667 282.641327664
-8.12896 282.770315423
-8.12395733333 282.625818248
-8.11895466667 282.703028801
-8.113952 282.611297699
-8.10894933333 282.723979118
-8.10394666667 282.591734979
-8.098944 282.684915189
-8.09394133333 282.578918843
-8.08893866667 282.660784626
-8.083936 282.53652671
-8.07893333333 282.631777597
-8.07393066667 282.516058923
-8.068928 282.620497427
-8.06392533333 282.43831256
-8.05892266667 282.546463844
-8.05392 282.404819683
-8.04891733333 282.528301844
-8.04391466667 282.342279472
-8.038912 282.444548124
-8.03390933333 282.273577991
-8.02890666667 282.373983327
-8.023904 282.258883541
-8.01890133333 282.284805877
-8.01389866667 282.207474116
-8.008896 282.264399386
-8.00389333333 282.050889307
-7.99889066667 282.207861452
-7.993888 282.011442296
-7.98888533333 282.083408821
-7.98388266667 281.871729869
-7.97888 281.948836945
-7.97387733333 281.73473518
-7.96887466667 281.84363266
-7.963872 281.655298217
-7.95886933333 281.66911544
-7.95386666667 281.534992
-7.948864 281.556314579
-7.94386133333 281.351333297
-7.93885866667 281.377863283
-7.933856 281.18306804
-7.92885333333 281.189568599
-7.92385066667 280.991225129
-7.918848 281.031880243
-7.91384533333 280.796607902
-7.90884266667 280.846154328
-7.90384 280.67439032
-7.89883733333 280.743637308
-7.89383466667 280.610256143
-7.888832 280.66161977
-7.88382933333 280.562979588
-7.87882666667 280.632321093
-7.873824 280.530622986
-7.86882133333 280.6307961
-7.86381866667 280.476718351
-7.858816 280.567442438
-7.85381333333 280.492122233
-7.84881066667 280.602304604
-7.843808 280.529332391
-7.83880533333 280.625018939
-7.83380266667 280.583716903
-7.8288 280.6407783
-7.82379733333 280.56766545
-7.81879466667 280.734634781
-7.813792 280.602008524
-7.80878933333 280.741956242
-7.80378666667 280.548699155
-7.798784 280.667736752
-7.79378133333 280.602997663
-7.78877866667 280.71914737
-7.783776 280.646499638
-7.77877333333 280.772508524
-7.77377066667 280.661193842
-7.768768 280.800190556
-7.76376533333 280.753377544
-7.75876266667 280.876667625
-7.75376 280.753602659
-7.74875733333 280.887752218
-7.74375466667 280.76617806
-7.738752 280.881739736
-7.73374933333 280.812351602
-7.72874666667 280.903557763
-7.723744 280.797818011
-7.71874133333 280.855658257
-7.71373866667 280.777022483
-7.708736 280.875812117
-7.70373333333 280.692169352
-7.69873066667 280.80199032
-7.693728 280.685935832
-7.68872533333 280.784805302
-7.68372266667 280.661108964
-7.67872 280.713594168
-7.67371733333 280.646974627
-7.66871466667 280.748016239
-7.663712 280.629001373
-7.65870933333 280.679188837
-7.65370666667 280.587041566
-7.648704 280.614552899
-7.64370133333 280.504654775
-7.63869866667 280.61372685
-7.633696 280.463026969
-7.62869333333 280.561072903
-7.62369066667 280.412627447
-7.618688 280.467056109
-7.61368533333 280.39630657
-7.60868266667 280.514359576
-7.60368 280.370257911
-7.59867733333 280.418322206
-7.59367466667 280.325856588
-7.588672 280.448575473
-7.58366933333 280.282875049
-7.57866666667 280.392576467
-7.573664 280.289762899
-7.56866133333 280.35152448
-7.56365866667 280.200225488
-7.558656 280.30154158
-7.55365333333 280.168653059
-7.54865066667 280.274828915
-7.543648 280.110548972
-7.53864533333 280.136554126
-7.53364266667 280.051805868
-7.52864 280.130807654
-7.52363733333 280.001873162
-7.51863466667 280.059785029
-7.513632 279.976371479
-7.50862933333 280.025229287
-7.50362666667 279.844225268
-7.498624 280.003368143
-7.49362133333 279.842737348
-7.48861866667 279.934687113
-7.483616 279.849905542
-7.47861333333 279.88041581
-7.47361066667 279.785463612
-7.468608 279.881712634
-7.46360533333 279.75318692
-7.45860266667 279.819538584
-7.4536 279.722835272
-7.44859733333 279.821366712
-7.44359466667 279.71453751
-7.438592 279.850074351
-7.43358933333 279.754792513
-7.42858666667 279.834152411
-7.423584 279.722381939
-7.41858133333 279.81168592
-7.41357866667 279.679129249
-7.408576 279.794410202
-7.40357333333 279.742910294
-7.39857066667 279.785368182
-7.393568 279.721841283
-7.38856533333 279.775635729
-7.38356266667 279.723719782
-7.37856 279.858410569
-7.37355733333 279.755159117
-7.36855466667 279.878741781
-7.363552 279.803558796
-7.35854933333 279.923431952
-7.35354666667 279.90138235
-7.348544 280.020695235
-7.34354133333 279.925145778
-7.33853866667 279.994761886
-7.333536 279.939171922
-7.32853333333 279.995897632
-7.32353066667 279.928248277
-7.318528 280.047892621
-7.31352533333 279.967290814
-7.30852266667 280.018998862
-7.30352 279.91968459
-7.29851733333 280.001816444
-7.29351466667 279.906419839
-7.288512 279.991716
-7.28350933333 279.883857175
-7.27850666667 279.963620947
-7.273504 279.883260859
-7.26850133333 279.970262909
-7.26349866667 279.888738976
-7.258496 279.955812405
-7.25349333333 279.905591569
-7.24849066667 279.963354963
-7.243488 279.831891605
-7.23848533333 279.927982557
-7.23348266667 279.835092278
-7.22848 279.891994083
-7.22347733333 279.820983317
-7.21847466667 279.927217806
-7.213472 279.887530712
-7.20846933333 279.968944946
-7.20346666667 279.922797349
-7.198464 279.983734722
-7.19346133333 279.963937469
-7.18845866667 280.04047712
-7.183456 279.962444571
-7.17845333333 280.027091629
-7.17345066667 280.013816413
-7.168448 280.0941334
-7.16344533333 279.95247819
-7.15844266667 280.087561544
-7.15344 279.961515682
-7.14843733333 280.008494549
-7.14343466667 279.952438265
-7.138432 280.067880762
-7.13342933333 279.967935405
-7.12842666667 280.007474774
-7.123424 279.985700712
-7.11842133333 280.014746872
-7.11341866667 280.019889636
-7.108416 280.107354137
-7.10341333333 280.037872266
-7.09841066667 280.084958799
-7.093408 280.065358954
-7.08840533333 280.134112652
-7.08340266667 280.022210064
-7.0784 280.135298494
-7.07339733333 280.0226504
-7.06839466667 280.1187362
-7.063392 280.091355203
-7.05838933333 280.097790236
-7.05338666667 280.079031182
-7.048384 280.088582513
-7.04338133333 279.970311658
-7.03837866667 280.066985465
-7.033376 279.949835089
-7.02837333333 279.984615855
-7.02337066667 279.912223157
-7.018368 279.976447555
-7.01336533333 279.880072341
-7.00836266667 279.93906929
-7.00336 279.805996542
-6.99835733333 279.880180554
-6.99335466667 279.842367043
-6.988352 279.885556698
-6.98334933333 279.727933559
-6.97834666667 279.819647947
-6.973344 279.644849146
-6.96834133333 279.817157173
-6.96333866667 279.749311646
-6.958336 279.817491185
-6.95333333333 279.783539004
-6.94833066667 279.770602468
-6.943328 279.757737128
-6.93832533333 279.771511149
-6.93332266667 279.74887733
-6.92832 279.813468767
-6.92331733333 279.776952628
-6.91831466667 279.786202203
-6.913312 279.771123444
-6.90830933333 279.848397814
-6.90330666667 279.802726184
-6.898304 279.919611925
-6.89330133333 279.879146347
-6.88829866667 279.941378537
-6.883296 279.874335846
-6.87829333333 279.995331391
-6.87329066667 279.964090318
-6.868288 280.029979115
-6.86328533333 280.01327325
-6.85828266667 280.056730317
-6.85328 280.066490557
-6.84827733333 280.163360295
-6.84327466667 280.080992507
-6.838272 280.165142014
-6.83326933333 280.114440823
-6.82826666667 280.200423074
-6.823264 280.135076467
-6.81826133333 280.203759135
-6.81325866667 280.139662636
-6.808256 280.175020642
-6.80325333333 280.064114857
-6.79825066667 280.133159331
-6.793248 280.127858927
-6.78824533333 280.230290295
-6.78324266667 280.172020695
-6.77824 280.245574096
-6.77323733333 280.235521107
-6.76823466667 280.292757397
-6.763232 280.20949267
-6.75822933333 280.221052935
-6.75322666667 280.163270785
-6.748224 280.247666493
-6.74322133333 280.210883804
-6.73821866667 280.241119787
-6.733216 280.149337929
-6.72821333333 280.261662419
-6.72321066667 280.247079572
-6.718208 280.221349112
-6.71320533333 280.192636913
-6.70820266667 280.276357404
-6.7032 280.161758425
-6.69819733333 280.247759975
-6.69319466667 280.226318498
-6.688192 280.253569314
-6.68318933333 280.238861356
-6.67818666667 280.222263177
-6.673184 280.184532132
-6.66818133333 280.165999663
-6.66317866667 280.137606414
-6.658176 280.166705677
-6.65317333333 280.147850313
-6.64817066667 280.204491029
-6.643168 280.147822084
-6.63816533333 280.250661272
-6.63316266667 280.266026498
-6.62816 280.290552578
-6.62315733333 280.230436982
-6.61815466667 280.321511382
-6.613152 280.281276472
-6.60814933333 280.285468463
-6.60314666667 280.339502054
-6.598144 280.302027031
-6.59314133333 280.286274774
-6.58813866667 280.382116528
-6.583136 280.385073888
-6.57813333333 280.410126173
-6.57313066667 280.397530605
-6.568128 280.445775369
-6.56312533333 280.365836082
-6.55812266667 280.477049016
-6.55312 280.405607229
-6.54811733333 280.496446181
-6.54311466667 280.452911978
-6.538112 280.461107409
-6.53310933333 280.446782357
-6.52810666667 280.494592419
-6.523104 280.489394184
-6.51810133333 280.537225509
-6.51309866667 280.559104889
-6.508096 280.53854726
-6.50309333333 280.509018619
-6.49809066667 280.6278539
-6.493088 280.628856124
-6.48808533333 280.626664583
-6.48308266667 280.596935089
-6.47808 280.686677964
-6.47307733333 280.649460768
-6.46807466667 280.706431551
-6.463072 280.708950753
-6.45806933333 280.739537865
-6.45306666667 280.738276268
-6.448064 280.763898074
-6.44306133333 280.676208442
-6.43805866667 280.771997559
-6.433056 280.707984156
-6.42805333333 280.754371377
-6.42305066667 280.729059235
-6.418048 280.775915251
-6.41304533333 280.772936968
-6.40804266667 280.757796333
-6.40304 280.760258825
-6.39803733333 280.799047635
-6.39303466667 280.769896263
-6.388032 280.776278288
-6.38302933333 280.757180557
-6.37802666667 280.769976629
-6.373024 280.757694121
-6.36802133333 280.736490231
-6.36301866667 280.716433929
-6.358016 280.730526079
-6.35301333333 280.679363234
-6.34801066667 280.698529166
-6.343008 280.682053513
-6.33800533333 280.714383059
-6.33300266667 280.70760486
-6.328 280.760742195
-6.32299733333 280.722537167
-6.31799466667 280.789681258
-6.312992 280.779679129
-6.30798933333 280.846165305
-6.30298666667 280.86424993
-6.297984 280.90613712
-6.29298133333 280.959349736
-6.28797866667 281.063337916
-6.282976 281.076303948
-6.27797333333 281.101766934
-6.27297066667 281.154210256
-6.267968 281.264279418
-6.26296533333 281.3128068
-6.25796266667 281.398580424
-6.25296 281.458021096
-6.24795733333 281.587216849
-6.24295466667 281.600015948
-6.237952 281.79561156
-6.23294933333 281.849716844
-6.22794666667 281.988254533
-6.222944 282.064116887
-6.21794133333 282.161363998
-6.21293866667 282.281350366
-6.207936 282.365828915
-6.20293333333 282.491480567
-6.19793066667 282.600765067
-6.192928 282.720940521
-6.18792533333 282.8290813
-6.18292266667 282.875986093
-6.17792 283.00211839
-6.17291733333 283.089333599
-6.16791466667 283.143956211
-6.162912 283.180230394
-6.15790933333 283.321102589
-6.15290666667 283.27814345
-6.147904 283.2973968
-6.14290133333 283.341490849
-6.13789866667 283.415281262
-6.132896 283.424620186
-6.12789333333 283.447341791
-6.12289066667 283.366402171
-6.117888 283.373395271
-6.11288533333 283.336386381
-6.10788266667 283.38268847
-6.10288 283.26939256
-6.09787733333 283.276601448
-6.09287466667 283.259994248
-6.087872 283.189137647
-6.08286933333 283.1360323
-6.07786666667 283.106885127
-6.072864 283.126969436
-6.06786133333 283.140029927
-6.06285866667 283.070187932
-6.057856 283.00933945
-6.05285333333 283.010934719
-6.04785066667 283.019736665
-6.042848 282.98587846
-6.03784533333 282.974943165
-6.03284266667 282.924374963
-6.02784 282.898151582
-6.02283733333 282.93233247
-6.01783466667 282.922555507
-6.012832 282.962230533
-6.00782933333 282.90929635
-6.00282666667 282.915959908
-5.997824 282.846948529
-5.99282133333 282.865711687
-5.98781866667 282.854169548
-5.982816 282.869110653
-5.97781333333 282.828903241
-5.97281066667 282.887559031
-5.967808 282.850377385
-5.96280533333 282.812958495
-5.95780266667 282.824134676
-5.9528 282.823179237
-5.94779733333 282.801308303
-5.94279466667 282.795547023
-5.937792 282.795971493
-5.93278933333 282.812250128
-5.92778666667 282.806622001
-5.922784 282.809400388
-5.91778133333 282.768556028
-5.91277866667 282.784968312
-5.907776 282.766979955
-5.90277333333 282.792353519
-5.89777066667 282.749035505
-5.892768 282.778184583
-5.88776533333 282.728783402
-5.88276266667 282.706221869
-5.87776 282.723358154
-5.87275733333 282.679087551
-5.86775466667 282.661584018
-5.862752 282.593994873
-5.85774933333 282.585416192
-5.85274666667 282.541935582
-5.847744 282.492078477
-5.84274133333 282.461245576
-5.83773866667 282.442225503
-5.832736 282.446178769
-5.82773333333 282.356913109
-5.82273066667 282.337553667
-5.817728 282.345592657
-5.81272533333 282.357501671
-5.80772266667 282.281714114
-5.80272 282.272562109
-5.79771733333 282.169597046
-5.79271466667 282.16946647
-5.787712 282.14139764
-5.78270933333 282.09551839
-5.77770666667 282.007969694
-5.772704 282.024978649
-5.76770133333 282.012081024
-5.76269866667 281.955246589
-5.757696 281.86288271
-5.75269333333 281.829359683
-5.74769066667 281.806464186
-5.742688 281.77693084
-5.73768533333 281.702514125
-5.73268266667 281.641505926
-5.72768 281.631183528
-5.72267733333 281.547250056
-5.71767466667 281.487158442
-5.712672 281.468985369
-5.70766933333 281.422136265
-5.70266666667 281.41689754
-5.697664 281.324639355
-5.69266133333 281.317788716
-5.68765866667 281.204485042
-5.682656 281.169689147
-5.67765333333 281.107660863
-5.67265066667 281.034382341
-5.667648 280.945784109
-5.66264533333 280.986431434
-5.65764266667 280.813706667
-5.65264 280.808882115
-5.64763733333 280.721901531
-5.64263466667 280.687624533
-5.637632 280.605229672
-5.63262933333 280.580866375
-5.62762666667 280.47142678
-5.622624 280.435884717
-5.61762133333 280.369477332
-5.61261866667 280.386958535
-5.607616 280.31234174
-5.60261333333 280.265649631
-5.59761066667 280.159885135
-5.592608 280.193263104
-5.58760533333 280.113817055
-5.58260266667 280.116629625
-5.5776 280.07828704
-5.57259733333 280.115268347
-5.56759466667 280.063754589
-5.562592 280.059394447
-5.55758933333 279.995796209
-5.55258666667 280.015904151
-5.547584 279.965389678
-5.54258133333 280.029283878
-5.53757866667 279.97056797
-5.532576 280.034582816
-5.52757333333 280.032417327
-5.52257066667 280.055163141
-5.517568 280.025561093
-5.51256533333 280.100800915
-5.50756266667 280.077432737
-5.50256 280.077328217
-5.49755733333 280.029342989
-5.49255466667 280.095273212
-5.487552 280.128031425
-5.48254933333 280.181610049
-5.47754666667 280.116618569
-5.472544 280.19510506
-5.46754133333 280.148899595
-5.46253866667 280.144967186
-5.457536 280.116220605
-5.45253333333 280.152081067
-5.44753066667 280.138630989
-5.442528 280.160325098
-5.43752533333 280.133278658
-5.43252266667 280.286824047
-5.42752 280.258902614
-5.42251733333 280.326554042
-5.41751466667 280.288374853
-5.412512 280.326710728
-5.40750933333 280.279459761
-5.40250666667 280.320543173
-5.397504 280.276150003
-5.39250133333 280.264038073
-5.38749866667 280.189384754
-5.382496 280.235022628
-5.37749333333 280.171854479
-5.37249066667 280.244994759
-5.367488 280.151511021
-5.36248533333 280.136118717
-5.35748266667 280.055715768
-5.35248 280.121577959
-5.34747733333 280.065852513
-5.34247466667 280.114301875
-5.337472 279.988038574
-5.33246933333 279.998213242
-5.32746666667 279.983015455
-5.322464 279.973299391
-5.31746133333 279.890731305
-5.31245866667 279.976340707
-5.307456 279.896569521
-5.30245333333 279.909451504
-5.29745066667 279.888062279
-5.292448 279.910076049
-5.28744533333 279.855901017
-5.28244266667 279.945394392
-5.27744 279.789360513
-5.27243733333 279.841200861
-5.26743466667 279.845160313
-5.262432 279.869059712
-5.25742933333 279.805792791
-5.25242666667 279.892571473
-5.247424 279.821468799
-5.24242133333 279.853530867
-5.23741866667 279.78182562
-5.232416 279.832538795
-5.22741333333 279.739461308
-5.22241066667 279.82047866
-5.217408 279.776699324
-5.21240533333 279.825685647
-5.20740266667 279.753115263
-5.2024 279.829897145
-5.19739733333 279.698991516
-5.19239466667 279.818003835
-5.187392 279.730921495
-5.18238933333 279.741325234
-5.17738666667 279.695805749
-5.172384 279.723174507
-5.16738133333 279.617184453
-5.16237866667 279.713525318
-5.157376 279.609242111
-5.15237333333 279.658779615
-5.14737066667 279.616148371
-5.142368 279.693344917
-5.13736533333 279.564568703
-5.13236266667 279.650994529
-5.12736 279.640552153
-5.12235733333 279.59735993
-5.11735466667 279.566269144
-5.112352 279.629947113
-5.10734933333 279.534505727
-5.10234666667 279.593212673
-5.097344 279.583947605
-5.09234133333 279.604814232
-5.08733866667 279.60501116
-5.082336 279.619816264
-5.07733333333 279.586667211
-5.07233066667 279.654566662
-5.067328 279.572212106
-5.06232533333 279.602931968
-5.05732266667 279.513470811
-5.05232 279.571562719
-5.04731733333 279.517693756
-5.04231466667 279.540278932
-5.037312 279.48130315
-5.03230933333 279.527460673
-5.02730666667 279.448236732
-5.022304 279.537672387
-5.01730133333 279.45679831
-5.01229866667 279.614598015
-5.007296 279.57190049
-5.00229333333 279.620580116
-4.99729066667 279.484524136
-4.992288 279.657037555
-4.98728533333 279.637810069
-4.98228266667 279.758342756
-4.97728 279.715176842
-4.97227733333 279.835696963
-4.96727466667 279.801088744
-4.962272 279.907782306
-4.95726933333 279.888405785
-4.95226666667 280.009806955
-4.947264 279.929631694
-4.94226133333 279.975814872
-4.93725866667 279.922683317
-4.932256 279.992574144
-4.92725333333 279.926735695
-4.92225066667 279.95508018
-4.917248 279.95109092
-4.91224533333 280.022862872
-4.90724266667 279.963882502
-4.90224 280.084431114
-4.89723733333 279.959598978
-4.89223466667 280.039117041
-4.887232 280.005756542
-4.88222933333 280.084684081
-4.87722666667 279.957420755
-4.872224 280.078503734
-4.86722133333 279.896260093
-4.86221866667 279.943652149
-4.857216 279.813929562
-4.85221333333 279.910447325
-4.84721066667 279.753262952
-4.842208 279.809871665
-4.83720533333 279.662940048
-4.83220266667 279.706878741
-4.8272 279.565625385
-4.82219733333 279.679172696
-4.81719466667 279.53931467
-4.812192 279.559462815
-4.80718933333 279.515780821
-4.80218666667 279.561599037
-4.797184 279.488889657
-4.79218133333 279.564797272
-4.78717866667 279.459234282
-4.782176 279.521388347
-4.77717333333 279.41591655
-4.77217066667 279.480204005
-4.767168 279.390138653
-4.76216533333 279.467624309
-4.75716266667 279.389812651
-4.75216 279.469656879
-4.74715733333 279.421923676
-4.74215466667 279.516996189
-4.737152 279.434806719
-4.73214933333 279.51222703
-4.72714666667 279.446943528
-4.722144 279.545531345
-4.71714133333 279.491684648
-4.71213866667 279.584065902
-4.707136 279.453302499
-4.70213333333 279.651444159
-4.69713066667 279.525416684
-4.692128 279.666875449
-4.68712533333 279.592172987
-4.68212266667 279.677482304
-4.67712 279.553475358
-4.67211733333 279.661198369
-4.66711466667 279.522564681
-4.662112 279.590963548
-4.65710933333 279.509182609
-4.65210666667 279.598169698
-4.647104 279.483681772
-4.64210133333 279.548799403
-4.63709866667 279.487685563
-4.632096 279.587292949
-4.62709333333 279.464889725
-4.62209066667 279.610389836
-4.617088 279.50361106
-4.61208533333 279.624934837
-4.60708266667 279.530672349
-4.60208 279.641537297
-4.59707733333 279.593123068
-4.59207466667 279.699499546
-4.587072 279.568971716
-4.58206933333 279.691519776
-4.57706666667 279.571878984
-4.572064 279.721609246
-4.56706133333 279.624101187
-4.56205866667 279.766424072
-4.557056 279.641205505
-4.55205333333 279.715339975
-4.54705066667 279.658057138
-4.542048 279.788454819
-4.53704533333 279.66286411
-4.53204266667 279.75274022
-4.52704 279.66134656
-4.52203733333 279.739012452
-4.51703466667 279.649925382
-4.512032 279.787697648
-4.50702933333 279.673278804
-4.50202666667 279.844510008
-4.497024 279.729607358
-4.49202133333 279.838765915
-4.48701866667 279.74506638
-4.482016 279.881722021
-4.47701333333 279.773606223
-4.47201066667 279.954296946
-4.467008 279.84068132
-4.46200533333 279.903215623
-4.45700266667 279.876213989
-4.452 279.966456411
-4.44699733333 279.849358146
-4.44199466667 280.009142337
-4.436992 279.866814031
-4.43198933333 280.022230056
-4.42698666667 279.94546469
-4.421984 280.040621089
-4.41698133333 280.011755469
-4.41197866667 280.105124895
-4.406976 279.996197534
-4.40197333333 280.065288834
-4.39697066667 279.997621485
-4.391968 280.108773221
-4.38696533333 279.985284049
-4.38196266667 280.125707581
-4.37696 280.028544733
-4.37195733333 280.125695577
-4.36695466667 280.051478045
-4.361952 280.120200557
-4.35694933333 280.084890876
-4.35194666667 280.264426024
-4.346944 280.14601356
-4.34194133333 280.253621534
-4.33693866667 280.214351718
-4.331936 280.321020644
-4.32693333333 280.106553984
-4.32193066667 280.288541172
-4.316928 280.182432071
-4.31192533333 280.327470261
-4.30692266667 280.223745968
-4.30192 280.339942089
-4.29691733333 280.250287736
-4.29191466667 280.377881441
-4.286912 280.281770081
-4.28190933333 280.407920301
-4.27690666667 280.318227056
-4.271904 280.459103936
-4.26690133333 280.292986161
-4.26189866667 280.419899543
-4.256896 280.392240567
-4.25189333333 280.480058241
-4.24689066667 280.389294
-4.241888 280.517989714
-4.23688533333 280.350190873
-4.23188266667 280.492115243
-4.22688 280.418413052
-4.22187733333 280.473397904
-4.21687466667 280.364126618
-4.211872 280.469069646
-4.20686933333 280.310974347
-4.20186666667 280.387048966
-4.196864 280.25733271
-4.19186133333 280.340983344
-4.18685866667 280.214550642
-4.181856 280.408754879
-4.17685333333 280.214759899
-4.17185066667 280.319384554
-4.166848 280.302726503
-4.16184533333 280.36143761
-4.15684266667 280.286525245
-4.15184 280.389653631
-4.14683733333 280.254568478
-4.14183466667 280.353001369
-4.136832 280.261126571
-4.13182933333 280.30104916
-4.12682666667 280.147744286
-4.121824 280.276344993
-4.11682133333 280.134581292
-4.11181866667 280.220562894
-4.106816 280.058525053
-4.10181333333 280.197616166
-4.09681066667 280.092241398
-4.091808 280.191786856
-4.08680533333 280.134659799
-4.08180266667 280.220732434
-4.0768 280.087695914
-4.07179733333 280.243732801
-4.06679466667 280.012405257
-4.061792 280.209123019
-4.05678933333 280.108442454
-4.05178666667 280.16703197
-4.046784 280.116521422
-4.04178133333 280.229912677
-4.03677866667 280.205860356
-4.031776 280.272428992
-4.02677333333 280.228029483
-4.02177066667 280.291174451
-4.016768 280.208976069
-4.01176533333 280.34025968
-4.00676266667 280.202087971
-4.00176 280.326425909
-3.99675733333 280.220890129
-3.99175466667 280.318936678
-3.986752 280.198261694
-3.98174933333 280.328918459
-3.97674666667 280.266136169
-3.971744 280.35238241
-3.96674133333 280.274440854
-3.96173866667 280.348909066
-3.956736 280.203754525
-3.95173333333 280.325733217
-3.94673066667 280.258183398
-3.941728 280.378941643
-3.93672533333 280.305692047
-3.93172266667 280.460029343
-3.92672 280.261580681
-3.92171733333 280.484329075
-3.91671466667 280.363743561
-3.911712 280.503765579
-3.90670933333 280.39063852
-3.90170666667 280.457562712
-3.896704 280.340444909
-3.89170133333 280.514866974
-3.88669866667 280.416324555
-3.881696 280.50881477
-3.87669333333 280.389028673
-3.87169066667 280.524236473
-3.866688 280.36331376
-3.86168533333 280.53801386
-3.85668266667 280.415933446
-3.85168 280.488228021
-3.84667733333 280.36784004
-3.84167466667 280.471357503
-3.836672 280.347199359
-3.83166933333 280.487293671
-3.82666666667 280.368215364
-3.821664 280.444074348
-3.81666133333 280.331356359
-3.81165866667 280.425058358
-3.806656 280.291676069
-3.80165333333 280.438651416
-3.79665066667 280.32808551
-3.791648 280.433073592
-3.78664533333 280.313298184
-3.78164266667 280.448908591
-3.77664 280.338415
-3.77163733333 280.497237721
-3.76663466667 280.466866231
-3.761632 280.533440909
-3.75662933333 280.438963288
-3.75162666667 280.609805523
-3.746624 280.536928287
-3.74162133333 280.64338027
-3.73661866667 280.54050309
-3.731616 280.625761066
-3.72661333333 280.583880126
-3.72161066667 280.686620296
-3.716608 280.620506107
-3.71160533333 280.737917986
-3.70660266667 280.669849645
-3.7016 280.723199419
-3.69659733333 280.648174882
-3.69159466667 280.782216556
-3.686592 280.695482029
-3.68158933333 280.77814212
-3.67658666667 280.699343662
-3.671584 280.805702773
-3.66658133333 280.747620472
-3.66157866667 280.835909136
-3.656576 280.721126628
-3.65157333333 280.820032293
-3.64657066667 280.699554266
-3.641568 280.763761537
-3.63656533333 280.611180056
-3.63156266667 280.744020963
-3.62656 280.598783563
-3.62155733333 280.697034112
-3.61655466667 280.618740801
-3.611552 280.721454882
-3.60654933333 280.583692074
-3.60154666667 280.699708164
-3.596544 280.585559226
-3.59154133333 280.634743949
-3.58653866667 280.501818185
-3.581536 280.559186242
-3.57653333333 280.460690948
-3.57153066667 280.563452888
-3.566528 280.395867248
-3.56152533333 280.462210246
-3.55652266667 280.406833255
-3.55152 280.474082983
-3.54651733333 280.330266209
-3.54151466667 280.421972837
-3.536512 280.279145053
-3.53150933333 280.287250654
-3.52650666667 280.237637294
-3.521504 280.323919245
-3.51650133333 280.205750799
-3.51149866667 280.341343774
-3.506496 280.223498936
-3.50149333333 280.296579112
-3.49649066667 280.217256715
-3.491488 280.331387579
-3.48648533333 280.222391437
-3.48148266667 280.356692636
-3.47648 280.237730918
-3.47147733333 280.339117773
-3.46647466667 280.253587626
-3.461472 280.350728404
-3.45646933333 280.275067805
-3.45146666667 280.44040297
-3.446464 280.313574397
-3.44146133333 280.40721791
-3.43645866667 280.345924858
-3.431456 280.407847064
-3.42645333333 280.303923493
-3.42145066667 280.454971691
-3.416448 280.317510195
-3.41144533333 280.452782064
-3.40644266667 280.385439428
-3.40144 280.492157986
-3.39643733333 280.389389739
-3.39143466667 280.545288736
-3.386432 280.377360009
-3.38142933333 280.49771908
-3.37642666667 280.416714931
-3.371424 280.520749361
-3.36642133333 280.436188069
-3.36141866667 280.60415153
-3.356416 280.523914134
-3.35141333333 280.605852471
-3.34641066667 280.447090926
-3.341408 280.550198572
-3.33640533333 280.476600008
-3.33140266667 280.556385217
-3.3264 280.425446732
-3.32139733333 280.523610721
-3.31639466667 280.462313045
-3.311392 280.550833598
-3.30638933333 280.438179889
-3.30138666667 280.528221119
-3.296384 280.419899843
-3.29138133333 280.475532081
-3.28637866667 280.370143472
-3.281376 280.472903089
-3.27637333333 280.377031363
-3.27137066667 280.450760054
-3.266368 280.375271071
-3.26136533333 280.447219324
-3.25636266667 280.357508158
-3.25136 280.483634291
-3.24635733333 280.363232321
-3.24135466667 280.422743789
-3.236352 280.372012063
-3.23134933333 280.403437233
-3.22634666667 280.347217088
-3.221344 280.456416427
-3.21634133333 280.353687523
-3.21133866667 280.430748014
-3.206336 280.365354426
-3.20133333333 280.459516452
-3.19633066667 280.390176653
-3.191328 280.514253706
-3.18632533333 280.354222436
-3.18132266667 280.486691256
-3.17632 280.360160478
-3.17131733333 280.430691533
-3.16631466667 280.365570214
-3.161312 280.437931266
-3.15630933333 280.342359309
-3.15130666667 280.462429345
-3.146304 280.315655759
-3.14130133333 280.439510328
-3.13629866667 280.367269169
-3.131296 280.409143387
-3.12629333333 280.291669363
-3.12129066667 280.346553598
-3.116288 280.271432527
-3.11128533333 280.315436916
-3.10628266667 280.140152195
-3.10128 280.241175656
-3.09627733333 280.154533134
-3.09127466667 280.191066208
-3.086272 280.099289919
-3.08126933333 280.150153049
-3.07626666667 280.118847019
-3.071264 280.199467003
-3.06626133333 280.081918785
-3.06125866667 280.140524898
-3.056256 280.061339963
-3.05125333333 280.080606681
-3.04625066667 279.900477752
-3.041248 279.972019382
-3.03624533333 279.90147328
-3.03124266667 279.910021554
-3.02624 279.841635867
-3.02123733333 279.91680496
-3.01623466667 279.805770278
-3.011232 279.911485274
-3.00622933333 279.794160948
-3.00122666667 279.87434803
-2.996224 279.854768483
-2.99122133333 279.938566709
-2.98621866667 279.80398986
-2.981216 279.916671767
-2.97621333333 279.880115954
-2.97121066667 279.928984955
-2.966208 279.839055355
-2.96120533333 279.955545542
-2.95620266667 279.862282642
-2.9512 279.992255526
-2.94619733333 279.904045746
-2.94119466667 279.955142068
-2.936192 279.971509876
-2.93118933333 280.053533571
-2.92618666667 279.940262503
-2.921184 280.058176684
-2.91618133333 279.944501634
-2.91117866667 280.012931958
-2.906176 279.958655677
-2.90117333333 280.061111675
-2.89617066667 279.984489452
-2.891168 280.082626366
-2.88616533333 280.018275202
-2.88116266667 280.130583543
-2.87616 280.051858314
-2.87115733333 280.12405387
-2.86615466667 280.03793217
-2.861152 280.140876572
-2.85614933333 280.065837634
-2.85114666667 280.112677864
-2.846144 280.012591658
-2.84114133333 280.09092749
-2.83613866667 280.061597871
-2.831136 280.130573022
-2.82613333333 280.076046698
-2.82113066667 280.146629657
-2.816128 280.050772365
-2.81112533333 280.193047148
-2.80612266667 280.098766156
-2.80112 280.171143857
-2.79611733333 280.156716053
-2.79111466667 280.191889395
-2.786112 280.111590291
-2.78110933333 280.181766394
-2.77610666667 280.139439231
-2.771104 280.215776725
-2.76610133333 280.164000085
-2.76109866667 280.225562403
-2.756096 280.183429698
-2.75109333333 280.214505129
-2.74609066667 280.116095825
-2.741088 280.228655466
-2.73608533333 280.142851832
-2.73108266667 280.253654963
-2.72608 280.145572354
-2.72107733333 280.181539717
-2.71607466667 280.21999877
-2.711072 280.261506372
-2.70606933333 280.239202139
-2.70106666667 280.264153758
-2.696064 280.196150089
-2.69106133333 280.345507295
-2.68605866667 280.267770629
-2.681056 280.341101748
-2.67605333333 280.314053379
-2.67105066667 280.380074034
-2.666048 280.294584031
-2.66104533333 280.362814268
-2.65604266667 280.344723504
-2.65104 280.434929007
-2.64603733333 280.344872958
-2.64103466667 280.399775712
-2.636032 280.374464649
-2.63102933333 280.385147832
-2.62602666667 280.299700672
-2.621024 280.364778142
-2.61602133333 280.26974178
-2.61101866667 280.284851657
-2.606016 280.183432069
-2.60101333333 280.222223955
-2.59601066667 280.240238373
-2.591008 280.253030197
-2.58600533333 280.213645133
-2.58100266667 280.319087532
-2.576 280.228855682
-2.57099733333 280.279850506
-2.56599466667 280.264271755
-2.560992 280.290636142
-2.55598933333 280.235985247
-2.55098666667 280.272783415
-2.545984 280.22505559
-2.54098133333 280.234541829
-2.53597866667 280.236084661
-2.530976 280.243199634
-2.52597333333 280.228953017
-2.52097066667 280.237334373
-2.515968 280.215495451
-2.51096533333 280.247400889
-2.50596266667 280.153797959
-2.50096 280.22740111
-2.49595733333 280.125825473
-2.49095466667 280.220786856
-2.485952 280.100823401
-2.48094933333 280.135084071
-2.47594666667 280.082072775
-2.470944 280.146236942
-2.46594133333 280.087299706
-2.46093866667 280.097237252
-2.455936 280.058154587
-2.45093333333 280.063038519
-2.44593066667 279.997702025
-2.440928 280.027467186
-2.43592533333 279.938608365
-2.43092266667 280.003844994
-2.42592 279.922284973
-2.42091733333 279.960985607
-2.41591466667 279.984391898
-2.410912 279.958765562
-2.40590933333 279.883363766
-2.40090666667 279.890702567
-2.395904 279.848184774
-2.39090133333 279.878048159
-2.38589866667 279.822764835
-2.380896 279.793907784
-2.37589333333 279.70441083
-2.37089066667 279.7328176
-2.365888 279.664497343
-2.36088533333 279.708496432
-2.35588266667 279.65930058
-2.35088 279.738376315
-2.34587733333 279.636372835
-2.34087466667 279.691829089
-2.335872 279.690188798
-2.33086933333 279.685310408
-2.32586666667 279.645541679
-2.320864 279.719995248
-2.31586133333 279.679975493
-2.31085866667 279.715680225
-2.305856 279.697016855
-2.30085333333 279.750950043
-2.29585066667 279.76497127
-2.290848 279.805255763
-2.28584533333 279.778275224
-2.28084266667 279.827995334
-2.27584 279.859455929
-2.27083733333 279.883533008
-2.26583466667 279.892273365
-2.260832 279.92204618
-2.25582933333 279.892307075
-2.25082666667 279.97884207
-2.245824 279.990678126
-2.24082133333 280.056850418
-2.23581866667 280.073754606
-2.230816 280.174069387
-2.22581333333 280.084900471
-2.22081066667 280.193597066
-2.215808 280.233331243
-2.21080533333 280.250895987
-2.20580266667 280.299140946
-2.2008 280.348475371
-2.19579733333 280.318586234
-2.19079466667 280.444116922
-2.185792 280.463207628
-2.18078933333 280.522299029
-2.17578666667 280.549429309
-2.170784 280.582160541
-2.16578133333 280.586346849
-2.16077866667 280.626640822
-2.155776 280.671219508
-2.15077333333 280.716083785
-2.14577066667 280.69198004
-2.140768 280.72856396
-2.13576533333 280.717115958
-2.13076266667 280.767421381
-2.12576 280.741781662
-2.12075733333 280.812900391
-2.11575466667 280.809084197
-2.110752 280.848560524
-2.10574933333 280.854439863
-2.10074666667 280.826882631
-2.095744 280.895772855
-2.09074133333 280.849178319
-2.08573866667 280.819735982
-2.080736 280.901995233
-2.07573333333 280.897153933
-2.07073066667 280.92651515
-2.065728 280.930214857
-2.06072533333 280.948142833
-2.05572266667 280.966834897
-2.05072 280.986068009
-2.04571733333 280.93276241
-2.04071466667 280.949480311
-2.035712 280.984697187
-2.03070933333 281.005296011
-2.02570666667 280.926666629
-2.020704 280.951606132
-2.01570133333 280.955642794
-2.01069866667 280.94593952
-2.005696 280.90495153
-2.00069333333 280.891973471
-1.99569066667 280.884143164
-1.990688 280.9184921
-1.98568533333 280.885992535
-1.98068266667 280.858317208
-1.97568 280.850577429
-1.97067733333 280.847950346
-1.96567466667 280.835921577
-1.960672 280.784972656
-1.95566933333 280.807376858
-1.95066666667 280.749493478
-1.945664 280.775205145
-1.94066133333 280.692809765
-1.93565866667 280.674138096
-1.930656 280.656108006
-1.92565333333 280.632304299
-1.92065066667 280.595662876
-1.915648 280.567509394
-1.91064533333 280.549945683
-1.90564266667 280.537235143
-1.90064 280.544410315
-1.89563733333 280.549145627
-1.89063466667 280.491462927
-1.885632 280.518505165
-1.88062933333 280.498598785
-1.87562666667 280.448825484
-1.870624 280.490893699
-1.86562133333 280.473887674
-1.86061866667 280.458058593
-1.855616 280.46215799
-1.85061333333 280.454504998
-1.84561066667 280.434736785
-1.840608 280.404520268
-1.83560533333 280.422721041
-1.83060266667 280.412253544
-1.8256 280.41890181
-1.82059733333 280.447298451
-1.81559466667 280.371358317
-1.810592 280.386944905
-1.80558933333 280.372339566
-1.80058666667 280.395140799
-1.795584 280.364461149
-1.79058133333 280.391488873
-1.78557866667 280.329850619
-1.780576 280.377955594
-1.77557333333 280.375096477
-1.77057066667 280.375384186
-1.765568 280.390093129
-1.76056533333 280.370799453
-1.75556266667 280.377626712
-1.75056 280.406885126
-1.74555733333 280.402122918
-1.74055466667 280.364198383
-1.735552 280.380300662
-1.73054933333 280.422015779
-1.72554666667 280.337299702
-1.720544 280.406813251
-1.71554133333 280.382157177
-1.71053866667 280.346363048
-1.705536 280.346098419
-1.70053333333 280.368551818
-1.69553066667 280.399952276
-1.690528 280.384173348
-1.68552533333 280.371352185
-1.68052266667 280.324443902
-1.67552 280.353845319
-1.67051733333 280.322336331
-1.66551466667 280.281946594
-1.660512 280.340384094
-1.65550933333 280.330055435
-1.65050666667 280.291072825
-1.645504 280.297777164
-1.64050133333 280.297041489
-1.63549866667 280.292536023
-1.630496 280.199426093
-1.62549333333 280.198975252
-1.62049066667 280.161106185
-1.615488 280.117123274
-1.61048533333 280.154331687
-1.60548266667 280.111246413
-1.60048 280.135017309
-1.59547733333 280.174287785
-1.59047466667 280.129515508
-1.585472 280.134289499
-1.58046933333 280.169123198
-1.57546666667 280.176440901
-1.570464 280.165223023
-1.56546133333 280.176776929
-1.56045866667 280.156697511
-1.555456 280.178513193
-1.55045333333 280.206665999
-1.54545066667 280.17031694
-1.540448 280.220707957
-1.53544533333 280.237236712
-1.53044266667 280.24255935
-1.52544 280.290548607
-1.52043733333 280.274887064
-1.51543466667 280.370617474
-1.510432 280.401420544
-1.50542933333 280.476789345
-1.50042666667 280.535807488
-1.495424 280.565359488
-1.49042133333 280.655312638
-1.48541866667 280.691823429
-1.480416 280.76759157
-1.47541333333 280.898040074
-1.47041066667 280.991467592
-1.465408 281.06937958
-1.46040533333 281.173955622
-1.45540266667 281.327179882
-1.4504 281.428648388
-1.44539733333 281.568122648
-1.44039466667 281.668626467
-1.435392 281.832369151
-1.43038933333 281.9415962
-1.42538666667 282.12496185
-1.420384 282.244854175
-1.41538133333 282.391065857
-1.41037866667 282.562496929
-1.405376 282.75038746
-1.40037333333 282.847881832
-1.39537066667 282.944166249
-1.390368 283.036060589
-1.38536533333 283.135785504
-1.38036266667 283.190882308
-1.37536 283.301987938
-1.37035733333 283.280584541
-1.36535466667 283.340085394
-1.360352 283.317302018
-1.35534933333 283.373621135
-1.35034666667 283.407487392
-1.345344 283.393626207
-1.34034133333 283.364043173
-1.33533866667 283.383766846
-1.330336 283.342613349
-1.32533333333 283.335210996
-1.32033066667 283.346298595
-1.315328 283.391187835
-1.31032533333 283.291265143
-1.30532266667 283.333470679
-1.30032 283.239737864
-1.29531733333 283.262865398
-1.29031466667 283.258825079
-1.285312 283.210564482
-1.28030933333 283.155306124
-1.27530666667 283.19389672
-1.270304 283.085448708
-1.26530133333 283.105433766
-1.26029866667 283.169135926
-1.255296 283.13867529
-1.25029333333 283.097806888
-1.24529066667 283.065882598
-1.240288 283.049134329
-1.23528533333 283.071586847
-1.23028266667 283.044394058
-1.22528 283.022445933
-1.22027733333 282.952375058
-1.21527466667 283.004340789
-1.210272 282.952370529
-1.20526933333 283.008163211
-1.20026666667 282.982231669
-1.195264 283.008428221
-1.19026133333 282.905490316
-1.18525866667 282.944386271
-1.180256 282.906654073
-1.17525333333 282.95435087
-1.17025066667 282.930517802
-1.165248 282.957612995
-1.16024533333 282.933031097
-1.15524266667 282.956369523
-1.15024 282.890076686
-1.14523733333 282.908896771
-1.14023466667 282.810976468
-1.135232 282.80057714
-1.13022933333 282.734815373
-1.12522666667 282.684190213
-1.120224 282.635234685
-1.11522133333 282.650766877
-1.11021866667 282.619621948
-1.105216 282.612953914
-1.10021333333 282.520154142
-1.09521066667 282.571195229
-1.090208 282.477447086
-1.08520533333 282.485575243
-1.08020266667 282.457587038
-1.0752 282.45389744
-1.07019733333 282.367030555
-1.06519466667 282.366832565
-1.060192 282.2954787
-1.05518933333 282.317265029
-1.05018666667 282.286759618
-1.045184 282.236076432
-1.04018133333 282.116765298
-1.03517866667 282.190925764
-1.030176 282.119841188
-1.02517333333 282.134784598
-1.02017066667 282.058121594
-1.015168 282.122124714
-1.01016533333 282.013355875
-1.00516266667 282.051486257
-1.00016 281.996628517
-0.995157333333 281.980302174
-0.990154666667 281.888409263
-0.985152 281.898798577
-0.980149333333 281.815100375
-0.975146666667 281.88958535
-0.970144 281.786333706
-0.965141333333 281.835938045
-0.960138666667 281.647111176
-0.955136 281.678977368
-0.950133333333 281.543651117
-0.945130666667 281.557166533
-0.940128 281.51093141
-0.935125333333 281.485436416
-0.930122666667 281.376810654
-0.92512 281.30535638
-0.920117333333 281.143279737
-0.915114666667 281.136618115
-0.910112 280.936312372
-0.905109333333 280.923503132
-0.900106666667 280.768022991
-0.895104 280.710617578
-0.890101333333 280.569147001
-0.885098666667 280.547868815
-0.880096 280.440103455
-0.875093333333 280.396177777
-0.870090666667 280.309441566
-0.865088 280.292548896
-0.860085333333 280.173675354
-0.855082666667 280.228659713
-0.85008 280.108075399
-0.845077333333 280.084276238
-0.840074666667 280.014464293
-0.835072 280.037858551
-0.830069333333 279.95083796
-0.825066666667 279.9803483
-0.820064 279.893662519
-0.815061333333 279.964882099
-0.810058666667 279.836626245
-0.805056 279.879993194
-0.800053333333 279.826506605
-0.795050666667 279.840113602
-0.790048 279.79278781
-0.785045333333 279.866765781
-0.780042666667 279.754613921
-0.77504 279.834409914
-0.770037333333 279.746742768
-0.765034666667 279.781185951
-0.760032 279.714738574
-0.755029333333 279.74819702
-0.750026666667 279.714282401
-0.745024 279.70865652
-0.740021333333 279.661884684
-0.735018666667 279.743921015
-0.730016 279.680182119
-0.725013333333 279.753625315
-0.720010666667 279.652941579
-0.715008 279.728931562
-0.710005333333 279.627181501
-0.705002666667 279.672278078
-0.7 279.603971607
-0.694997333333 279.682012031
-0.689994666667 279.542538398
-0.684992 279.57407621
-0.679989333333 279.512546575
-0.674986666667 279.560325193
-0.669984 279.494613226
-0.664981333333 279.574577781
-0.659978666667 279.473918043
-0.654976 279.554681381
-0.649973333333 279.465003717
-0.644970666667 279.512652376
-0.639968 279.417885768
-0.634965333333 279.509811029
-0.629962666667 279.351714677
-0.62496 279.436286085
-0.619957333333 279.377162979
-0.614954666667 279.396610328
-0.609952 279.370104041
-0.604949333333 279.393077655
-0.599946666667 279.308115617
-0.594944 279.379794032
-0.589941333333 279.298766253
-0.584938666667 279.346211675
-0.579936 279.311924622
-0.574933333333 279.387458962
-0.569930666667 279.286010316
-0.564928 279.356367799
-0.559925333333 279.303770511
-0.554922666667 279.351729526
-0.54992 279.292285485
-0.544917333333 279.371917204
-0.539914666667 279.286594008
-0.534912 279.34299194
-0.529909333333 279.263506251
-0.524906666667 279.374772547
-0.519904 279.249425708
-0.514901333333 279.363317091
-0.509898666667 279.306100382
-0.504896 279.361318294
-0.499893333333 279.325407123
-0.494890666667 279.420281788
-0.489888 279.313028381
-0.484885333333 279.325381175
-0.479882666667 279.275651099
-0.47488 279.347099722
-0.469877333333 279.28481368
-0.464874666667 279.39063643
-0.459872 279.260861777
-0.454869333333 279.373637044
-0.449866666667 279.317420812
-0.444864 279.381354007
-0.439861333333 279.31162358
-0.434858666667 279.398070603
-0.429856 279.234145897
-0.424853333333 279.366688784
-0.419850666667 279.266465794
-0.414848 279.372704374
-0.409845333333 279.265550486
-0.404842666667 279.327191148
-0.39984 279.222482668
-0.394837333333 279.310641689
-0.389834666667 279.203533791
-0.384832 279.280397261
-0.379829333333 279.141025188
-0.374826666667 279.270965995
-0.369824 279.129839362
-0.364821333333 279.21545933
-0.359818666667 279.093321219
-0.354816 279.209733634
-0.349813333333 279.102305225
-0.344810666667 279.171024129
-0.339808 279.07396323
-0.334805333333 279.19384075
-0.329802666667 279.10168189
-0.3248 279.183631679
-0.319797333333 279.149891743
-0.314794666667 279.207488227
-0.309792 279.074540851
-0.304789333333 279.19382254
-0.299786666667 279.107244746
-0.294784 279.151462467
-0.289781333333 279.078090948
-0.284778666667 279.17955466
-0.279776 279.073883084
-0.274773333333 279.179347002
-0.269770666667 279.114091207
-0.264768 279.17623342
-0.259765333333 279.176125087
-0.254762666667 279.20814377
-0.24976 279.184954176
-0.244757333333 279.263921801
-0.239754666667 279.188853933
-0.234752 279.328233036
-0.229749333333 279.236221056
-0.224746666667 279.39542423
-0.219744 279.303036479
-0.214741333333 279.4316766
-0.209738666667 279.348002287
-0.204736 279.43590719
-0.199733333333 279.3839487
-0.194730666667 279.505436147
-0.189728 279.42003389
-0.184725333333 279.567886465
-0.179722666667 279.458749815
-0.17472 279.59754611
-0.169717333333 279.552526188
-0.164714666667 279.689677765
-0.159712 279.608223144
-0.154709333333 279.664393938
-0.149706666667 279.605561012
-0.144704 279.747870913
-0.139701333333 279.697350887
-0.134698666667 279.795465399
-0.129696 279.652637948
-0.124693333333 279.818324908
-0.119690666667 279.739755779
-0.114688 279.824632441
-0.109685333333 279.759018912
-0.104682666667 279.842393612
-0.09968 279.739146983
-0.0946773333333 279.88682428
-0.0896746666667 279.765843741
-0.084672 279.866966515
-0.0796693333333 279.771200153
-0.0746666666667 279.882620683
-0.069664 279.763856575
-0.0646613333333 279.920733576
-0.0596586666667 279.837494766
-0.054656 279.95536639
-0.0496533333333 279.820351579
-0.0446506666667 279.96054785
-0.039648 279.830051785
-0.0346453333333 279.945792479
-0.0296426666667 279.84006218
-0.02464 279.938175969
-0.0196373333333 279.850416889
-0.0146346666667 279.959263409
-0.009632 279.835419629
-0.00462933333333 279.958439183
