（-9.19453,1.5），（-6.68319,1.5），（-2.78245,1.5）
-9.99995733333 376.180277927
-9.99495466667 376.170481153
-9.989952 376.158702564
-9.98494933333 376.144945387
-9.97994666667 376.129157475
-9.974944 376.111497052
-9.96994133333 376.092395346
-9.96493866667 376.07241002
-9.959936 376.051968349
-9.95493333333 376.031215593
-9.94993066667 376.010135212
-9.944928 375.988771518
-9.93992533333 375.967319358
-9.93492266667 375.946035457
-9.92992 375.925149745
-9.92491733333 375.904909457
-9.91991466667 375.885600263
-9.914912 375.867366068
-9.90990933333 375.850116029
-9.90490666667 375.833649855
-9.899904 375.817681105
-9.89490133333 375.80176752
-9.88989866667 375.785464107
-9.884896 375.768568063
-9.87989333333 375.751214716
-9.87489066667 375.733700567
-9.869888 375.716284668
-9.86488533333 375.699111946
-9.85988266667 375.682210582
-9.85488 375.665601063
-9.84987733333 375.649510823
-9.84487466667 375.634355275
-9.839872 375.620478502
-9.83486933333 375.607954582
-9.82986666667 375.596437156
-9.824864 375.585196214
-9.81986133333 375.573416311
-9.81485866667 375.560346221
-9.809856 375.545280404
-9.80485333333 375.527681336
-9.79985066667 375.507243548
-9.794848 375.483908204
-9.78984533333 375.457877105
-9.78484266667 375.429453596
-9.77984 375.398921833
-9.77483733333 375.366587571
-9.76983466667 375.332643718
-9.764832 375.29673296
-9.75982933333 375.257505422
-9.75482666667 375.212594478
-9.749824 375.159281426
-9.74482133333 375.095592841
-9.73981866667 375.021248445
-9.734816 374.937841742
-9.72981333333 374.848199912
-9.72481066667 374.755395773
-9.719808 374.661930885
-9.71480533333 374.569540578
-9.70980266667 374.479400731
-9.7048 374.392446506
-9.69979733333 374.309719478
-9.69479466667 374.232562958
-9.689792 374.162602114
-9.68478933333 374.101501663
-9.67978666667 374.050590627
-9.674784 374.010592652
-9.66978133333 373.981578458
-9.66477866667 373.963112403
-9.659776 373.954564694
-9.65477333333 373.955422455
-9.64977066667 373.965400236
-9.644768 373.984344301
-9.63976533333 374.011940713
-9.63476266667 374.047478934
-9.62976 374.089995888
-9.62475733333 374.138579234
-9.61975466667 374.192504187
-9.614752 374.25120518
-9.60974933333 374.314225167
-9.60474666667 374.381146689
-9.599744 374.451477085
-9.59474133333 374.524527989
-9.58973866667 374.599151602
-9.584736 374.673491878
-9.57973333333 374.7451397
-9.57473066667 374.811674538
-9.569728 374.871214953
-9.56472533333 374.922816246
-9.55972266667 374.966622232
-9.55472 375.003481475
-9.54971733333 375.034294817
-9.54471466667 375.059879893
-9.539712 375.081364059
-9.53470933333 375.100406828
-9.52970666667 375.118951546
-9.524704 375.138765042
-9.51970133333 375.161060395
-9.51469866667 375.186296499
-9.509696 375.214262108
-9.50469333333 375.244297548
-9.49969066667 375.275556891
-9.494688 375.307291398
-9.48968533333 375.33896622
-9.48468266667 375.370249223
-9.47968 375.40092398
-9.47467733333 375.430700607
-9.46967466667 375.459068605
-9.464672 375.48546051
-9.45966933333 375.509551288
-9.45466666667 375.531369931
-9.449664 375.551157548
-9.44466133333 375.569133712
-9.43965866667 375.585399961
-9.434656 375.600070773
-9.42965333333 375.613392794
-9.42465066667 375.625748005
-9.419648 375.637626833
-9.41464533333 375.649578984
-9.40964266667 375.662092135
-9.40464 375.675580956
-9.39963733333 375.690375392
-9.39463466667 375.706683326
-9.389632 375.724585909
-9.38462933333 375.743989595
-9.37962666667 375.764691411
-9.374624 375.786538782
-9.36962133333 375.809447348
-9.36461866667 375.833327683
-9.359616 375.858130854
-9.35461333333 375.884048354
-9.34961066667 375.911555097
-9.344608 375.941225369
-9.33960533333 375.973480224
-9.33460266667 376.008409128
-9.3296 376.045663852
-9.32459733333 376.084508633
-9.31959466667 376.123840316
-9.314592 376.162157509
-9.30958933333 376.197663543
-9.30458666667 376.22866339
-9.299584 376.254017019
-9.29458133333 376.273338014
-9.28957866667 376.286998357
-9.284576 376.295931482
-9.27957333333 376.301293013
-9.27457066667 376.304205624
-9.269568 376.305611216
-9.26456533333 376.306235214
-9.25956266667 376.306666374
-9.25456 376.307443032
-9.24955733333 376.30911094
-9.24455466667 376.312252729
-9.239552 376.317439199
-9.23454933333 376.325175461
-9.22954666667 376.335869669
-9.224544 376.349726939
-9.21954133333 376.366685806
-9.21453866667 376.386500963
-9.209536 376.40882721
-9.20453333333 376.433295361
-9.19953066667 376.459624146
-9.194528 376.487786377
-9.18952533333 376.517974568
-9.18452266667 376.550382852
-9.17952 376.584979965
-9.17451733333 376.621466786
-9.16951466667 376.659414951
-9.164512 376.698442135
-9.15950933333 376.738284472
-9.15450666667 376.778724465
-9.149504 376.819559247
-9.14450133333 376.860612059
-9.13949866667 376.901737124
-9.134496 376.942720213
-9.12949333333 376.983066711
-9.12449066667 377.022006624
-9.119488 377.058635705
-9.11448533333 377.092017312
-9.10948266667 377.121311446
-9.10448 377.145916158
-9.09947733333 377.165533411
-9.09447466667 377.180157514
-9.089472 377.190053174
-9.08446933333 377.195763343
-9.07946666667 377.198074092
-9.074464 377.197869104
-9.06946133333 377.195890784
-9.06445866667 377.192509997
-9.059456 377.187718112
-9.05445333333 377.181375873
-9.04945066667 377.173460868
-9.044448 377.164172488
-9.03944533333 377.153690684
-9.03444266667 377.141918008
-9.02944 377.128518838
-9.02443733333 377.113119105
-9.01943466667 377.095447994
-9.014432 377.075444295
-9.00942933333 377.053260791
-9.00442666667 377.029150318
-8.999424 377.003287465
-8.99442133333 376.975718055
-8.98941866667 376.946586698
-8.984416 376.916305801
-8.97941333333 376.885403246
-8.97441066667 376.854236279
-8.969408 376.822867915
-8.96440533333 376.791198695
-8.95940266667 376.759013725
-8.9544 376.726044366
-8.94939733333 376.692166834
-8.94439466667 376.657408146
-8.939392 376.621785241
-8.93438933333 376.585329709
-8.92938666667 376.548082193
-8.924384 376.509847798
-8.91938133333 376.470058407
-8.91437866667 376.428064578
-8.909376 376.383534824
-8.90437333333 376.336642427
-8.89937066667 376.288058062
-8.894368 376.238825314
-8.88936533333 376.190009094
-8.88436266667 376.142405405
-8.87936 376.096574541
-8.87435733333 376.053085586
-8.86935466667 376.01265503
-8.864352 375.976086864
-8.85934933333 375.944133975
-8.85434666667 375.917414136
-8.849344 375.8963437
-8.84434133333 375.881122071
-8.83933866667 375.871684647
-8.834336 375.86767048
-8.82933333333 375.868482946
-8.82433066667 375.873412944
-8.819328 375.881791853
-8.81432533333 375.893224122
-8.80932266667 375.907746496
-8.80432 375.925581938
-8.79931733333 375.946770979
-8.79431466667 375.97114222
-8.789312 375.998429293
-8.78430933333 376.028332266
-8.77930666667 376.0605511
-8.774304 376.094780238
-8.76930133333 376.130671335
-8.76429866667 376.167898383
-8.759296 376.206327942
-8.75429333333 376.245987984
-8.74929066667 376.286792126
-8.744288 376.328478698
-8.73928533333 376.370846473
-8.73428266667 376.413944254
-8.72928 376.457993658
-8.72427733333 376.503142806
-8.71927466667 376.549380158
-8.714272 376.596698115
-8.70926933333 376.645200876
-8.70426666667 376.695099426
-8.699264 376.746699452
-8.69426133333 376.80022771
-8.68925866667 376.855533987
-8.684256 376.912076078
-8.67925333333 376.969189772
-8.67425066667 377.026200025
-8.669248 377.082416281
-8.66424533333 377.137306269
-8.65924266667 377.190612647
-8.65424 377.242302599
-8.64923733333 377.292446224
-8.64423466667 377.341136094
-8.639232 377.388477674
-8.63422933333 377.434625776
-8.62922666667 377.479709254
-8.624224 377.523762005
-8.61922133333 377.566823218
-8.61421866667 377.609031116
-8.609216 377.650607627
-8.60421333333 377.691816793
-8.59921066667 377.732879899
-8.594208 377.774000682
-8.58920533333 377.815501869
-8.58420266667 377.857851668
-8.5792 377.901611298
-8.57419733333 377.947463611
-8.56919466667 377.996349089
-8.564192 378.049515235
-8.55918933333 378.108263543
-8.55418666667 378.17358142
-8.549184 378.246071529
-8.54418133333 378.326189801
-8.53917866667 378.414389471
-8.534176 378.511096925
-8.52917333333 378.616533918
-8.52417066667 378.730501371
-8.519168 378.85234662
-8.51416533333 378.981097019
-8.50916266667 379.115564053
-8.50416 379.254411885
-8.49915733333 379.396334949
-8.49415466667 379.540194479
-8.489152 379.684997282
-8.48414933333 379.8298639
-8.47914666667 379.973977474
-8.474144 380.116382954
-8.46914133333 380.25591184
-8.46413866667 380.391238657
-8.459136 380.52102273
-8.45413333333 380.64411621
-8.44913066667 380.759613893
-8.444128 380.866757954
-8.43912533333 380.964816352
-8.43412266667 381.053050452
-8.42912 381.130872825
-8.42411733333 381.198047435
-8.41911466667 381.254681739
-8.414112 381.300764132
-8.40910933333 381.335843992
-8.40410666667 381.359397362
-8.399104 381.371435096
-8.39410133333 381.372613278
-8.38909866667 381.363965062
-8.384096 381.346747335
-8.37909333333 381.322367429
-8.37409066667 381.292104942
-8.369088 381.256980177
-8.36408533333 381.217903002
-8.35908266667 381.175958491
-8.35408 381.132631938
-8.34907733333 381.089722871
-8.34407466667 381.049000037
-8.339072 381.011971283
-8.33406933333 380.979972091
-8.32906666667 380.954381859
-8.324064 380.936382928
-8.31906133333 380.926189389
-8.31405866667 380.92262454
-8.309056 380.92386761
-8.30405333333 380.928517849
-8.29905066667 380.935692954
-8.294048 380.944380706
-8.28904533333 380.953453691
-8.28404266667 380.962223561
-8.27904 380.970577211
-8.27403733333 380.978564562
-8.26903466667 380.986047442
-8.264032 380.992737784
-8.25902933333 380.998448976
-8.25402666667 381.003334442
-8.249024 381.007823368
-8.24402133333 381.012457794
-8.23901866667 381.017888886
-8.234016 381.024789746
-8.22901333333 381.033628349
-8.22401066667 381.044580484
-8.219008 381.057555167
-8.21400533333 381.072253717
-8.20900266667 381.08816474
-8.204 381.104595524
-8.19899733333 381.12100979
-8.19399466667 381.137293207
-8.188992 381.153547632
-8.18398933333 381.169695349
-8.17898666667 381.18544767
-8.173984 381.200655584
-8.16898133333 381.215438736
-8.16397866667 381.230028769
-8.158976 381.244569585
-8.15397333333 381.259026089
-8.14897066667 381.273244395
-8.143968 381.287050274
-8.13896533333 381.300245282
-8.13396266667 381.312539908
-8.12896 381.323643996
-8.12395733333 381.333445967
-8.11895466667 381.341947817
-8.113952 381.349079421
-8.10894933333 381.354692271
-8.10394666667 381.358621069
-8.098944 381.360711667
-8.09394133333 381.360898409
-8.08893866667 381.359358186
-8.083936 381.356232543
-8.07893333333 381.35101893
-8.07393066667 381.342643389
-8.068928 381.33003232
-8.06392533333 381.31244715
-8.05892266667 381.289437627
-8.05392 381.260886028
-8.04891733333 381.227382427
-8.04391466667 381.190204539
-8.038912 381.150706879
-8.03390933333 381.109695854
-8.02890666667 381.067324067
-8.023904 381.023420404
-8.01890133333 380.977799411
-8.01389866667 380.930293544
-8.008896 380.880572225
-8.00389333333 380.827916319
-7.99889066667 380.771061053
-7.993888 380.708178868
-7.98888533333 380.637143839
-7.98388266667 380.556209088
-7.97888 380.464712548
-7.97387733333 380.363226387
-7.96887466667 380.253136093
-7.963872 380.136131259
-7.95886933333 380.014108145
-7.95386666667 379.88935841
-7.948864 379.764527087
-7.94386133333 379.642068962
-7.93885866667 379.523693995
-7.933856 379.410131525
-7.92885333333 379.301193746
-7.92385066667 379.195959864
-7.918848 379.093050959
-7.91384533333 378.991133735
-7.90884266667 378.889326566
-7.90384 378.787340636
-7.89883733333 378.685527804
-7.89383466667 378.584842412
-7.888832 378.486781515
-7.88382933333 378.393251616
-7.87882666667 378.306179508
-7.873824 378.227036244
-7.86882133333 378.156439766
-7.86381866667 378.094034058
-7.858816 378.0387232
-7.85381333333 377.989076148
-7.84881066667 377.943748503
-7.843808 377.90179611
-7.83880533333 377.862720277
-7.83380266667 377.826230341
-7.8288 377.792108636
-7.82379733333 377.760084672
-7.81879466667 377.729740669
-7.813792 377.700733885
-7.80878933333 377.673016482
-7.80378666667 377.646823983
-7.798784 377.622523431
-7.79378133333 377.60028053
-7.78877866667 377.579865565
-7.783776 377.560945713
-7.77877333333 377.543362801
-7.77377066667 377.526986396
-7.768768 377.511493178
-7.76376533333 377.496384869
-7.75876266667 377.481121849
-7.75376 377.465192158
-7.74875733333 377.447996967
-7.74375466667 377.428908433
-7.738752 377.407441641
-7.73374933333 377.383282311
-7.72874666667 377.356277122
-7.723744 377.326499866
-7.71874133333 377.294194079
-7.71373866667 377.259601853
-7.708736 377.222929424
-7.70373333333 377.184389124
-7.69873066667 377.144233379
-7.693728 377.102829616
-7.68872533333 377.060640666
-7.68372266667 377.01818586
-7.67872 376.975911633
-7.67371733333 376.934203033
-7.66871466667 376.893485718
-7.663712 376.854080315
-7.65870933333 376.816178171
-7.65370666667 376.780063983
-7.648704 376.746194217
-7.64370133333 376.715124347
-7.63869866667 376.687423117
-7.633696 376.663453532
-7.62869333333 376.643183562
-7.62369066667 376.626336439
-7.618688 376.612764958
-7.61368533333 376.602547378
-7.60868266667 376.595684396
-7.60368 376.591816194
-7.59867733333 376.590236936
-7.59367466667 376.590086601
-7.588672 376.590499361
-7.58366933333 376.590899834
-7.57866666667 376.591319783
-7.573664 376.592214916
-7.56866133333 376.593929056
-7.56365866667 376.596416453
-7.558656 376.599311771
-7.55365333333 376.602136626
-7.54865066667 376.604447321
-7.543648 376.605830024
-7.53864533333 376.605828079
-7.53364266667 376.604011778
-7.52864 376.60010891
-7.52363733333 376.594139346
-7.51863466667 376.586371121
-7.513632 376.57713165
-7.50862933333 376.566706931
-7.50362666667 376.555320168
-7.498624 376.543219294
-7.49362133333 376.530713085
-7.48861866667 376.517980752
-7.483616 376.505093482
-7.47861333333 376.492220335
-7.47361066667 376.479510166
-7.468608 376.466814271
-7.46360533333 376.453680665
-7.45860266667 376.43957715
-7.4536 376.424142992
-7.44859733333 376.407361522
-7.44359466667 376.389417063
-7.438592 376.370470835
-7.43358933333 376.350698616
-7.42858666667 376.33043238
-7.423584 376.310145237
-7.41858133333 376.290306122
-7.41357866667 376.27114699
-7.408576 376.252524054
-7.40357333333 376.234193857
-7.39857066667 376.216029268
-7.393568 376.197880561
-7.38856533333 376.179576976
-7.38356266667 376.161075756
-7.37856 376.142458307
-7.37355733333 376.123997616
-7.36855466667 376.106232888
-7.363552 376.089759272
-7.35854933333 376.074956587
-7.35354666667 376.061846068
-7.348544 376.050148803
-7.34354133333 376.039422703
-7.33853866667 376.029225377
-7.333536 376.019174123
-7.32853333333 376.008838803
-7.32353066667 375.997756395
-7.318528 375.985592835
-7.31352533333 375.972320477
-7.30852266667 375.95828332
-7.30352 375.944093677
-7.29851733333 375.930349645
-7.29351466667 375.917358896
-7.288512 375.905022462
-7.28350933333 375.892882516
-7.27850666667 375.880473986
-7.273504 375.867753012
-7.26850133333 375.855191747
-7.26349866667 375.843391803
-7.258496 375.832425009
-7.25349333333 375.82156852
-7.24849066667 375.809452142
-7.243488 375.794546777
-7.23848533333 375.775821038
-7.23348266667 375.752971084
-7.22848 375.726210618
-7.22347733333 375.696060274
-7.21847466667 375.663321235
-7.213472 375.628898569
-7.20846933333 375.59343886
-7.20346666667 375.55733183
-7.198464 375.521076564
-7.19346133333 375.485526083
-7.18845866667 375.45187832
-7.183456 375.421537692
-7.17845333333 375.395912433
-7.17345066667 375.376180045
-7.168448 375.363068411
-7.16344533333 375.356735136
-7.15844266667 375.356855183
-7.15344 375.362897803
-7.14843733333 375.37432127
-7.14343466667 375.390579739
-7.138432 375.411162561
-7.13342933333 375.435696387
-7.12842666667 375.463934116
-7.123424 375.495702265
-7.11842133333 375.530886803
-7.11341866667 375.56925184
-7.108416 375.610138958
-7.10341333333 375.652335328
-7.09841066667 375.694328056
-7.093408 375.734722539
-7.08840533333 375.772574312
-7.08340266667 375.807574193
-7.0784 375.839925231
-7.07339733333 375.869972565
-7.06839466667 375.897804451
-7.063392 375.923200921
-7.05838933333 375.945914253
-7.05338666667 375.965757845
-7.048384 375.982499777
-7.04338133333 375.995706291
-7.03837866667 376.004775641
-7.033376 376.009139975
-7.02837333333 376.008407679
-7.02337066667 376.002472961
-7.018368 375.991600732
-7.01336533333 375.976357062
-7.00836266667 375.957444231
-7.00336 375.935587302
-6.99835733333 375.911532639
-6.99335466667 375.886064475
-6.988352 375.859939471
-6.98334933333 375.833883382
-6.97834666667 375.808631945
-6.973344 375.784736267
-6.96834133333 375.762438625
-6.96333866667 375.74178475
-6.958336 375.722763698
-6.95333333333 375.705297258
-6.94833066667 375.689150137
-6.943328 375.673919233
-6.93832533333 375.659050333
-6.93332266667 375.643889894
-6.92832 375.627772123
-6.92331733333 375.610136381
-6.91831466667 375.590579899
-6.913312 375.568869959
-6.90830933333 375.544941179
-6.90330666667 375.518835566
-6.898304 375.490605399
-6.89330133333 375.460188124
-6.88829866667 375.427381157
-6.883296 375.391990375
-6.87829333333 375.353938857
-6.87329066667 375.313195828
-6.868288 375.269643266
-6.86328533333 375.223069527
-6.85828266667 375.173344671
-6.85328 375.120719522
-6.84827733333 375.065917703
-6.84327466667 375.009939686
-6.838272 374.953799605
-6.83326933333 374.898491636
-6.82826666667 374.845188291
-6.823264 374.795170626
-6.81826133333 374.749557303
-6.81325866667 374.708986713
-6.808256 374.673430763
-6.80325333333 374.642305027
-6.79825066667 374.614846475
-6.793248 374.590490941
-6.78824533333 374.569078757
-6.78324266667 374.550895565
-6.77824 374.536451741
-6.77323733333 374.526279838
-6.76823466667 374.520924496
-6.763232 374.520936765
-6.75822933333 374.526698881
-6.75322666667 374.538373876
-6.748224 374.555931912
-6.74322133333 374.57917176
-6.73821866667 374.60766833
-6.733216 374.640585479
-6.72821333333 374.676540236
-6.72321066667 374.713791003
-6.718208 374.750614804
-6.71320533333 374.785480125
-6.70820266667 374.817058177
-6.7032 374.844332836
-6.69819733333 374.866636596
-6.69319466667 374.883627095
-6.688192 374.895392326
-6.68318933333 374.902511998
-6.67818666667 374.905948878
-6.673184 374.906825794
-6.66818133333 374.906265573
-6.66317866667 374.905364672
-6.658176 374.905191988
-6.65317333333 374.90668793
-6.64817066667 374.910522395
-6.643168 374.917063659
-6.63816533333 374.926342562
-6.63316266667 374.938050847
-6.62816 374.951711993
-6.62315733333 374.966998463
-6.61815466667 374.983846492
-6.613152 375.002388388
-6.60814933333 375.022848516
-6.60314666667 375.045401077
-6.598144 375.070085305
-6.59314133333 375.09676841
-6.58813866667 375.12523421
-6.583136 375.15537824
-6.57813333333 375.187317198
-6.57313066667 375.2213486
-6.568128 375.257802847
-6.56312533333 375.296878332
-6.55812266667 375.338578273
-6.55312 375.382910824
-6.54811733333 375.43014116
-6.54311466667 375.480753432
-6.538112 375.535130619
-6.53310933333 375.593390908
-6.52810666667 375.655542934
-6.523104 375.721561194
-6.51810133333 375.791280841
-6.51309866667 375.864384862
-6.508096 375.940496249
-6.50309333333 376.019237597
-6.49809066667 376.100174032
-6.493088 376.1827282
-6.48808533333 376.266178137
-6.48308266667 376.349719949
-6.47808 376.43246255
-6.47307733333 376.513459629
-6.46807466667 376.591830583
-6.463072 376.666820184
-6.45806933333 376.737877651
-6.45306666667 376.80469728
-6.448064 376.867159127
-6.44306133333 376.925328779
-6.43805866667 376.979438718
-6.433056 377.029800788
-6.42805333333 377.076695031
-6.42305066667 377.12030153
-6.418048 377.160720643
-6.41304533333 377.19803336
-6.40804266667 377.232326276
-6.40304 377.263716965
-6.39803733333 377.29242382
-6.39303466667 377.318729466
-6.388032 377.342904529
-6.38302933333 377.365193761
-6.37802666667 377.38580435
-6.373024 377.40485083
-6.36802133333 377.422310584
-6.36301866667 377.438045068
-6.358016 377.451850934
-6.35301333333 377.463462744
-6.34801066667 377.472588414
-6.343008 377.479048576
-6.33800533333 377.482865281
-6.33300266667 377.484213439
-6.328 377.483360879
-6.32299733333 377.480628448
-6.31799466667 377.476345757
-6.312992 377.470831002
-6.30798933333 377.464505039
-6.30298666667 377.457903897
-6.297984 377.451519092
-6.29298133333 377.445751309
-6.28797866667 377.440938206
-6.282976 377.437357385
-6.27797333333 377.435214637
-6.27297066667 377.434598782
-6.267968 377.435383653
-6.26296533333 377.43723244
-6.25796266667 377.439730428
-6.25296 377.44248046
-6.24795733333 377.445152316
-6.24295466667 377.44760451
-6.237952 377.449923498
-6.23294933333 377.452311702
-6.22794666667 377.455037327
-6.222944 377.458351187
-6.21794133333 377.462338464
-6.21293866667 377.466828494
-6.207936 377.471560552
-6.20293333333 377.476425547
-6.19793066667 377.481563344
-6.192928 377.487275886
-6.18792533333 377.493843043
-6.18292266667 377.501370992
-6.17792 377.509755446
-6.17291733333 377.518848898
-6.16791466667 377.528631825
-6.162912 377.539334868
-6.15790933333 377.55140853
-6.15290666667 377.565387482
-6.147904 377.581936237
-6.14290133333 377.601912997
-6.13789866667 377.626321314
-6.132896 377.656151429
-6.12789333333 377.692278954
-6.12289066667 377.735557147
-6.117888 377.786978417
-6.11288533333 377.847832005
-6.10788266667 377.919629152
-6.10288 378.003732994
-6.09787733333 378.10095819
-6.09287466667 378.211463697
-6.087872 378.334828382
-6.08286933333 378.47015477
-6.07786666667 378.616218431
-6.072864 378.771529519
-6.06786133333 378.934340682
-6.06285866667 379.102761591
-6.057856 379.275054554
-6.05285333333 379.449815244
-6.04785066667 379.625850942
-6.042848 379.801983643
-6.03784533333 379.976969117
-6.03284266667 380.149521185
-6.02784 380.31823743
-6.02283733333 380.481547911
-6.01783466667 380.637730546
-6.012832 380.78494019
-6.00782933333 380.921478911
-6.00282666667 381.046100873
-5.997824 381.158033043
-5.99282133333 381.256894856
-5.98781866667 381.342681451
-5.982816 381.415674342
-5.97781333333 381.47634008
-5.97281066667 381.525363143
-5.967808 381.56356096
-5.96280533333 381.591513033
-5.95780266667 381.609353594
-5.9528 381.617157827
-5.94779733333 381.615537859
-5.94279466667 381.605861811
-5.937792 381.5899801
-5.93278933333 381.569824129
-5.92778666667 381.547346666
-5.922784 381.524659449
-5.91778133333 381.503832843
-5.91277866667 381.486549071
-5.907776 381.474007215
-5.90277333333 381.466784277
-5.89777066667 381.464542917
-5.892768 381.466165681
-5.88776533333 381.470331843
-5.88276266667 381.476089827
-5.87776 381.483045055
-5.87275733333 381.491088733
-5.86775466667 381.499989898
-5.862752 381.50934027
-5.85774933333 381.518879458
-5.85274666667 381.528745892
-5.847744 381.539491449
-5.84274133333 381.551980102
-5.83773866667 381.567179097
-5.832736 381.585729371
-5.82773333333 381.607524811
-5.82273066667 381.631621027
-5.817728 381.656675007
-5.81272533333 381.681641335
-5.80772266667 381.70555959
-5.80272 381.727252302
-5.79771733333 381.745748205
-5.79271466667 381.760664423
-5.787712 381.772145935
-5.78270933333 381.780633414
-5.77770666667 381.786627367
-5.772704 381.790591538
-5.76770133333 381.792954307
-5.203744 374.712935702
-5.19874133333 374.755465242
-5.19373866667 374.80580512
-5.188736 374.863628277
-5.18373333333 374.928398605
-5.17873066667 374.999060453
-5.173728 375.07413507
-5.16872533333 375.151888264
-5.16372266667 375.230498605
-5.15872 375.308304382
-5.15371733333 375.383913643
-5.14871466667 375.456225058
-5.143712 375.524410956
-5.13870933333 375.587950724
-5.13370666667 375.646707996
-5.128704 375.700849356
-5.12370133333 375.750510366
-5.11869866667 375.795652278
-5.113696 375.83619834
-5.10869333333 375.872106525
-5.10369066667 375.903165789
-5.098688 375.928743891
-5.09368533333 375.947720315
-5.08868266667 375.958735026
-5.08368 375.960728982
-5.07867733333 375.953289935
-5.07367466667 375.93677969
-5.068672 375.912392544
-5.06366933333 375.882185123
-5.05866666667 375.848759029
-5.053664 375.814561092
-5.04866133333 375.781309729
-5.04365866667 375.749928962
-5.038656 375.720834714
-5.03365333333 375.694131346
-5.02865066667 375.669765756
-5.023648 375.647616872
-5.01864533333 375.627586078
-5.01364266667 375.60976108
-5.00864 375.594458668
-5.00363733333 375.582107939
-4.99863466667 375.573095125
-4.993632 375.567682548
-4.98862933333 375.565888116
-4.98362666667 375.567508745
-4.978624 375.572308737
-4.97362133333 375.580068473
-4.96861866667 375.590564526
-4.963616 375.603550873
-4.95861333333 375.618658154
-4.95361066667 375.635343697
-4.948608 375.652945028
-4.94360533333 375.670827207
-4.93860266667 375.688548294
-4.9336 375.70588697
-4.92859733333 375.722774477
-4.92359466667 375.739313984
-4.918592 375.75579121
-4.91358933333 375.77244833
-4.90858666667 375.789375169
-4.903584 375.806729195
-4.89858133333 375.824816067
-4.89357866667 375.843797744
-4.888576 375.863499439
-4.88357333333 375.883547817
-4.87857066667 375.903551451
-4.873568 375.923041634
-4.86856533333 375.941552989
-4.86356266667 375.958744376
-4.85856 375.974239605
-4.85355733333 375.987546995
-4.84855466667 375.998203254
-4.843552 376.005977655
-4.83854933333 376.010896338
-4.83354666667 376.013079172
-4.828544 376.012536909
-4.82354133333 376.009065839
-4.81853866667 376.002314518
-4.813536 375.992014825
-4.80853333333 375.978034514
-4.80353066667 375.960345733
-4.798528 375.939106268
-4.79352533333 375.914691238
-4.78852266667 375.887555155
-4.78352 375.858123362
-4.77851733333 375.826803168
-4.77351466667 375.793933672
-4.768512 375.75975446
-4.76350933333 375.72434621
-4.75850666667 375.687527785
-4.753504 375.649010437
-4.74850133333 375.608748133
-4.74349866667 375.567089159
-4.738496 375.524658341
-4.73349333333 375.482129552
-4.72849066667 375.44009034
-4.723488 375.398965879
-4.71848533333 375.358966763
-4.71348266667 375.320275939
-4.70848 375.283324447
-4.70347733333 375.248804189
-4.69847466667 375.217470615
-4.693472 375.190087339
-4.68846933333 375.16736062
-4.68346666667 375.1499108
-4.678464 375.1382327
-4.67346133333 375.132621341
-4.66845866667 375.133153839
-4.663456 375.139611067
-4.65845333333 375.151243437
-4.65345066667 375.166676954
-4.648448 375.184280109
-4.64344533333 375.202481788
-4.63844266667 375.219751528
-4.63344 375.234609019
-4.62843733333 375.245771913
-4.62343466667 375.252245115
-4.618432 375.253289003
-4.61342933333 375.248438665
-4.60842666667 375.237536935
-4.603424 375.220848372
-4.59842133333 375.198995348
-4.59341866667 375.172678109
-4.588416 375.142493531
-4.58341333333 375.109011386
-4.57841066667 375.073002138
-4.573408 375.03559112
-4.56840533333 374.998046778
-4.56340266667 374.96153875
-4.5584 374.927188616
-4.55339733333 374.896001313
-4.54839466667 374.868705295
-4.543392 374.845821541
-4.53838933333 374.827738629
-4.53338666667 374.814663386
-4.528384 374.806578297
-4.52338133333 374.803257208
-4.51837866667 374.804407361
-4.513376 374.809776105
-4.50837333333 374.819150683
-4.50337066667 374.832324294
-4.498368 374.849055391
-4.49336533333 374.869017222
-4.48836266667 374.891774084
-4.48336 374.916831907
-4.47835733333 374.943603501
-4.47335466667 374.971277428
-4.468352 374.998914954
-4.46334933333 375.025808141
-4.45834666667 375.051642153
-4.453344 375.076346763
-4.44834133333 375.100006754
-4.44333866667 375.122950191
-4.438336 375.145689548
-4.43333333333 375.168778593
-4.42833066667 375.192724498
-4.423328 375.217818164
-4.41832533333 375.244076709
-4.41332266667 375.271354135
-4.40832 375.299421196
-4.40331733333 375.327936411
-4.39831466667 375.35634599
-4.393312 375.383970369
-4.38830933333 375.410339715
-4.38330666667 375.43544554
-4.378304 375.459611836
-4.37330133333 375.483173566
-4.36829866667 375.506213815
-4.363296 375.528425336
-4.35829333333 375.549255497
-4.35329066667 375.568248876
-4.348288 375.585278275
-4.34328533333 375.600448378
-4.33828266667 375.613917731
-4.33328 375.625916909
-4.32827733333 375.636799473
-4.32327466667 375.64697652
-4.318272 375.656866172
-4.31326933333 375.666846002
-4.30826666667 375.677122757
-4.303264 375.687755892
-4.29826133333 375.698885992
-4.29325866667 375.710887297
-4.288256 375.724303698
-4.28325333333 375.739765455
-4.27825066667 375.757906457
-4.273248 375.77930084
-4.26824533333 375.804399587
-4.26324266667 375.833440811
-4.25824 375.866391985
-4.25323733333 375.903025206
-4.24823466667 375.943102199
-4.243232 375.986330969
-4.23822933333 376.032150068
-4.23322666667 376.079712052
-4.228224 376.128043585
-4.22322133333 376.176236455
-4.21821866667 376.223589343
-4.213216 376.26960867
-4.20821333333 376.313903677
-4.20321066667 376.356130749
-4.198208 376.395991414
-4.19320533333 376.433304851
-4.18820266667 376.468095863
-4.1832 376.500481956
-4.17819733333 376.530426942
-4.17319466667 376.557715582
-4.168192 376.582119377
-4.16318933333 376.603352104
-4.15818666667 376.620857509
-4.153184 376.633747225
-4.14818133333 376.64109272
-4.14317866667 376.642331319
-4.138176 376.637416269
-4.13317333333 376.62679412
-4.12817066667 376.611290564
-4.123168 376.591951255
-4.11816533333 376.569840226
-4.11316266667 376.545831818
-4.10816 376.520545912
-4.10315733333 376.494548479
-4.09815466667 376.468608956
-4.093152 376.44373402
-4.08814933333 376.420942948
-4.08314666667 376.400985824
-4.078144 376.384180805
-4.07314133333 376.370354197
-4.06813866667 376.358843941
-4.063136 376.348527178
-4.05813333333 376.33793428
-4.05313066667 376.325575575
-4.048128 376.310413516
-4.04312533333 376.292039309
-4.03812266667 376.27049462
-4.03312 376.245989811
-4.02811733333 376.21870652
-4.02311466667 376.188824388
-4.018112 376.156576245
-4.01310933333 376.122291747
-4.00810666667 376.086370544
-4.003104 376.049216564
-3.99810133333 376.01121881
-3.99309866667 375.972803932
-3.988096 375.934506986
-3.98309333333 375.896810628
-3.97809066667 375.859904482
-3.973088 375.823683416
-3.96808533333 375.787983409
-3.96308266667 375.752695319
-3.95808 375.717721031
-3.95307733333 375.683059274
-3.94807466667 375.648938564
-3.943072 375.615813027
-3.93806933333 375.584207281
-3.93306666667 375.554551053
-3.928064 375.52718051
-3.92306133333 375.502348472
-3.91805866667 375.480098906
-3.913056 375.460244968
-3.90805333333 375.442410136
-3.90305066667 375.426081259
-3.898048 375.410867488
-3.89304533333 375.396817864
-3.88804266667 375.384512067
-3.88304 375.374906217
-3.87803733333 375.369152736
-3.87303466667 375.368302847
-3.868032 375.373033552
-3.86302933333 375.383633451
-3.85802666667 375.400049174
-3.853024 375.421830319
-3.84802133333 375.448120305
-3.84301866667 375.477721938
-3.838016 375.509282221
-3.83301333333 375.541540547
-3.82801066667 375.573594782
-3.823008 375.604972691
-3.81800533333 375.635441846
-3.81300266667 375.664850625
-3.808 375.693068971
-3.80299733333 375.719988178
-3.79799466667 375.745583521
-3.792992 375.769884883
-3.78798933333 375.792874898
-3.78298666667 375.814473957
-3.777984 375.834645185
-3.77298133333 375.853488742
-3.76797866667 375.871244071
-3.762976 375.88827441
-3.75797333333 375.905126255
-3.75297066667 375.922443327
-3.747968 375.940698592
-3.74296533333 375.960024901
-3.73796266667 375.980315833
-3.73296 376.001471711
-3.72795733333 376.023481265
-3.72295466667 376.046246914
-3.717952 376.069407719
-3.71294933333 376.092321019
-3.70794666667 376.114311985
-3.702944 376.134971273
-3.69794133333 376.154297553
-3.69293866667 376.172635381
-3.687936 376.190488841
-3.68293333333 376.208338878
-3.67793066667 376.226351573
-3.672928 376.244242279
-3.66792533333 376.261600826
-3.66292266667 376.278314152
-3.65792 376.294723434
-3.65291733333 376.311506542
-3.64791466667 376.329409825
-3.642912 376.348978514
-3.63790933333 376.370437007
-3.63290666667 376.393883531
-3.627904 376.419510233
-3.62290133333 376.447571499
-3.61789866667 376.478362546
-3.612896 376.512328494
-3.60789333333 376.550064198
-3.60289066667 376.59203282
-3.597888 376.638329199
-3.59288533333 376.688660888
-3.58788266667 376.742481552
-3.58288 376.799074201
-3.57787733333 376.857647502
-3.57287466667 376.917545164
-3.567872 376.978336886
-3.56286933333 377.0397321
-3.55786666667 377.10148791
-3.552864 377.163334698
-3.54786133333 377.224923824
-3.54285866667 377.285798877
-3.537856 377.345427047
-3.53285333333 377.403322655
-3.52785066667 377.459126619
-3.522848 377.512445832
-3.51784533333 377.562766943
-3.51284266667 377.609629545
-3.50784 377.652917933
-3.50283733333 377.692802474
-3.49783466667 377.729385799
-3.492832 377.762604946
-3.48782933333 377.792461261
-3.48282666667 377.819152852
-3.477824 377.843080975
-3.47282133333 377.864833544
-3.46781866667 377.885001126
-3.462816 377.903970528
-3.45781333333 377.921822571
-3.45281066667 377.938335998
-3.447808 377.953218478
-3.44280533333 377.96628192
-3.43780266667 377.977428853
-3.4328 377.986615907
-3.42779733333 377.993855448
-3.42279466667 377.999162971
-3.417792 378.002616934
-3.41278933333 378.004406711
-3.40778666667 378.0046874
-3.402784 378.003520026
-3.39778133333 378.00101266
-3.39277866667 377.997331311
-3.387776 377.992591858
-3.38277333333 377.986857302
-3.37777066667 377.980158465
-3.372768 377.972443127
-3.36776533333 377.963624938
-3.36276266667 377.953759234
-3.35776 377.943150213
-3.35275733333 377.932070496
-3.34775466667 377.920555942
-3.342752 377.908625209
-3.33774933333 377.896464591
-3.33274666667 377.884354432
-3.327744 377.872605459
-3.32274133333 377.861581785
-3.31773866667 377.851653826
-3.312736 377.843105044
-3.30773333333 377.835996999
-3.30273066667 377.830056245
-3.297728 377.824736678
-3.29272533333 377.819331439
-3.28772266667 377.813138619
-3.28272 377.805709048
-3.27771733333 377.796985161
-3.27271466667 377.787250573
-3.267712 377.776998786
-3.26270933333 377.766629875
-3.25770666667 377.756216383
-3.252704 377.745647489
-3.24770133333 377.734904475
-3.24269866667 377.724065353
-3.237696 377.713191055
-3.23269333333 377.702321417
-3.22769066667 377.691555559
-3.222688 377.681022743
-3.21768533333 377.670758551
-3.21268266667 377.660555076
-3.20768 377.650021032
-3.20267733333 377.638879648
-3.19767466667 377.62714403
-3.192672 377.615031836
-3.18766933333 377.602847956
-3.18266666667 377.590949678
-3.177664 377.579768899
-3.17266133333 377.569784153
-3.16765866667 377.56143208
-3.162656 377.555050778
-3.15765333333 377.550764853
-3.15265066667 377.548350361
-3.147648 377.547284421
-3.14264533333 377.546886908
-3.13764266667 377.54657687
-3.13264 377.545995851
-3.12763733333 377.544881908
-3.12263466667 377.54301326
-3.117632 377.54018573
-3.11262933333 377.536211072
-3.10762666667 377.530945188
-3.102624 377.524360384
-3.09762133333 377.516585587
-3.09261866667 377.507843992
-3.087616 377.49836841
-3.08261333333 377.488433407
-3.07761066667 377.478356809
-3.072608 377.468459315
-3.06760533333 377.459011999
-3.06260266667 377.450130384
-3.0576 377.441729606
-3.05259733333 377.433607166
-3.04759466667 377.425566603
-3.042592 377.417453395
-3.03758933333 377.409139134
-3.03258666667 377.400537938
-3.027584 377.391673582
-3.02258133333 377.382731759
-3.01757866667 377.374024996
-3.012576 377.365798986
-3.00757333333 377.35799298
-3.00257066667 377.350279439
-2.997568 377.342267019
-2.99256533333 377.333736029
-2.98756266667 377.324776761
-2.98256 377.31571441
-2.97755733333 377.306927379
-2.97255466667 377.298568853
-2.967552 377.290515044
-2.96254933333 377.282648999
-2.95754666667 377.274981805
-2.952544 377.267551713
-2.94754133333 377.260347685
-2.94253866667 377.253355741
-2.937536 377.246580844
-2.93253333333 377.240028833
-2.92753066667 377.233732351
-2.922528 377.227849074
-2.91752533333 377.222619935
-2.91252266667 377.218156251
-2.90752 377.214317704
-2.90251733333 377.210827985
-2.89751466667 377.207490543
-2.892512 377.204229298
-2.88750933333 377.201030127
-2.88250666667 377.197876862
-2.877504 377.194695412
-2.87250133333 377.191333921
-2.86749866667 377.187581352
-2.862496 377.183321712
-2.85749333333 377.178629622
-2.85249066667 377.17371113
-2.847488 377.168817937
-2.84248533333 377.164097713
-2.83748266667 377.159572726
-2.83248 377.155139725
-2.82747733333 377.150501845
-2.82247466667 377.145292423
-2.817472 377.139340767
-2.81246933333 377.132650896
-2.80746666667 377.125216542
-2.802464 377.116932102
-2.79746133333 377.107728836
-2.79245866667 377.097751747
-2.787456 377.087297341
-2.78245333333 377.076745499
-2.77745066667 377.066521875
-2.772448 377.056848531
-2.76744533333 377.047562196
-2.76244266667 377.038300889
-2.75744 377.028756262
-2.75243733333 377.018721307
-2.74743466667 377.008012685
-2.742432 376.996497693
-2.73742933333 376.984158696
-2.73242666667 376.971012788
-2.727424 376.957050356
-2.72242133333 376.942358755
-2.71741866667 376.927172789
-2.712416 376.911788448
-2.70741333333 376.896381023
-2.70241066667 376.881003156
-2.697408 376.86575986
-2.69240533333 376.850852702
-2.68740266667 376.83648209
-2.6824 376.82266176
-2.67739733333 376.80913838
-2.67239466667 376.795635564
-2.667392 376.782146417
-2.66238933333 376.76891045
-2.65738666667 376.756151262
-2.652384 376.743964358
-2.64738133333 376.732453436
-2.64237866667 376.721803417
-2.637376 376.712101009
-2.63237333333 376.703224846
-2.62737066667 376.694939375
-2.622368 376.687025998
-2.61736533333 376.679396958
-2.61236266667 376.672123213
-2.60736 376.665321712
-2.60235733333 376.659067438
-2.59735466667 376.653351514
-2.592352 376.648078213
-2.58734933333 376.643120084
-2.58234666667 376.638383565
-2.577344 376.63389552
-2.57234133333 376.629788092
-2.56733866667 376.626105844
-2.562336 376.622772958
-2.55733333333 376.619763566
-2.55233066667 376.61712904
-2.547328 376.614911224
-2.54232533333 376.613196803
-2.53732266667 376.612078585
-2.53232 376.611505425
-2.52731733333 376.611280027
-2.52231466667 376.611161172
-2.517312 376.610948058
-2.51230933333 376.610576211
-2.50730666667 376.610174775
-2.502304 376.61001337
-2.49730133333 376.610353975
-2.49229866667 376.611419006
-2.487296 376.613531507
-2.48229333333 376.617226268
-2.47729066667 376.623301806
-2.472288 376.632808496
-2.46728533333 376.646882489
-2.46228266667 376.666364142
-2.45728 376.691545918
-2.45227733333 376.72225633
-2.44727466667 376.758051919
-2.442272 376.798524311
-2.43726933333 376.843562071
-2.43226666667 376.893349602
-2.427264 376.948203469
-2.42226133333 377.008502458
-2.41725866667 377.074866259
-2.412256 377.148403875
-2.40725333333 377.230458567
-2.40225066667 377.322071688
-2.397248 377.423790537
-2.39224533333 377.535862905
-2.38724266667 377.658398843
-2.38224 377.791331335
-2.37723733333 377.934332347
-2.37223466667 378.086617744
-2.367232 378.246819545
-2.36222933333 378.413301496
-2.35722666667 378.584586091
-2.352224 378.759528868
-2.34722133333 378.937155844
-2.34221866667 379.116368951
-2.337216 379.295805889
-2.33221333333 379.473939037
-2.32721066667 379.649363587
-2.322208 379.820863217
-2.31720533333 379.987220522
-2.31220266667 380.147163069
-2.3072 380.299460167
-2.30219733333 380.442950361
-2.29719466667 380.576570379
-2.292192 380.699552829
-2.28718933333 380.81161917
-2.28218666667 380.91295085
-2.277184 381.003942797
-2.27218133333 381.084963714
-2.26717866667 381.156402529
-2.262176 381.218851493
-2.25717333333 381.273021128
-2.25217066667 381.319445561
-2.247168 381.358485978
-2.24216533333 381.390627506
-2.23716266667 381.416669198
-2.23216 381.437492903
-2.22715733333 381.453568059
-2.22215466667 381.464717124
-2.217152 381.470310338
-2.21214933333 381.469818125
-2.20714666667 381.463431817
-2.202144 381.452323169
-2.19714133333 381.438331638
-2.19213866667 381.423264519
-2.187136 381.408439073
-2.18213333333 381.394707721
-2.17713066667 381.38260691
-2.172128 381.372468321
-2.16712533333 381.364697265
-2.16212266667 381.360173556
-2.15712 381.360117969
-2.15211733333 381.365105032
-2.14711466667 381.374110125
-2.142112 381.384684268
-2.13710933333 381.394345848
-2.13210666667 381.401917524
-2.127104 381.407758041
-2.12210133333 381.413212142
-2.11709866667 381.419779772
-2.112096 381.428554938
-2.10709333333 381.439942006
-2.10209066667 381.453549947
-2.097088 381.468370387
-2.09208533333 381.483144087
-2.08708266667 381.496867894
-2.08208 381.50905334
-2.07707733333 381.519613071
-2.07207466667 381.528692227
-2.067072 381.536655832
-2.06206933333 381.544059834
-2.05706666667 381.551459999
-2.052064 381.559175956
-2.04706133333 381.567273019
-2.04205866667 381.575702844
-2.037056 381.584388776
-2.03205333333 381.593203665
-2.02705066667 381.602021119
-2.022048 381.610804271
-2.01704533333 381.619548628
-2.01204266667 381.628192149
-2.00704 381.636574317
-2.00203733333 381.644440303
-1.99703466667 381.651500353
-1.992032 381.657468248
-1.98702933333 381.662105673
-1.98202666667 381.665298167
-1.977024 381.667082551
-1.97202133333 381.667472339
-1.96701866667 381.666286445
-1.962016 381.663182181
-1.95701333333 381.657788326
-1.95201066667 381.649812284
-1.947008 381.638998846
-1.94200533333 381.625258379
-1.93700266667 381.608919887
-1.932 381.590617686
-1.92699733333 381.570935539
-1.92199466667 381.550155108
-1.916992 381.528067823
-1.91198933333 381.50396895
-1.90698666667 381.476812142
-1.901984 381.445510157
-1.89698133333 381.409127322
-1.89197866667 381.366720631
-1.886976 381.317160546
-1.88197333333 381.259226821
-1.87697066667 381.191674497
-1.871968 381.113236096
-1.86696533333 381.022808027
-1.86196266667 380.919780313
-1.85696 380.804230085
-1.85195733333 380.676851903
-1.84695466667 380.538810263
-1.841952 380.391624023
-1.83694933333 380.237008497
-1.83194666667 380.076678498
-1.826944 379.912340903
-1.82194133333 379.745815908
-1.81693866667 379.578941019
-1.811936 379.413066581
-1.80693333333 379.248585479
-1.80193066667 379.084901482
-1.796928 378.92083755
-1.79192533333 378.755359903
-1.78692266667 378.588199033
-1.78192 378.420017345
-1.77691733333 378.25221535
-1.77191466667 378.086965022
-1.766912 377.927256173
-1.76190933333 377.776413288
-1.75690666667 377.637242867
-1.751904 377.511414703
-1.74690133333 377.399344378
-1.74189866667 377.300287611
-1.736896 377.212634862
-1.73189333333 377.13449452
-1.72689066667 377.064026113
-1.721888 376.999422379
-1.71688533333 376.938994381
-1.71188266667 376.881294036
-1.70688 376.825134947
-1.70187733333 376.769555947
-1.69687466667 376.713718124
-1.691872 376.65688963
-1.68686933333 376.598588728
-1.68186666667 376.538667438
-1.676864 376.477198706
-1.67186133333 376.41444031
-1.66685866667 376.350886467
-1.661856 376.287265844
-1.65685333333 376.224400725
-1.65185066667 376.16292442
-1.646848 376.103143689
-1.64184533333 376.045218653
-1.63684266667 375.989364503
-1.63184 375.935742014
-1.62683733333 375.884293327
-1.62183466667 375.8347022
-1.616832 375.786437862
-1.61182933333 375.738900179
-1.60682666667 375.691522905
-1.601824 375.643843853
-1.59682133333 375.595528552
-1.59181866667 375.546452796
-1.586816 375.496726224
-1.58181333333 375.446567553
-1.57681066667 375.396122197
-1.571808 375.345403347
-1.56680533333 375.294410753
-1.56180266667 375.243217544
-1.5568 375.192039252
-1.55179733333 375.141317053
-1.54679466667 375.091614006
-1.541792 375.0433357
-1.53678933333 374.996560655
-1.53178666667 374.951056183
-1.526784 374.906418513
-1.52178133333 374.862296231
-1.51677866667 374.818566996
-1.511776 374.775309456
-1.50677333333 374.732648117
-1.50177066667 374.690744964
-1.496768 374.64991302
-1.49176533333 374.61060126
-1.48676266667 374.573264555
-1.48176 374.538229065
-1.47675733333 374.505681463
-1.47175466667 374.475626302
-1.466752 374.447870476
-1.46174933333 374.421992069
-1.45674666667 374.397347903
-1.451744 374.373224922
-1.44674133333 374.348957047
-1.44173866667 374.324071577
-1.436736 374.298381077
-1.43173333333 374.27188485
-1.42673066667 374.244776041
-1.421728 374.217477973
-1.41672533333 374.190527059
-1.41172266667 374.164518576
-1.40672 374.140144721
-1.40171733333 374.118122957
-1.39671466667 374.099016176
-1.391712 374.083227974
-1.38670933333 374.071055602
-1.38170666667 374.062677353
-1.376704 374.058067223
-1.37170133333 374.056909286
-1.36669866667 374.058683275
-1.361696 374.062822833
-1.35669333333 374.068900575
-1.35169066667 374.076803161
-1.346688 374.086673317
-1.34168533333 374.098600446
-1.33668266667 374.112471991
-1.33168 374.128064333
-1.32667733333 374.145079162
-1.32167466667 374.163055335
-1.316672 374.181416605
-1.31166933333 374.199616697
-1.30666666667 374.217267827
-1.301664 374.234237167
-1.29666133333 374.250587243
-1.29165866667 374.266467611
-1.286656 374.282024565
-1.28165333333 374.297417307
-1.27665066667 374.312902675
-1.271648 374.328717745
-1.26664533333 374.344905899
-1.26164266667 374.361330747
-1.25664 374.377831099
-1.25163733333 374.394407733
-1.24663466667 374.41120581
-1.241632 374.428361301
-1.23662933333 374.445928155
-1.23162666667 374.463870316
-1.226624 374.482079707
-1.22162133333 374.500412134
-1.21661866667 374.518708375
-1.211616 374.536848608
-1.20661333333 374.554685145
-1.20161066667 374.571968313
-1.196608 374.588493136
-1.19160533333 374.60423253
-1.18660266667 374.619245843
-1.1816 374.633451131
-1.17659733333 374.646521245
-1.17159466667 374.657990857
-1.166592 374.667486878
-1.16158933333 374.674995096
-1.15658666667 374.680836066
-1.151584 374.685299107
-1.14658133333 374.688607803
-1.14157866667 374.691242431
-1.136576 374.693981548
-1.13157333333 374.697518541
-1.12657066667 374.702148082
-1.121568 374.707760097
-1.11656533333 374.713929564
-1.11156266667 374.719988368
-1.10656 374.725332697
-1.10155733333 374.729748948
-1.09655466667 374.733379962
-1.091552 374.736456509
-1.08654933333 374.739147277
-1.08154666667 374.74165367
-1.076544 374.744225874
-1.07154133333 374.747056479
-1.06653866667 374.750344984
-1.061536 374.754393594
-1.05653333333 374.759514082
-1.05153066667 374.766027532
-1.046528 374.77429369
-1.04152533333 374.784617634
-1.03652266667 374.797173425
-1.03152 374.811960766
-1.02651733333 374.828883227
-1.02151466667 374.847858052
-1.016512 374.868792668
-1.01150933333 374.891490803
-1.00650666667 374.91560512
-1.001504 374.940712869
-0.996501333333 374.966389265
-0.991498666667 374.992312684
-0.986496 375.018343282
-0.981493333333 375.044467837
-0.976490666667 375.070719122
-0.971488 375.097179987
-0.966485333333 375.124021643
-0.961482666667 375.151474557
-0.95648 375.179729651
-0.951477333333 375.208772661
-0.946474666667 375.238362988
-0.941472 375.268221655
-0.936469333333 375.298180856
-0.931466666667 375.328091502
-0.926464 375.357835607
-0.921461333333 375.387400796
-0.916458666667 375.416814922
-0.911456 375.446048047
-0.906453333333 375.474948712
-0.901450666667 375.503248078
-0.896448 375.530735518
-0.891445333333 375.557505201
-0.886442666667 375.583926922
-0.88144 375.610412713
-0.876437333333 375.637308525
-0.871434666667 375.664891285
-0.866432 375.693300945
-0.861429333333 375.722520205
-0.856426666667 375.752439587
-0.851424 375.782961936
-0.846421333333 375.814092521
-0.841418666667 375.845783051
-0.836416 375.877799613
-0.831413333333 375.909824277
-0.826410666667 375.941734266
-0.821408 375.973740446
-0.816405333333 376.006277612
-0.811402666667 376.039772725
-0.8064 376.074275509
-0.801397333333 376.109238434
-0.796394666667 376.143727826
-0.791392 376.176849054
-0.786389333333 376.207958732
-0.781386666667 376.236671875
-0.776384 376.262790668
-0.771381333333 376.286350093
-0.766378666667 376.30773797
-0.761376 376.327577771
-0.756373333333 376.346529194
-0.751370666667 376.36503246
-0.746368 376.383171445
-0.741365333333 376.400777047
-0.736362666667 376.417526586
-0.73136 376.433076227
-0.726357333333 376.447319772
-0.721354666667 376.460433266
-0.716352 376.472737747
-0.711349333333 376.484521795
-0.706346666667 376.49590005
-0.701344 376.506799829
-0.696341333333 376.517106069
-0.691338666667 376.52676612
-0.686336 376.535691093
-0.681333333333 376.543751496
-0.676330666667 376.550881337
-0.671328 376.557029468
-0.666325333333 376.562151611
-0.661322666667 376.566324634
-0.65632 376.569710954
-0.651317333333 376.572391595
-0.646314666667 376.574352531
-0.641312 376.57563515
-0.636309333333 376.576370684
-0.631306666667 376.576589511
-0.626304 376.576120606
-0.621301333333 376.574766149
-0.616298666667 376.572479148
-0.611296 376.569326753
-0.606293333333 376.565361642
-0.601290666667 376.560566485
-0.596288 376.554936395
-0.591285333333 376.54852654
-0.586282666667 376.541438271
-0.58128 376.533932807
-0.576277333333 376.526410502
-0.571274666667 376.519210211
-0.566272 376.512555524
-0.561269333333 376.506562627
-0.556266666667 376.501085818
-0.551264 376.495766795
-0.546261333333 376.490353635
-0.541258666667 376.484735584
-0.536256 376.478706954
-0.531253333333 376.471896976
-0.526250666667 376.464004537
-0.521248 376.454969916
-0.516245333333 376.444963672
-0.511242666667 376.434340642
-0.50624 376.423522183
-0.501237333333 376.41280669
-0.496234666667 376.402264346
-0.491232 376.391876602
-0.486229333333 376.381755734
-0.481226666667 376.372148282
-0.476224 376.363343637
-0.471221333333 376.355599127
-0.466218666667 376.349085979
-0.461216 376.34368001
-0.456213333333 376.338831901
-0.451210666667 376.333841983
-0.446208 376.328222569
-0.441205333333 376.321718746
-0.436202666667 376.314231874
-0.4312 376.305774146
-0.426197333333 376.296339125
-0.421194666667 376.285939528
-0.416192 376.274834912
-0.411189333333 376.263493807
-0.406186666667 376.252292986
-0.401184 376.241313767
-0.396181333333 376.230448826
-0.391178666667 376.219579495
-0.386176 376.208658664
-0.381173333333 376.197765631
-0.376170666667 376.187118349
-0.371168 376.176912018
-0.366165333333 376.16714714
-0.361162666667 376.157700525
-0.35616 376.148510751
-0.351157333333 376.139640144
-0.346154666667 376.131214473
-0.341152 376.123354353
-0.336149333333 376.116130995
-0.331146666667 376.109603839
-0.326144 376.103796671
-0.321141333333 376.098588153
-0.316138666667 376.09380151
-0.311136 376.089429445
-0.306133333333 376.085621671
-0.301130666667 376.082451083
-0.296128 376.079888276
-0.291125333333 376.077826824
-0.286122666667 376.07609056
-0.28112 376.074456002
-0.276117333333 376.07279356
-0.271114666667 376.071152716
-0.266112 376.069603873
-0.261109333333 376.068108854
-0.256106666667 376.066522016
-0.251104 376.064592045
-0.246101333333 376.06209208
-0.241098666667 376.059048854
-0.236096 376.055801044
-0.231093333333 376.052820858
-0.226090666667 376.05051195
-0.221088 376.049094145
-0.216085333333 376.048536398
-0.211082666667 376.048509875
-0.20608 376.048531818
-0.201077333333 376.048255867
-0.196074666667 376.047605036
-0.191072 376.046616898
-0.186069333333 376.045357425
-0.181066666667 376.043914188
-0.176064 376.042329487
-0.171061333333 376.040636229
-0.166058666667 376.038899178
-0.161056 376.037133945
-0.156053333333 376.035213197
-0.151050666667 376.032910866
-0.146048 376.030077638
-0.141045333333 376.026674378
-0.136042666667 376.022674033
-0.13104 376.018042664
-0.126037333333 376.012867136
-0.121034666667 376.007329583
-0.116032 376.00159384
-0.111029333333 375.995763545
-0.106026666667 375.989875984
-0.101024 375.98385819
