（-8.32406,1.5），（-6.30299,1.5），（-3.40144,1.5）
-9.99995733333 243.638686178
-9.99495466667 243.700847422
-9.989952 243.669849169
-9.98494933333 243.736701428
-9.97994666667 243.737213935
-9.974944 243.766916152
-9.96994133333 243.74139792
-9.96493866667 243.787910344
-9.959936 243.764583537
-9.95493333333 243.790173038
-9.94993066667 243.767105933
-9.944928 243.784858235
-9.93992533333 243.758401529
-9.93492266667 243.751977073
-9.92992 243.753323934
-9.92491733333 243.809439449
-9.91991466667 243.774037316
-9.914912 243.814965828
-9.90990933333 243.801505461
-9.90490666667 243.857502012
-9.899904 243.843906696
-9.89490133333 243.902026348
-9.88989866667 243.882222379
-9.884896 243.900385638
-9.87989333333 243.898083142
-9.87489066667 243.946219319
-9.869888 243.958418754
-9.86488533333 244.007357299
-9.85988266667 243.985577747
-9.85488 244.025036165
-9.84987733333 243.999433347
-9.84487466667 244.035873449
-9.839872 244.026371712
-9.83486933333 244.028518043
-9.82986666667 243.999904848
-9.824864 244.033880576
-9.81986133333 244.020334127
-9.81485866667 244.052297302
-9.809856 244.018909136
-9.80485333333 244.044795672
-9.79985066667 244.00472587
-9.794848 244.03495713
-9.78984533333 244.012402934
-9.78484266667 244.074479209
-9.77984 244.035928735
-9.77483733333 244.066556702
-9.76983466667 244.052474795
-9.764832 244.099794237
-9.75982933333 244.068636075
-9.75482666667 244.101129303
-9.749824 244.078615081
-9.74482133333 244.08350336
-9.73981866667 244.061455322
-9.734816 244.075486072
-9.72981333333 244.045523593
-9.72481066667 244.071384533
-9.719808 244.015794523
-9.71480533333 244.026452844
-9.70980266667 244.003700164
-9.7048 244.031888337
-9.69979733333 244.013735091
-9.69479466667 244.027705751
-9.689792 244.01318952
-9.68478933333 244.035813248
-9.67978666667 244.00425178
-9.674784 244.047700533
-9.66978133333 244.005438782
-9.66477866667 244.030399235
-9.659776 243.995160344
-9.65477333333 244.013836973
-9.64977066667 243.990208842
-9.644768 244.036238075
-9.63976533333 244.007217244
-9.63476266667 244.000022858
-9.62976 243.975418854
-9.62475733333 244.016164303
-9.61975466667 243.997793878
-9.614752 244.027037846
-9.60974933333 244.002031344
-9.60474666667 244.043877367
-9.599744 244.016588366
-9.59474133333 244.057436164
-9.58973866667 244.040391099
-9.584736 244.065727138
-9.57973333333 244.019170452
-9.57473066667 244.049685857
-9.569728 244.017671195
-9.56472533333 244.048776287
-9.55972266667 244.01905405
-9.55472 244.031809005
-9.54971733333 244.011807805
-9.54471466667 244.042836846
-9.539712 243.973028599
-9.53470933333 244.006221878
-9.52970666667 243.96221065
-9.524704 243.980502666
-9.51970133333 243.943681376
-9.51469866667 243.955899931
-9.509696 243.947496755
-9.50469333333 243.966828128
-9.49969066667 243.963840632
-9.494688 243.952641727
-9.48968533333 243.924964096
-9.48468266667 243.931118769
-9.47968 243.905666741
-9.47467733333 243.932379736
-9.46967466667 243.881574468
-9.464672 243.895637791
-9.45966933333 243.855915331
-9.45466666667 243.87833804
-9.449664 243.860519928
-9.44466133333 243.886684187
-9.43965866667 243.858087637
-9.434656 243.868152527
-9.42965333333 243.846502454
-9.42465066667 243.887975643
-9.419648 243.868285679
-9.41464533333 243.870821022
-9.40964266667 243.843682031
-9.40464 243.872895871
-9.39963733333 243.870128248
-9.39463466667 243.877871541
-9.389632 243.855748821
-9.38462933333 243.896998716
-9.37962666667 243.886582599
-9.374624 243.890480016
-9.36962133333 243.875902245
-9.36461866667 243.922101718
-9.359616 243.894800448
-9.35461333333 243.90941451
-9.34961066667 243.886789461
-9.344608 243.913966289
-9.33960533333 243.879737132
-9.33460266667 243.905984189
-9.3296 243.904488047
-9.32459733333 243.939868987
-9.31959466667 243.90125172
-9.314592 243.92009131
-9.30958933333 243.890576581
-9.30458666667 243.913109394
-9.299584 243.904510012
-9.29458133333 243.904636475
-9.28957866667 243.885393834
-9.284576 243.909355627
-9.27957333333 243.891359096
-9.27457066667 243.913928649
-9.269568 243.883199336
-9.26456533333 243.899836056
-9.25956266667 243.872682902
-9.25456 243.892133201
-9.24955733333 243.85830899
-9.24455466667 243.891473788
-9.239552 243.861885427
-9.23454933333 243.852326366
-9.22954666667 243.83055297
-9.224544 243.861641747
-9.21954133333 243.833185639
-9.21453866667 243.848931547
-9.209536 243.80863782
-9.20453333333 243.839070181
-9.19953066667 243.807089662
-9.194528 243.81851166
-9.18952533333 243.802122888
-9.18452266667 243.844938407
-9.17952 243.829945939
-9.17451733333 243.830377392
-9.16951466667 243.808333483
-9.164512 243.849502951
-9.15950933333 243.833995768
-9.15450666667 243.855844638
-9.149504 243.819794174
-9.14450133333 243.866864026
-9.13949866667 243.827456998
-9.134496 243.853632994
-9.12949333333 243.803409361
-9.12449066667 243.855629716
-9.119488 243.822830559
-9.11448533333 243.838279639
-9.10948266667 243.801104936
-9.10448 243.85845353
-9.09947733333 243.848213531
-9.09447466667 243.862565433
-9.089472 243.842381806
-9.08446933333 243.873801926
-9.07946666667 243.853094466
-9.074464 243.881072891
-9.06946133333 243.854803928
-9.06445866667 243.894683996
-9.059456 243.846890171
-9.05445333333 243.879150728
-9.04945066667 243.862399887
-9.044448 243.895454373
-9.03944533333 243.865660048
-9.03444266667 243.894898388
-9.02944 243.878950615
-9.02443733333 243.913316433
-9.01943466667 243.884413188
-9.014432 243.918295049
-9.00942933333 243.884895612
-9.00442666667 243.90287677
-8.999424 243.899992544
-8.99442133333 243.937502488
-8.98941866667 243.899315205
-8.984416 243.929402793
-8.97941333333 243.903854157
-8.97441066667 243.925579771
-8.969408 243.887274152
-8.96440533333 243.948530369
-8.95940266667 243.91972978
-8.9544 243.914097838
-8.94939733333 243.910243238
-8.94439466667 243.941006416
-8.939392 243.936781441
-8.93438933333 243.956336387
-8.92938666667 243.932171682
-8.924384 243.964387467
-8.91938133333 243.941875149
-8.91437866667 243.992278153
-8.909376 243.97668831
-8.90437333333 244.013958006
-8.89937066667 244.007511539
-8.894368 244.021732286
-8.88936533333 244.011787347
-8.88436266667 244.055982718
-8.87936 244.05585245
-8.87435733333 244.062363813
-8.86935466667 244.046720683
-8.864352 244.054793978
-8.85934933333 244.021838019
-8.85434666667 244.053828872
-8.849344 244.032640787
-8.84434133333 244.081245426
-8.83933866667 244.04871161
-8.834336 244.082824465
-8.82933333333 244.06345356
-8.82433066667 244.097061101
-8.819328 244.07422359
-8.81432533333 244.087167008
-8.80932266667 244.038239194
-8.80432 244.077736304
-8.79931733333 244.007630667
-8.79431466667 244.014152832
-8.789312 243.979034149
-8.78430933333 243.986601219
-8.77930666667 243.955364416
-8.774304 243.961776831
-8.76930133333 243.955024686
-8.76429866667 243.976584831
-8.759296 243.960108196
-8.75429333333 243.956471113
-8.74929066667 243.951909339
-8.744288 243.967598578
-8.73928533333 243.951588297
-8.73428266667 243.970426881
-8.72928 243.930179557
-8.72427733333 243.954265195
-8.71927466667 243.921179363
-8.714272 243.952180554
-8.70926933333 243.921600197
-8.70426666667 243.959359137
-8.699264 243.939597215
-8.69426133333 243.935709961
-8.68925866667 243.921144027
-8.684256 243.95628567
-8.67925333333 243.932905928
-8.67425066667 243.93693562
-8.669248 243.930197499
-8.66424533333 243.981708425
-8.65924266667 243.950449535
-8.65424 243.953069454
-8.64923733333 243.953481558
-8.64423466667 243.987052313
-8.639232 243.947676874
-8.63422933333 243.979050509
-8.62922666667 243.965547792
-8.624224 243.988593257
-8.61922133333 243.949887479
-8.61421866667 243.960717072
-8.609216 243.934061345
-8.60421333333 243.977208418
-8.59921066667 243.963796959
-8.594208 243.985156601
-8.58920533333 243.965129712
-8.58420266667 243.976276255
-8.5792 243.956355461
-8.57419733333 243.982666418
-8.56919466667 243.961330567
-8.564192 243.987553726
-8.55918933333 243.958981963
-8.55418666667 243.957108199
-8.549184 243.928328945
-8.54418133333 243.92988733
-8.53917866667 243.923838588
-8.534176 243.929453984
-8.52917333333 243.893594284
-8.52417066667 243.916239623
-8.519168 243.890470858
-8.51416533333 243.887697722
-8.50916266667 243.878668791
-8.50416 243.892577596
-8.49915733333 243.877535001
-8.49415466667 243.886257392
-8.489152 243.852051144
-8.48414933333 243.890490168
-8.47914666667 243.883354982
-8.474144 243.874563931
-8.46914133333 243.856034291
-8.46413866667 243.871410968
-8.459136 243.869756308
-8.45413333333 243.914586573
-8.44913066667 243.896007685
-8.444128 243.911652432
-8.43912533333 243.892978564
-8.43412266667 243.917710989
-8.42912 243.907937823
-8.42411733333 243.935281215
-8.41911466667 243.936570729
-8.414112 243.937497224
-8.40910933333 243.950006157
-8.40410666667 243.968704018
-8.399104 243.98033056
-8.39410133333 243.968341434
-8.38909866667 243.946785667
-8.384096 243.982292589
-8.37909333333 243.956936886
-8.37409066667 243.966417998
-8.369088 243.963244376
-8.36408533333 243.97527188
-8.35908266667 243.972502886
-8.35408 243.993079731
-8.34907733333 243.973830555
-8.34407466667 244.023052465
-8.339072 243.995866888
-8.33406933333 244.017332595
-8.32906666667 243.996359959
-8.324064 244.036466459
-8.31906133333 244.02257864
-8.31405866667 244.059659884
-8.309056 244.04347475
-8.30405333333 244.074168045
-8.29905066667 244.048796392
-8.294048 244.058514682
-8.28904533333 244.054021861
-8.28404266667 244.102393543
-8.27904 244.083079419
-8.27403733333 244.098972216
-8.26903466667 244.069047693
-8.264032 244.094857661
-8.25902933333 244.069248083
-8.25402666667 244.092401435
-8.249024 244.076539053
-8.24402133333 244.089781434
-8.23901866667 244.074707145
-8.234016 244.087032362
-8.22901333333 244.084981364
-8.22401066667 244.158509473
-8.219008 244.126387127
-8.21400533333 244.161822081
-8.20900266667 244.132689651
-8.204 244.179294771
-8.19899733333 244.149796947
-8.19399466667 244.170474692
-8.188992 244.160461464
-8.18398933333 244.191512818
-8.17898666667 244.187719881
-8.173984 244.199780601
-8.16898133333 244.19342767
-8.16397866667 244.248123916
-8.158976 244.199261778
-8.15397333333 244.20546617
-8.14897066667 244.184058699
-8.143968 244.20068377
-8.13896533333 244.21434221
-8.13396266667 244.222967593
-8.12896 244.196171595
-8.12395733333 244.237920189
-8.11895466667 244.214466611
-8.113952 244.224073025
-8.10894933333 244.223906355
-8.10394666667 244.223226919
-8.098944 244.22229927
-8.09394133333 244.2159239
-8.08893866667 244.1885694
-8.083936 244.235537131
-8.07893333333 244.198569259
-8.07393066667 244.195545525
-8.068928 244.17596687
-8.06392533333 244.196616327
-8.05892266667 244.193259968
-8.05392 244.220376094
-8.04891733333 244.18412665
-8.04391466667 244.190540907
-8.038912 244.200957834
-8.03390933333 244.240891209
-8.02890666667 244.234126372
-8.023904 244.277072429
-8.01890133333 244.254179457
-8.01389866667 244.263756538
-8.008896 244.250767761
-8.00389333333 244.272028985
-7.99889066667 244.267908459
-7.993888 244.292241825
-7.98888533333 244.28115572
-7.98388266667 244.317255847
-7.97888 244.316398329
-7.97387733333 244.336640037
-7.96887466667 244.327295139
-7.963872 244.392661418
-7.95886933333 244.397193236
-7.95386666667 244.413426153
-7.948864 244.439817255
-7.94386133333 244.519300359
-7.93885866667 244.514175282
-7.933856 244.575818396
-7.92885333333 244.568236306
-7.92385066667 244.635530695
-7.918848 244.669310615
-7.91384533333 244.706406364
-7.90884266667 244.708264784
-7.90384 244.771628247
-7.89883733333 244.766077682
-7.89383466667 244.831580979
-7.888832 244.87938336
-7.88382933333 244.975973992
-7.87882666667 245.013711701
-7.873824 245.088166784
-7.86882133333 245.138939606
-7.86381866667 245.236740788
-7.858816 245.262302311
-7.85381333333 245.343111767
-7.84881066667 245.366006412
-7.843808 245.467997088
-7.83880533333 245.489858776
-7.83380266667 245.567803874
-7.8288 245.586199364
-7.82379733333 245.663229538
-7.81879466667 245.68524802
-7.813792 245.737664045
-7.80878933333 245.754195806
-7.80378666667 245.83601465
-7.798784 245.842211896
-7.79378133333 245.880792409
-7.78877866667 245.863471231
-7.783776 245.929527405
-7.77877333333 245.887345218
-7.77377066667 245.946776776
-7.768768 245.925301111
-7.76376533333 245.911325489
-7.75876266667 245.867752638
-7.75376 245.874825878
-7.74875733333 245.856170913
-7.74375466667 245.894382722
-7.738752 245.875671407
-7.73374933333 245.86131669
-7.72874666667 245.830425304
-7.723744 245.851818445
-7.71874133333 245.826905605
-7.71373866667 245.809830264
-7.708736 245.78274493
-7.70373333333 245.806829967
-7.69873066667 245.760945969
-7.693728 245.808032933
-7.68872533333 245.790315654
-7.68372266667 245.821511208
-7.67872 245.799449738
-7.67371733333 245.768645611
-7.66871466667 245.756428411
-7.663712 245.801870925
-7.65870933333 245.776777254
-7.65370666667 245.810870424
-7.648704 245.765545147
-7.64370133333 245.778364307
-7.63869866667 245.749470621
-7.633696 245.795252109
-7.62869333333 245.798726542
-7.62369066667 245.837718741
-7.618688 245.812582291
-7.61368533333 245.813211872
-7.60868266667 245.834414146
-7.60368 245.861729925
-7.59867733333 245.873305247
-7.59367466667 245.871248949
-7.588672 245.862541206
-7.58366933333 245.918377444
-7.57866666667 245.925898398
-7.573664 245.918638181
-7.56866133333 245.910553712
-7.56365866667 245.92844574
-7.558656 245.920724865
-7.55365333333 245.932425364
-7.54865066667 245.938867733
-7.543648 245.975967815
-7.53864533333 245.962189094
-7.53364266667 245.994110892
-7.52864 245.979288328
-7.52363733333 246.011099303
-7.51863466667 246.020062458
-7.513632 246.054146119
-7.50862933333 246.025966312
-7.50362666667 246.082570566
-7.498624 246.042090068
-7.49362133333 246.073075465
-7.48861866667 246.041354253
-7.483616 246.074349903
-7.47861333333 246.042943879
-7.47361066667 246.023135278
-7.468608 246.007479863
-7.46360533333 246.040703534
-7.45860266667 245.996745417
-7.4536 245.97459203
-7.44859733333 245.936154986
-7.44359466667 245.927091663
-7.438592 245.88153837
-7.43358933333 245.87975466
-7.42858666667 245.818156194
-7.423584 245.818303059
-7.41858133333 245.740082238
-7.41357866667 245.680598375
-7.408576 245.618695549
-7.40357333333 245.607962456
-7.39857066667 245.527748345
-7.393568 245.45351191
-7.38856533333 245.385662886
-7.38356266667 245.329887381
-7.37856 245.305010277
-7.37355733333 245.23526456
-7.36855466667 245.198621759
-7.363552 245.19027935
-7.35854933333 245.133376805
-7.35354666667 245.099924472
-7.348544 245.056519887
-7.34354133333 245.078126988
-7.33853866667 245.028366954
-7.333536 244.999096282
-7.32853333333 244.97129171
-7.32353066667 244.926462541
-7.318528 244.901298177
-7.31352533333 244.854506269
-7.30852266667 244.773802795
-7.30352 244.734476638
-7.29851733333 244.708570675
-7.29351466667 244.676359537
-7.288512 244.621101072
-7.28350933333 244.607074049
-7.27850666667 244.578013593
-7.273504 244.55465914
-7.26850133333 244.534124308
-7.26349866667 244.518424848
-7.258496 244.497679304
-7.25349333333 244.487880555
-7.24849066667 244.435803733
-7.243488 244.452880242
-7.23848533333 244.411939339
-7.23348266667 244.422576658
-7.22848 244.362329671
-7.22347733333 244.367916622
-7.21847466667 244.347843476
-7.213472 244.331702209
-7.20846933333 244.321305051
-7.20346666667 244.323817202
-7.198464 244.334125824
-7.19346133333 244.299200672
-7.18845866667 244.280555764
-7.183456 244.288880552
-7.17845333333 244.27135286
-7.17345066667 244.264712645
-7.168448 244.209862405
-7.16344533333 244.223187599
-7.15844266667 244.195038136
-7.15344 244.203623818
-7.14843733333 244.180031336
-7.14343466667 244.213086968
-7.138432 244.168564766
-7.13342933333 244.161043984
-7.12842666667 244.117458182
-7.123424 244.132991743
-7.11842133333 244.115709279
-7.11341866667 244.10551957
-7.108416 244.073722203
-7.10341333333 244.078179551
-7.09841066667 244.074249628
-7.093408 244.05709454
-7.08840533333 244.046436466
-7.08340266667 244.07002149
-7.0784 244.041597844
-7.07339733333 244.053521373
-7.06839466667 244.039985443
-7.063392 244.075422333
-7.05838933333 244.046073385
-7.05338666667 244.049178281
-7.048384 244.038540214
-7.04338133333 244.061980855
-7.03837866667 244.03595939
-7.033376 244.051719634
-7.02837333333 244.033456651
-7.02337066667 244.04362677
-7.018368 244.029786944
-7.01336533333 244.044487296
-7.00836266667 244.036657292
-7.00336 244.077588644
-6.99835733333 244.050237019
-6.99335466667 244.055098774
-6.988352 244.012839059
-6.98334933333 244.049815529
-6.97834666667 244.060355781
-6.973344 244.053405708
-6.96834133333 244.05608178
-6.96333866667 244.083902473
-6.958336 244.059956035
-6.95333333333 244.036507599
-6.94833066667 244.050826553
-6.943328 244.059694331
-6.93832533333 244.026770851
-6.93332266667 244.064843319
-6.92832 244.042989613
-6.92331733333 244.085965525
-6.91831466667 244.076780947
-6.913312 244.07927159
-6.90830933333 244.072650422
-6.90330666667 244.108506854
-6.898304 244.107526987
-6.89330133333 244.10965879
-6.88829866667 244.107989448
-6.883296 244.130301564
-6.87829333333 244.083246726
-6.87329066667 244.071599728
-6.868288 244.065809546
-6.86328533333 244.101188111
-6.85828266667 244.077851314
-6.85328 244.091648611
-6.84827733333 244.073703479
-6.84327466667 244.107823765
-6.838272 244.095018227
-6.83326933333 244.116864714
-6.82826666667 244.117959043
-6.823264 244.141905178
-6.81826133333 244.113837808
-6.81325866667 244.13872909
-6.808256 244.12531215
-6.80325333333 244.159172992
-6.79825066667 244.140933923
-6.793248 244.132058905
-6.78824533333 244.134624573
-6.78324266667 244.170120034
-6.77824 244.147847482
-6.77323733333 244.160643153
-6.76823466667 244.170017501
-6.763232 244.179296707
-6.75822933333 244.154531025
-6.75322666667 244.174336211
-6.748224 244.143084519
-6.74322133333 244.177352023
-6.73821866667 244.158874815
-6.733216 244.178870573
-6.72821333333 244.169899039
-6.72321066667 244.187091072
-6.718208 244.178729629
-6.71320533333 244.186712757
-6.70820266667 244.153363311
-6.7032 244.193048469
-6.69819733333 244.186907739
-6.69319466667 244.190501067
-6.688192 244.178859098
-6.68318933333 244.206885057
-6.67818666667 244.169296359
-6.673184 244.191030072
-6.66818133333 244.194618754
-6.66317866667 244.236565856
-6.658176 244.188400138
-6.65317333333 244.207241276
-6.64817066667 244.192359333
-6.643168 244.220820052
-6.63816533333 244.238222375
-6.63316266667 244.25206513
-6.62816 244.2364084
-6.62315733333 244.27044912
-6.61815466667 244.248388187
-6.613152 244.251444356
-6.60814933333 244.257644259
-6.60314666667 244.256819347
-6.598144 244.259584879
-6.59314133333 244.26761407
-6.58813866667 244.256733073
-6.583136 244.298341407
-6.57813333333 244.292300524
-6.57313066667 244.28450682
-6.568128 244.29506045
-6.56312533333 244.313915038
-6.55812266667 244.31243709
-6.55312 244.351091001
-6.54811733333 244.336238085
-6.54311466667 244.355491786
-6.538112 244.335060339
-6.53310933333 244.330762004
-6.52810666667 244.335896853
-6.523104 244.368989655
-6.51810133333 244.33636491
-6.51309866667 244.363675492
-6.508096 244.353320616
-6.50309333333 244.408936128
-6.49809066667 244.394729787
-6.493088 244.420785219
-6.48808533333 244.410053234
-6.48308266667 244.44047321
-6.47808 244.409036212
-6.47307733333 244.411496197
-6.46807466667 244.400184887
-6.463072 244.422915971
-6.45806933333 244.41361489
-6.45306666667 244.416366384
-6.448064 244.39152255
-6.44306133333 244.424609921
-6.43805866667 244.412347317
-6.433056 244.421826399
-6.42805333333 244.406203198
-6.42305066667 244.425252328
-6.418048 244.422982228
-6.41304533333 244.429063335
-6.40804266667 244.430356394
-6.40304 244.456216393
-6.39803733333 244.450651285
-6.39303466667 244.45023462
-6.388032 244.436015634
-6.38302933333 244.478451944
-6.37802666667 244.460608335
-6.373024 244.473930766
-6.36802133333 244.472394401
-6.36301866667 244.499809292
-6.358016 244.507725135
-6.35301333333 244.538270502
-6.34801066667 244.528050299
-6.343008 244.536306319
-6.33800533333 244.515524126
-6.33300266667 244.547396605
-6.328 244.543839624
-6.32299733333 244.566995365
-6.31799466667 244.55850385
-6.312992 244.591967264
-6.30798933333 244.580062898
-6.30298666667 244.615409971
-6.297984 244.601465746
-6.29298133333 244.621226225
-6.28797866667 244.614229953
-6.282976 244.643206015
-6.27797333333 244.6412003
-6.27297066667 244.640828657
-6.267968 244.637861396
-6.26296533333 244.672909292
-6.25796266667 244.657239403
-6.25296 244.678786949
-6.24795733333 244.653577149
-6.24295466667 244.689444671
-6.237952 244.688400248
-6.23294933333 244.680744204
-6.22794666667 244.666420564
-6.222944 244.690828068
-6.21794133333 244.668912131
-6.21293866667 244.656264235
-6.207936 244.627279002
-6.20293333333 244.653996974
-6.19793066667 244.615032107
-6.192928 244.60717223
-6.18792533333 244.613696601
-6.18292266667 244.653935526
-6.17792 244.638628922
-6.17291733333 244.628192487
-6.16791466667 244.605977911
-6.162912 244.646511086
-6.15790933333 244.638540806
-6.15290666667 244.646094195
-6.147904 244.63129555
-6.14290133333 244.654101893
-6.13789866667 244.643681229
-6.132896 244.654934659
-6.12789333333 244.652752492
-6.12289066667 244.706068504
-6.117888 244.695525302
-6.11288533333 244.701602508
-6.10788266667 244.703551416
-6.10288 244.727546343
-6.09787733333 244.733509879
-6.09287466667 244.746904865
-6.087872 244.731081306
-6.08286933333 244.757620716
-6.07786666667 244.756380435
-6.072864 244.771926045
-6.06786133333 244.76571281
-6.06285866667 244.800596783
-6.057856 244.789268956
-6.05285333333 244.804652209
-6.04785066667 244.796320122
-6.042848 244.822141968
-6.03784533333 244.800693829
-6.03284266667 244.80968941
-6.02784 244.762010588
-6.02283733333 244.804111514
-6.01783466667 244.778209158
-6.012832 244.777365986
-6.00782933333 244.767762411
-6.00282666667 244.832965561
-5.997824 244.823212645
-5.99282133333 244.813756829
-5.98781866667 244.801145434
-5.982816 244.807590731
-5.97781333333 244.795273215
-5.97281066667 244.804282738
-5.967808 244.759201732
-5.96280533333 244.800232675
-5.95780266667 244.796856186
-5.9528 244.77704875
-5.94779733333 244.791167641
-5.94279466667 244.815525476
-5.937792 244.801230958
-5.93278933333 244.831676995
-5.92778666667 244.826339516
-5.922784 244.85330258
-5.91778133333 244.828682539
-5.91277866667 244.851886508
-5.907776 244.838847732
-5.90277333333 244.880044473
-5.89777066667 244.883264967
-5.892768 244.886384918
-5.88776533333 244.906062604
-5.88276266667 244.93833734
-5.87776 244.979149801
-5.87275733333 245.018934394
-5.86775466667 245.038771951
-5.862752 245.092532044
-5.85774933333 245.130930512
-5.85274666667 245.157947624
-5.847744 245.224487503
-5.84274133333 245.318364407
-5.83773866667 245.36756167
-5.832736 245.436066559
-5.82773333333 245.491269523
-5.82273066667 245.584385088
-5.817728 245.622643887
-5.81272533333 245.711791062
-5.80772266667 245.753314736
-5.80272 245.855998207
-5.79771733333 245.922172763
-5.79271466667 245.985981777
-5.787712 246.03945332
-5.78270933333 246.110253235
-5.77770666667 246.128932385
-5.772704 246.18841486
-5.76770133333 246.235184782
-5.76269866667 246.290555887
-5.757696 246.332486795
-5.75269333333 246.35939196
-5.74769066667 246.367708348
-5.742688 246.398005488
-5.73768533333 246.418402288
-5.73268266667 246.426146159
-5.72768 246.451170925
-5.72267733333 246.474367252
-5.71767466667 246.466606754
-5.712672 246.489051163
-5.70766933333 246.490839805
-5.70266666667 246.530157317
-5.697664 246.533099988
-5.69266133333 246.502694824
-5.68765866667 246.493242958
-5.682656 246.495659424
-5.67765333333 246.471031401
-5.67265066667 246.474084966
-5.667648 246.445292834
-5.66264533333 246.465019083
-5.65764266667 246.422628074
-5.65264 246.442870678
-5.64763733333 246.423739589
-5.64263466667 246.457903774
-5.637632 246.431098786
-5.63262933333 246.426380131
-5.62762666667 246.415791968
-5.622624 246.441610082
-5.61762133333 246.439658714
-5.61261866667 246.468140477
-5.607616 246.486018182
-5.60261333333 246.486921255
-5.59761066667 246.440150309
-5.592608 246.456143652
-5.58760533333 246.478228703
-5.58260266667 246.502955748
-5.5776 246.479401447
-5.57259733333 246.469617467
-5.56759466667 246.445493939
-5.562592 246.468311455
-5.55758933333 246.45242995
-5.55258666667 246.44909357
-5.547584 246.451017597
-5.54258133333 246.472964493
-5.53757866667 246.504888113
-5.532576 246.498087244
-5.52757333333 246.473423745
-5.52257066667 246.504956526
-5.517568 246.48786775
-5.51256533333 246.488582949
-5.50756266667 246.484501604
-5.50256 246.513258796
-5.49755733333 246.46991177
-5.49255466667 246.473463415
-5.487552 246.459782775
-5.48254933333 246.497041362
-5.47754666667 246.48467117
-5.472544 246.477640891
-5.46754133333 246.46469064
-5.46253866667 246.474710753
-5.457536 246.48033283
-5.45253333333 246.481957198
-5.44753066667 246.456715701
-5.442528 246.463267614
-5.43752533333 246.420783433
-5.43252266667 246.414027677
-5.42752 246.378933663
-5.42251733333 246.410984109
-5.41751466667 246.365203602
-5.412512 246.359444036
-5.40750933333 246.303429657
-5.40250666667 246.283333427
-5.397504 246.247394462
-5.39250133333 246.238973344
-5.38749866667 246.190826696
-5.382496 246.174594276
-5.37749333333 246.138226809
-5.37249066667 246.130974004
-5.367488 246.05991813
-5.36248533333 246.035855432
-5.35748266667 245.994504412
-5.35248 245.93323237
-5.34747733333 245.843818131
-5.34247466667 245.804005487
-5.337472 245.760333282
-5.33246933333 245.71216919
-5.32746666667 245.67257886
-5.322464 245.659197441
-5.31746133333 245.577373549
-5.31245866667 245.555269867
-5.307456 245.498971377
-5.30245333333 245.490940711
-5.29745066667 245.438672365
-5.292448 245.407398939
-5.28744533333 245.327144671
-5.28244266667 245.313821191
-5.27744 245.292705259
-5.27243733333 245.257289234
-5.26743466667 245.197926951
-5.262432 245.19672105
-5.25742933333 245.142518385
-5.25242666667 245.116284781
-5.247424 245.070548395
-5.24242133333 245.069038916
-5.23741866667 245.019366681
-5.232416 244.992386012
-5.22741333333 244.944564551
-5.22241066667 244.938092767
-5.217408 244.933886247
-5.21240533333 244.899757055
-5.20740266667 244.882182683
-5.2024 244.897284601
-5.19739733333 244.847101192
-5.19239466667 244.857933728
-5.187392 244.827602153
-5.18238933333 244.826965707
-5.17738666667 244.794682032
-5.172384 244.777949665
-5.16738133333 244.731120969
-5.16237866667 244.752178161
-5.157376 244.736097859
-5.15237333333 244.715101839
-5.14737066667 244.694031393
-5.142368 244.701311982
-5.13736533333 244.690489346
-5.13236266667 244.675256664
-5.12736 244.655636123
-5.12235733333 244.65942432
-5.11735466667 244.613866256
-5.112352 244.602505978
-5.10734933333 244.568994977
-5.10234666667 244.555020343
-5.097344 244.500001685
-5.09234133333 244.475714008
-5.08733866667 244.462629371
-5.082336 244.489193719
-5.07733333333 244.416092207
-5.07233066667 244.395443524
-5.067328 244.387101616
-5.06232533333 244.370239871
-5.05732266667 244.32931871
-5.05232 244.306730187
-5.04731733333 244.274196984
-5.04231466667 244.256723759
-5.037312 244.245218487
-5.03230933333 244.225618468
-5.02730666667 244.209184459
-5.022304 244.219039892
-5.01730133333 244.191798891
-5.01229866667 244.168084571
-5.007296 244.135710389
-5.00229333333 244.143595868
-4.99729066667 244.135566234
-4.992288 244.145617377
-4.98728533333 244.131598071
-4.98228266667 244.117182003
-4.97728 244.111155132
-4.97227733333 244.121969508
-4.96727466667 244.110172992
-4.962272 244.128721985
-4.95726933333 244.104887901
-4.95226666667 244.082349342
-4.947264 244.075635278
-4.94226133333 244.103520646
-4.93725866667 244.093564463
-4.932256 244.075143899
-4.92725333333 244.083618998
-4.92225066667 244.102307498
-4.917248 244.084064169
-4.91224533333 244.083124111
-4.90724266667 244.077356859
-4.90224 244.098786241
-4.89723733333 244.079161537
-4.89223466667 244.072762587
-4.887232 244.042995282
-4.88222933333 244.065086834
-4.87722666667 244.058131854
-4.872224 244.054172407
-4.86722133333 244.062096656
-4.86221866667 244.071307507
-4.857216 244.059637443
-4.85221333333 244.081724046
-4.84721066667 244.054591018
-4.842208 244.094282825
-4.83720533333 244.065434622
-4.83220266667 244.073720234
-4.8272 244.051970482
-4.82219733333 244.094827788
-4.81719466667 244.091862995
-4.812192 244.091677271
-4.80718933333 244.082020265
-4.80218666667 244.122458037
-4.797184 244.098380312
-4.79218133333 244.102637558
-4.78717866667 244.093194651
-4.782176 244.099345945
-4.77717333333 244.087441028
-4.77217066667 244.075298719
-4.767168 244.08798258
-4.76216533333 244.106668553
-4.75716266667 244.095066698
-4.75216 244.078580815
-4.74715733333 244.085774019
-4.74215466667 244.088876809
-4.737152 244.083382742
-4.73214933333 244.110665491
-4.72714666667 244.080166473
-4.722144 244.096544204
-4.71714133333 244.096809549
-4.71213866667 244.096734891
-4.707136 244.110789245
-4.70213333333 244.121083984
-4.69713066667 244.105135517
-4.692128 244.097389399
-4.68712533333 244.074883303
-4.68212266667 244.091166761
-4.67712 244.086380394
-4.67211733333 244.08596835
-4.66711466667 244.071880775
-4.662112 244.084139759
-4.65710933333 244.095239705
-4.65210666667 244.093342258
-4.647104 244.090211483
-4.64210133333 244.096030912
-4.63709866667 244.088017347
-4.632096 244.085906095
-4.62709333333 244.076804864
-4.62209066667 244.11997942
-4.617088 244.111904182
-4.61208533333 244.111295767
-4.60708266667 244.080667163
-4.60208 244.122566601
-4.59707733333 244.106062019
-4.59207466667 244.139773105
-4.587072 244.1243681
-4.58206933333 244.133378113
-4.57706666667 244.127663694
-4.572064 244.141248658
-4.56706133333 244.130709043
-4.56205866667 244.156372245
-4.557056 244.152678679
-4.55205333333 244.149814822
-4.54705066667 244.136643057
-4.542048 244.176747041
-4.53704533333 244.18335867
-4.53204266667 244.213250585
-4.52704 244.19799185
-4.52203733333 244.232486812
-4.51703466667 244.251859158
-4.512032 244.251391271
-4.50702933333 244.265205668
-4.50202666667 244.31729168
-4.497024 244.302585634
-4.49202133333 244.310771953
-4.48701866667 244.314514269
-4.482016 244.379770788
-4.47701333333 244.38939306
-4.47201066667 244.390629867
-4.467008 244.397120525
-4.46200533333 244.422362228
-4.45700266667 244.434735188
-4.452 244.452584334
-4.44699733333 244.443981195
-4.44199466667 244.463565009
-4.436992 244.454158866
-4.43198933333 244.456112578
-4.42698666667 244.426604577
-4.421984 244.494584938
-4.41698133333 244.481064886
-4.41197866667 244.476662261
-4.406976 244.451003914
-4.40197333333 244.496708026
-4.39697066667 244.521223328
-4.391968 244.497193842
-4.38696533333 244.4964293
-4.38196266667 244.507708309
-4.37696 244.507354288
-4.37195733333 244.523219939
-4.36695466667 244.491052263
-4.361952 244.520383325
-4.35694933333 244.506187177
-4.35194666667 244.493717622
-4.346944 244.492280869
-4.34194133333 244.52204363
-4.33693866667 244.514535302
-4.331936 244.522270107
-4.32693333333 244.500570558
-4.32193066667 244.524929313
-4.316928 244.5046972
-4.31192533333 244.543350673
-4.30692266667 244.521823765
-4.30192 244.549725843
-4.29691733333 244.526520616
-4.29191466667 244.53168412
-4.286912 244.536427548
-4.28190933333 244.548494721
-4.27690666667 244.538016323
-4.271904 244.544142937
-4.26690133333 244.535095158
-4.26189866667 244.570985164
-4.256896 244.553778114
-4.25189333333 244.58807853
-4.24689066667 244.562977934
-4.241888 244.592537682
-4.23688533333 244.561399464
-4.23188266667 244.589515874
-4.22688 244.57805024
-4.22187733333 244.612268793
-4.21687466667 244.599689621
-4.211872 244.591676495
-4.20686933333 244.574037112
-4.20186666667 244.60450724
-4.196864 244.606469984
-4.19186133333 244.585394399
-4.18685866667 244.59169402
-4.181856 244.604141802
-4.17685333333 244.604170168
-4.17185066667 244.612563029
-4.166848 244.623227171
-4.16184533333 244.644412499
-4.15684266667 244.62270692
-4.15184 244.614151567
-4.14683733333 244.592971718
-4.14183466667 244.64610506
-4.136832 244.628743788
-4.13182933333 244.621670669
-4.12682666667 244.612478503
-4.121824 244.630548575
-4.11682133333 244.641042157
-4.11181866667 244.642036547
-4.106816 244.647905244
-4.10181333333 244.652911152
-4.09681066667 244.638212405
-4.091808 244.654521355
-4.08680533333 244.626835472
-4.08180266667 244.657332522
-4.0768 244.631818247
-4.07179733333 244.641616536
-4.06679466667 244.606331818
-4.061792 244.617787653
-4.05678933333 244.606384275
-4.05178666667 244.611036607
-4.046784 244.601226713
-4.04178133333 244.589650086
-4.03677866667 244.578374517
-4.031776 244.564307098
-4.02677333333 244.552095965
-4.02177066667 244.570329804
-4.016768 244.53117896
-4.01176533333 244.507000039
-4.00676266667 244.482673148
-4.00176 244.479898405
-3.99675733333 244.473563539
-3.99175466667 244.475297732
-3.986752 244.451216794
-3.98174933333 244.461354708
-3.97674666667 244.413732896
-3.971744 244.418332332
-3.96674133333 244.392398219
-3.96173866667 244.405511269
-3.956736 244.374693305
-3.95173333333 244.380007754
-3.94673066667 244.374304421
-3.941728 244.4149638
-3.93672533333 244.390707398
-3.93172266667 244.375893105
-3.92672 244.379213525
-3.92171733333 244.416408127
-3.91671466667 244.409034037
-3.911712 244.402453957
-3.90670933333 244.421544985
-3.90170666667 244.463328702
-3.896704 244.425507992
-3.89170133333 244.424645644
-3.88669866667 244.397706285
-3.881696 244.41685011
-3.87669333333 244.408259279
-3.87169066667 244.404942888
-3.866688 244.394850039
-3.86168533333 244.428823074
-3.85668266667 244.404655255
-3.85168 244.390756467
-3.84667733333 244.380425289
-3.84167466667 244.362364299
-3.836672 244.366705564
-3.83166933333 244.372089259
-3.82666666667 244.385883894
-3.821664 244.413996387
-3.81666133333 244.404823617
-3.81165866667 244.39670726
-3.806656 244.397082814
-3.80165333333 244.446303451
-3.79665066667 244.450023828
-3.791648 244.448863589
-3.78664533333 244.442222226
-3.78164266667 244.470188789
-3.77664 244.472267991
-3.77163733333 244.485183092
-3.76663466667 244.480542375
-3.761632 244.493570105
-3.75662933333 244.505806889
-3.75162666667 244.511235841
-3.746624 244.517892122
-3.74162133333 244.552687831
-3.73661866667 244.560505989
-3.731616 244.553453237
-3.72661333333 244.555416677
-3.72161066667 244.573588876
-3.716608 244.566297565
-3.71160533333 244.572903124
-3.70660266667 244.589854673
-3.7016 244.594952747
-3.69659733333 244.59265722
-3.69159466667 244.611872109
-3.686592 244.642073697
-3.68158933333 244.655385395
-3.67658666667 244.673660611
-3.671584 244.668595371
-3.66658133333 244.652439197
-3.66157866667 244.702487529
-3.656576 244.690487699
-3.65157333333 244.698824578
-3.64657066667 244.701198938
-3.641568 244.735022303
-3.63656533333 244.734309675
-3.63156266667 244.71131885
-3.62656 244.719731197
-3.62155733333 244.744621211
-3.61655466667 244.731672732
-3.611552 244.7043244
-3.60654933333 244.696316553
-3.60154666667 244.741686811
-3.596544 244.752822404
-3.59154133333 244.759546959
-3.58653866667 244.752523229
-3.581536 244.774808122
-3.57653333333 244.779854535
-3.57153066667 244.798726877
-3.566528 244.794882974
-3.56152533333 244.810427212
-3.55652266667 244.785162558
-3.55152 244.814014844
-3.54651733333 244.808697799
-3.54151466667 244.8363241
-3.536512 244.831926357
-3.53150933333 244.829688569
-3.52650666667 244.805618601
-3.521504 244.861865136
-3.51650133333 244.845092793
-3.51149866667 244.874189534
-3.506496 244.877403283
-3.50149333333 244.89837156
-3.49649066667 244.899919975
-3.491488 244.910695877
-3.48648533333 244.939259695
-3.48148266667 244.96588742
-3.47648 244.976966495
-3.47147733333 245.001693302
-3.46647466667 244.994511659
-3.461472 245.033806273
-3.45646933333 245.043912035
-3.45146666667 245.071459907
-3.446464 245.05851601
-3.44146133333 245.0850016
-3.43645866667 245.074593641
-3.431456 245.107206432
-3.42645333333 245.105997338
-3.42145066667 245.11440645
-3.416448 245.121840261
-3.41144533333 245.122322162
-3.40644266667 245.135089107
-3.40144 245.178359941
-3.39643733333 245.168864686
-3.39143466667 245.170315795
-3.386432 245.179876455
-3.38142933333 245.199605796
-3.37642666667 245.176965668
-3.371424 245.191140823
-3.36642133333 245.161075021
-3.36141866667 245.197746423
-3.356416 245.153635981
-3.35141333333 245.150343184
-3.34641066667 245.140301875
-3.341408 245.145446529
-3.33640533333 245.120372314
-3.33140266667 245.127423897
-3.3264 245.105101827
-3.32139733333 245.11330302
-3.31639466667 245.082800855
-3.311392 245.079330487
-3.30638933333 245.07462834
-3.30138666667 245.080761755
-3.296384 245.068349949
-3.29138133333 245.074541425
-3.28637866667 245.050168828
-3.281376 245.084486178
-3.27637333333 245.055764248
-3.27137066667 245.050485558
-3.266368 245.041480787
-3.26136533333 245.073227001
-3.25636266667 245.061016562
-3.25136 245.05423213
-3.24635733333 245.039925101
-3.24135466667 245.041148496
-3.236352 245.037871306
-3.23134933333 245.044497323
-3.22634666667 245.038360783
-3.221344 245.044115938
-3.21634133333 245.022486068
-3.21133866667 245.03476387
-3.206336 245.008281355
-3.20133333333 245.046801713
-3.19633066667 245.026729623
-3.191328 245.013961678
-3.18632533333 245.028958659
-3.18132266667 245.055599949
-3.17632 245.045257389
-3.17131733333 245.054488
-3.16631466667 245.037409651
-3.161312 245.046165369
-3.15630933333 245.035170158
-3.15130666667 245.022254039
-3.146304 245.023713089
-3.14130133333 245.054795075
-3.13629866667 245.037824702
-3.131296 245.051054944
-3.12629333333 245.02784556
-3.12129066667 245.053335856
-3.116288 245.026156343
-3.11128533333 245.017741386
-3.10628266667 244.997999671
-3.10128 245.000159217
-3.09627733333 244.990114111
-3.09127466667 244.993498077
-3.086272 244.974546779
-3.08126933333 244.989658644
-3.07626666667 244.969606618
-3.071264 244.946277692
-3.06626133333 244.939757718
-3.06125866667 244.950590577
-3.056256 244.929973265
-3.05125333333 244.931227281
-3.04625066667 244.91726339
-3.041248 244.925182626
-3.03624533333 244.914768244
-3.03124266667 244.906931035
-3.02624 244.871922453
-3.02123733333 244.90729377
-3.01623466667 244.90029213
-3.011232 244.883157633
-3.00622933333 244.890160632
-3.00122666667 244.907591598
-2.996224 244.90272288
-2.99122133333 244.890103666
-2.98621866667 244.875326217
-2.981216 244.88320568
-2.97621333333 244.867691336
-2.97121066667 244.889251287
-2.966208 244.868825549
-2.96120533333 244.886586912
-2.95620266667 244.871652532
-2.9512 244.867708742
-2.94619733333 244.862744606
-2.94119466667 244.884464177
-2.936192 244.87346417
-2.93118933333 244.865435817
-2.92618666667 244.852210974
-2.921184 244.877030562
-2.91618133333 244.871574302
-2.91117866667 244.901940924
-2.906176 244.859360583
-2.90117333333 244.890760179
-2.89617066667 244.874931014
-2.891168 244.888598126
-2.88616533333 244.878146603
-2.88116266667 244.902591756
-2.87616 244.8731359
-2.87115733333 244.873664317
-2.86615466667 244.865531297
-2.861152 244.898116289
-2.85614933333 244.898594373
-2.85114666667 244.907951264
-2.846144 244.894395583
-2.84114133333 244.937725219
-2.83613866667 244.926031483
-2.831136 244.960945098
-2.82613333333 244.96747503
-2.82113066667 245.009798234
-2.816128 245.042315215
-2.81112533333 245.089834075
-2.80612266667 245.110340513
-2.80112 245.175391076
-2.79611733333 245.230977348
-2.79111466667 245.283791939
-2.786112 245.334193811
-2.78110933333 245.410542235
-2.77610666667 245.476467184
-2.771104 245.535603852
-2.76610133333 245.589774908
-2.76109866667 245.65972777
-2.756096 245.705397467
-2.75109333333 245.788460025
-2.74609066667 245.85315126
-2.741088 245.919375867
-2.73608533333 245.989316296
-2.73108266667 246.035331147
-2.72608 246.086923754
-2.72107733333 246.175935667
-2.71607466667 246.220951847
-2.711072 246.26816948
-2.70606933333 246.296264847
-2.70106666667 246.370970333
-2.696064 246.395041814
-2.69106133333 246.423993749
-2.68605866667 246.437673664
-2.681056 246.440258697
-2.67605333333 246.423907507
-2.67105066667 246.415266083
-2.666048 246.4316211
-2.66104533333 246.462949952
-2.65604266667 246.47534663
-2.65104 246.449818479
-2.64603733333 246.391777478
-2.64103466667 246.407657336
-2.636032 246.377154385
-2.63102933333 246.364252562
-2.62602666667 246.348306229
-2.621024 246.350095112
-2.61602133333 246.333361698
-2.61101866667 246.325251551
-2.606016 246.298712242
-2.60101333333 246.316023208
-2.59601066667 246.274977211
-2.591008 246.24988931
-2.58600533333 246.201407685
-2.58100266667 246.212116295
-2.576 246.172776148
-2.57099733333 246.136670873
-2.56599466667 246.113615701
-2.560992 246.120152619
-2.55598933333 246.105321735
-2.55098666667 246.103077012
-2.545984 246.113753337
-2.54098133333 246.164827492
-2.53597866667 246.14534674
-2.530976 246.14308865
-2.52597333333 246.130984351
-2.52097066667 246.124883539
-2.515968 246.149503683
-2.51096533333 246.189482835
-2.50596266667 246.146740621
-2.50096 246.141027986
-2.49595733333 246.153397217
-2.49095466667 246.144089894
-2.485952 246.128784377
-2.48094933333 246.121825518
-2.47594666667 246.12597022
-2.470944 246.129458104
-2.46594133333 246.129918517
-2.46093866667 246.159290565
-2.455936 246.146636653
-2.45093333333 246.144981489
-2.44593066667 246.132415092
-2.440928 246.120855943
-2.43592533333 246.111607984
-2.43092266667 246.107345418
-2.42592 246.085550534
-2.42091733333 246.118619907
-2.41591466667 246.083148348
-2.410912 246.096935496
-2.40590933333 246.09798033
-2.40090666667 246.074606944
-2.395904 246.075821364
-2.39090133333 246.038039138
-2.38589866667 246.008363655
-2.380896 246.015558445
-2.37589333333 246.008679641
-2.37089066667 245.990351844
-2.365888 245.954566077
-2.36088533333 245.938077169
-2.35588266667 245.936285219
-2.35088 245.91385639
-2.34587733333 245.883148584
-2.34087466667 245.869663752
-2.335872 245.837465594
-2.33086933333 245.806480803
-2.32586666667 245.77008181
-2.320864 245.749393021
-2.31586133333 245.667554556
-2.31085866667 245.629928661
-2.305856 245.561814386
-2.30085333333 245.529467952
-2.29585066667 245.493104769
-2.290848 245.456213971
-2.28584533333 245.412806789
-2.28084266667 245.394200031
-2.27584 245.355607255
-2.27083733333 245.309537505
-2.26583466667 245.29401401
-2.260832 245.287888183
-2.25582933333 245.223452214
-2.25082666667 245.166754879
-2.245824 245.104760467
-2.24082133333 245.062523304
-2.23581866667 244.987501036
-2.230816 244.927704286
-2.22581333333 244.859764081
-2.22081066667 244.820791325
-2.215808 244.771233363
-2.21080533333 244.710852795
-2.20580266667 244.694823804
-2.2008 244.666798281
-2.19579733333 244.632186968
-2.19079466667 244.597873358
-2.185792 244.563323788
-2.18078933333 244.557857445
-2.17578666667 244.540841542
-2.170784 244.516039246
-2.16578133333 244.491538448
-2.16077866667 244.488178918
-2.155776 244.473092472
-2.15077333333 244.452277569
-2.14577066667 244.440718357
-2.140768 244.429104448
-2.13576533333 244.409591003
-2.13076266667 244.39181094
-2.12576 244.362351285
-2.12075733333 244.369626925
-2.11575466667 244.37271056
-2.110752 244.334255999
-2.10574933333 244.314526216
-2.10074666667 244.319060952
-2.095744 244.306669064
-2.09074133333 244.289949864
-2.08573866667 244.272696238
-2.080736 244.282013316
-2.07573333333 244.251220372
-2.07073066667 244.238577223
-2.065728 244.230172649
-2.06072533333 244.230679049
-2.05572266667 244.218017549
-2.05072 244.206979195
-2.04571733333 244.164743014
-2.04071466667 244.200051234
-2.035712 244.175093348
-2.03070933333 244.152266135
-2.02570666667 244.143771305
-2.020704 244.127377612
-2.01570133333 244.074190932
-2.01069866667 244.06304454
-2.005696 244.042226094
-2.00069333333 244.075827319
-1.99569066667 244.036996153
-1.990688 244.02863408
-1.98568533333 244.034673893
-1.98068266667 244.011729166
-1.97568 243.984228927
-1.97067733333 243.962055036
-1.96567466667 243.931101071
-1.960672 243.940298291
-1.95566933333 243.896485282
-1.95066666667 243.89728491
-1.945664 243.881916737
-1.94066133333 243.898174413
-1.93565866667 243.883503651
-1.930656 243.879404935
-1.92565333333 243.892798176
-1.92065066667 243.903023967
-1.915648 243.909431619
-1.91064533333 243.911539042
-1.90564266667 243.888074789
-1.90064 243.905669321
-1.89563733333 243.910894462
-1.89063466667 243.896625225
-1.885632 243.890554712
-1.88062933333 243.930085583
-1.87562666667 243.912120012
-1.870624 243.909479024
-1.86562133333 243.914229757
-1.86061866667 243.922032587
-1.855616 243.908258743
-1.85061333333 243.896269565
-1.84561066667 243.887408026
-1.840608 243.9145565
-1.83560533333 243.908230954
-1.83060266667 243.916297316
-1.8256 243.899560072
-1.82059733333 243.924255117
-1.81559466667 243.893987894
-1.810592 243.898424811
-1.80558933333 243.90862849
-1.80058666667 243.929169907
-1.795584 243.92325488
-1.79058133333 243.9214002
-1.78557866667 243.90243096
-1.780576 243.927191175
-1.77557333333 243.902177432
-1.77057066667 243.912967997
-1.765568 243.875702582
-1.76056533333 243.895289256
-1.75556266667 243.904211199
-1.75056 243.903373759
-1.74555733333 243.910778021
-1.74055466667 243.908731738
-1.735552 243.89720925
-1.73054933333 243.911089405
-1.72554666667 243.912280955
-1.720544 243.93191214
-1.71554133333 243.900053288
-1.71053866667 243.904175874
-1.705536 243.89057278
-1.70053333333 243.894413196
-1.69553066667 243.9156366
-1.690528 243.902314038
-1.68552533333 243.894506047
-1.68052266667 243.912777339
-1.67552 243.877256412
-1.67051733333 243.891508885
-1.66551466667 243.893261312
-1.660512 243.914478719
-1.65550933333 243.905789714
-1.65050666667 243.90312566
-1.645504 243.892177232
-1.64050133333 243.907234081
-1.63549866667 243.915094806
-1.630496 243.90812852
-1.62549333333 243.90758991
-1.62049066667 243.932968238
-1.615488 243.901122794
-1.61048533333 243.925087381
-1.60548266667 243.940263698
-1.60048 243.94261159
-1.59547733333 243.939849731
-1.59047466667 243.942627146
-1.585472 243.933909677
-1.58046933333 243.970220297
-1.57546666667 243.954198141
-1.570464 243.955302576
-1.56546133333 243.92677407
-1.56045866667 243.952478169
-1.555456 243.960737932
-1.55045333333 243.991229426
-1.54545066667 243.997414441
-1.540448 243.988462792
-1.53544533333 244.005655732
-1.53044266667 244.018738965
-1.52544 244.007645828
-1.52043733333 244.040126725
-1.51543466667 244.026344748
-1.510432 244.010348613
-1.50542933333 243.999618143
-1.50042666667 244.01889292
-1.495424 244.024759825
-1.49042133333 244.023514662
-1.48541866667 244.011577291
-1.480416 244.012527747
-1.47541333333 244.004022863
-1.47041066667 244.000145304
-1.465408 244.019175166
-1.46040533333 244.04037065
-1.45540266667 244.024510939
-1.4504 244.019218816
-1.44539733333 243.994608818
-1.44039466667 244.016718888
-1.435392 244.016407214
-1.43038933333 244.012618872
-1.42538666667 244.018251577
-1.420384 244.029989369
-1.41538133333 244.020322408
-1.41037866667 244.027870285
-1.405376 244.042796821
-1.40037333333 244.053035167
-1.39537066667 244.02890022
-1.390368 244.032144182
-1.38536533333 244.014024349
-1.38036266667 244.07542222
-1.37536 244.045701598
-1.37035733333 244.039555729
-1.36535466667 244.046290172
-1.360352 244.024565286
-1.35534933333 243.999393533
-1.35034666667 244.019722917
-1.345344 243.990552899
-1.34034133333 244.003644233
-1.33533866667 243.979312881
-1.330336 243.982597346
-1.32533333333 243.965249584
-1.32033066667 243.98725938
-1.315328 243.975325633
-1.31032533333 243.947371855
-1.30532266667 243.948187397
-1.30032 243.960490936
-1.29531733333 243.960443029
-1.29031466667 243.959602666
-1.285312 243.948669214
-1.28030933333 243.945144802
-1.27530666667 243.941862361
-1.270304 243.947078122
-1.26530133333 243.941446822
-1.26029866667 243.971051132
-1.255296 243.946490678
-1.25029333333 243.926630317
-1.24529066667 243.927107784
-1.240288 243.951809646
-1.23528533333 243.950688128
-1.23028266667 243.94936678
-1.22528 243.944020111
-1.22027733333 243.947501467
-1.21527466667 243.953506264
-1.210272 243.941331529
-1.20526933333 243.936783044
-1.20026666667 243.99095099
-1.195264 243.942733246
-1.19026133333 243.948209612
-1.18525866667 243.95355079
-1.180256 243.98434547
-1.17525333333 243.984490714
-1.17025066667 243.99011659
-1.165248 243.979471791
-1.16024533333 244.008186802
-1.15524266667 244.001221815
-1.15024 244.010391115
-1.14523733333 244.01605517
-1.14023466667 244.025796808
-1.135232 244.025168116
-1.13022933333 244.025290962
-1.12522666667 244.017523703
-1.120224 244.044305246
-1.11522133333 244.009898487
-1.11021866667 244.019226513
-1.105216 244.038450551
-1.10021333333 244.038099991
-1.09521066667 244.047628442
-1.090208 244.05311571
-1.08520533333 244.047659274
-1.08020266667 244.057156198
-1.0752 244.044499728
-1.07019733333 244.047142082
-1.06519466667 244.042574719
-1.060192 244.048656277
-1.05518933333 244.036710653
-1.05018666667 244.050890258
-1.045184 244.044348873
-1.04018133333 244.072690711
-1.03517866667 244.070728912
-1.030176 244.07075268
-1.02517333333 244.037801055
-1.02017066667 244.061962925
-1.015168 244.063833894
-1.01016533333 244.054908847
-1.00516266667 244.056385397
-1.00016 244.069655085
-0.995157333333 244.064570673
-0.990154666667 244.068277396
-0.985152 244.09031696
-0.980149333333 244.099748067
-0.975146666667 244.108008955
-0.970144 244.098484075
-0.965141333333 244.102959893
-0.960138666667 244.150767492
-0.955136 244.146686383
-0.950133333333 244.182240088
-0.945130666667 244.15659843
-0.940128 244.202595052
-0.935125333333 244.195168184
-0.930122666667 244.199561693
-0.92512 244.21462261
-0.920117333333 244.222260011
-0.915114666667 244.228704843
-0.910112 244.218139418
-0.905109333333 244.22137481
-0.900106666667 244.255312904
-0.895104 244.239426106
-0.890101333333 244.280344943
-0.885098666667 244.23851744
-0.880096 244.27000077
-0.875093333333 244.273836823
-0.870090666667 244.280439926
-0.865088 244.30277609
-0.860085333333 244.309266332
-0.855082666667 244.292754112
-0.85008 244.295181429
-0.845077333333 244.28748447
-0.840074666667 244.345172221
-0.835072 244.317704182
-0.830069333333 244.300958805
-0.825066666667 244.294166877
-0.820064 244.310730793
-0.815061333333 244.318008556
-0.810058666667 244.321469834
-0.805056 244.302068361
-0.800053333333 244.345292975
-0.795050666667 244.326962557
-0.790048 244.356627049
-0.785045333333 244.359756845
-0.780042666667 244.372639369
-0.77504 244.366145829
-0.770037333333 244.375828763
-0.765034666667 244.37028468
-0.760032 244.383997822
-0.755029333333 244.374727379
-0.750026666667 244.394960455
-0.745024 244.38003896
-0.740021333333 244.39092771
-0.735018666667 244.367934103
-0.730016 244.386140686
-0.725013333333 244.365649179
-0.720010666667 244.386337361
-0.715008 244.371725654
-0.710005333333 244.365486222
-0.705002666667 244.349850357
-0.7 244.355567367
-0.694997333333 244.366517182
-0.689994666667 244.355047039
-0.684992 244.354176374
-0.679989333333 244.371243638
-0.674986666667 244.360953304
-0.669984 244.368229037
-0.664981333333 244.330287432
-0.659978666667 244.358743625
-0.654976 244.314706559
-0.649973333333 244.3224888
-0.644970666667 244.290288837
-0.639968 244.294637381
-0.634965333333 244.296741062
-0.629962666667 244.282832981
-0.62496 244.274687076
-0.619957333333 244.301957335
-0.614954666667 244.29553716
-0.609952 244.304345972
-0.604949333333 244.274882923
-0.599946666667 244.282317651
-0.594944 244.252268401
-0.589941333333 244.260420553
-0.584938666667 244.262516272
-0.579936 244.254764507
-0.574933333333 244.262404317
-0.569930666667 244.238613184
-0.564928 244.245344041
-0.559925333333 244.267431923
-0.554922666667 244.255138313
-0.54992 244.257230769
-0.544917333333 244.236201838
-0.539914666667 244.262512913
-0.534912 244.225820641
-0.529909333333 244.255143855
-0.524906666667 244.266952463
-0.519904 244.232499195
-0.514901333333 244.263749822
-0.509898666667 244.245316313
-0.504896 244.231719417
-0.499893333333 244.280422603
-0.494890666667 244.251723956
-0.489888 244.26321359
-0.484885333333 244.242973113
-0.479882666667 244.295089317
-0.47488 244.275955812
-0.469877333333 244.26309276
-0.464874666667 244.269253356
-0.459872 244.283749325
-0.454869333333 244.264661511
-0.449866666667 244.271213998
-0.444864 244.274937223
-0.439861333333 244.298104582
-0.434858666667 244.290897597
-0.429856 244.27168641
-0.424853333333 244.276270786
-0.419850666667 244.290841294
-0.414848 244.292525133
-0.409845333333 244.281700481
-0.404842666667 244.26995734
-0.39984 244.283413834
-0.394837333333 244.281041418
-0.389834666667 244.297268658
-0.384832 244.268973312
-0.379829333333 244.294964753
-0.374826666667 244.276697241
-0.369824 244.292831731
-0.364821333333 244.288751274
-0.359818666667 244.301523599
-0.354816 244.297477559
-0.349813333333 244.315512012
-0.344810666667 244.282864043
-0.339808 244.306315715
-0.334805333333 244.282543609
-0.329802666667 244.318501867
-0.3248 244.313436574
-0.319797333333 244.342210375
-0.314794666667 244.320136295
-0.309792 244.3383451
-0.304789333333 244.341551273
-0.299786666667 244.395328018
-0.294784 244.396130218
-0.289781333333 244.399737576
-0.284778666667 244.391910831
-0.279776 244.43672013
-0.274773333333 244.425769444
-0.269770666667 244.443398313
-0.264768 244.444198224
-0.259765333333 244.48291633
-0.254762666667 244.463782269
-0.24976 244.491411238
-0.244757333333 244.494952758
-0.239754666667 244.524495793
-0.234752 244.515154499
-0.229749333333 244.530556778
-0.224746666667 244.523257362
-0.219744 244.549619691
-0.214741333333 244.562644204
-0.209738666667 244.58972473
-0.204736 244.585679284
-0.199733333333 244.617024169
-0.194730666667 244.614541758
-0.189728 244.627180013
-0.184725333333 244.653967944
-0.179722666667 244.679310982
-0.17472 244.691675603
-0.169717333333 244.681040592
-0.164714666667 244.688781478
-0.159712 244.722371973
-0.154709333333 244.753152324
-0.149706666667 244.748721587
-0.144704 244.730991544
-0.139701333333 244.748929877
-0.134698666667 244.743099469
-0.129696 244.734878143
-0.124693333333 244.728003595
-0.119690666667 244.772093237
-0.114688 244.748100042
-0.109685333333 244.754303668
-0.104682666667 244.738087967
-0.09968 244.765147787
-0.0946773333333 244.77257012
-0.0896746666667 244.756043515
-0.084672 244.741191375
-0.0796693333333 244.732862525
-0.0746666666667 244.738435575
-0.069664 244.74039761
-0.0646613333333 244.707020479
-0.0596586666667 244.723161646
-0.054656 244.675003537
-0.0496533333333 244.681097453
-0.0446506666667 244.652249375
-0.039648 244.661902345
-0.0346453333333 244.645071431
-0.0296426666667 244.63138294
-0.02464 244.636620037
-0.0196373333333 244.637467067
-0.0146346666667 244.631821287
-0.009632 244.62138713
-0.00462933333333 244.602114143
