（-8.3841,1），（-6.35802,1.5）
-9.99995733333 750.870656011
-9.99495466667 746.653789933
-9.989952 746.688282102
-9.98494933333 749.270425089
-9.97994666667 750.345047174
-9.974944 750.008576775
-9.96994133333 750.16675574
-9.96493866667 751.286932262
-9.959936 753.299623606
-9.95493333333 753.495522635
-9.94993066667 753.989615547
-9.944928 754.234610071
-9.93992533333 754.589323775
-9.93492266667 754.074015144
-9.92992 754.179407008
-9.92491733333 753.798670384
-9.91991466667 753.656524072
-9.914912 753.638302253
-9.90990933333 753.625630183
-9.90490666667 752.832396787
-9.899904 753.338277489
-9.89490133333 752.907204985
-9.88989866667 753.40198387
-9.884896 753.763752507
-9.87989333333 753.539096841
-9.87489066667 753.228799289
-9.869888 753.420950095
-9.86488533333 752.615288457
-9.85988266667 754.379072774
-9.85488 753.686467348
-9.84987733333 754.161877925
-9.84487466667 753.986017
-9.839872 753.315540884
-9.83486933333 752.971739319
-9.82986666667 752.029953375
-9.824864 752.030791056
-9.81986133333 751.173758554
-9.81485866667 752.549251642
-9.809856 752.830208146
-9.80485333333 755.843859566
-9.79985066667 756.880200779
-9.794848 756.783284734
-9.78984533333 755.790563179
-9.78484266667 752.424564976
-9.77984 752.180128264
-9.77483733333 751.592841691
-9.76983466667 751.060633994
-9.764832 750.769549343
-9.75982933333 750.341089297
-9.75482666667 749.679660063
-9.749824 749.768972824
-9.74482133333 749.820677909
-9.73981866667 749.892468054
-9.734816 749.984777251
-9.72981333333 749.718614881
-9.72481066667 748.869406625
-9.719808 749.156290468
-9.71480533333 748.585001191
-9.70980266667 749.108531531
-9.7048 749.219551927
-9.69979733333 749.455420681
-9.69479466667 749.119910196
-9.689792 749.33343111
-9.68478933333 749.210792977
-9.67978666667 749.397050794
-9.674784 749.427346932
-9.66978133333 750.470768422
-9.66477866667 751.562490795
-9.659776 752.532180409
-9.65477333333 752.159184188
-9.64977066667 752.565529285
-9.644768 752.270351084
-9.63976533333 752.396581435
-9.63476266667 752.310955462
-9.62976 753.118229674
-9.62475733333 753.43242158
-9.61975466667 750.049534218
-9.614752 748.917658659
-9.60974933333 749.061262887
-9.60474666667 749.046212506
-9.599744 748.972295761
-9.59474133333 749.348387772
-9.58973866667 748.687331978
-9.584736 749.028772816
-9.57973333333 748.74737005
-9.57473066667 748.819824939
-9.569728 749.072593605
-9.56472533333 748.574558424
-9.55972266667 748.149174164
-9.55472 747.921392763
-9.54971733333 747.715291388
-9.54471466667 748.089111757
-9.539712 748.207825102
-9.53470933333 748.041288807
-9.52970666667 748.651830857
-9.524704 748.567241892
-9.51970133333 748.3899887
-9.51469866667 748.192568049
-9.509696 748.431876562
-9.50469333333 748.051984169
-9.49969066667 747.182731874
-9.494688 746.87702747
-9.48968533333 747.50072676
-9.48468266667 747.86955906
-9.47968 748.207698269
-9.47467733333 748.664640815
-9.46967466667 748.106417272
-9.464672 748.451887309
-9.45966933333 748.649640927
-9.45466666667 748.502395471
-9.449664 748.449650473
-9.44466133333 748.324728161
-9.43965866667 748.256417543
-9.434656 747.870554985
-9.42965333333 747.753646392
-9.42465066667 746.814018054
-9.419648 747.481454683
-9.41464533333 747.225266708
-9.40964266667 748.255173209
-9.40464 748.107024053
-9.39963733333 749.48200033
-9.39463466667 748.579757291
-9.389632 749.630482002
-9.38462933333 748.634314158
-9.37962666667 748.283386804
-9.374624 749.350697738
-9.36962133333 751.350866744
-9.36461866667 753.58666788
-9.359616 752.976007496
-9.35461333333 752.71519716
-9.34961066667 752.73623922
-9.344608 752.67304742
-9.33960533333 752.984770789
-9.33460266667 753.41827459
-9.3296 752.986887809
-9.32459733333 752.386757845
-9.31959466667 753.03241022
-9.314592 752.264866649
-9.30958933333 752.33972052
-9.30458666667 751.682879456
-9.299584 751.908809726
-9.29458133333 751.923290622
-9.28957866667 751.720426163
-9.284576 751.213939807
-9.27957333333 751.39808432
-9.27457066667 751.072376602
-9.269568 751.326874845
-9.26456533333 751.193265171
-9.25956266667 751.499614685
-9.25456 750.9520105
-9.24955733333 751.011607956
-9.24455466667 751.032043586
-9.239552 751.558618721
-9.23454933333 751.159209739
-9.22954666667 751.238316662
-9.224544 750.97098669
-9.21954133333 751.096855517
-9.21453866667 751.311381028
-9.209536 751.214280456
-9.20453333333 751.238347607
-9.19953066667 751.367771828
-9.194528 751.117316917
-9.18952533333 750.970204144
-9.18452266667 751.203711391
-9.17952 750.738364352
-9.17451733333 749.002448962
-9.16951466667 748.42949233
-9.164512 748.520070748
-9.15950933333 747.017470082
-9.15450666667 745.83147006
-9.149504 745.693831324
-9.14450133333 745.821105574
-9.13949866667 746.168103193
-9.134496 746.24898584
-9.12949333333 746.528596788
-9.12449066667 745.156244306
-9.119488 745.740168908
-9.11448533333 745.74476241
-9.10948266667 745.902458581
-9.10448 745.871461559
-9.09947733333 745.822263077
-9.09447466667 746.283441655
-9.089472 746.601546807
-9.08446933333 745.624072298
-9.07946666667 746.235627939
-9.074464 745.867918129
-9.06946133333 746.075366967
-9.06445866667 746.396090602
-9.059456 746.591263569
-9.05445333333 746.498897701
-9.04945066667 746.467065614
-9.044448 746.620575989
-9.03944533333 746.981588582
-9.03444266667 748.173943932
-9.02944 748.025993869
-9.02443733333 747.931224625
-9.01943466667 748.23605408
-9.014432 747.342798791
-9.00942933333 747.161507609
-9.00442666667 747.165036679
-8.999424 747.422817935
-8.99442133333 747.46387176
-8.98941866667 746.941108259
-8.984416 746.351687799
-8.97941333333 745.992830182
-8.97441066667 745.554599943
-8.969408 745.428764456
-8.96440533333 745.326975293
-8.95940266667 746.446799709
-8.9544 746.284343723
-8.94939733333 745.945063678
-8.94439466667 747.078594609
-8.939392 747.557973236
-8.93438933333 747.129889564
-8.92938666667 747.220650453
-8.924384 746.700319297
-8.91938133333 746.6657951
-8.91437866667 746.154838726
-8.909376 746.219225221
-8.90437333333 745.397273545
-8.89937066667 745.837980136
-8.894368 745.258177869
-8.88936533333 744.960945757
-8.88436266667 745.119977294
-8.87936 744.974015075
-8.87435733333 744.454985343
-8.86935466667 744.316520244
-8.864352 744.417343144
-8.85934933333 744.560726171
-8.85434666667 744.489673013
-8.849344 744.250925785
-8.84434133333 744.586191551
-8.83933866667 743.786030258
-8.834336 743.276273802
-8.82933333333 744.035532142
-8.82433066667 744.348868922
-8.819328 744.41985698
-8.81432533333 744.24303274
-8.80932266667 744.830348033
-8.80432 744.61300755
-8.79931733333 745.177955201
-8.79431466667 744.70545669
-8.789312 744.954011033
-8.78430933333 744.912573951
-8.77930666667 744.95443117
-8.774304 744.501365726
-8.76930133333 744.789661482
-8.76429866667 744.477577353
-8.759296 744.816926025
-8.75429333333 744.478072243
-8.74929066667 744.525269698
-8.744288 744.80453287
-8.73928533333 745.062514825
-8.73428266667 744.54189515
-8.72928 745.058208213
-8.72427733333 744.847399445
-8.71927466667 745.246701696
-8.714272 744.443437505
-8.70926933333 744.544572344
-8.70426666667 744.86253249
-8.699264 744.804626741
-8.69426133333 744.551437489
-8.68925866667 744.643587954
-8.684256 744.615271534
-8.67925333333 745.001746959
-8.67425066667 744.654931371
-8.669248 744.93748373
-8.66424533333 745.625650235
-8.65924266667 747.705959052
-8.65424 748.58399362
-8.64923733333 748.963351547
-8.64423466667 748.511300797
-8.639232 748.286500595
-8.63422933333 748.062390944
-8.62922666667 747.655642781
-8.624224 747.372582183
-8.61922133333 747.365408033
-8.61421866667 747.468231559
-8.609216 747.858628951
-8.60421333333 747.86777742
-8.59921066667 747.749164246
-8.594208 746.186746682
-8.58920533333 747.404832438
-8.58420266667 746.726072472
-8.5792 746.611972621
-8.57419733333 746.487566117
-8.56919466667 747.211921784
-8.564192 747.33999707
-8.55918933333 747.705673619
-8.55418666667 748.04084469
-8.549184 747.596095109
-8.54418133333 747.177162425
-8.53917866667 747.519889931
-8.534176 747.152770584
-8.52917333333 747.291950811
-8.52417066667 747.00866282
-8.519168 746.82381531
-8.51416533333 746.585833971
-8.50916266667 746.225918393
-8.50416 745.541905246
-8.49915733333 744.432049098
-8.49415466667 743.987085968
-8.489152 746.332897486
-8.48414933333 746.595338951
-8.47914666667 746.714890437
-8.474144 746.764682118
-8.46914133333 746.127645736
-8.46413866667 745.29400544
-8.459136 744.802961583
-8.45413333333 744.595001809
-8.44913066667 745.170178211
-8.444128 745.192243732
-8.43912533333 745.482564826
-8.43412266667 746.098240898
-8.42912 747.351551686
-8.42411733333 747.163379756
-8.41911466667 747.857546801
-8.414112 747.946911279
-8.40910933333 747.935596352
-8.40410666667 748.063568561
-8.399104 747.518744227
-8.39410133333 747.332330078
-8.38909866667 747.367033854
-8.384096 747.028930601
-8.37909333333 746.647721752
-8.37409066667 745.645925418
-8.369088 745.347309262
-8.36408533333 744.89661487
-8.35908266667 744.870909104
-8.35408 744.624771777
-8.34907733333 744.546164657
-8.34407466667 744.279543553
-8.339072 744.343293602
-8.33406933333 744.491059788
-8.32906666667 744.276273492
-8.324064 744.034801488
-8.31906133333 744.318599687
-8.31405866667 743.878877366
-8.309056 744.0843828
-8.30405333333 743.832061768
-8.29905066667 743.836044688
-8.294048 743.718636682
-8.28904533333 743.585007972
-8.28404266667 743.514914122
-8.27904 743.653301392
-8.27403733333 743.081169683
-8.26903466667 743.181783094
-8.264032 742.853040632
-8.25902933333 743.022937701
-8.25402666667 742.886753278
-8.249024 742.733221453
-8.24402133333 742.720136416
-8.23901866667 743.083334968
-8.234016 742.286496917
-8.22901333333 742.6964042
-8.22401066667 742.397184583
-8.219008 742.424605864
-8.21400533333 741.952682992
-8.20900266667 741.9326681
-8.204 741.99174864
-8.19899733333 742.174482254
-8.19399466667 741.29465919
-8.188992 741.228827758
-8.18398933333 741.385092881
-8.17898666667 741.362184721
-8.173984 741.101552047
-8.16898133333 740.934022087
-8.16397866667 741.108520638
-8.158976 742.689082215
-8.15397333333 742.272224471
-8.14897066667 742.369044284
-8.143968 741.894469479
-8.13896533333 741.980355253
-8.13396266667 741.665640128
-8.12896 742.625137036
-8.12395733333 743.506858552
-8.11895466667 742.609016013
-8.113952 746.031662764
-8.10894933333 745.334698754
-8.10394666667 743.887294294
-8.098944 743.957572129
-8.09394133333 745.954825731
-8.08893866667 747.346919533
-8.083936 748.405745222
-8.07893333333 749.189926786
-8.07393066667 749.610627044
-8.068928 750.34171106
-8.06392533333 751.944106175
-8.05892266667 754.596671397
-8.05392 756.966168994
-8.04891733333 757.61187359
-8.04391466667 758.158527676
-8.038912 759.667677918
-8.03390933333 761.260081877
-8.02890666667 762.07386498
-8.023904 762.993968942
-8.01890133333 764.619566496
-8.01389866667 766.617206624
-8.008896 768.04445209
-8.00389333333 771.41277684
-7.99889066667 774.313832942
-7.993888 777.987483163
-7.98888533333 782.4140171
-7.98388266667 785.40563806
-7.97888 785.120811034
-7.97387733333 784.301181746
-7.96887466667 781.451703638
-7.963872 786.923372236
-7.95886933333 788.233132451
-7.95386666667 788.452383698
-7.948864 789.013284554
-7.94386133333 788.891346393
-7.93885866667 787.938634027
-7.933856 786.977425344
-7.92885333333 786.423250516
-7.92385066667 784.583495681
-7.918848 781.014641498
-7.91384533333 780.252740767
-7.90884266667 780.396738593
-7.90384 779.685888374
-7.89883733333 779.908760263
-7.89383466667 779.762871939
-7.888832 782.0401027
-7.88382933333 781.61082289
-7.87882666667 782.916367618
-7.873824 782.461236973
-7.86882133333 782.883403336
-7.86381866667 782.363627743
-7.858816 782.29425715
-7.85381333333 781.998544071
-7.84881066667 782.378396522
-7.843808 782.208489086
-7.83880533333 783.333243298
-7.83380266667 781.669706523
-7.8288 781.869908561
-7.82379733333 780.974063044
-7.81879466667 780.278610828
-7.813792 779.418552995
-7.80878933333 778.190771177
-7.80378666667 777.007961548
-7.798784 775.932531067
-7.79378133333 774.218258031
-7.78877866667 773.180826731
-7.783776 772.817259469
-7.77877333333 772.610296299
-7.77377066667 771.573226369
-7.768768 765.620381522
-7.76376533333 759.613955708
-7.75876266667 756.509504248
-7.75376 757.36548648
-7.74875733333 760.29638109
-7.74375466667 762.550078988
-7.738752 765.312802303
-7.73374933333 766.575235265
-7.72874666667 766.854162895
-7.723744 766.171054086
-7.71874133333 766.249352402
-7.71373866667 765.991194272
-7.708736 765.739546757
-7.70373333333 765.621234362
-7.69873066667 764.638274317
-7.693728 764.022615844
-7.68872533333 763.890046573
-7.68372266667 763.536904166
-7.67872 763.675210401
-7.67371733333 762.493170008
-7.66871466667 762.500939228
-7.663712 762.290750702
-7.65870933333 762.194639154
-7.65370666667 762.03366513
-7.648704 762.32763009
-7.64370133333 761.323288641
-7.63869866667 761.313002736
-7.633696 760.90055232
-7.62869333333 760.472106135
-7.62369066667 760.883719611
-7.618688 761.35248507
-7.61368533333 761.524787793
-7.60868266667 761.346646666
-7.60368 761.032459566
-7.59867733333 760.891447946
-7.59367466667 760.850861534
-7.588672 760.557317664
-7.58366933333 760.199232327
-7.57866666667 759.938989279
-7.573664 759.281203349
-7.56866133333 759.51114224
-7.56365866667 758.907310658
-7.558656 757.348448837
-7.55365333333 754.153043325
-7.54865066667 753.245830618
-7.543648 753.698071148
-7.53864533333 754.632783715
-7.53364266667 754.917161575
-7.52864 755.673630266
-7.52363733333 755.072995639
-7.51863466667 754.938636463
-7.513632 754.260979957
-7.50862933333 754.130598548
-7.50362666667 754.382168153
-7.498624 756.449628733
-7.49362133333 754.943010796
-7.48861866667 754.19015833
-7.483616 753.832106063
-7.47861333333 754.432145179
-7.47361066667 753.788445556
-7.468608 753.200427204
-7.46360533333 751.71565679
-7.45860266667 752.87346909
-7.4536 753.608632213
-7.44859733333 753.670548573
-7.44359466667 754.737288429
-7.438592 753.470367663
-7.43358933333 753.981594548
-7.42858666667 754.952320649
-7.423584 756.708621494
-7.41858133333 760.318368611
-7.41357866667 760.788676157
-7.408576 760.772939814
-7.40357333333 760.479892213
-7.39857066667 760.404262233
-7.393568 759.028070153
-7.38856533333 759.924910075
-7.38356266667 759.946795889
-7.37856 760.007990114
-7.37355733333 760.164573991
-7.36855466667 759.793298399
-7.363552 759.578413366
-7.35854933333 760.041195678
-7.35354666667 759.881887292
-7.348544 760.121637104
-7.34354133333 759.582497814
-7.33853866667 759.520277597
-7.333536 758.855949956
-7.32853333333 758.980255624
-7.32353066667 758.519999377
-7.318528 759.188466482
-7.31352533333 757.985029828
-7.30852266667 758.126382194
-7.30352 757.952582365
-7.29851733333 757.981488698
-7.29351466667 757.642288166
-7.288512 757.650682231
-7.28350933333 757.578756792
-7.27850666667 757.487259599
-7.273504 756.920084679
-7.26850133333 756.896737149
-7.26349866667 756.695036626
-7.258496 756.604233504
-7.25349333333 755.987913059
-7.24849066667 756.099649206
-7.243488 755.51409721
-7.23848533333 756.186888871
-7.23348266667 755.881552824
-7.22848 755.602299581
-7.22347733333 755.393727879
-7.21847466667 755.464286889
-7.213472 754.916749592
-7.20846933333 755.279509724
-7.20346666667 754.949401582
-7.198464 755.250001088
-7.19346133333 755.147348461
-7.18845866667 754.741128376
-7.183456 754.41980905
-7.17845333333 755.02038454
-7.17345066667 754.605028967
-7.168448 755.051517783
-7.16344533333 754.515227132
-7.15844266667 754.503081357
-7.15344 754.250626116
-7.14843733333 754.61272983
-7.14343466667 754.092085327
-7.138432 754.446447853
-7.13342933333 754.190323812
-7.12842666667 754.160052688
-7.123424 754.037427366
-7.11842133333 754.294491468
-7.11341866667 754.606011195
-7.108416 754.918195648
-7.10341333333 754.729296393
-7.09841066667 755.041061888
-7.093408 754.782262549
-7.08840533333 754.841154204
-7.08340266667 754.731672316
-7.0784 754.688415406
-7.07339733333 754.60386323
-7.06839466667 754.789798647
-7.063392 754.698649528
-7.05838933333 755.105435137
-7.05338666667 754.453425252
-7.048384 754.811525536
-7.04338133333 754.747468992
-7.03837866667 754.117609689
-7.033376 754.444167489
-7.02837333333 754.498690564
-7.02337066667 754.02863698
-7.018368 754.573698021
-7.01336533333 754.160582835
-7.00836266667 754.177269149
-7.00336 754.025628095
-6.99835733333 753.96679792
-6.99335466667 753.890058064
-6.988352 754.50273986
-6.98334933333 753.588677966
-6.97834666667 753.798697796
-6.973344 753.607486387
-6.96834133333 753.707257753
-6.96333866667 754.055721011
-6.958336 754.260901851
-6.95333333333 754.17034153
-6.94833066667 754.621752862
-6.943328 754.101943736
-6.93832533333 754.268243329
-6.93332266667 754.104768068
-6.92832 753.706379398
-6.92331733333 753.49360332
-6.91831466667 753.826296443
-6.913312 753.12493693
-6.90830933333 753.422249835
-6.90330666667 753.088671091
-6.898304 753.074153834
-6.89330133333 753.039726723
-6.88829866667 752.97772657
-6.883296 752.544743811
-6.87829333333 753.677504174
-6.87329066667 753.159167751
-6.868288 753.424313246
-6.86328533333 752.989972751
-6.85828266667 752.763267042
-6.85328 752.679095529
-6.84827733333 753.134061733
-6.84327466667 752.720601199
-6.838272 752.881899738
-6.83326933333 752.535250098
-6.82826666667 752.27835699
-6.823264 752.521378078
-6.81826133333 752.4789383
-6.81325866667 752.155371377
-6.808256 752.146579066
-6.80325333333 751.853330676
-6.79825066667 752.070575495
-6.793248 751.343820021
-6.78824533333 751.439088527
-6.78324266667 751.72423186
-6.77824 751.647969521
-6.77323733333 751.006594425
-6.76823466667 751.16035461
-6.763232 751.008917091
-6.75822933333 751.62431011
-6.75322666667 751.865189075
-6.748224 751.614503612
-6.74322133333 751.482715107
-6.73821866667 751.464684879
-6.733216 751.134136224
-6.72821333333 751.751153176
-6.72321066667 751.677281137
-6.718208 751.562230097
-6.71320533333 751.479780392
-6.70820266667 751.74469671
-6.7032 751.661350084
-6.69819733333 752.123011402
-6.69319466667 751.434720844
-6.688192 751.860787605
-6.68318933333 751.448830499
-6.67818666667 751.217660953
-6.673184 751.640112568
-6.66818133333 751.831762883
-6.66317866667 751.546908571
-6.658176 752.046006476
-6.65317333333 751.450386394
-6.64817066667 751.54348594
-6.643168 751.869329501
-6.63816533333 751.07551317
-6.63316266667 750.671528939
-6.62816 751.094517356
-6.62315733333 750.804278463
-6.61815466667 751.204569834
-6.613152 750.81197146
-6.60814933333 751.135226913
-6.60314666667 751.463285203
-6.598144 751.437687446
-6.59314133333 751.142456153
-6.58813866667 751.58069177
-6.583136 751.329096561
-6.57813333333 751.549142923
-6.57313066667 751.787417634
-6.568128 751.740650622
-6.56312533333 751.626295497
-6.55812266667 751.51810124
-6.55312 751.321557747
-6.54811733333 751.523393485
-6.54311466667 751.137823316
-6.538112 751.605598656
-6.53310933333 751.373636542
-6.52810666667 750.868255565
-6.523104 751.065839464
-6.51810133333 751.273961576
-6.51309866667 751.001773038
-6.508096 751.685169335
-6.50309333333 751.209230606
-6.49809066667 751.562318582
-6.493088 751.674307731
-6.48808533333 751.907961334
-6.48308266667 751.577020461
-6.47808 751.584611763
-6.47307733333 751.362099765
-6.46807466667 751.964734569
-6.463072 751.568037678
-6.45806933333 751.749279282
-6.45306666667 751.478914843
-6.448064 751.465914584
-6.44306133333 750.951709673
-6.43805866667 751.421888338
-6.433056 750.876884857
-6.42805333333 751.260421157
-6.42305066667 751.121039405
-6.418048 751.198451141
-6.41304533333 751.127362403
-6.40804266667 750.856162026
-6.40304 750.202489494
-6.39803733333 750.326087179
-6.39303466667 750.10319016
-6.388032 750.536727762
-6.38302933333 750.145418722
-6.37802666667 749.92418312
-6.373024 750.116281318
-6.36802133333 750.645890591
-6.36301866667 750.194513108
-6.358016 751.054011367
-6.35301333333 751.219485173
-6.34801066667 751.29170918
-6.343008 751.284250407
-6.33800533333 751.303697902
-6.33300266667 750.898581465
-6.328 751.530403054
-6.32299733333 751.102123698
-6.31799466667 751.059189549
-6.312992 750.66627698
-6.30798933333 750.426333437
-6.30298666667 750.275978254
-6.297984 750.453274217
-6.29298133333 749.635152697
-6.28797866667 750.092835439
-6.282976 749.599846587
-6.27797333333 749.772218837
-6.27297066667 749.884416125
-6.267968 749.674642405
-6.26296533333 749.558160317
-6.25796266667 749.690267994
-6.25296 749.336565608
-6.24795733333 749.360236814
-6.24295466667 749.176406287
-6.237952 749.506291994
-6.23294933333 749.311723513
-6.22794666667 749.077846393
-6.222944 749.094093728
-6.21794133333 749.316351516
-6.21293866667 748.908237477
-6.207936 749.143344203
-6.20293333333 749.122277455
-6.19793066667 748.909828059
-6.192928 748.798230944
-6.18792533333 749.124278534
-6.18292266667 748.370603979
-6.17792 748.873153754
-6.17291733333 748.807535251
-6.16791466667 748.666003705
-6.162912 748.508730486
-6.15790933333 749.045500004
-6.15290666667 748.614791589
-6.147904 748.967238715
-6.14290133333 748.622063574
-6.13789866667 749.155129944
-6.132896 749.179372333
-6.12789333333 749.616351554
-6.12289066667 749.836699943
-6.117888 749.694718812
-6.11288533333 750.079853973
-6.10788266667 750.646588967
-6.10288 750.881604122
-6.09787733333 751.260344674
-6.09287466667 751.230884034
-6.087872 751.673161863
-6.08286933333 751.985282876
-6.07786666667 752.719905827
-6.072864 752.978997803
-6.06786133333 753.593221939
-6.06285866667 754.524458643
-6.057856 754.894641635
-6.05285333333 754.359568031
-6.04785066667 755.390280259
-6.042848 755.131355196
-6.03784533333 756.833621407
-6.03284266667 756.842403005
-6.02784 756.927367109
-6.02283733333 757.376598134
-6.01783466667 757.878641906
-6.012832 758.062141582
-6.00782933333 760.112157255
-6.00282666667 759.403141936
-5.997824 760.443747046
-5.99282133333 759.553505041
-5.98781866667 759.612994391
-5.982816 759.615127558
-5.97781333333 759.431852729
-5.97281066667 759.078503814
-5.967808 758.345818307
-5.96280533333 757.301935761
-5.95780266667 757.620493699
-5.9528 757.293746036
-5.94779733333 757.201955631
-5.94279466667 757.130849882
-5.937792 757.301568574
-5.93278933333 756.754544749
-5.92778666667 756.9179892
-5.922784 756.418974292
-5.91778133333 756.190081893
-5.91277866667 756.033605267
-5.907776 756.520011652
-5.90277333333 756.057068301
-5.89777066667 755.803334191
-5.892768 755.729950359
-5.88776533333 755.886642246
-5.88276266667 756.012108913
-5.87776 756.617233771
-5.87275733333 755.938569373
-5.86775466667 756.046802079
-5.862752 756.270396013
-5.85774933333 755.941601418
-5.85274666667 756.338402587
-5.847744 755.461097097
-5.84274133333 754.936293716
-5.83773866667 755.395705924
-5.832736 754.957854735
-5.82773333333 755.13734966
-5.82273066667 755.684950468
-5.817728 755.484564886
-5.81272533333 754.780028282
-5.80772266667 754.544483966
-5.80272 754.291623738
-5.79771733333 754.18481735
-5.79271466667 753.444203254
-5.787712 753.272037094
-5.78270933333 753.167480376
-5.77770666667 752.935888301
-5.772704 752.497980168
-5.76770133333 752.553442075
-5.76269866667 752.217136521
-5.757696 752.238438748
-5.75269333333 752.185042509
-5.74769066667 751.613910244
-5.742688 751.224969105
-5.73768533333 751.481909289
-5.73268266667 750.506914179
-5.72768 750.75117326
-5.72267733333 751.026239513
-5.71767466667 750.510277097
-5.712672 750.274684505
-5.70766933333 750.319191887
-5.70266666667 750.023198537
-5.697664 749.865190293
-5.69266133333 749.567877943
-5.68765866667 749.111493677
-5.682656 749.470668089
-5.67765333333 749.22487222
-5.67265066667 748.767946234
-5.667648 748.922621458
-5.66264533333 748.460222466
-5.65764266667 748.487149949
-5.65264 748.082309355
-5.64763733333 748.051087448
-5.64263466667 748.08367599
-5.637632 748.151890687
-5.63262933333 747.700796274
-5.62762666667 747.851669477
-5.622624 747.746604742
-5.61762133333 747.20944001
-5.61261866667 747.216942605
-5.607616 747.214353168
-5.60261333333 746.397769774
-5.59761066667 747.109731387
-5.592608 746.903987166
-5.58760533333 747.841827017
-5.58260266667 747.56065454
-5.5776 748.095760409
-5.57259733333 748.154754962
-5.56759466667 749.684933587
-5.562592 752.655556561
-5.55758933333 752.404812632
-5.55258666667 753.149450923
-5.547584 753.902468949
-5.54258133333 753.944927856
-5.53757866667 754.931034594
-5.532576 755.341565665
-5.52757333333 756.521675579
-5.52257066667 757.709443186
-5.517568 758.563076328
-5.51256533333 758.670756166
-5.50756266667 756.926435748
-5.50256 756.582713559
-5.49755733333 757.207773277
-5.49255466667 757.561395715
-5.487552 758.532390215
-5.48254933333 758.505053825
-5.47754666667 759.320091145
-5.472544 759.559053654
-5.46754133333 759.284445377
-5.46253866667 759.148177858
-5.457536 759.16712564
-5.45253333333 758.715290299
-5.44753066667 758.973929473
-5.442528 758.862753545
-5.43752533333 758.877153632
-5.43252266667 758.786340496
-5.42752 758.681031284
-5.42251733333 758.452743295
-5.41751466667 758.683837346
-5.412512 758.340817713
-5.40750933333 758.442455739
-5.40250666667 758.305167939
-5.397504 758.196108839
-5.39250133333 757.916984995
-5.38749866667 757.959496638
-5.382496 757.825659236
-5.37749333333 757.862081563
-5.37249066667 757.2732959
-5.367488 756.820546032
-5.36248533333 756.442700937
-5.35748266667 756.335929288
-5.35248 756.261495677
-5.34747733333 756.345178012
-5.34247466667 755.958073711
-5.337472 756.529836021
-5.33246933333 755.529707652
-5.32746666667 755.50644741
-5.322464 755.443302914
-5.31746133333 754.981892876
-5.31245866667 754.881256211
-5.307456 754.894930223
-5.30245333333 754.468829284
-5.29745066667 754.741090102
-5.292448 754.459360153
-5.28744533333 754.310900346
-5.28244266667 754.601023069
-5.27744 754.173048029
-5.27243733333 754.035817718
-5.26743466667 754.264450205
-5.262432 754.075683892
-5.25742933333 754.705741288
-5.25242666667 754.647356109
-5.247424 755.220155517
-5.24242133333 755.625595254
-5.23741866667 756.647456713
-5.232416 756.335241082
-5.22741333333 757.195565368
-5.22241066667 756.832283859
-5.217408 756.311319001
-5.21240533333 755.974949372
-5.20740266667 755.689141474
-5.2024 755.358002277
-5.19739733333 755.42972948
-5.19239466667 754.936447627
-5.187392 754.64590318
-5.18238933333 754.10644111
-5.17738666667 754.075263449
-5.172384 753.723621251
-5.16738133333 753.024449479
-5.16237866667 752.780797283
-5.157376 752.296922751
-5.15237333333 751.653894123
-5.14737066667 751.841220216
-5.142368 750.79974958
-5.13736533333 751.261129243
-5.13236266667 750.515482283
-5.12736 750.372992672
-5.12235733333 750.284189908
-5.11735466667 750.845682037
-5.112352 750.803253417
-5.10734933333 750.850506743
-5.10234666667 750.570618593
-5.097344 751.278056598
-5.09234133333 751.434220843
-5.08733866667 751.886240873
-5.082336 751.408220512
-5.07733333333 751.531267959
-5.07233066667 751.037780739
-5.067328 751.280630606
-5.06232533333 751.286688561
-5.05732266667 751.516889227
-5.05232 751.354419912
-5.04731733333 751.343088487
-5.04231466667 751.677362858
-5.037312 751.959786665
-5.03230933333 751.883665052
-5.02730666667 751.934937195
-5.022304 752.287411572
-5.01730133333 752.642216728
-5.01229866667 752.405908438
-5.007296 752.474969457
-5.00229333333 752.075507207
-4.99729066667 752.326080503
-4.992288 752.05079814
-4.98728533333 752.048132489
-4.98228266667 752.024481773
-4.97728 751.965876653
-4.97227733333 751.362190935
-4.96727466667 751.641549465
-4.962272 751.528920932
-4.95726933333 751.522358263
-4.95226666667 751.122658902
-4.947264 751.00402786
-4.94226133333 751.186396097
-4.93725866667 751.202560958
-4.932256 750.853164578
-4.92725333333 751.222869064
-4.92225066667 751.223122245
-4.917248 751.006504217
-4.91224533333 750.985237155
-4.90724266667 750.671976732
-4.90224 750.700013901
-4.89723733333 750.845530681
-4.89223466667 750.314850459
-4.887232 750.903437522
-4.88222933333 750.846798752
-4.87722666667 750.453824739
-4.872224 750.399941354
-4.86722133333 750.750210253
-4.86221866667 750.483189069
-4.857216 750.951596331
-4.85221333333 750.437750458
-4.84721066667 750.837296909
-4.842208 750.554316942
-4.83720533333 750.963538146
-4.83220266667 750.800767902
-4.8272 750.796617045
-4.82219733333 750.647230536
-4.81719466667 750.854877217
-4.812192 751.136789999
-4.80718933333 751.314618968
-4.80218666667 751.120854686
-4.797184 751.038717448
-4.79218133333 750.762808451
-4.78717866667 750.915160428
-4.782176 750.422830586
-4.77717333333 750.550542919
-4.77217066667 750.08549452
-4.767168 750.275902672
-4.76216533333 750.067404911
-4.75716266667 749.951221932
-4.75216 749.514643523
-4.74715733333 749.979552736
-4.74215466667 749.373760723
-4.737152 749.696685147
-4.73214933333 749.442958743
-4.72714666667 749.504104275
-4.722144 750.023490476
-4.71714133333 750.087130833
-4.71213866667 749.895313234
-4.707136 749.988314913
-4.70213333333 749.939240553
-4.69713066667 750.10592332
-4.692128 749.500046243
-4.68712533333 749.90012833
-4.68212266667 749.941346391
-4.67712 751.362663684
-4.67211733333 750.633755002
-4.66711466667 751.048487437
-4.662112 751.049558797
-4.65710933333 751.502970127
-4.65210666667 751.326794657
-4.647104 751.75790218
-4.64210133333 751.718310457
-4.63709866667 751.682437468
-4.632096 751.385836029
-4.62709333333 751.91503809
-4.62209066667 751.901071795
-4.617088 751.933694614
-4.61208533333 751.740977504
-4.60708266667 751.72959496
-4.60208 751.614881941
-4.59707733333 752.111896044
-4.59207466667 751.354921923
-4.587072 751.378890122
-4.58206933333 751.030203984
-4.57706666667 750.665087187
-4.572064 750.540598614
-4.56706133333 750.452677806
-4.56205866667 749.763681281
-4.557056 750.047249171
-4.55205333333 749.301089111
-4.54705066667 749.205219777
-4.542048 749.008482722
-4.53704533333 749.379670536
-4.53204266667 748.851545507
-4.52704 748.92142841
-4.52203733333 748.168474861
-4.51703466667 748.319316639
-4.512032 748.04895758
-4.50702933333 747.78781788
-4.50202666667 747.553769486
-4.497024 747.566908289
-4.49202133333 746.907092383
-4.48701866667 746.286610498
-4.482016 746.062773467
-4.47701333333 746.717500537
-4.47201066667 746.650471077
-4.467008 746.46817973
-4.46200533333 746.419266219
-4.45700266667 746.137691728
-4.452 745.503534455
-4.44699733333 745.712057234
-4.44199466667 745.69795498
-4.436992 746.027216309
-4.43198933333 745.878464921
-4.42698666667 746.485873389
-4.421984 746.652885003
-4.41698133333 746.599652708
-4.41197866667 746.558000035
-4.406976 746.638513612
-4.40197333333 746.244744053
-4.39697066667 746.620069254
-4.391968 746.480125088
-4.38696533333 746.144327901
-4.38196266667 746.450847875
-4.37696 746.673646255
-4.37195733333 746.424711854
-4.36695466667 747.12818183
-4.361952 746.591559261
-4.35694933333 746.991263379
-4.35194666667 746.446699945
-4.346944 746.501451341
-4.34194133333 746.573773385
-4.33693866667 746.7877571
-4.331936 746.320427544
-4.32693333333 746.761603629
-4.32193066667 746.641132412
-4.316928 746.574884488
-4.31192533333 746.638474861
-4.30692266667 746.803217873
-4.30192 746.676829777
-4.29691733333 747.142562257
-4.29191466667 746.546751817
-4.286912 746.684084042
-4.28190933333 746.941306357
-4.27690666667 747.068278794
-4.271904 746.890908299
-4.26690133333 746.806106494
-4.26189866667 746.67532399
-4.256896 747.253917229
-4.25189333333 746.795742813
-4.24689066667 746.709495173
-4.241888 747.158642594
-4.23688533333 746.808853282
-4.23188266667 746.793439394
-4.22688 747.10181225
-4.22187733333 746.665865664
-4.21687466667 746.859780455
-4.211872 746.818618854
-4.20686933333 746.924547897
-4.20186666667 746.844522545
-4.196864 747.281569795
-4.19186133333 747.121562719
-4.18685866667 747.755978482
-4.181856 747.661177293
-4.17685333333 747.758699417
-4.17185066667 747.430973707
-4.166848 747.629003626
-4.16184533333 748.247772729
-4.15684266667 748.603352779
-4.15184 748.238913231
-4.14683733333 748.554558677
-4.14183466667 748.623128584
-4.136832 748.885723439
-4.13182933333 748.691274972
-4.12682666667 749.143868606
-4.121824 749.862770137
-4.11682133333 749.750015542
-4.11181866667 749.044233134
-4.106816 748.987661552
-4.10181333333 748.304532874
-4.09681066667 748.14878824
-4.091808 747.747340722
-4.08680533333 747.998373293
-4.08180266667 747.480744933
-4.0768 747.699299484
-4.07179733333 747.66875753
-4.06679466667 747.740471203
-4.061792 747.450657683
-4.05678933333 747.570095564
-4.05178666667 747.599369433
-4.046784 747.611670597
-4.04178133333 747.501116516
-4.03677866667 747.851073116
-4.031776 747.448874854
-4.02677333333 747.9289863
-4.02177066667 747.56795014
-4.016768 747.8398509
-4.01176533333 747.820596314
-4.00676266667 747.852756728
-4.00176 747.09182529
-3.99675733333 747.373513291
-3.99175466667 747.306986408
-3.986752 747.545030519
-3.98174933333 747.21628594
-3.97674666667 747.175008645
-3.971744 746.762301837
-3.96674133333 746.7675701
-3.96173866667 746.427365437
-3.956736 746.865104141
-3.95173333333 746.161075276
-3.94673066667 746.575877465
-3.941728 746.814310055
-3.93672533333 747.139894681
-3.93172266667 746.850083918
-3.92672 746.962915014
-3.92171733333 746.697377445
-3.91671466667 746.97814251
-3.911712 746.832497303
-3.90670933333 747.082343309
-3.90170666667 747.145575681
-3.896704 747.090825379
-3.89170133333 746.728482626
-3.88669866667 746.914990585
-3.881696 746.448057898
-3.87669333333 746.25482174
-3.87169066667 746.482245308
-3.866688 746.359330423
-3.86168533333 746.903243773
-3.85668266667 747.946492953
-3.85168 747.888339357
-3.84667733333 747.898036435
-3.84167466667 747.5975743
-3.836672 748.068111055
-3.83166933333 747.913810905
-3.82666666667 748.222810593
-3.821664 747.571311505
-3.81666133333 748.019507435
-3.81165866667 747.63726679
-3.806656 747.928164295
-3.80165333333 747.805255092
-3.79665066667 748.125352108
-3.791648 747.776212681
-3.78664533333 748.015997448
-3.78164266667 747.548968413
-3.77664 747.828350707
-3.77163733333 747.449725044
-3.76663466667 747.493453131
-3.761632 747.593903503
-3.75662933333 747.752603084
-3.75162666667 747.241454981
-3.746624 747.385967225
-3.74162133333 746.951721207
-3.73661866667 747.130788249
-3.731616 746.751818142
-3.72661333333 746.813320226
-3.72161066667 746.789567612
-3.716608 746.768362501
-3.71160533333 746.377307985
-3.70660266667 746.3263014
-3.7016 745.990407427
-3.69659733333 746.282104497
-3.69159466667 746.040620225
-3.686592 745.843694178
-3.68158933333 745.596262996
-3.67658666667 745.865679622
-3.671584 745.802853063
-3.66658133333 745.713127022
-3.66157866667 745.202795807
-3.656576 745.46378911
-3.65157333333 745.136144905
-3.64657066667 745.329383663
-3.641568 745.353129169
-3.63656533333 745.53835793
-3.63156266667 744.84159496
-3.62656 744.650294228
-3.62155733333 744.438173834
-3.61655466667 744.40377305
-3.611552 744.528749922
-3.60654933333 744.795224921
-3.60154666667 744.799338821
-3.596544 744.850964631
-3.59154133333 744.678382495
-3.58653866667 744.961506365
-3.581536 744.608318643
-3.57653333333 744.822820118
-3.57153066667 744.667726009
-3.566528 744.843003291
-3.56152533333 744.525188503
-3.55652266667 745.177542395
-3.55152 744.365237578
-3.54651733333 744.551448232
-3.54151466667 744.163651139
-3.536512 744.102064838
-3.53150933333 744.079056608
-3.52650666667 744.210416884
-3.521504 744.466104157
-3.51650133333 744.499610872
-3.51149866667 744.094744268
-3.506496 744.571072415
-3.50149333333 744.746640793
-3.49649066667 744.766960933
-3.491488 744.771306126
-3.48648533333 744.797477012
-3.48148266667 744.635066735
-3.47648 744.957663494
-3.47147733333 744.612591515
-3.46647466667 745.057869355
-3.461472 744.344217514
-3.45646933333 744.735571452
-3.45146666667 744.07716766
-3.446464 744.279319834
-3.44146133333 744.121588065
-3.43645866667 744.441926568
-3.431456 743.845776935
-3.42645333333 744.526053553
-3.42145066667 744.673707986
-3.416448 744.943302819
-3.41144533333 744.694891278
-3.40644266667 745.057280566
-3.40144 744.325944799
-3.39643733333 744.752459987
-3.39143466667 744.467472349
-3.386432 745.187174518
-3.38142933333 746.036471106
-3.37642666667 746.323787498
-3.371424 745.981013417
-3.36642133333 746.837622746
-3.36141866667 747.541796236
-3.356416 747.862862533
-3.35141333333 747.208283111
-3.34641066667 747.774289149
-3.341408 747.423976891
-3.33640533333 747.677104137
-3.33140266667 747.489630033
-3.3264 747.735855607
-3.32139733333 747.506254456
-3.31639466667 747.810185552
-3.311392 747.475126573
-3.30638933333 747.815583962
-3.30138666667 747.54475193
-3.296384 747.63890968
-3.29138133333 747.38305283
-3.28637866667 747.755968332
-3.281376 747.254012481
-3.27637333333 747.327671029
-3.27137066667 747.199956721
-3.266368 747.640538186
-3.26136533333 747.357974845
-3.25636266667 747.438983544
-3.25136 747.046367013
-3.24635733333 747.47715092
-3.24135466667 747.268664173
-3.236352 747.497311102
-3.23134933333 747.443074978
-3.22634666667 747.538794882
-3.221344 747.146362181
-3.21634133333 747.531527278
-3.21133866667 747.347569363
-3.206336 747.561732197
-3.20133333333 747.450185055
-3.19633066667 747.361428069
-3.191328 747.462616713
-3.18632533333 747.374896572
-3.18132266667 747.075965704
-3.17632 747.213196169
-3.17131733333 746.763940762
-3.16631466667 747.191609648
-3.161312 747.003694987
-3.15630933333 747.045471852
-3.15130666667 747.024508599
-3.146304 746.93833495
-3.14130133333 746.269973103
-3.13629866667 746.514364328
-3.131296 746.226473522
-3.12629333333 746.385603262
-3.12129066667 746.627584367
-3.116288 746.783960473
-3.11128533333 746.373053005
-3.10628266667 746.967917474
-3.10128 746.223604691
-3.09627733333 746.17776411
-3.09127466667 744.968716739
-3.086272 745.106006534
-3.08126933333 744.893037774
-3.07626666667 744.935678501
-3.071264 744.311652527
-3.06626133333 744.911340752
-3.06125866667 744.379289937
-3.056256 744.257337288
-3.05125333333 743.684805235
-3.04625066667 743.885750899
-3.041248 743.525424649
-3.03624533333 743.76031643
-3.03124266667 742.927783873
-3.02624 742.997601973
-3.02123733333 743.057892323
-3.01623466667 743.230233992
-3.011232 742.763006869
-3.00622933333 742.638441442
-3.00122666667 742.180485119
-2.996224 742.699355372
-2.99122133333 742.699486746
-2.98621866667 742.758473716
-2.981216 742.373443043
-2.97621333333 742.493518
-2.97121066667 742.604146976
-2.966208 742.818421931
-2.96120533333 742.205454073
-2.95620266667 742.8152581
-2.9512 742.68963653
-2.94619733333 742.676165809
-2.94119466667 743.072215327
-2.936192 742.986707468
-2.93118933333 742.819450416
-2.92618666667 743.175787585
-2.921184 743.315963525
-2.91618133333 743.43979429
-2.91117866667 743.555864679
-2.906176 743.961302634
-2.90117333333 744.096994674
-2.89617066667 743.854192465
-2.891168 743.93285628
-2.88616533333 744.17373455
-2.88116266667 744.296986699
-2.87616 744.672690309
-2.87115733333 744.506397159
-2.86615466667 744.174971582
-2.861152 744.3163433
-2.85614933333 744.667500072
-2.85114666667 744.156397226
-2.846144 744.789560707
-2.84114133333 744.461079239
-2.83613866667 744.77704025
-2.831136 744.442657355
-2.82613333333 744.468452458
-2.82113066667 744.200048635
-2.816128 743.899432283
-2.81112533333 743.262430796
-2.80612266667 743.572781395
-2.80112 743.4152686
-2.79611733333 743.365647079
-2.79111466667 742.532721688
-2.786112 742.904307637
-2.78110933333 742.641444461
-2.77610666667 742.884090649
-2.771104 742.696512705
-2.76610133333 743.026345651
-2.76109866667 742.859067377
-2.756096 743.293337492
-2.75109333333 743.323660437
-2.74609066667 743.720300191
-2.741088 745.136156061
-2.73608533333 745.510780138
-2.73108266667 744.514647542
-2.72608 745.07709871
-2.72107733333 744.704127069
-2.71607466667 745.280514006
-2.711072 745.249472608
-2.70606933333 745.796615513
-2.70106666667 746.425681727
-2.696064 747.48458235
-2.69106133333 751.323400576
-2.68605866667 751.640556562
-2.681056 751.21553199
-2.67605333333 751.909139521
-2.67105066667 752.920172762
-2.666048 752.535309556
-2.66104533333 751.032431475
-2.65604266667 750.662623219
-2.65104 749.699650821
-2.64603733333 750.165922865
-2.64103466667 750.704384934
-2.636032 752.263755697
-2.63102933333 751.88287837
-2.62602666667 750.69959546
-2.621024 749.483790585
-2.61602133333 749.286611494
-2.61101866667 748.980709609
-2.606016 749.403135139
-2.60101333333 749.566428938
-2.59601066667 749.001821135
-2.591008 748.174117419
-2.58600533333 748.245846996
-2.58100266667 747.865594608
-2.576 748.288617721
-2.57099733333 747.978461922
-2.56599466667 748.217896117
-2.560992 747.679788443
-2.55598933333 747.816742866
-2.55098666667 747.102989361
-2.545984 747.207859046
-2.54098133333 747.030917918
-2.53597866667 746.750509945
-2.530976 746.29916974
-2.52597333333 746.204802643
-2.52097066667 745.560414691
-2.515968 746.329280197
-2.51096533333 745.505179461
-2.50596266667 745.861403081
-2.50096 745.44574436
-2.49595733333 745.702046143
-2.49095466667 745.362731095
-2.485952 745.7962513
-2.48094933333 745.069761928
-2.47594666667 745.464907912
-2.470944 745.288523677
-2.46594133333 745.112414597
-2.46093866667 745.042431269
-2.455936 745.736459284
-2.45093333333 745.104393097
-2.44593066667 745.381896523
-2.440928 745.038597156
-2.43592533333 745.016590208
-2.43092266667 744.991377524
-2.42592 744.754134005
-2.42091733333 744.298497677
-2.41591466667 744.506707972
-2.410912 743.682414627
-2.40590933333 744.268845777
-2.40090666667 746.129517869
-2.395904 748.328677906
-2.39090133333 747.580999143
-2.38589866667 746.171592933
-2.380896 744.196082167
-2.37589333333 743.754616361
-2.37089066667 743.133655343
-2.365888 743.812621346
-2.36088533333 744.274186909
-2.35588266667 744.217529245
-2.35088 743.326653246
-2.34587733333 743.214880045
-2.34087466667 743.528298039
-2.335872 743.569783522
-2.33086933333 744.281086091
-2.32586666667 744.58331711
-2.320864 743.828840936
-2.31586133333 743.807494683
-2.31085866667 744.317042184
-2.305856 745.18252571
-2.30085333333 744.372827892
-2.29585066667 744.801556539
-2.290848 744.307137156
-2.28584533333 744.604254126
-2.28084266667 744.593613118
-2.27584 744.348504425
-2.27083733333 743.290648714
-2.26583466667 743.938580221
-2.260832 743.750124968
-2.25582933333 744.171979764
-2.25082666667 744.536875781
-2.245824 744.791686572
-2.24082133333 744.576700441
-2.23581866667 744.485117333
-2.230816 743.811030626
-2.22581333333 744.21744002
-2.22081066667 743.779993648
-2.215808 744.120201675
-2.21080533333 743.96841969
-2.20580266667 744.040476232
-2.2008 743.7245425
-2.19579733333 744.215392104
-2.19079466667 743.597397208
-2.185792 743.9679304
-2.18078933333 744.193883029
-2.17578666667 743.862552077
-2.170784 743.751471318
-2.16578133333 744.34005922
-2.16077866667 744.14610021
-2.155776 744.407421205
-2.15077333333 743.997488408
-2.14577066667 744.454927887
-2.140768 744.356880701
-2.13576533333 745.135566616
-2.13076266667 745.173722268
-2.12576 746.060819376
-2.12075733333 746.189441283
-2.11575466667 747.371983945
-2.110752 747.463959788
-2.10574933333 748.09238057
-2.10074666667 749.004354546
-2.095744 749.826004792
-2.09074133333 749.862130363
-2.08573866667 751.001535874
-2.080736 753.164523415
-2.07573333333 754.956819203
-2.07073066667 756.096479736
-2.065728 758.141666703
-2.06072533333 759.599188126
-2.05572266667 759.513913797
-2.05072 761.431817648
-2.04571733333 761.287125691
-2.04071466667 760.951729222
-2.035712 761.238945446
-2.03070933333 765.070344663
-2.02570666667 766.116829313
-2.020704 765.93886545
-2.01570133333 766.261004377
-2.01069866667 765.351009651
-2.005696 765.861348405
-2.00069333333 765.905548399
-1.99569066667 766.523630887
-1.990688 766.014893994
-1.98568533333 765.583876192
-1.98068266667 765.672813331
-1.97568 765.49695302
-1.97067733333 765.601704936
-1.96567466667 765.952278514
-1.960672 765.093696795
-1.95566933333 765.550825034
-1.95066666667 765.291992482
-1.945664 764.98822992
-1.94066133333 764.521621988
-1.93565866667 764.283271961
-1.930656 763.432326258
-1.92565333333 763.647446172
-1.92065066667 763.624643494
-1.915648 763.019357699
-1.91064533333 763.176008981
-1.90564266667 762.583617209
-1.90064 761.682043905
-1.89563733333 760.997002504
-1.89063466667 759.742988216
-1.885632 759.561977289
-1.88062933333 759.079744223
-1.87562666667 759.573436518
-1.870624 758.683634231
-1.86562133333 758.926694982
-1.86061866667 759.188304615
-1.855616 759.804441764
-1.85061333333 758.778047828
-1.84561066667 759.072101618
-1.840608 759.180246349
-1.83560533333 759.088034527
-1.83060266667 759.156614526
-1.8256 759.481775302
-1.82059733333 758.969827956
-1.81559466667 759.34701167
-1.810592 759.452720355
-1.80558933333 759.894161295
-1.80058666667 759.651138165
-1.795584 759.865016062
-1.79058133333 759.887124344
-1.78557866667 760.237827194
-1.780576 760.638394133
-1.77557333333 761.296188633
-1.77057066667 761.163689263
-1.765568 761.550550487
-1.76056533333 761.832127027
-1.75556266667 762.244959345
-1.75056 762.052249369
-1.74555733333 762.899951917
-1.74055466667 762.835283368
-1.735552 762.787164293
-1.73054933333 762.976575187
-1.72554666667 763.453067653
-1.720544 763.28857816
-1.71554133333 763.316832058
-1.71053866667 762.832549205
-1.705536 763.222863797
-1.70053333333 762.635346256
-1.69553066667 763.226881655
-1.690528 762.512096506
-1.68552533333 762.191466526
-1.68052266667 761.782058225
-1.67552 762.146985221
-1.67051733333 761.296725988
-1.66551466667 761.463975329
-1.660512 760.968053512
-1.65550933333 760.436480988
-1.65050666667 759.687445995
-1.645504 759.398862188
-1.64050133333 759.1801757
-1.63549866667 759.476934713
-1.630496 758.648831138
-1.62549333333 759.011470172
-1.62049066667 758.689711151
-1.615488 758.774221492
-1.61048533333 758.794166904
-1.60548266667 758.465958216
-1.60048 758.240341698
-1.59547733333 758.535563647
-1.59047466667 758.10772851
-1.585472 757.92416146
-1.58046933333 757.453680164
-1.57546666667 757.451310814
-1.570464 756.680729592
-1.56546133333 756.243544049
-1.56045866667 755.737687458
-1.555456 755.925529122
-1.55045333333 755.857654885
-1.54545066667 755.444941681
-1.540448 754.965666668
-1.53544533333 755.39842865
-1.53044266667 755.793485855
-1.52544 755.473857507
-1.52043733333 754.843462357
-1.51543466667 755.754529202
-1.510432 756.20719863
-1.50542933333 757.080093682
-1.50042666667 759.193765999
-1.495424 762.518096718
-1.49042133333 763.844151184
-1.48541866667 764.346601862
-1.480416 763.476423059
-1.47541333333 761.709416315
-1.47041066667 759.988454203
-1.465408 760.666797093
-1.46040533333 763.464786865
-1.45540266667 763.246679482
-1.4504 763.589786955
-1.44539733333 764.957342278
-1.44039466667 765.158065955
-1.435392 766.310355839
-1.43038933333 765.808281146
-1.42538666667 765.952891284
-1.420384 766.775616545
-1.41538133333 766.243713542
-1.41037866667 765.578042872
-1.405376 765.724083422
-1.40037333333 765.214705337
-1.39537066667 764.97971411
-1.390368 764.46898359
-1.38536533333 764.480221848
-1.38036266667 764.462287969
-1.37536 763.988459503
-1.37035733333 763.109752311
-1.36535466667 763.442406437
-1.360352 763.338898605
-1.35534933333 762.949541764
-1.35034666667 762.668756449
-1.345344 762.476985503
-1.34034133333 762.405470479
-1.33533866667 762.486268679
-1.330336 761.894054164
-1.32533333333 762.356474025
-1.32033066667 761.923035912
-1.315328 762.013592806
-1.31032533333 761.791694776
-1.30532266667 761.718216174
-1.30032 761.389027049
-1.29531733333 761.825238215
-1.29031466667 761.063699142
-1.285312 760.978751605
-1.28030933333 760.834914117
-1.27530666667 760.518266435
-1.270304 760.115767604
-1.26530133333 760.156033623
-1.26029866667 759.618321422
-1.255296 759.752698239
-1.25029333333 759.417022867
-1.24529066667 758.903952011
-1.240288 758.943001059
-1.23528533333 758.436810525
-1.23028266667 757.948481796
-1.22528 758.663510432
-1.22027733333 757.882681986
-1.21527466667 757.717767869
-1.210272 757.345850088
-1.20526933333 757.136177633
-1.20026666667 756.600836211
-1.195264 756.983654977
-1.19026133333 755.819297683
-1.18525866667 756.214481977
-1.180256 756.354587118
-1.17525333333 756.604485403
-1.17025066667 756.67473312
-1.165248 756.694106234
-1.16024533333 756.256106757
-1.15524266667 756.972195376
-1.15024 756.299261612
-1.14523733333 756.959734911
-1.14023466667 757.379959043
-1.135232 757.659906167
-1.13022933333 757.279661076
-1.12522666667 757.726182483
-1.120224 757.28188315
-1.11522133333 757.745496039
-1.11021866667 757.517426884
-1.105216 758.156508199
-1.10021333333 757.829802193
-1.09521066667 758.045235012
-1.090208 757.904417734
-1.08520533333 757.964732492
-1.08020266667 757.918425609
-1.0752 758.42661881
-1.07019733333 758.11221675
-1.06519466667 757.933400304
-1.060192 758.032614274
-1.05518933333 758.310563299
-1.05018666667 757.915107159
-1.045184 758.684679276
-1.04018133333 758.118766027
-1.03517866667 758.628074109
-1.030176 758.467911433
-1.02517333333 758.422882467
-1.02017066667 758.41953108
-1.015168 758.810971735
-1.01016533333 758.618098365
-1.00516266667 758.803059153
-1.00016 758.574952797
-0.995157333333 758.646965858
-0.990154666667 758.661663679
-0.985152 758.683629309
-0.980149333333 758.440292356
-0.975146666667 758.816433425
-0.970144 758.183052175
-0.965141333333 758.864533004
-0.960138666667 758.604416707
-0.955136 759.535674703
-0.950133333333 759.780307907
-0.945130666667 759.810879496
-0.940128 759.257617976
-0.935125333333 759.677593382
-0.930122666667 759.488568955
-0.92512 759.514576769
-0.920117333333 759.224139231
-0.915114666667 759.685594098
-0.910112 759.510979311
-0.905109333333 759.714319178
-0.900106666667 759.599528428
-0.895104 759.936036115
-0.890101333333 759.319217016
-0.885098666667 759.171697961
-0.880096 759.042174466
-0.875093333333 759.148842044
-0.870090666667 758.903861028
-0.865088 759.271162666
-0.860085333333 758.793262815
-0.855082666667 758.61234383
-0.85008 758.613665192
-0.845077333333 758.462040035
-0.840074666667 758.263371064
-0.835072 758.454394037
-0.830069333333 757.952441995
-0.825066666667 757.814825345
-0.820064 757.549858271
-0.815061333333 757.587907127
-0.810058666667 757.258285808
-0.805056 757.129725117
-0.800053333333 757.274656881
-0.795050666667 757.363300431
-0.790048 757.058894436
-0.785045333333 757.320047366
-0.780042666667 756.698281778
-0.77504 757.169844577
-0.770037333333 756.909942516
-0.765034666667 757.428048907
-0.760032 757.115320287
-0.755029333333 757.068742913
-0.750026666667 757.09111403
-0.745024 757.047940616
-0.740021333333 757.169103416
-0.735018666667 757.382338114
-0.730016 756.732835357
-0.725013333333 757.216650406
-0.720010666667 757.138546336
-0.715008 757.3732429
-0.710005333333 756.791313915
-0.705002666667 757.084423436
-0.7 757.085669936
-0.694997333333 757.176300269
-0.689994666667 756.407438657
-0.684992 757.026901639
-0.679989333333 756.730930832
-0.674986666667 756.707591752
-0.669984 756.617734705
-0.664981333333 756.988500231
-0.659978666667 756.631813343
-0.654976 756.97783932
-0.649973333333 756.253921697
-0.644970666667 756.711100393
-0.639968 756.389865949
-0.634965333333 756.46760372
-0.629962666667 756.301589623
-0.62496 756.061428232
-0.619957333333 755.621470466
-0.614954666667 755.304081934
-0.609952 755.37483035
-0.604949333333 755.447571543
-0.599946666667 755.21819755
-0.594944 755.505267494
-0.589941333333 755.448276247
-0.584938666667 755.673686956
-0.579936 755.265413433
-0.574933333333 755.949910233
-0.569930666667 755.826126313
-0.564928 755.790835143
-0.559925333333 755.578677906
-0.554922666667 755.273511743
-0.54992 755.052821733
-0.544917333333 755.661709865
-0.539914666667 755.430257359
-0.534912 755.345372991
-0.529909333333 755.170165375
-0.524906666667 755.239996606
-0.519904 754.726859549
-0.514901333333 755.434328742
-0.509898666667 754.818753328
-0.504896 755.057010012
-0.499893333333 755.065092029
-0.494890666667 755.038963509
-0.489888 754.888507176
-0.484885333333 755.061786129
-0.479882666667 754.806575748
-0.47488 755.219780561
-0.469877333333 754.729650009
-0.464874666667 755.17640099
-0.459872 755.114121158
-0.454869333333 755.30918293
-0.449866666667 754.639176714
-0.444864 755.177811291
-0.439861333333 754.766975992
-0.434858666667 754.809745087
-0.429856 754.942135052
-0.424853333333 755.03929215
-0.419850666667 754.587844407
-0.414848 755.093640354
-0.409845333333 754.427559372
-0.404842666667 755.061850117
-0.39984 754.544033728
-0.394837333333 754.918627811
-0.389834666667 754.807780369
-0.384832 754.701715443
-0.379829333333 754.806886347
-0.374826666667 754.934409588
-0.369824 754.251222168
-0.364821333333 754.875831553
-0.359818666667 754.523028692
-0.354816 754.608239872
-0.349813333333 754.534188655
-0.344810666667 754.803133536
-0.339808 754.592991056
-0.334805333333 755.112147329
-0.329802666667 754.496229511
-0.3248 754.613965721
-0.319797333333 754.696020107
-0.314794666667 754.822687665
-0.309792 754.429214271
-0.304789333333 754.1782063
-0.299786666667 753.880637413
-0.294784 754.474173192
-0.289781333333 753.747942145
-0.284778666667 753.204770115
-0.279776 753.611094551
-0.274773333333 753.32394345
-0.269770666667 753.047251966
-0.264768 753.378508528
-0.259765333333 752.935568984
-0.254762666667 753.253709694
-0.24976 752.542764825
-0.244757333333 753.011490684
-0.239754666667 752.789498003
-0.234752 752.953391543
-0.229749333333 752.521465792
-0.224746666667 752.635788138
-0.219744 752.605957981
-0.214741333333 752.531398604
-0.209738666667 752.462182531
-0.204736 752.336146244
-0.199733333333 752.306385433
-0.194730666667 752.627461236
-0.189728 752.190582157
-0.184725333333 752.442333785
-0.179722666667 752.325845608
-0.17472 752.260506397
-0.169717333333 752.190051114
-0.164714666667 752.463352383
-0.159712 751.702386835
-0.154709333333 752.227974492
-0.149706666667 752.04915773
-0.144704 751.838309756
-0.139701333333 751.538535709
-0.134698666667 751.875785199
-0.129696 751.642771934
-0.124693333333 751.686253067
-0.119690666667 751.969940589
-0.114688 752.37789752
-0.109685333333 751.707865555
-0.104682666667 751.880509087
-0.09968 751.903272555
-0.0946773333333 751.77489158
-0.0896746666667 751.223654877
-0.084672 751.877405222
-0.0796693333333 751.226222309
-0.0746666666667 751.524064924
-0.069664 751.412138273
-0.0646613333333 751.324069984
-0.0596586666667 750.791096902
-0.054656 751.179761859
-0.0496533333333 750.6932616
-0.0446506666667 750.987485952
-0.039648 750.403604847
-0.0346453333333 750.778858825
-0.0296426666667 750.331615534
-0.02464 750.575097976
-0.0196373333333 750.30305683
-0.0146346666667 750.378001454
-0.009632 749.592940157
-0.00462933333333 750.128758157
