（-8.30906,1），（-6.87329,1），（-3.1313,1）
-9.99995733333 923.116959079
-9.99495466667 922.783521104
-9.989952 923.058510508
-9.98494933333 923.353685499
-9.97994666667 923.817894724
-9.974944 923.631946927
-9.96994133333 923.277769398
-9.96493866667 922.841639315
-9.959936 922.420254368
-9.95493333333 922.782169828
-9.94993066667 922.12672399
-9.944928 921.3356788
-9.93992533333 921.873711939
-9.93492266667 920.813960691
-9.92992 920.862317256
-9.92491733333 920.51698898
-9.91991466667 921.193136226
-9.914912 920.633297867
-9.90990933333 921.33539461
-9.90490666667 919.948282754
-9.899904 920.22001973
-9.89490133333 919.262130244
-9.88989866667 919.574208329
-9.884896 919.762059457
-9.87989333333 920.267507875
-9.87489066667 920.053313992
-9.869888 920.10142864
-9.86488533333 919.815945834
-9.85988266667 919.796520049
-9.85488 919.146081006
-9.84987733333 918.775343654
-9.84487466667 917.251510152
-9.839872 917.850411566
-9.83486933333 917.553632796
-9.82986666667 917.746725018
-9.824864 917.471715746
-9.81986133333 918.586211834
-9.81485866667 918.925849479
-9.809856 918.763453517
-9.80485333333 917.93567759
-9.79985066667 917.468663806
-9.794848 917.046858653
-9.78984533333 917.627822487
-9.78484266667 917.550800347
-9.77984 916.841702692
-9.77483733333 916.651551127
-9.76983466667 916.979862226
-9.764832 916.410674774
-9.75982933333 916.348300349
-9.75482666667 915.944384475
-9.749824 916.52999034
-9.74482133333 915.922063058
-9.73981866667 915.673897688
-9.734816 915.330808646
-9.72981333333 915.616272088
-9.72481066667 915.904160884
-9.719808 916.055399051
-9.71480533333 915.93885102
-9.70980266667 916.474909594
-9.7048 916.120188755
-9.69979733333 916.263255593
-9.69479466667 916.460396633
-9.689792 915.934961638
-9.68478933333 915.956541622
-9.67978666667 915.543803476
-9.674784 914.506283053
-9.66978133333 915.011026683
-9.66477866667 914.177202492
-9.659776 914.671462549
-9.65477333333 914.193645539
-9.64977066667 914.836543262
-9.644768 913.889854849
-9.63976533333 913.798356845
-9.63476266667 913.400990817
-9.62976 914.367215369
-9.62475733333 914.614573801
-9.61975466667 914.677252977
-9.614752 914.982973962
-9.60974933333 914.915022905
-9.60474666667 915.209920052
-9.599744 915.012308561
-9.59474133333 915.167711285
-9.58973866667 915.06040051
-9.584736 915.016977999
-9.57973333333 916.036248025
-9.57473066667 916.008202277
-9.569728 916.415239319
-9.56472533333 915.912973155
-9.55972266667 916.696698504
-9.55472 916.124082633
-9.54971733333 917.189256017
-9.54471466667 917.664826031
-9.539712 918.469239849
-9.53470933333 918.888535573
-9.52970666667 919.610325515
-9.524704 919.005369761
-9.51970133333 919.544424425
-9.51469866667 919.746751418
-9.509696 920.179533662
-9.50469333333 919.782594018
-9.49969066667 919.907148448
-9.494688 919.608314706
-9.48968533333 920.625028586
-9.48468266667 920.18253695
-9.47968 921.07750127
-9.47467733333 920.477121626
-9.46967466667 920.602712094
-9.464672 920.612829418
-9.45966933333 921.18427338
-9.45466666667 920.809033699
-9.449664 921.263898753
-9.44466133333 920.850638806
-9.43965866667 921.16053994
-9.434656 921.039409399
-9.42965333333 920.684105996
-9.42465066667 920.417552715
-9.419648 920.905496722
-9.41464533333 920.439324524
-9.40964266667 920.694778367
-9.40464 920.442081262
-9.39963733333 921.014893795
-9.39463466667 920.45201653
-9.389632 920.558818121
-9.38462933333 919.736874187
-9.37962666667 920.29631118
-9.374624 918.930396501
-9.36962133333 919.59300578
-9.36461866667 918.951308471
-9.359616 918.865624204
-9.35461333333 918.9735294
-9.34961066667 918.562833729
-9.344608 918.691091312
-9.33960533333 918.728976407
-9.33460266667 918.4082098
-9.3296 918.186170705
-9.32459733333 917.543077772
-9.31959466667 918.059505432
-9.314592 917.025295737
-9.30958933333 917.24092572
-9.30458666667 917.106095542
-9.299584 917.16831839
-9.29458133333 916.765112682
-9.28957866667 917.529392762
-9.284576 917.155938764
-9.27957333333 917.65893136
-9.27457066667 917.189228755
-9.269568 917.81703054
-9.26456533333 915.733439702
-9.25956266667 915.631855513
-9.25456 915.554802297
-9.24955733333 915.217077267
-9.24455466667 914.732035235
-9.239552 915.290109863
-9.23454933333 916.004335472
-9.22954666667 915.864372787
-9.224544 915.081136022
-9.21954133333 914.969498972
-9.21453866667 913.990739131
-9.209536 914.767123699
-9.20453333333 913.914617281
-9.19953066667 914.197043878
-9.194528 913.85073906
-9.18952533333 914.024832687
-9.18452266667 913.476908557
-9.17952 913.859044834
-9.17451733333 914.234313525
-9.16951466667 914.31853298
-9.164512 913.717360417
-9.15950933333 913.581055681
-9.15450666667 914.048675827
-9.149504 914.277592222
-9.14450133333 913.707928653
-9.13949866667 913.93492872
-9.134496 913.36951341
-9.12949333333 913.630162156
-9.12449066667 913.607378203
-9.119488 914.046452837
-9.11448533333 913.509615206
-9.10948266667 913.955691659
-9.10448 913.513650609
-9.09947733333 914.222227567
-9.09447466667 913.817734759
-9.089472 914.582590604
-9.08446933333 914.650987401
-9.07946666667 914.981689844
-9.074464 914.768888398
-9.06946133333 914.795206673
-9.06445866667 914.445325098
-9.059456 914.724286071
-9.05445333333 914.535161557
-9.04945066667 915.433532578
-9.044448 915.164832641
-9.03944533333 915.91870955
-9.03444266667 915.123475456
-9.02944 916.747775517
-9.02443733333 916.130744186
-9.01943466667 916.210327528
-9.014432 916.652442293
-9.00942933333 918.040244542
-9.00442666667 918.875410027
-8.999424 918.686185643
-8.99442133333 918.973665612
-8.98941866667 919.346031505
-8.984416 919.203184852
-8.97941333333 920.58134137
-8.97441066667 921.163749355
-8.969408 921.717390572
-8.96440533333 921.624672499
-8.95940266667 921.584381594
-8.9544 920.861441151
-8.94939733333 921.134589803
-8.94439466667 920.096563987
-8.939392 920.666136889
-8.93438933333 920.454839531
-8.92938666667 920.921070953
-8.924384 920.386401211
-8.91938133333 920.92210982
-8.91437866667 921.06559311
-8.909376 921.171223002
-8.90437333333 920.599509548
-8.89937066667 920.70933109
-8.894368 920.90158061
-8.88936533333 920.957921635
-8.88436266667 920.883300661
-8.87936 921.089459812
-8.87435733333 920.271647337
-8.86935466667 918.630390048
-8.864352 918.590370286
-8.85934933333 919.285986828
-8.85434666667 918.34217478
-8.849344 917.483018413
-8.84434133333 916.855000978
-8.83933866667 917.51554672
-8.834336 917.095161331
-8.82933333333 916.470049985
-8.82433066667 916.171893228
-8.819328 916.225559834
-8.81432533333 914.922506727
-8.80932266667 914.570848032
-8.80432 913.908337354
-8.79931733333 914.140092379
-8.79431466667 913.414343965
-8.789312 913.564885503
-8.78430933333 911.844142777
-8.77930666667 912.195860788
-8.774304 912.221445232
-8.76930133333 912.367574978
-8.76429866667 911.35239508
-8.759296 911.502335332
-8.75429333333 910.655839518
-8.74929066667 910.62483808
-8.744288 910.044042458
-8.73928533333 909.950502674
-8.73428266667 910.053622859
-8.72928 910.307228717
-8.72427733333 911.826182594
-8.71927466667 912.251296716
-8.714272 911.724631599
-8.70926933333 911.655144818
-8.70426666667 911.315025709
-8.699264 912.617421392
-8.69426133333 912.184045243
-8.68925866667 912.418829594
-8.684256 911.332344611
-8.67925333333 911.111406459
-8.67425066667 910.141318487
-8.669248 910.680537537
-8.66424533333 910.023528697
-8.65924266667 909.733148337
-8.65424 908.807943922
-8.64923733333 908.635389354
-8.64423466667 907.953240958
-8.639232 908.047824217
-8.63422933333 907.44501762
-8.62922666667 907.820007375
-8.624224 907.812140602
-8.61922133333 908.047205464
-8.61421866667 908.585336309
-8.609216 908.949876906
-8.60421333333 908.646848341
-8.59921066667 908.984014731
-8.594208 908.259166129
-8.58920533333 908.649763062
-8.58420266667 908.2489084
-8.5792 908.382084685
-8.57419733333 907.518221222
-8.56919466667 908.465379468
-8.564192 907.760239935
-8.55918933333 907.508141961
-8.55418666667 907.219486511
-8.549184 907.447965993
-8.54418133333 906.981343048
-8.53917866667 907.565548486
-8.534176 907.27636704
-8.52917333333 906.915031998
-8.52417066667 906.815494713
-8.519168 906.98765568
-8.51416533333 906.703986413
-8.50916266667 907.088952301
-8.50416 906.371703078
-8.49915733333 906.319760636
-8.49415466667 905.769446666
-8.489152 906.274134228
-8.48414933333 905.249221022
-8.47914666667 905.897021074
-8.474144 905.337630928
-8.46914133333 905.418656015
-8.46413866667 905.324088751
-8.459136 905.578330109
-8.45413333333 905.693259484
-8.44913066667 905.804419691
-8.444128 905.520377161
-8.43912533333 905.272287701
-8.43412266667 905.082374788
-8.42912 905.588998959
-8.42411733333 905.004481822
-8.41911466667 905.641951461
-8.414112 904.793416256
-8.40910933333 905.455512728
-8.40410666667 905.253059004
-8.399104 905.326500038
-8.39410133333 904.951383886
-8.38909866667 904.9082397
-8.384096 904.704312394
-8.37909333333 904.744061886
-8.37409066667 904.465360124
-8.369088 904.208678392
-8.36408533333 904.024841077
-8.35908266667 903.720537015
-8.35408 903.683868482
-8.34907733333 903.306704083
-8.34407466667 903.456518319
-8.339072 903.171372672
-8.33406933333 903.002610576
-8.32906666667 903.013832294
-8.324064 902.948462768
-8.31906133333 902.66945529
-8.31405866667 902.21169057
-8.309056 902.339980363
-8.30405333333 903.613377675
-8.29905066667 904.008407366
-8.294048 903.52274795
-8.28904533333 903.879236231
-8.28404266667 903.1765812
-8.27904 903.524934893
-8.27403733333 903.193305613
-8.26903466667 903.275183343
-8.264032 903.148981849
-8.25902933333 903.535826103
-8.25402666667 903.608183796
-8.249024 904.676020629
-8.24402133333 904.224397043
-8.23901866667 904.868216591
-8.234016 904.424313775
-8.22901333333 906.364530506
-8.22401066667 907.494552788
-8.219008 908.463053589
-8.21400533333 908.015875109
-8.20900266667 909.08933368
-8.204 909.301965277
-8.19899733333 910.299954692
-8.19399466667 911.126236685
-8.188992 912.048801821
-8.18398933333 913.175127887
-8.17898666667 913.665936258
-8.173984 914.119117015
-8.16898133333 912.665300864
-8.16397866667 907.889892443
-8.158976 904.332526628
-8.15397333333 904.66128039
-8.14897066667 911.829773188
-8.143968 915.660484639
-8.13896533333 916.819641601
-8.13396266667 917.018974851
-8.12896 917.953721432
-8.12395733333 916.986045287
-8.11895466667 919.138374154
-8.113952 918.725046537
-8.10894933333 918.369494088
-8.10394666667 918.250714259
-8.098944 917.753243536
-8.09394133333 917.241901336
-8.08893866667 916.403880438
-8.083936 916.152426337
-8.07893333333 916.345157703
-8.07393066667 915.978424228
-8.068928 918.455576988
-8.06392533333 921.402634855
-8.05892266667 939.253349058
-8.05392 937.171436571
-8.04891733333 942.906221008
-8.04391466667 943.474069123
-8.038912 943.653973462
-8.03390933333 942.055899706
-8.02890666667 942.278074872
-8.023904 941.397386179
-8.01890133333 940.712567031
-8.01389866667 940.072858591
-8.008896 941.049749761
-8.00389333333 941.053408214
-7.99889066667 940.934936551
-7.993888 940.786901001
-7.98888533333 941.145536183
-7.98388266667 940.854774974
-7.97888 941.346622395
-7.97387733333 941.756145101
-7.96887466667 942.113455657
-7.963872 941.95837087
-7.95886933333 941.550682271
-7.95386666667 940.018311038
-7.948864 939.711125647
-7.94386133333 938.773233278
-7.93885866667 938.866705901
-7.933856 934.144387817
-7.92885333333 940.806652561
-7.92385066667 946.064987353
-7.918848 947.105140966
-7.91384533333 945.550171379
-7.90884266667 945.073768257
-7.90384 945.379742685
-7.89883733333 945.139581266
-7.89383466667 946.625510013
-7.888832 948.625555395
-7.88382933333 949.954222381
-7.87882666667 950.105922676
-7.873824 949.347874938
-7.86882133333 949.749447132
-7.86381866667 949.012063883
-7.858816 950.537677266
-7.85381333333 949.80270598
-7.84881066667 951.538551847
-7.843808 951.865035863
-7.83880533333 952.179196854
-7.83380266667 952.06736508
-7.8288 952.734890828
-7.82379733333 952.104071404
-7.81879466667 952.114191287
-7.813792 951.976911583
-7.80878933333 952.455190566
-7.80378666667 951.703867179
-7.798784 952.037169839
-7.79378133333 952.367819952
-7.78877866667 953.120964156
-7.783776 951.503703978
-7.77877333333 951.706090128
-7.77377066667 950.727661301
-7.768768 951.951452634
-7.76376533333 951.793907316
-7.75876266667 952.034523736
-7.75376 951.531926312
-7.74875733333 951.340581676
-7.74375466667 950.771438689
-7.738752 950.488333413
-7.73374933333 950.382381746
-7.72874666667 949.924535644
-7.723744 949.493626166
-7.71874133333 948.760994552
-7.71373866667 948.102700099
-7.708736 947.995875363
-7.70373333333 947.216483139
-7.69873066667 947.076110478
-7.693728 946.464249412
-7.68872533333 946.552423381
-7.68372266667 945.836148177
-7.67872 946.701280875
-7.67371733333 946.929963265
-7.66871466667 947.467151058
-7.663712 947.398520554
-7.65870933333 948.023429967
-7.65370666667 946.022793333
-7.648704 947.37251798
-7.64370133333 947.492330079
-7.63869866667 947.398559839
-7.633696 947.362815479
-7.62869333333 947.099754362
-7.62369066667 946.884471644
-7.618688 948.003044666
-7.61368533333 948.297712881
-7.60868266667 941.409892695
-7.60368 931.674460805
-7.59867733333 929.486723294
-7.59367466667 928.729261072
-7.588672 928.414048533
-7.58366933333 927.130088365
-7.57866666667 922.460003105
-7.573664 920.823317739
-7.56866133333 920.451586629
-7.56365866667 918.005855297
-7.558656 915.101092697
-7.55365333333 915.104336799
-7.54865066667 916.649841353
-7.543648 918.504759777
-7.53864533333 920.731159827
-7.53364266667 921.124726927
-7.52864 921.53325981
-7.52363733333 921.208205017
-7.51863466667 920.49848243
-7.513632 919.520233108
-7.50862933333 918.991213228
-7.50362666667 918.743069012
-7.498624 920.361227603
-7.49362133333 921.059759912
-7.48861866667 921.63729696
-7.483616 921.785081561
-7.47861333333 922.389302667
-7.47361066667 922.191588022
-7.468608 922.576314984
-7.46360533333 922.173826921
-7.45860266667 921.985861447
-7.4536 922.162067522
-7.44859733333 922.440013163
-7.44359466667 922.000625664
-7.438592 921.821601592
-7.43358933333 921.802336453
-7.42858666667 922.193726517
-7.423584 922.037352942
-7.41858133333 922.375462686
-7.41357866667 922.509360434
-7.408576 922.40568704
-7.40357333333 922.460683651
-7.39857066667 922.794905795
-7.393568 922.594240738
-7.38856533333 922.697034882
-7.38356266667 922.178538014
-7.37856 922.766012003
-7.37355733333 922.433712617
-7.36855466667 922.749786522
-7.363552 922.892133077
-7.35854933333 922.530180901
-7.35354666667 922.748494333
-7.348544 922.717351645
-7.34354133333 923.049384405
-7.33853866667 923.085300928
-7.333536 922.928433504
-7.32853333333 923.222666796
-7.32353066667 922.886768725
-7.318528 923.355860496
-7.31352533333 923.047857074
-7.30852266667 923.633212178
-7.30352 923.226884105
-7.29851733333 923.252296618
-7.29351466667 923.368571581
-7.288512 923.580176379
-7.28350933333 923.250275809
-7.27850666667 923.071503522
-7.273504 922.528077771
-7.26850133333 923.303815029
-7.26349866667 923.13144878
-7.258496 923.375207483
-7.25349333333 923.495216546
-7.24849066667 923.042052498
-7.243488 922.909372489
-7.23848533333 923.477420874
-7.23348266667 923.497114294
-7.22848 923.440406093
-7.22347733333 922.998399585
-7.21847466667 923.049593746
-7.213472 922.924816118
-7.20846933333 923.507954701
-7.20346666667 922.903390845
-7.198464 922.897517455
-7.19346133333 922.926358512
-7.18845866667 923.404797293
-7.183456 923.082599537
-7.17845333333 923.08079546
-7.17345066667 922.860702459
-7.168448 922.69641893
-7.16344533333 922.724888543
-7.15844266667 923.180670202
-7.15344 922.750907097
-7.14843733333 922.967321438
-7.14343466667 922.391270692
-7.138432 922.61918753
-7.13342933333 922.249200367
-7.12842666667 922.679376348
-7.123424 922.413511125
-7.11842133333 922.441692678
-7.11341866667 922.334630878
-7.108416 921.912054086
-7.10341333333 921.734157478
-7.09841066667 921.625790989
-7.093408 921.777686533
-7.08840533333 921.669177413
-7.08340266667 921.831755395
-7.0784 921.884439722
-7.07339733333 922.419125945
-7.06839466667 921.744798161
-7.063392 921.186625613
-7.05838933333 920.800478142
-7.05338666667 920.95882932
-7.048384 921.598032966
-7.04338133333 921.241283991
-7.03837866667 921.116940638
-7.033376 921.090529603
-7.02837333333 921.276784069
-7.02337066667 920.46512943
-7.018368 921.089804548
-7.01336533333 921.010200263
-7.00836266667 920.573966587
-7.00336 920.941902759
-6.99835733333 920.624470154
-6.99335466667 920.654618791
-6.988352 920.676850576
-6.98334933333 920.374421226
-6.97834666667 920.452093773
-6.973344 920.33940986
-6.96834133333 920.456959624
-6.96333866667 920.002236165
-6.958336 920.672000317
-6.95333333333 920.357871948
-6.94833066667 920.449652374
-6.943328 920.260860753
-6.93832533333 919.925502242
-6.93332266667 919.984807005
-6.92832 920.016486789
-6.92331733333 919.719598706
-6.91831466667 920.017735301
-6.913312 919.877765774
-6.90830933333 919.699686126
-6.90330666667 919.806361101
-6.898304 919.785675341
-6.89330133333 919.868038533
-6.88829866667 920.373354694
-6.883296 919.363887667
-6.87829333333 919.813508676
-6.87329066667 919.220984695
-6.868288 919.444132557
-6.86328533333 919.614579489
-6.85828266667 919.439240059
-6.85328 918.929326549
-6.84827733333 918.90592179
-6.84327466667 918.636380625
-6.838272 918.598854063
-6.83326933333 918.039990085
-6.82826666667 918.11109069
-6.823264 918.000080363
-6.81826133333 917.568573372
-6.81325866667 917.251821415
-6.808256 916.683157483
-6.80325333333 915.817974829
-6.79825066667 916.124575322
-6.793248 915.552027432
-6.78824533333 916.259216957
-6.78324266667 916.553730478
-6.77824 918.221966774
-6.77323733333 917.931639689
-6.76823466667 917.601931086
-6.763232 916.964751623
-6.75822933333 918.654296648
-6.75322666667 918.169695165
-6.748224 917.36981318
-6.74322133333 919.331132908
-6.73821866667 922.580973883
-6.733216 923.023223986
-6.72821333333 923.312652863
-6.72321066667 923.786231668
-6.718208 924.16087043
-6.71320533333 924.54906756
-6.70820266667 924.441875326
-6.7032 924.130838454
-6.69819733333 924.55576642
-6.69319466667 925.7299448
-6.688192 927.243651448
-6.68318933333 929.525693171
-6.67818666667 936.436289061
-6.673184 946.733794641
-6.66818133333 948.856802163
-6.66317866667 949.010809443
-6.658176 949.720246195
-6.65317333333 950.320240363
-6.64817066667 950.036702048
-6.643168 949.249057797
-6.63816533333 948.486158962
-6.63316266667 948.33080221
-6.62816 948.198295071
-6.62315733333 948.595232335
-6.61815466667 948.132324996
-6.613152 949.432222075
-6.60814933333 949.838729203
-6.60314666667 949.976741133
-6.598144 949.47483441
-6.59314133333 948.719539448
-6.58813866667 949.870672927
-6.583136 949.694846853
-6.57813333333 949.635167204
-6.57313066667 949.47535561
-6.568128 949.660848787
-6.56312533333 949.505862466
-6.55812266667 949.806194142
-6.55312 949.751336673
-6.54811733333 949.331413639
-6.54311466667 949.136203402
-6.538112 949.087050221
-6.53310933333 949.18379826
-6.52810666667 950.959555176
-6.523104 951.038133276
-6.51810133333 951.620928005
-6.51309866667 951.949293415
-6.508096 951.746880128
-6.50309333333 951.105935719
-6.49809066667 951.3151494
-6.493088 951.024685771
-6.48808533333 951.295406766
-6.48308266667 950.897605703
-6.47808 950.950759017
-6.47307733333 950.75090064
-6.46807466667 949.992611121
-6.463072 950.303249251
-6.45806933333 949.829203189
-6.45306666667 949.43319134
-6.448064 948.795545788
-6.44306133333 948.757712423
-6.43805866667 948.331849854
-6.433056 948.321833782
-6.42805333333 948.089964429
-6.42305066667 947.154002351
-6.418048 946.783314693
-6.41304533333 946.187646621
-6.40804266667 947.204742378
-6.40304 946.57239417
-6.39803733333 946.671943326
-6.39303466667 946.363199168
-6.388032 945.996423249
-6.38302933333 946.129260633
-6.37802666667 945.548818538
-6.373024 945.950270138
-6.36802133333 945.120092895
-6.36301866667 944.314640735
-6.358016 944.207089699
-6.35301333333 944.396582066
-6.34801066667 944.048151995
-6.343008 943.507854729
-6.33800533333 943.162669765
-6.33300266667 944.551239127
-6.328 944.409342453
-6.32299733333 943.768704725
-6.31799466667 943.751411198
-6.312992 942.97053748
-6.30798933333 939.590296272
-6.30298666667 938.783096815
-6.297984 933.902629438
-6.29298133333 921.787572841
-6.28797866667 917.012874956
-6.282976 912.688883925
-6.27797333333 909.668753402
-6.27297066667 908.438856755
-6.267968 908.366581866
-6.26296533333 908.478195967
-6.25796266667 908.521727832
-6.25296 907.927542295
-6.24795733333 908.217486052
-6.24295466667 910.178821282
-6.237952 932.002366794
-6.23294933333 944.014102155
-6.22794666667 945.953932484
-6.222944 945.146168898
-6.21794133333 926.136428037
-6.21293866667 916.680176265
-6.207936 914.707741767
-6.20293333333 914.203615092
-6.19793066667 914.096656175
-6.192928 913.696412715
-6.18792533333 913.087916429
-6.18292266667 913.012974187
-6.17792 913.136926958
-6.17291733333 913.317097739
-6.16791466667 913.25668771
-6.162912 913.302538969
-6.15790933333 913.492130736
-6.15290666667 913.256309082
-6.147904 913.801864917
-6.14290133333 913.513808753
-6.13789866667 913.976975014
-6.132896 913.870013411
-6.12789333333 913.855938193
-6.12289066667 913.841852641
-6.117888 914.191272774
-6.11288533333 914.401931952
-6.10788266667 914.073370912
-6.10288 914.338654059
-6.09787733333 914.102924104
-6.09287466667 914.484380964
-6.087872 914.756645922
-6.08286933333 914.920659306
-6.07786666667 914.760287338
-6.072864 914.360505707
-6.06786133333 914.517355118
-6.06285866667 914.772533284
-6.057856 915.220240809
-6.05285333333 914.986892493
-6.04785066667 915.165318865
-6.042848 915.148675253
-6.03784533333 915.40167384
-6.03284266667 915.460865757
-6.02784 915.985831916
-6.02283733333 915.287853482
-6.01783466667 914.69099992
-6.012832 914.972713831
-6.00782933333 915.279290843
-6.00282666667 916.074658162
-5.997824 916.238184775
-5.99282133333 916.748559292
-5.98781866667 916.82435536
-5.982816 917.033181929
-5.97781333333 917.487754059
-5.97281066667 917.206580428
-5.967808 917.392327929
-5.96280533333 917.677388151
-5.95780266667 918.350279475
-5.9528 918.706391318
-5.94779733333 919.026484644
-5.94279466667 918.966959066
-5.937792 919.624336428
-5.93278933333 919.810725566
-5.92778666667 920.04712895
-5.922784 920.32661637
-5.91778133333 920.12854784
-5.91277866667 920.92223191
-5.907776 920.639086592
-5.90277333333 921.008555926
-5.89777066667 920.738052406
-5.892768 921.385498705
-5.88776533333 921.746498121
-5.88276266667 922.277242704
-5.87776 922.571953297
-5.87275733333 922.609769395
-5.86775466667 922.716734332
-5.862752 922.874592333
-5.85774933333 923.166902616
-5.85274666667 923.220507112
-5.847744 923.673311712
-5.84274133333 923.808588301
-5.83773866667 924.426372304
-5.832736 925.216571174
-5.82773333333 925.038153888
-5.82273066667 926.049720756
-5.817728 926.216674204
-5.81272533333 926.541909654
-5.80772266667 926.3146991
-5.80272 927.022640772
-5.79771733333 926.946365048
-5.79271466667 926.731038422
-5.787712 926.446017624
-5.78270933333 926.124383438
-5.77770666667 926.438110744
-5.772704 926.162280965
-5.76770133333 926.387767324
-5.76269866667 926.311526448
-5.757696 925.952507221
-5.75269333333 925.900441662
-5.74769066667 926.198439062
-5.742688 926.51317375
-5.73768533333 925.85105031
-5.73268266667 925.737796171
-5.72768 925.923046447
-5.72267733333 925.898620971
-5.71767466667 925.935067485
-5.712672 926.469616456
-5.70766933333 926.419260089
-5.70266666667 926.685786293
-5.697664 927.027529345
-5.69266133333 926.6690088
-5.68765866667 927.24251019
-5.682656 926.799435453
-5.67765333333 926.806541948
-5.67265066667 926.85742339
-5.667648 926.659662431
-5.66264533333 926.74740799
-5.65764266667 926.70011073
-5.65264 926.853813639
-5.64763733333 926.340356761
-5.64263466667 926.552396984
-5.637632 926.319148948
-5.63262933333 926.634783009
-5.62762666667 926.503064929
-5.622624 926.444534277
-5.61762133333 926.55893175
-5.61261866667 926.162948819
-5.607616 926.737101381
-5.60261333333 926.274374724
-5.59761066667 926.454919845
-5.592608 926.222159383
-5.58760533333 925.795872198
-5.58260266667 925.420344609
-5.5776 925.679549228
-5.57259733333 925.242400816
-5.56759466667 925.677196633
-5.562592 925.910062203
-5.55758933333 925.700103327
-5.55258666667 925.90356354
-5.547584 925.671694007
-5.54258133333 926.96634144
-5.53757866667 927.293388233
-5.532576 927.244735076
-5.52757333333 926.933555438
-5.52257066667 927.200742392
-5.517568 926.766701368
-5.51256533333 926.66242438
-5.50756266667 926.738135046
-5.50256 926.569569899
-5.49755733333 926.316684482
-5.49255466667 926.223930299
-5.487552 926.179817467
-5.48254933333 926.023861436
-5.47754666667 925.96029866
-5.472544 925.705809627
-5.46754133333 925.75413399
-5.46253866667 925.852747658
-5.457536 925.706812162
-5.45253333333 925.591853116
-5.44753066667 925.780381645
-5.442528 925.741649639
-5.43752533333 925.284539432
-5.43252266667 925.265580408
-5.42752 925.275808641
-5.42251733333 925.254384013
-5.41751466667 924.972274165
-5.412512 925.289917127
-5.40750933333 925.560415258
-5.40250666667 925.680458966
-5.397504 926.101279683
-5.39250133333 926.338573005
-5.38749866667 926.114508822
-5.382496 926.506663366
-5.37749333333 926.092603671
-5.37249066667 926.162616464
-5.367488 925.951268029
-5.36248533333 926.606868438
-5.35748266667 926.266115431
-5.35248 925.851592801
-5.34747733333 925.874040723
-5.34247466667 926.345159906
-5.337472 926.376473684
-5.33246933333 926.707419955
-5.32746666667 926.569384893
-5.322464 926.043566907
-5.31746133333 926.04018878
-5.31245866667 926.122057971
-5.307456 925.750849451
-5.30245333333 925.217913349
-5.29745066667 924.70107408
-5.292448 924.518814684
-5.28744533333 923.857892532
-5.28244266667 924.40271516
-5.27744 923.950150115
-5.27243733333 923.860944967
-5.26743466667 923.754959895
-5.262432 924.030845233
-5.25742933333 923.607632883
-5.25242666667 924.248102247
-5.247424 924.044425649
-5.24242133333 923.910863509
-5.23741866667 923.87488651
-5.232416 924.022840032
-5.22741333333 923.745368724
-5.22241066667 924.005402975
-5.217408 924.08597972
-5.21240533333 924.003161443
-5.20740266667 924.10090094
-5.2024 924.039019428
-5.19739733333 924.052083721
-5.19239466667 924.015807474
-5.187392 923.79620498
-5.18238933333 924.085885381
-5.17738666667 923.705427921
-5.172384 924.089435361
-5.16738133333 923.749629788
-5.16237866667 924.222969653
-5.157376 923.718954483
-5.15237333333 923.917740654
-5.14737066667 924.046777812
-5.142368 923.578157981
-5.13736533333 923.629372046
-5.13236266667 924.096334814
-5.12736 924.650899593
-5.12235733333 924.58538034
-5.11735466667 924.507352253
-5.112352 924.461826859
-5.10734933333 924.297800026
-5.10234666667 924.362601871
-5.097344 924.38148587
-5.09234133333 924.335868616
-5.08733866667 924.259419952
-5.082336 923.959254954
-5.07733333333 924.19595622
-5.07233066667 924.502787629
-5.067328 924.644943664
-5.06232533333 924.059614017
-5.05732266667 924.167746082
-5.05232 923.923379951
-5.04731733333 924.286866807
-5.04231466667 924.530586686
-5.037312 923.878036556
-5.03230933333 923.66814955
-5.02730666667 923.825153685
-5.022304 923.756729913
-5.01730133333 923.630940049
-5.01229866667 923.192923074
-5.007296 922.424994939
-5.00229333333 922.362575292
-4.99729066667 922.111588986
-4.992288 922.395611578
-4.98728533333 922.146702304
-4.98228266667 921.618966723
-4.97728 921.037987878
-4.97227733333 920.734065144
-4.96727466667 921.132203976
-4.962272 920.392258847
-4.95726933333 920.318112579
-4.95226666667 920.365333049
-4.947264 920.251606577
-4.94226133333 920.149178814
-4.93725866667 919.85879712
-4.932256 920.111080994
-4.92725333333 919.936127283
-4.92225066667 919.619017763
-4.917248 918.67538978
-4.91224533333 918.907628554
-4.90724266667 918.926419255
-4.90224 918.632018883
-4.89723733333 918.806877069
-4.89223466667 918.753057001
-4.887232 918.540023791
-4.88222933333 919.0019599
-4.87722666667 918.817745542
-4.872224 918.463528922
-4.86722133333 918.712151414
-4.86221866667 918.821484951
-4.857216 918.974158157
-4.85221333333 918.726113426
-4.84721066667 918.428326763
-4.842208 918.502544588
-4.83720533333 918.909053526
-4.83220266667 918.867783077
-4.8272 918.782049037
-4.82219733333 918.75437987
-4.81719466667 918.585467987
-4.812192 918.914203618
-4.80718933333 918.776824426
-4.80218666667 919.051949608
-4.797184 918.648043932
-4.79218133333 918.550425464
-4.78717866667 918.532008376
-4.782176 918.862180643
-4.77717333333 918.676386113
-4.77217066667 918.330948493
-4.767168 918.805758334
-4.76216533333 919.026499538
-4.75716266667 918.976201746
-4.75216 919.158950576
-4.74715733333 918.906481236
-4.74215466667 919.123835137
-4.737152 919.400385283
-4.73214933333 920.034007823
-4.72714666667 919.984615969
-4.722144 919.966743772
-4.71714133333 919.936994311
-4.71213866667 919.685557267
-4.707136 919.507315472
-4.70213333333 919.544081203
-4.69713066667 919.527507476
-4.692128 919.071175728
-4.68712533333 919.44983565
-4.68212266667 919.295452873
-4.67712 919.698878266
-4.67211733333 919.135995873
-4.66711466667 918.631088404
-4.662112 918.610816471
-4.65710933333 918.5023678
-4.65210666667 919.102386508
-4.647104 918.683538728
-4.64210133333 918.638485192
-4.63709866667 918.710218067
-4.632096 918.720302438
-4.62709333333 917.823813677
-4.62209066667 918.290124525
-4.617088 918.16927127
-4.61208533333 918.091135568
-4.60708266667 917.877724975
-4.60208 917.775629209
-4.59707733333 917.451065832
-4.59207466667 917.503378025
-4.587072 917.638841173
-4.58206933333 917.024315918
-4.57706666667 916.797816854
-4.572064 917.165149927
-4.56706133333 916.626557285
-4.56205866667 916.72528449
-4.557056 916.638745323
-4.55205333333 917.078284784
-4.54705066667 916.263340556
-4.542048 916.413452006
-4.53704533333 916.397598351
-4.53204266667 916.389997778
-4.52704 916.144129957
-4.52203733333 916.188429378
-4.51703466667 915.379582459
-4.512032 914.413250464
-4.50702933333 914.673053655
-4.50202666667 914.548151831
-4.497024 914.29888857
-4.49202133333 914.137610313
-4.48701866667 914.137912391
-4.482016 914.156635111
-4.47701333333 914.169369483
-4.47201066667 914.653428306
-4.467008 913.861346557
-4.46200533333 914.221696143
-4.45700266667 914.024991655
-4.452 914.635379108
-4.44699733333 914.331966752
-4.44199466667 914.677527157
-4.436992 914.497115766
-4.43198933333 915.050762697
-4.42698666667 915.280309454
-4.421984 915.154131037
-4.41698133333 914.948624085
-4.41197866667 914.912927197
-4.406976 914.979579444
-4.40197333333 915.069472106
-4.39697066667 915.618723324
-4.391968 915.325128448
-4.38696533333 915.143091265
-4.38196266667 915.549555902
-4.37696 915.75489024
-4.37195733333 915.511313657
-4.36695466667 915.638229516
-4.361952 915.870405883
-4.35694933333 915.960198965
-4.35194666667 916.430260477
-4.346944 916.3361532
-4.34194133333 916.429292552
-4.33693866667 916.474000519
-4.331936 916.694234811
-4.32693333333 917.102812882
-4.32193066667 917.164397618
-4.316928 917.308941727
-4.31192533333 917.528017966
-4.30692266667 917.456054167
-4.30192 918.182746228
-4.29691733333 918.323231285
-4.29191466667 918.704778153
-4.286912 918.651628006
-4.28190933333 919.246447568
-4.27690666667 919.161818222
-4.271904 919.278549772
-4.26690133333 919.730181284
-4.26189866667 919.985991389
-4.256896 920.580542854
-4.25189333333 921.065556839
-4.24689066667 921.084512648
-4.241888 921.085907372
-4.23688533333 921.203611886
-4.23188266667 920.807701684
-4.22688 920.86300352
-4.22187733333 920.649686702
-4.21687466667 921.014009574
-4.211872 920.640142716
-4.20686933333 920.766039593
-4.20186666667 920.524142933
-4.196864 919.900744934
-4.19186133333 919.813506093
-4.18685866667 919.918533803
-4.181856 919.983171403
-4.17685333333 919.397445649
-4.17185066667 919.422149992
-4.166848 918.938748716
-4.16184533333 918.958082577
-4.15684266667 918.830870401
-4.15184 919.026379578
-4.14683733333 918.638428222
-4.14183466667 917.566256949
-4.136832 918.325637719
-4.13182933333 917.908806914
-4.12682666667 917.958179069
-4.121824 917.744497285
-4.11682133333 917.468731821
-4.11181866667 917.504385649
-4.106816 917.781838678
-4.10181333333 917.55822528
-4.09681066667 917.35355685
-4.091808 917.071118343
-4.08680533333 916.662562493
-4.08180266667 916.627298642
-4.0768 916.101262556
-4.07179733333 916.653348879
-4.06679466667 916.232266247
-4.061792 915.664820968
-4.05678933333 915.568326474
-4.05178666667 915.778809521
-4.046784 915.355963965
-4.04178133333 915.464117215
-4.03677866667 915.478716319
-4.031776 914.723241637
-4.02677333333 915.002235304
-4.02177066667 914.746379186
-4.016768 914.473965726
-4.01176533333 914.453830281
-4.00676266667 914.605926781
-4.00176 914.281847476
-3.99675733333 914.73710059
-3.99175466667 914.322234704
-3.986752 913.974248579
-3.98174933333 913.894463828
-3.97674666667 913.552696362
-3.971744 914.135152225
-3.96674133333 913.663348903
-3.96173866667 914.114010408
-3.956736 914.564389322
-3.95173333333 914.319954536
-3.94673066667 914.578795254
-3.941728 914.096464104
-3.93672533333 913.707117108
-3.93172266667 913.673231308
-3.92672 913.911715904
-3.92171733333 914.006221621
-3.91671466667 913.363190882
-3.911712 914.178760514
-3.90670933333 914.177159795
-3.90170666667 914.973625188
-3.896704 914.434348538
-3.89170133333 915.527900775
-3.88669866667 915.366877251
-3.881696 914.611677184
-3.87669333333 913.981411361
-3.87169066667 914.411035079
-3.866688 914.637277222
-3.86168533333 914.552392141
-3.85668266667 914.618610022
-3.85168 914.446667148
-3.84667733333 914.345756908
-3.84167466667 913.974804105
-3.836672 914.258667563
-3.83166933333 914.173332481
-3.82666666667 913.893393894
-3.821664 914.288567493
-3.81666133333 913.449178334
-3.81165866667 913.610930408
-3.806656 913.442850884
-3.80165333333 913.173918922
-3.79665066667 913.339904612
-3.791648 913.349555067
-3.78664533333 913.020246684
-3.78164266667 913.020579224
-3.77664 912.603657266
-3.77163733333 912.573517726
-3.76663466667 912.546681187
-3.761632 912.648801844
-3.75662933333 912.737638148
-3.75162666667 912.948207269
-3.746624 912.355248675
-3.74162133333 912.492351764
-3.73661866667 911.610407358
-3.731616 911.434059543
-3.72661333333 911.339845304
-3.72161066667 911.536228916
-3.716608 912.022841409
-3.71160533333 912.584601874
-3.70660266667 911.938597865
-3.7016 912.670470687
-3.69659733333 912.539520735
-3.69159466667 912.492062725
-3.686592 912.141884878
-3.68158933333 912.107988335
-3.67658666667 912.161042271
-3.671584 913.423855543
-3.66658133333 913.054767155
-3.66157866667 912.698592355
-3.656576 913.345031177
-3.65157333333 913.429688097
-3.64657066667 912.945396952
-3.641568 913.337256657
-3.63656533333 912.747494686
-3.63156266667 912.535549583
-3.62656 912.536640239
-3.62155733333 912.605330773
-3.61655466667 912.41762492
-3.611552 912.157170406
-3.60654933333 912.484580036
-3.60154666667 912.730333397
-3.596544 912.170233148
-3.59154133333 911.950667039
-3.58653866667 911.726237948
-3.581536 911.908336484
-3.57653333333 911.779966566
-3.57153066667 912.087306444
-3.566528 911.282771048
-3.56152533333 911.430899141
-3.55652266667 911.364921353
-3.55152 912.014720187
-3.54651733333 911.418369657
-3.54151466667 911.705374148
-3.536512 911.276860305
-3.53150933333 911.27444584
-3.52650666667 910.77669481
-3.521504 910.588979939
-3.51650133333 910.098236831
-3.51149866667 909.901602631
-3.506496 909.832474104
-3.50149333333 909.858600567
-3.49649066667 909.334179294
-3.491488 909.526990607
-3.48648533333 909.776094459
-3.48148266667 909.226033133
-3.47648 908.974502267
-3.47147733333 908.792801314
-3.46647466667 908.730615536
-3.461472 908.920795071
-3.45646933333 908.554418774
-3.45146666667 909.041741691
-3.446464 908.355850188
-3.44146133333 908.726132283
-3.43645866667 908.223675837
-3.431456 908.874486836
-3.42645333333 908.332931621
-3.42145066667 908.126352003
-3.416448 907.967523352
-3.41144533333 908.14575446
-3.40644266667 908.124635832
-3.40144 908.50520703
-3.39643733333 908.558171635
-3.39143466667 908.037727274
-3.386432 908.173594107
-3.38142933333 907.956279557
-3.37642666667 907.919583825
-3.371424 908.306534726
-3.36642133333 907.941592857
-3.36141866667 908.205968759
-3.356416 907.732558174
-3.35141333333 908.34306141
-3.34641066667 907.581435646
-3.341408 908.097791157
-3.33640533333 907.671086385
-3.33140266667 907.860225388
-3.3264 907.815417623
-3.32139733333 907.779698974
-3.31639466667 907.768579222
-3.311392 907.885673182
-3.30638933333 907.613760846
-3.30138666667 907.96414792
-3.296384 907.751737451
-3.29138133333 907.52682112
-3.28637866667 907.434481955
-3.281376 907.461143594
-3.27637333333 907.266475295
-3.27137066667 907.558140592
-3.266368 907.432364941
-3.26136533333 907.842749732
-3.25636266667 907.356846869
-3.25136 907.850767029
-3.24635733333 907.361177693
-3.24135466667 907.757792145
-3.236352 907.097056956
-3.23134933333 907.882596167
-3.22634666667 907.072494431
-3.221344 907.835604117
-3.21634133333 907.308889823
-3.21133866667 907.877400946
-3.206336 907.384232129
-3.20133333333 907.669524414
-3.19633066667 907.475682961
-3.191328 907.6176433
-3.18632533333 907.515018944
-3.18132266667 907.258751279
-3.17632 907.321976949
-3.17131733333 907.775746304
-3.16631466667 907.356062947
-3.161312 907.108532249
-3.15630933333 907.117683841
-3.15130666667 907.624380284
-3.146304 907.315271293
-3.14130133333 907.946182424
-3.13629866667 908.60307313
-3.131296 909.020449828
-3.12629333333 909.02590649
-3.12129066667 909.553566714
-3.116288 909.30495149
-3.11128533333 909.642316155
-3.10628266667 910.158546662
-3.10128 911.112753328
-3.09627733333 911.207570097
-3.09127466667 911.628538652
-3.086272 911.660723978
-3.08126933333 913.684098467
-3.07626666667 913.568324926
-3.071264 915.48930928
-3.06626133333 915.300042347
-3.06125866667 916.546323481
-3.056256 917.90404283
-3.05125333333 918.91331853
-3.04625066667 919.472714261
-3.041248 920.17194048
-3.03624533333 923.639540398
-3.03124266667 923.839728323
-3.02624 924.34270678
-3.02123733333 925.893041449
-3.01623466667 925.92133647
-3.011232 926.580382653
-3.00622933333 927.193190316
-3.00122666667 928.054754092
-2.996224 928.897431832
-2.99122133333 931.303922369
-2.98621866667 931.917149679
-2.981216 934.574108579
-2.97621333333 937.364889801
-2.97121066667 941.50154291
-2.966208 943.399245634
-2.96120533333 945.802049729
-2.95620266667 946.686989874
-2.9512 948.750307615
-2.94619733333 951.533996974
-2.94119466667 951.74682483
-2.936192 951.785694818
-2.93118933333 951.169186036
-2.92618666667 949.391075102
-2.921184 949.03201065
-2.91618133333 949.046157858
-2.91117866667 949.102114107
-2.906176 948.801129533
-2.90117333333 949.872572852
-2.89617066667 949.848693629
-2.891168 950.401753624
-2.88616533333 949.750424522
-2.88116266667 949.747377475
-2.87616 949.594530655
-2.87115733333 949.860500572
-2.86615466667 949.837611167
-2.861152 950.758014491
-2.85614933333 950.196627675
-2.85114666667 949.680384875
-2.846144 949.263053619
-2.84114133333 949.233653704
-2.83613866667 949.686156643
-2.831136 949.514610631
-2.82613333333 948.706385085
-2.82113066667 949.196528282
-2.816128 948.819047139
-2.81112533333 949.100455362
-2.80612266667 948.468684576
-2.80112 948.902198192
-2.79611733333 948.307146003
-2.79111466667 948.247868346
-2.786112 948.110488519
-2.78110933333 948.407589686
-2.77610666667 947.63627239
-2.771104 948.116405939
-2.76610133333 948.01465091
-2.76109866667 947.525964011
-2.756096 947.65353638
-2.75109333333 947.072031586
-2.74609066667 946.72090194
-2.741088 946.999710196
-2.73608533333 946.917257962
-2.73108266667 946.842518779
-2.72608 946.216254906
-2.72107733333 946.327989797
-2.71607466667 946.284333232
-2.711072 946.504775783
-2.70606933333 945.371244297
-2.70106666667 945.416954537
-2.696064 944.547865518
-2.69106133333 945.112173452
-2.68605866667 944.908725114
-2.681056 944.490886144
-2.67605333333 944.123152402
-2.67105066667 944.132782278
-2.666048 943.496805898
-2.66104533333 943.293200797
-2.65604266667 942.931505014
-2.65104 942.954621585
-2.64603733333 942.244157271
-2.64103466667 941.75907874
-2.636032 941.229235364
-2.63102933333 942.012943773
-2.62602666667 941.227575236
-2.621024 941.805767756
-2.61602133333 942.08241589
-2.61101866667 943.07041943
-2.606016 942.627778128
-2.60101333333 943.374602424
-2.59601066667 943.127426713
-2.591008 943.524867693
-2.58600533333 942.719813613
-2.58100266667 942.485890048
-2.576 942.46759453
-2.57099733333 942.806108263
-2.56599466667 942.419005596
-2.560992 941.867789998
-2.55598933333 939.652671226
-2.55098666667 937.00951675
-2.545984 930.31390163
-2.54098133333 922.962095805
-2.53597866667 917.893582478
-2.530976 916.761448418
-2.52597333333 914.069552535
-2.52097066667 914.054387251
-2.515968 913.576146722
-2.51096533333 914.135900703
-2.50596266667 916.785113938
-2.50096 944.959341394
-2.49595733333 945.917629404
-2.49095466667 948.390484602
-2.485952 949.04185435
-2.48094933333 949.066782785
-2.47594666667 949.365875186
-2.470944 948.077163256
-2.46594133333 941.383227524
-2.46093866667 934.926952241
-2.455936 931.523286376
-2.45093333333 931.623719382
-2.44593066667 931.328108219
-2.440928 929.014831879
-2.43592533333 929.061553128
-2.43092266667 928.986742522
-2.42592 929.244336031
-2.42091733333 929.436371328
-2.41591466667 928.866148015
-2.410912 927.174014999
-2.40590933333 922.053612812
-2.40090666667 922.877242753
-2.395904 924.996456346
-2.39090133333 926.969020885
-2.38589866667 926.835839145
-2.380896 926.940025685
-2.37589333333 927.272045007
-2.37089066667 927.460940211
-2.365888 927.213638596
-2.36088533333 927.761726448
-2.35588266667 927.742508088
-2.35088 926.935736113
-2.34587733333 924.627626682
-2.34087466667 923.682907527
-2.335872 923.45966707
-2.33086933333 923.849760934
-2.32586666667 923.778054686
-2.320864 924.265566758
-2.31586133333 924.240086692
-2.31085866667 925.373972213
-2.305856 925.544967471
-2.30085333333 925.531484432
-2.29585066667 925.161567706
-2.290848 924.952743903
-2.28584533333 924.956534165
-2.28084266667 925.458680974
-2.27584 925.712342592
-2.27083733333 925.760875149
-2.26583466667 925.367192908
-2.260832 926.094235087
-2.25582933333 926.367431803
-2.25082666667 926.710223815
-2.245824 926.359446904
-2.24082133333 926.959586529
-2.23581866667 926.471346696
-2.230816 927.396844032
-2.22581333333 927.562929041
-2.22081066667 928.455563963
-2.215808 928.243131769
-2.21080533333 928.43702449
-2.20580266667 928.477376379
-2.2008 929.278400962
-2.19579733333 929.371361696
-2.19079466667 929.723407073
-2.185792 929.514546633
-2.18078933333 929.95652947
-2.17578666667 929.965518354
-2.170784 930.607078109
-2.16578133333 930.273224694
-2.16077866667 930.924302377
-2.155776 930.922791884
-2.15077333333 931.734884077
-2.14577066667 931.603568366
-2.140768 932.404406508
-2.13576533333 932.120613859
-2.13076266667 932.078621861
-2.12576 932.234530239
-2.12075733333 932.310403678
-2.11575466667 932.731332967
-2.110752 933.004319646
-2.10574933333 932.512472247
-2.10074666667 932.46264988
-2.095744 932.056143659
-2.09074133333 932.342121325
-2.08573866667 931.921062863
-2.080736 932.390116295
-2.07573333333 931.97921902
-2.07073066667 932.084125453
-2.065728 932.417877016
-2.06072533333 931.859157023
-2.05572266667 930.998800143
-2.05072 931.686967163
-2.04571733333 930.848973439
-2.04071466667 931.959463422
-2.035712 931.197393698
-2.03070933333 932.096818299
-2.02570666667 931.21264518
-2.020704 931.430372288
-2.01570133333 931.133925062
-2.01069866667 931.704671626
-2.005696 931.775524325
-2.00069333333 931.874366252
-1.99569066667 931.892843087
-1.990688 932.591461011
-1.98568533333 932.262993147
-1.98068266667 932.206489685
-1.97568 931.803138856
-1.97067733333 931.993122303
-1.96567466667 932.343181534
-1.960672 932.727629774
-1.95566933333 932.39316271
-1.95066666667 932.8755396
-1.945664 932.595706595
-1.94066133333 933.017836747
-1.93565866667 932.950785423
-1.930656 933.085537546
-1.92565333333 932.984214734
-1.92065066667 933.851507632
-1.915648 933.820132434
-1.91064533333 933.918899071
-1.90564266667 933.020038439
-1.90064 933.800529722
-1.89563733333 933.325262022
-1.89063466667 934.332776207
-1.885632 936.600971535
-1.88062933333 937.938279964
-1.87562666667 937.727849352
-1.870624 938.563736555
-1.86562133333 937.500163267
-1.86061866667 937.847148146
-1.855616 936.58147443
-1.85061333333 936.073373723
-1.84561066667 935.888893067
-1.840608 936.079771425
-1.83560533333 935.650012237
-1.83060266667 936.123619096
-1.8256 935.573521604
-1.82059733333 935.657273723
-1.81559466667 935.791147659
-1.810592 936.122419158
-1.80558933333 935.611334877
-1.80058666667 936.179195491
-1.795584 935.790565964
-1.79058133333 936.648355511
-1.78557866667 935.819214591
-1.780576 936.468210218
-1.77557333333 935.437146875
-1.77057066667 935.457722051
-1.765568 935.151435853
-1.76056533333 935.612064526
-1.75556266667 935.484588677
-1.75056 935.443757433
-1.74555733333 935.369384775
-1.74055466667 935.094176741
-1.735552 934.900752113
-1.73054933333 934.826960477
-1.72554666667 934.820737805
-1.720544 934.966833362
-1.71554133333 934.758569144
-1.71053866667 935.202144678
-1.705536 934.874787373
-1.70053333333 934.656742641
-1.69553066667 934.824047354
-1.690528 935.371388954
-1.68552533333 934.731601669
-1.68052266667 935.188080909
-1.67552 934.658798976
-1.67051733333 935.336389922
-1.66551466667 934.724681415
-1.660512 935.590165602
-1.65550933333 935.550756237
-1.65050666667 935.936195282
-1.645504 935.321188642
-1.64050133333 935.820798563
-1.63549866667 936.119206917
-1.630496 936.588608042
-1.62549333333 936.430441409
-1.62049066667 936.301917797
-1.615488 936.556312763
-1.61048533333 937.322580582
-1.60548266667 937.881816686
-1.60048 938.399988396
-1.59547733333 938.199698264
-1.59047466667 938.63308099
-1.585472 937.939655712
-1.58046933333 938.386738874
-1.57546666667 938.1222329
-1.570464 938.224161792
-1.56546133333 937.617144492
-1.56045866667 938.003414524
-1.555456 938.560413086
-1.55045333333 938.579018412
-1.54545066667 937.773339867
-1.540448 937.671733667
-1.53544533333 937.218413872
-1.53044266667 937.49750124
-1.52544 937.07067207
-1.52043733333 937.5758425
-1.51543466667 937.466816502
-1.510432 937.297685177
-1.50542933333 935.383670801
-1.50042666667 935.571586839
-1.495424 934.639354379
-1.49042133333 934.996770714
-1.48541866667 935.738825968
-1.480416 936.537439813
-1.47541333333 935.883647063
-1.47041066667 936.076792525
-1.465408 935.629353298
-1.46040533333 936.082345185
-1.45540266667 936.063328607
-1.4504 936.248137563
-1.44539733333 936.550791417
-1.44039466667 937.131566429
-1.435392 936.68651736
-1.43038933333 937.182751804
-1.42538666667 936.415029364
-1.420384 936.715170829
-1.41538133333 936.564040222
-1.41037866667 937.13551737
-1.405376 936.475403926
-1.40037333333 936.699781597
-1.39537066667 935.885615953
-1.390368 936.276817624
-1.38536533333 935.828745956
-1.38036266667 936.429745756
-1.37536 936.144024461
-1.37035733333 936.240891143
-1.36535466667 936.060450099
-1.360352 936.62593517
-1.35534933333 936.813250303
-1.35034666667 937.29390026
-1.345344 937.003704169
-1.34034133333 936.502217414
-1.33533866667 936.224891319
-1.330336 937.410880908
-1.32533333333 936.356510577
-1.32033066667 936.58202973
-1.315328 936.419531574
-1.31032533333 936.559378789
-1.30532266667 935.887178747
-1.30032 936.386130398
-1.29531733333 936.159663112
-1.29031466667 936.275060889
-1.285312 935.95727907
-1.28030933333 936.490195617
-1.27530666667 936.181339282
-1.270304 936.159009831
-1.26530133333 935.72738983
-1.26029866667 935.720084917
-1.255296 935.871957416
-1.25029333333 936.057491936
-1.24529066667 935.513563415
-1.240288 935.845085202
-1.23528533333 935.029173306
-1.23028266667 935.607476977
-1.22528 934.764970077
-1.22027733333 935.080031306
-1.21527466667 934.356277422
-1.210272 934.774474061
-1.20526933333 934.019856111
-1.20026666667 934.185015815
-1.195264 933.979922541
-1.19026133333 934.178843402
-1.18525866667 933.695764192
-1.180256 933.468584608
-1.17525333333 933.51843395
-1.17025066667 933.326564332
-1.165248 932.707229034
-1.16024533333 932.290396161
-1.15524266667 931.737900397
-1.15024 931.896315854
-1.14523733333 931.152264426
-1.14023466667 931.130254132
-1.135232 930.358399647
-1.13022933333 930.589961908
-1.12522666667 930.237621981
-1.120224 930.428932793
-1.11522133333 929.920256456
-1.11021866667 930.173059797
-1.105216 929.199268758
-1.10021333333 929.362286929
-1.09521066667 929.624316589
-1.090208 929.560241193
-1.08520533333 928.794202077
-1.08020266667 929.147629059
-1.0752 928.914909605
-1.07019733333 929.139996078
-1.06519466667 928.738322409
-1.060192 928.402942225
-1.05518933333 928.316043074
-1.05018666667 928.269043
-1.045184 928.059945627
-1.04018133333 928.168292749
-1.03517866667 927.840252464
-1.030176 928.054969731
-1.02517333333 927.381900443
-1.02017066667 927.633093346
-1.015168 927.520503844
-1.01016533333 927.478581872
-1.00516266667 927.348798891
-1.00016 927.26130186
-0.995157333333 926.822211009
-0.990154666667 926.900474862
-0.985152 926.365304609
-0.980149333333 926.665500728
-0.975146666667 926.333012345
-0.970144 926.281441397
-0.965141333333 925.893187665
-0.960138666667 926.559860531
-0.955136 926.228323384
-0.950133333333 926.589589003
-0.945130666667 925.875964411
-0.940128 926.039526884
-0.935125333333 925.457491468
-0.930122666667 925.192012798
-0.92512 925.123255448
-0.920117333333 925.013270244
-0.915114666667 924.77445404
-0.910112 924.108260367
-0.905109333333 923.649117987
-0.900106666667 924.153925172
-0.895104 924.460991424
-0.890101333333 924.36299928
-0.885098666667 923.918038219
-0.880096 924.142404809
-0.875093333333 924.184524148
-0.870090666667 924.121473471
-0.865088 923.888182753
-0.860085333333 924.689455723
-0.855082666667 924.040741475
-0.85008 924.177823775
-0.845077333333 923.518922226
-0.840074666667 924.097220264
-0.835072 923.803559388
-0.830069333333 923.82992065
-0.825066666667 923.939672949
-0.820064 924.117000133
-0.815061333333 923.829125011
-0.810058666667 923.945052012
-0.805056 923.641128717
-0.800053333333 923.933959157
-0.795050666667 924.065002183
-0.790048 923.883751285
-0.785045333333 923.624392874
-0.780042666667 923.845235896
-0.77504 923.620412241
-0.770037333333 923.909159985
-0.765034666667 923.650327934
-0.760032 923.770030613
-0.755029333333 923.668647185
-0.750026666667 924.058572647
-0.745024 923.296608479
-0.740021333333 924.088882291
-0.735018666667 923.513585201
-0.730016 924.155505637
-0.725013333333 923.416926935
-0.720010666667 923.898865241
-0.715008 923.592796238
-0.710005333333 923.757498928
-0.705002666667 923.527406185
-0.7 923.714546568
-0.694997333333 923.641864388
-0.689994666667 924.021278089
-0.684992 923.541674461
-0.679989333333 923.683175085
-0.674986666667 923.478286918
-0.669984 923.524360134
-0.664981333333 923.003944133
-0.659978666667 923.802806508
-0.654976 923.552589939
-0.649973333333 923.316482825
-0.644970666667 923.425863108
-0.639968 923.434385899
-0.634965333333 923.389689199
-0.629962666667 923.454418841
-0.62496 923.20809661
-0.619957333333 923.122927217
-0.614954666667 922.989490018
-0.609952 923.1390404
-0.604949333333 923.155731139
-0.599946666667 923.30022318
-0.594944 922.917766799
-0.589941333333 923.514582563
-0.584938666667 922.896592517
-0.579936 923.35969112
-0.574933333333 922.919143656
-0.569930666667 923.437934956
-0.564928 922.953693525
-0.559925333333 923.073004983
-0.554922666667 922.690176851
-0.54992 923.158600476
-0.544917333333 922.826170079
-0.539914666667 922.96292436
-0.534912 922.962317524
-0.529909333333 922.902054166
-0.524906666667 922.884071782
-0.519904 922.803982477
-0.514901333333 923.223461988
-0.509898666667 923.172712247
-0.504896 922.655969916
-0.499893333333 921.98535105
-0.494890666667 922.208353589
-0.489888 923.24988887
-0.484885333333 922.509774268
-0.479882666667 923.44071037
-0.47488 922.680229785
-0.469877333333 923.57006723
-0.464874666667 923.531560976
-0.459872 923.786483532
-0.454869333333 923.600524933
-0.449866666667 923.334026009
-0.444864 922.85662874
-0.439861333333 923.217243832
-0.434858666667 923.524343891
-0.429856 923.728266651
-0.424853333333 923.635103168
-0.419850666667 923.569685325
-0.414848 923.511383984
-0.409845333333 923.380923689
-0.404842666667 923.217502583
-0.39984 923.481845174
-0.394837333333 923.281713922
-0.389834666667 923.382284004
-0.384832 923.133260357
-0.379829333333 923.484389575
-0.374826666667 923.062975869
-0.369824 923.597625135
-0.364821333333 923.11120402
-0.359818666667 923.575456082
-0.354816 923.49802881
-0.349813333333 923.948242512
-0.344810666667 923.343335453
-0.339808 923.933713271
-0.334805333333 923.238384606
-0.329802666667 923.368537513
-0.3248 923.011352281
-0.319797333333 923.378095415
-0.314794666667 923.266372993
-0.309792 923.66552604
-0.304789333333 923.523254571
-0.299786666667 923.846212435
-0.294784 922.999419867
-0.289781333333 923.644860146
-0.284778666667 922.71485258
-0.279776 923.015500881
-0.274773333333 923.027145912
-0.269770666667 923.364269599
-0.264768 922.832845609
-0.259765333333 922.738057948
-0.254762666667 922.383408546
-0.24976 922.602094778
-0.244757333333 922.819889952
-0.239754666667 922.84242011
-0.234752 922.754021554
-0.229749333333 922.696359672
-0.224746666667 922.551544036
-0.219744 922.68308735
-0.214741333333 922.588082228
-0.209738666667 922.666428016
-0.204736 922.362839165
-0.199733333333 922.772829265
-0.194730666667 921.788262517
-0.189728 921.544441191
-0.184725333333 921.059839815
-0.179722666667 921.499917451
-0.17472 921.496458739
-0.169717333333 921.514144578
-0.164714666667 921.491682354
-0.159712 921.270802086
-0.154709333333 921.199670019
-0.149706666667 921.431617811
-0.144704 921.818219933
-0.139701333333 921.581042121
-0.134698666667 921.372857731
-0.129696 921.382045517
-0.124693333333 921.269295302
-0.119690666667 921.183277121
-0.114688 921.304406009
-0.109685333333 921.225919169
-0.104682666667 921.016263982
-0.09968 921.167898752
-0.0946773333333 920.967866098
-0.0896746666667 921.219420575
-0.084672 921.183630223
-0.0796693333333 921.270435789
-0.0746666666667 920.92826958
-0.069664 921.142728712
-0.0646613333333 920.828195252
-0.0596586666667 921.070282163
-0.054656 921.024176331
-0.0496533333333 921.352496651
-0.0446506666667 921.031402894
-0.039648 920.938043395
-0.0346453333333 921.149803397
-0.0296426666667 921.444014732
-0.02464 920.96914066
-0.0196373333333 920.947260312
-0.0146346666667 920.992178799
-0.009632 920.995397064
-0.00462933333333 920.506486103
