（-7.5,1.5），（-4.8,1.5）
-9.99995733333 277.034119719
-9.99495466667 277.130155834
-9.989952 277.060838401
-9.98494933333 277.163312922
-9.97994666667 277.097528899
-9.974944 277.197029476
-9.96994133333 277.133196496
-9.96493866667 277.263479819
-9.959936 277.190542512
-9.95493333333 277.344104199
-9.94993066667 277.250859723
-9.944928 277.392396979
-9.93992533333 277.349921332
-9.93492266667 277.476433851
-9.92992 277.366550541
-9.92491733333 277.505105654
-9.91991466667 277.433035212
-9.914912 277.578049822
-9.90990933333 277.484432796
-9.90490666667 277.617973479
-9.899904 277.524929662
-9.89490133333 277.674054378
-9.88989866667 277.553757274
-9.884896 277.655813065
-9.87989333333 277.560394113
-9.87489066667 277.65359218
-9.869888 277.479957746
-9.86488533333 277.613919143
-9.85988266667 277.495413401
-9.85488 277.658508631
-9.84987733333 277.559709315
-9.84487466667 277.677001529
-9.839872 277.584583078
-9.83486933333 277.723294565
-9.82986666667 277.613719929
-9.824864 277.730133999
-9.81986133333 277.629066964
-9.81485866667 277.704924737
-9.809856 277.614353731
-9.80485333333 277.706656721
-9.79985066667 277.584250824
-9.794848 277.673645664
-9.78984533333 277.564229095
-9.78484266667 277.671369037
-9.77984 277.614020155
-9.77483733333 277.737087742
-9.76983466667 277.63653029
-9.764832 277.771419522
-9.75982933333 277.662727486
-9.75482666667 277.75596602
-9.749824 277.671345588
-9.74482133333 277.748743239
-9.73981866667 277.5999978
-9.734816 277.672048443
-9.72981333333 277.54109731
-9.72481066667 277.590760146
-9.719808 277.500242355
-9.71480533333 277.602207169
-9.70980266667 277.510896197
-9.7048 277.624836711
-9.69979733333 277.571432571
-9.69479466667 277.677005567
-9.689792 277.633089027
-9.68478933333 277.695245889
-9.67978666667 277.619669465
-9.674784 277.69451556
-9.66978133333 277.49856502
-9.66477866667 277.584125697
-9.659776 277.475376154
-9.65477333333 277.537201559
-9.64977066667 277.417882164
-9.644768 277.500071863
-9.63976533333 277.398509033
-9.63476266667 277.491430671
-9.62976 277.41597397
-9.62475733333 277.498604285
-9.61975466667 277.394992995
-9.614752 277.508947783
-9.60974933333 277.352585846
-9.60474666667 277.466449161
-9.599744 277.378077609
-9.59474133333 277.453749811
-9.58973866667 277.329044724
-9.584736 277.453274212
-9.57973333333 277.290011799
-9.57473066667 277.375164296
-9.569728 277.261464725
-9.56472533333 277.352704633
-9.55972266667 277.29108885
-9.55472 277.390964717
-9.54971733333 277.248835773
-9.54471466667 277.355604323
-9.539712 277.244873711
-9.53470933333 277.340216103
-9.52970666667 277.228862693
-9.524704 277.31506274
-9.51970133333 277.202245089
-9.51469866667 277.327360286
-9.509696 277.197692548
-9.50469333333 277.338920876
-9.49969066667 277.27998327
-9.494688 277.364950207
-9.48968533333 277.28158277
-9.48468266667 277.39597377
-9.47968 277.311902661
-9.47467733333 277.449948741
-9.46967466667 277.317103156
-9.464672 277.415482895
-9.45966933333 277.328910226
-9.45466666667 277.480501616
-9.449664 277.361875161
-9.44466133333 277.485823081
-9.43965866667 277.414680454
-9.434656 277.466983265
-9.42965333333 277.386598849
-9.42465066667 277.446487643
-9.419648 277.341676506
-9.41464533333 277.428146848
-9.40964266667 277.30128245
-9.40464 277.393416281
-9.39963733333 277.291884947
-9.39463466667 277.382913145
-9.389632 277.25927522
-9.38462933333 277.367391406
-9.37962666667 277.286927828
-9.374624 277.362083433
-9.36962133333 277.267117612
-9.36461866667 277.387620365
-9.359616 277.306136659
-9.35461333333 277.398222725
-9.34961066667 277.314158198
-9.344608 277.410015796
-9.33960533333 277.330577012
-9.33460266667 277.436813885
-9.3296 277.334414649
-9.32459733333 277.473614488
-9.31959466667 277.373843611
-9.314592 277.520169
-9.30958933333 277.390790641
-9.30458666667 277.500996151
-9.299584 277.410865467
-9.29458133333 277.538342265
-9.28957866667 277.455577582
-9.284576 277.587748312
-9.27957333333 277.478059459
-9.27457066667 277.575296913
-9.269568 277.524669187
-9.26456533333 277.633601389
-9.25956266667 277.553236903
-9.25456 277.673897015
-9.24955733333 277.541517169
-9.24455466667 277.611618505
-9.239552 277.541798708
-9.23454933333 277.621581902
-9.22954666667 277.514688086
-9.224544 277.5953363
-9.21954133333 277.520834969
-9.21453866667 277.596005038
-9.209536 277.461776621
-9.20453333333 277.599948239
-9.19953066667 277.514855496
-9.194528 277.600115157
-9.18952533333 277.492143487
-9.18452266667 277.573913225
-9.17952 277.507122079
-9.17451733333 277.573752516
-9.16951466667 277.487784458
-9.164512 277.575412125
-9.15950933333 277.441344358
-9.15450666667 277.552578021
-9.149504 277.419752942
-9.14450133333 277.481886841
-9.13949866667 277.407614939
-9.134496 277.500430444
-9.12949333333 277.370735644
-9.12449066667 277.471505613
-9.119488 277.369267901
-9.11448533333 277.464288201
-9.10948266667 277.345505133
-9.10448 277.486613934
-9.09947733333 277.38767875
-9.09447466667 277.511499451
-9.089472 277.407488893
-9.08446933333 277.535680071
-9.07946666667 277.470855304
-9.074464 277.562788715
-9.06946133333 277.457097004
-9.06445866667 277.575409014
-9.059456 277.508146487
-9.05445333333 277.646428968
-9.04945066667 277.57595378
-9.044448 277.693054867
-9.03944533333 277.614557146
-9.03444266667 277.72843386
-9.02944 277.651733881
-9.02443733333 277.761391652
-9.01943466667 277.723214246
-9.014432 277.788164573
-9.00942933333 277.727606408
-9.00442666667 277.821330311
-8.999424 277.722390475
-8.99442133333 277.827728657
-8.98941866667 277.672727291
-8.984416 277.742533879
-8.97941333333 277.59686413
-8.97441066667 277.702878206
-8.969408 277.588311917
-8.96440533333 277.655237647
-8.95940266667 277.597546083
-8.9544 277.698441649
-8.94939733333 277.626970625
-8.94439466667 277.713862463
-8.939392 277.601528731
-8.93438933333 277.730691651
-8.92938666667 277.63980371
-8.924384 277.711249535
-8.91938133333 277.674394193
-8.91437866667 277.755919161
-8.909376 277.68104453
-8.90437333333 277.798471658
-8.89937066667 277.73519086
-8.894368 277.796734742
-8.88936533333 277.681776275
-8.88436266667 277.765455521
-8.87936 277.691433349
-8.87435733333 277.788998075
-8.86935466667 277.651666188
-8.864352 277.713939762
-8.85934933333 277.649402278
-8.85434666667 277.715111661
-8.849344 277.602276217
-8.84434133333 277.696451454
-8.83933866667 277.615050342
-8.834336 277.693589733
-8.82933333333 277.587482901
-8.82433066667 277.658670042
-8.819328 277.579969547
-8.81432533333 277.707059348
-8.80932266667 277.582449728
-8.80432 277.694377452
-8.79931733333 277.652020631
-8.79431466667 277.688158543
-8.789312 277.601220245
-8.78430933333 277.691524565
-8.77930666667 277.582483836
-8.774304 277.654199551
-8.76930133333 277.522507434
-8.76429866667 277.604829228
-8.759296 277.542137094
-8.75429333333 277.603915196
-8.74929066667 277.516058748
-8.744288 277.593071202
-8.73928533333 277.484164099
-8.73428266667 277.507065576
-8.72928 277.422649468
-8.72427733333 277.479607464
-8.71927466667 277.357552222
-8.714272 277.435196438
-8.70926933333 277.267524415
-8.70426666667 277.343995879
-8.699264 277.270974451
-8.69426133333 277.31033122
-8.68925866667 277.143282818
-8.684256 277.249969135
-8.67925333333 277.093668656
-8.67425066667 277.178874899
-8.669248 277.069324379
-8.66424533333 277.15947619
-8.65924266667 277.083114361
-8.65424 277.184842988
-8.64923733333 277.062054487
-8.64423466667 277.147892812
-8.639232 277.071356527
-8.63422933333 277.161007121
-8.62922666667 277.056085659
-8.624224 277.175950842
-8.61922133333 277.100521494
-8.61421866667 277.220014416
-8.609216 277.139858695
-8.60421333333 277.232403348
-8.59921066667 277.180633742
-8.594208 277.323973166
-8.58920533333 277.241560585
-8.58420266667 277.338354351
-8.5792 277.237951777
-8.57419733333 277.329472225
-8.56919466667 277.266883987
-8.564192 277.360048003
-8.55918933333 277.325524306
-8.55418666667 277.406020663
-8.549184 277.300179675
-8.54418133333 277.37282263
-8.53917866667 277.331667093
-8.534176 277.394008882
-8.52917333333 277.27316577
-8.52417066667 277.376151185
-8.519168 277.300402321
-8.51416533333 277.380394604
-8.50916266667 277.339200921
-8.50416 277.396742806
-8.49915733333 277.329324493
-8.49415466667 277.436356861
-8.489152 277.327471125
-8.48414933333 277.427416322
-8.47914666667 277.381198324
-8.474144 277.44525607
-8.46914133333 277.360964936
-8.46413866667 277.461324
-8.459136 277.396670283
-8.45413333333 277.477115882
-8.44913066667 277.383133838
-8.444128 277.467868018
-8.43912533333 277.377726537
-8.43412266667 277.456006301
-8.42912 277.38588783
-8.42411733333 277.428974683
-8.41911466667 277.388976444
-8.414112 277.440025491
-8.40910933333 277.338774839
-8.40410666667 277.411302661
-8.399104 277.310844614
-8.39410133333 277.396482708
-8.38909866667 277.314522909
-8.384096 277.363160804
-8.37909333333 277.321002157
-8.37409066667 277.380966754
-8.369088 277.275335299
-8.36408533333 277.368317029
-8.35908266667 277.293208815
-8.35408 277.323601952
-8.34907733333 277.183253339
-8.34407466667 277.202795162
-8.339072 277.166614844
-8.33406933333 277.250169789
-8.32906666667 277.143661692
-8.324064 277.201774968
-8.31906133333 277.121047797
-8.31405866667 277.156917638
-8.309056 277.068526729
-8.30405333333 277.08895944
-8.29905066667 276.998369659
-8.294048 277.034477175
-8.28904533333 276.931966111
-8.28404266667 276.954948905
-8.27904 276.841275359
-8.27403733333 276.925714943
-8.26903466667 276.764235101
-8.264032 276.787969461
-8.25902933333 276.727415938
-8.25402666667 276.747556448
-8.249024 276.654707662
-8.24402133333 276.722656594
-8.23901866667 276.612263169
-8.234016 276.739522871
-8.22901333333 276.61967929
-8.22401066667 276.65815013
-8.219008 276.633566449
-8.21400533333 276.678604797
-8.20900266667 276.59695589
-8.204 276.647760319
-8.19899733333 276.615545787
-8.19399466667 276.660453756
-8.188992 276.583592475
-8.18398933333 276.653793007
-8.17898666667 276.594422412
-8.173984 276.681782702
-8.16898133333 276.614196399
-8.16397866667 276.666561314
-8.158976 276.616355992
-8.15397333333 276.703851388
-8.14897066667 276.606124267
-8.143968 276.693133103
-8.13896533333 276.648209697
-8.13396266667 276.756467419
-8.12896 276.712363411
-8.12395733333 276.788261346
-8.11895466667 276.806531737
-8.113952 276.876332043
-8.10894933333 276.789703997
-8.10394666667 276.843744886
-8.098944 276.812275968
-8.09394133333 276.881931612
-8.08893866667 276.785232716
-8.083936 276.862627549
-8.07893333333 276.804304909
-8.07393066667 276.924366975
-8.068928 276.88574063
-8.06392533333 276.98755013
-8.05892266667 276.950200732
-8.05392 277.026615558
-8.04891733333 276.905118701
-8.04391466667 277.01341733
-8.038912 276.956193938
-8.03390933333 276.939777637
-8.02890666667 276.863710075
-8.023904 276.909416726
-8.01890133333 276.775653858
-8.01389866667 276.876167013
-8.008896 276.766560325
-8.00389333333 276.814098151
-7.99889066667 276.80196163
-7.993888 276.860383588
-7.98888533333 276.864121323
-7.98388266667 276.972594178
-7.97888 276.941532084
-7.97387733333 276.97035514
-7.96887466667 276.918039599
-7.963872 277.000024985
-7.95886933333 276.909889691
-7.95386666667 277.022972009
-7.948864 276.952233726
-7.94386133333 276.990388366
-7.93885866667 276.970500389
-7.933856 277.010099331
-7.92885333333 276.930732557
-7.92385066667 277.00370629
-7.918848 276.999189436
-7.91384533333 277.093310688
-7.90884266667 277.008701018
-7.90384 277.112832655
-7.89883733333 277.051711482
-7.89383466667 277.150759012
-7.888832 277.041042572
-7.88382933333 277.127839778
-7.87882666667 277.080518134
-7.873824 277.089989025
-7.86882133333 277.033595963
-7.86381866667 277.09368946
-7.858816 277.060101636
-7.85381333333 277.158092983
-7.84881066667 277.067870564
-7.843808 277.147760596
-7.83880533333 277.098607381
-7.83380266667 277.190938835
-7.8288 277.080718701
-7.82379733333 277.190748184
-7.81879466667 277.118405053
-7.813792 277.167950851
-7.80878933333 277.10280465
-7.80378666667 277.156500695
-7.798784 277.091369926
-7.79378133333 277.178006616
-7.78877866667 277.126847411
-7.783776 277.165038834
-7.77877333333 277.151112657
-7.77377066667 277.236763582
-7.768768 277.18133241
-7.76376533333 277.217363694
-7.75876266667 277.210738253
-7.75376 277.246196812
-7.74875733333 277.163295322
-7.74375466667 277.216798666
-7.738752 277.201419268
-7.73374933333 277.277123512
-7.72874666667 277.214547953
-7.723744 277.274668856
-7.71874133333 277.274599365
-7.71373866667 277.320492856
-7.708736 277.267327858
-7.70373333333 277.335158138
-7.69873066667 277.324043489
-7.693728 277.365528628
-7.68872533333 277.278052653
-7.68372266667 277.296427939
-7.67872 277.21068085
-7.67371733333 277.255765261
-7.66871466667 277.147872683
-7.663712 277.198068456
-7.65870933333 277.157367761
-7.65370666667 277.211665431
-7.648704 277.168817842
-7.64370133333 277.227221188
-7.63869866667 277.184967031
-7.633696 277.262094605
-7.62869333333 277.218794081
-7.62369066667 277.264135662
-7.618688 277.263116873
-7.61368533333 277.288841875
-7.60868266667 277.244725
-7.60368 277.293496751
-7.59867733333 277.269868825
-7.59367466667 277.326332421
-7.588672 277.316669876
-7.58366933333 277.367219744
-7.57866666667 277.325084389
-7.573664 277.420438234
-7.56866133333 277.384828767
-7.56365866667 277.414455492
-7.558656 277.41364454
-7.55365333333 277.453959771
-7.54865066667 277.383509716
-7.543648 277.423221867
-7.53864533333 277.391293608
-7.53364266667 277.455561929
-7.52864 277.400331479
-7.52363733333 277.425447031
-7.51863466667 277.364690589
-7.513632 277.407785696
-7.50862933333 277.336521595
-7.50362666667 277.357426739
-7.498624 277.349948142
-7.49362133333 277.342367859
-7.48861866667 277.280961706
-7.483616 277.310982265
-7.47861333333 277.290537796
-7.47361066667 277.350160889
-7.468608 277.307885962
-7.46360533333 277.333532028
-7.45860266667 277.30365833
-7.4536 277.361378469
-7.44859733333 277.292303879
-7.44359466667 277.31441725
-7.438592 277.315414361
-7.43358933333 277.309103343
-7.42858666667 277.208714128
-7.423584 277.282228886
-7.41858133333 277.213650794
-7.41357866667 277.292557154
-7.408576 277.249255322
-7.40357333333 277.279402683
-7.39857066667 277.288446144
-7.393568 277.302675295
-7.38856533333 277.258137037
-7.38356266667 277.307029838
-7.37856 277.286585346
-7.37355733333 277.359247959
-7.36855466667 277.313662703
-7.363552 277.341356592
-7.35854933333 277.300489965
-7.35354666667 277.378512442
-7.348544 277.361703642
-7.34354133333 277.373388173
-7.33853866667 277.344463349
-7.333536 277.433833809
-7.32853333333 277.391738928
-7.32353066667 277.465544116
-7.318528 277.424023757
-7.31352533333 277.470951438
-7.30852266667 277.452604096
-7.30352 277.494362609
-7.29851733333 277.495634111
-7.29351466667 277.551433528
-7.288512 277.509296604
-7.28350933333 277.564534601
-7.27850666667 277.572269006
-7.273504 277.580784939
-7.26850133333 277.543747815
-7.26349866667 277.600259964
-7.258496 277.597571955
-7.25349333333 277.609514937
-7.24849066667 277.581995448
-7.243488 277.637965954
-7.23848533333 277.680697471
-7.23348266667 277.683659637
-7.22848 277.699047925
-7.22347733333 277.724305522
-7.21847466667 277.719822586
-7.213472 277.761350668
-7.20846933333 277.725303436
-7.20346666667 277.788997424
-7.198464 277.767107649
-7.19346133333 277.794346726
-7.18845866667 277.740159518
-7.183456 277.740238732
-7.17845333333 277.729165709
-7.17345066667 277.766116515
-7.168448 277.737184162
-7.16344533333 277.797062657
-7.15844266667 277.76051102
-7.15344 277.78803517
-7.14843733333 277.748354487
-7.14343466667 277.803385256
-7.138432 277.797124874
-7.13342933333 277.825001053
-7.12842666667 277.805415624
-7.123424 277.826189243
-7.11842133333 277.835919547
-7.11341866667 277.881975945
-7.108416 277.836477145
-7.10341333333 277.898849742
-7.09841066667 277.879244084
-7.093408 277.94666919
-7.08840533333 277.981333496
-7.08340266667 278.044279826
-7.0784 278.065634045
-7.07339733333 278.113513174
-7.06839466667 278.140770353
-7.063392 278.209336943
-7.05838933333 278.247296517
-7.05338666667 278.356989062
-7.048384 278.425647909
-7.04338133333 278.530851462
-7.03837866667 278.598753372
-7.033376 278.743923792
-7.02837333333 278.828889296
-7.02337066667 278.937907533
-7.018368 279.047807082
-7.01336533333 279.170576982
-7.00836266667 279.21657693
-7.00336 279.358170256
-6.99835733333 279.455310311
-6.99335466667 279.529853044
-6.988352 279.599648482
-6.98334933333 279.737281218
-6.97834666667 279.782555482
-6.973344 279.927674148
-6.96834133333 279.996758762
-6.96333866667 280.071222049
-6.958336 280.1767021
-6.95333333333 280.301843089
-6.94833066667 280.297738731
-6.943328 280.401677958
-6.93832533333 280.458045344
-6.93332266667 280.521687554
-6.92832 280.514606203
-6.92331733333 280.593376117
-6.91831466667 280.569408891
-6.913312 280.637254642
-6.90830933333 280.632636834
-6.90330666667 280.584797973
-6.898304 280.560483032
-6.89330133333 280.576803446
-6.88829866667 280.484840142
-6.883296 280.524514446
-6.87829333333 280.466333515
-6.87329066667 280.453369858
-6.868288 280.401469099
-6.86328533333 280.384206998
-6.85828266667 280.365543822
-6.85328 280.343156635
-6.84827733333 280.302814255
-6.84327466667 280.331241091
-6.838272 280.280738904
-6.83326933333 280.262554294
-6.82826666667 280.275710474
-6.823264 280.321174316
-6.81826133333 280.267705435
-6.81325866667 280.259494191
-6.808256 280.26433798
-6.80325333333 280.274681569
-6.79825066667 280.258926254
-6.793248 280.286350592
-6.78824533333 280.248355202
-6.78324266667 280.282244813
-6.77824 280.271670812
-6.77323733333 280.279254571
-6.76823466667 280.251397471
-6.763232 280.24293948
-6.75822933333 280.200359288
-6.75322666667 280.191935861
-6.748224 280.136729799
-6.74322133333 280.082504419
-6.73821866667 280.093310679
-6.733216 280.069904629
-6.72821333333 280.007779944
-6.72321066667 280.0103252
-6.718208 279.95952288
-6.71320533333 279.965220615
-6.70820266667 279.920648768
-6.7032 279.914462564
-6.69819733333 279.878794549
-6.69319466667 279.848611589
-6.688192 279.790212493
-6.68318933333 279.800501122
-6.67818666667 279.79701645
-6.673184 279.760210522
-6.66818133333 279.714706815
-6.66317866667 279.734826072
-6.658176 279.712775247
-6.65317333333 279.726145
-6.64817066667 279.706393543
-6.643168 279.698360614
-6.63816533333 279.655705479
-6.63316266667 279.66297944
-6.62816 279.614359893
-6.62315733333 279.590215118
-6.61815466667 279.546268264
-6.613152 279.537131927
-6.60814933333 279.498132606
-6.60314666667 279.512733323
-6.598144 279.428983007
-6.59314133333 279.45741919
-6.58813866667 279.36441145
-6.583136 279.338441891
-6.57813333333 279.319523899
-6.57313066667 279.290723232
-6.568128 279.207504131
-6.56312533333 279.218346969
-6.55812266667 279.154617811
-6.55312 279.169197898
-6.54811733333 279.128854422
-6.54311466667 279.100459598
-6.538112 279.027513328
-6.53310933333 278.966449165
-6.52810666667 278.831324902
-6.523104 278.738207897
-6.51810133333 278.661162484
-6.51309866667 278.568390121
-6.508096 278.464817822
-6.50309333333 278.421388434
-6.49809066667 278.35250938
-6.493088 278.280818587
-6.48808533333 278.190619263
-6.48308266667 278.120448446
-6.47808 277.992198435
-6.47307733333 277.902804968
-6.46807466667 277.822826681
-6.463072 277.716914878
-6.45806933333 277.686682682
-6.45306666667 277.607666305
-6.448064 277.487969363
-6.44306133333 277.49045881
-6.43805866667 277.452650991
-6.433056 277.451451699
-6.42805333333 277.41091901
-6.42305066667 277.353070225
-6.418048 277.329768368
-6.41304533333 277.318536008
-6.40804266667 277.295997549
-6.40304 277.293852335
-6.39803733333 277.288981276
-6.39303466667 277.249259389
-6.388032 277.24629569
-6.38302933333 277.242395879
-6.37802666667 277.20877861
-6.373024 277.215228241
-6.36802133333 277.191646003
-6.36301866667 277.130303455
-6.358016 277.173077739
-6.35301333333 277.162896891
-6.34801066667 277.118018998
-6.343008 277.166493658
-6.33800533333 277.175397857
-6.33300266667 277.190967896
-6.328 277.200227453
-6.32299733333 277.19832773
-6.31799466667 277.210383673
-6.312992 277.224373314
-6.30798933333 277.218262563
-6.30298666667 277.208143092
-6.297984 277.224839228
-6.29298133333 277.181840093
-6.28797866667 277.186791253
-6.282976 277.216450766
-6.27797333333 277.162302289
-6.27297066667 277.167410005
-6.267968 277.143592113
-6.26296533333 277.112018649
-6.25796266667 277.125881053
-6.25296 277.119511114
-6.24795733333 277.070692041
-6.24295466667 277.112058661
-6.237952 277.107976104
-6.23294933333 277.111265243
-6.22794666667 277.105645192
-6.222944 277.098385258
-6.21794133333 277.066753617
-6.21293866667 277.052617976
-6.207936 277.044157961
-6.20293333333 276.992656384
-6.19793066667 276.998345972
-6.192928 276.991892134
-6.18792533333 276.948841785
-6.18292266667 276.936863134
-6.17792 276.850511347
-6.17291733333 276.871576925
-6.16791466667 276.86534509
-6.162912 276.868789652
-6.15790933333 276.874404784
-6.15290666667 276.857543975
-6.147904 276.851667722
-6.14290133333 276.826593146
-6.13789866667 276.822512334
-6.132896 276.798200018
-6.12789333333 276.713282816
-6.12289066667 276.765876442
-6.117888 276.709045721
-6.11288533333 276.702538069
-6.10788266667 276.685185836
-6.10288 276.693097695
-6.09787733333 276.73526783
-6.09287466667 276.752098219
-6.087872 276.716027082
-6.08286933333 276.752824522
-6.07786666667 276.787141674
-6.072864 276.806897563
-6.06786133333 276.83597376
-6.06285866667 276.841161325
-6.057856 276.882037717
-6.05285333333 276.88423707
-6.04785066667 276.88188652
-6.042848 276.868962962
-6.03784533333 276.919412118
-6.03284266667 276.924557017
-6.02784 276.919159123
-6.02283733333 276.95962657
-6.01783466667 276.975055175
-6.012832 276.990133319
-6.00782933333 276.976756415
-6.00282666667 276.962311335
-5.997824 276.953653506
-5.99282133333 276.928682541
-5.98781866667 276.90142006
-5.982816 276.862965967
-5.97781333333 276.884936989
-5.97281066667 276.856421211
-5.967808 276.840128134
-5.96280533333 276.845230204
-5.95780266667 276.839537308
-5.9528 276.832823153
-5.94779733333 276.821132031
-5.94279466667 276.805950647
-5.937792 276.790162581
-5.93278933333 276.810266659
-5.92778666667 276.798577986
-5.922784 276.807521718
-5.91778133333 276.846018169
-5.91277866667 276.860988377
-5.907776 276.869648036
-5.90277333333 276.896037338
-5.89777066667 276.896489567
-5.892768 276.917968079
-5.88776533333 276.915293831
-5.88276266667 276.905621729
-5.87776 276.944155084
-5.87275733333 276.953979433
-5.86775466667 276.986637814
-5.862752 276.966305669
-5.85774933333 276.974353554
-5.85274666667 277.004304971
-5.847744 276.97172179
-5.84274133333 276.975264288
-5.83773866667 276.969974711
-5.832736 276.989774748
-5.82773333333 277.102430659
-5.82273066667 277.082661286
-5.817728 277.057550475
-5.81272533333 277.063538671
-5.80772266667 277.054944466
-5.80272 277.112269655
-5.79771733333 277.136428475
-5.79271466667 277.13736105
-5.787712 277.172075788
-5.78270933333 277.1935214
-5.77770666667 277.221383962
-5.772704 277.250299252
-5.76770133333 277.265484968
-5.76269866667 277.261744038
-5.757696 277.317654112
-5.75269333333 277.317887386
-5.74769066667 277.349599337
-5.742688 277.391707725
-5.73768533333 277.370336054
-5.73268266667 277.388441904
-5.72768 277.46155035
-5.72267733333 277.443508356
-5.71767466667 277.491520473
-5.712672 277.519537485
-5.70766933333 277.531390888
-5.70266666667 277.549703887
-5.697664 277.635462724
-5.69266133333 277.632991868
-5.68765866667 277.642548817
-5.682656 277.662789243
-5.67765333333 277.693460464
-5.67265066667 277.693032796
-5.667648 277.730843319
-5.66264533333 277.698618437
-5.65764266667 277.726688604
-5.65264 277.728858138
-5.64763733333 277.676068327
-5.64263466667 277.647730337
-5.637632 277.659716686
-5.63262933333 277.62598171
-5.62762666667 277.567380561
-5.622624 277.551675917
-5.61762133333 277.53211376
-5.61261866667 277.518210168
-5.607616 277.534861457
-5.60261333333 277.507131253
-5.59761066667 277.532477737
-5.592608 277.534096936
-5.58760533333 277.498288957
-5.58260266667 277.450347822
-5.5776 277.472660594
-5.57259733333 277.411674028
-5.56759466667 277.421033942
-5.562592 277.36558946
-5.55758933333 277.392659921
-5.55258666667 277.353667876
-5.547584 277.35687468
-5.54258133333 277.28719316
-5.53757866667 277.325558803
-5.532576 277.300279902
-5.52757333333 277.309856426
-5.52257066667 277.284502915
-5.517568 277.270100287
-5.51256533333 277.264283537
-5.50756266667 277.253811981
-5.50256 277.211934549
-5.49755733333 277.227508311
-5.49255466667 277.201922321
-5.487552 277.195236783
-5.48254933333 277.16516567
-5.47754666667 277.192823684
-5.472544 277.162996003
-5.46754133333 277.141913117
-5.46253866667 277.150997864
-5.457536 277.132811021
-5.45253333333 277.107506005
-5.44753066667 277.109620851
-5.442528 277.052540651
-5.43752533333 277.081256506
-5.43252266667 277.054703736
-5.42752 277.053978823
-5.42251733333 277.039410817
-5.41751466667 277.089501629
-5.412512 277.037354308
-5.40750933333 277.041496776
-5.40250666667 277.029357973
-5.397504 277.059959066
-5.39250133333 277.043934612
-5.38749866667 277.051130685
-5.382496 277.008476964
-5.37749333333 277.035727908
-5.37249066667 277.027623036
-5.367488 277.008202204
-5.36248533333 277.008407566
-5.35748266667 277.03158485
-5.35248 277.022978646
-5.34747733333 277.033620867
-5.34247466667 277.028510904
-5.337472 277.055891422
-5.33246933333 277.039865113
-5.32746666667 277.025939059
-5.322464 277.004139524
-5.31746133333 277.066764105
-5.31245866667 277.044531928
-5.307456 277.04598784
-5.30245333333 277.031225668
-5.29745066667 277.051850701
-5.292448 276.997083086
-5.28744533333 277.01251323
-5.28244266667 276.975504466
-5.27744 277.001015388
-5.27243733333 276.972362525
-5.26743466667 276.963330035
-5.262432 276.933822271
-5.25742933333 276.962888177
-5.25242666667 276.963365318
-5.247424 276.956143062
-5.24242133333 276.963358829
-5.23741866667 277.013041774
-5.232416 276.992041102
-5.22741333333 277.037271587
-5.22241066667 276.986656308
-5.217408 277.046943519
-5.21240533333 277.023682242
-5.20740266667 277.073849223
-5.2024 277.029150343
-5.19739733333 277.065929729
-5.19239466667 277.041013134
-5.187392 277.078967324
-5.18238933333 277.060693247
-5.17738666667 277.06343441
-5.172384 277.061555428
-5.16738133333 277.059916279
-5.16237866667 277.032025771
-5.157376 277.049654805
-5.15237333333 277.037381452
-5.14737066667 277.016840256
-5.142368 277.000185757
-5.13736533333 277.081935112
-5.13236266667 276.999929417
-5.12736 277.026072274
-5.12235733333 276.954432372
-5.11735466667 276.979574269
-5.112352 276.924534103
-5.10734933333 276.97446871
-5.10234666667 276.880780177
-5.097344 276.943926605
-5.09234133333 276.908266682
-5.08733866667 276.867673679
-5.082336 276.855731212
-5.07733333333 276.876332254
-5.07233066667 276.836587825
-5.067328 276.874257566
-5.06232533333 276.848731418
-5.05732266667 276.866134852
-5.05232 276.853934837
-5.04731733333 276.846904916
-5.04231466667 276.816646738
-5.037312 276.887167386
-5.03230933333 276.858152358
-5.02730666667 276.858625886
-5.022304 276.869162116
-5.01730133333 276.916199621
-5.01229866667 276.883067514
-5.007296 276.915291281
-5.00229333333 276.894802845
-4.99729066667 276.984708716
-4.992288 276.953056561
-4.98728533333 276.973173748
-4.98228266667 276.991249824
-4.97728 277.04620154
-4.97227733333 277.028115349
-4.96727466667 277.05106115
-4.962272 277.031110074
-4.95726933333 277.093983844
-4.95226666667 277.041382228
-4.947264 277.042498039
-4.94226133333 277.002701619
-4.93725866667 277.022949228
-4.932256 277.006137687
-4.92725333333 276.956103285
-4.92225066667 276.931906579
-4.917248 276.977594937
-4.91224533333 276.888450877
-4.90724266667 276.918759626
-4.90224 276.832760681
-4.89723733333 276.877783749
-4.89223466667 276.84131864
-4.887232 276.878898823
-4.88222933333 276.802868891
-4.87722666667 276.870220231
-4.872224 276.854479745
-4.86722133333 276.844712489
-4.86221866667 276.863101048
-4.857216 276.922379895
-4.85221333333 276.901667515
-4.84721066667 276.941455641
-4.842208 276.87307016
-4.83720533333 276.917962598
-4.83220266667 276.910230104
-4.8272 276.927588652
-4.82219733333 276.884614782
-4.81719466667 276.991629453
-4.812192 276.939889173
-4.80718933333 276.962055949
-4.80218666667 276.962409443
-4.797184 277.014816287
-4.79218133333 276.967043307
-4.78717866667 277.044251231
-4.782176 276.977486152
-4.77717333333 277.038429495
-4.77217066667 277.003611333
-4.767168 277.023310326
-4.76216533333 276.978831234
-4.75716266667 277.035225489
-4.75216 277.029483168
-4.74715733333 277.049367548
-4.74215466667 277.026055672
-4.737152 277.073001594
-4.73214933333 277.038885573
-4.72714666667 277.12224869
-4.722144 277.06448069
-4.71714133333 277.124733689
-4.71213866667 277.146940402
-4.707136 277.148119786
-4.70213333333 277.127825655
-4.69713066667 277.149959623
-4.692128 277.069162051
-4.68712533333 277.068936075
-4.68212266667 277.018564256
-4.67712 277.080270738
-4.67211733333 277.032189484
-4.66711466667 277.112300927
-4.662112 277.039746977
-4.65710933333 277.15413622
-4.65210666667 277.132848315
-4.647104 277.196323602
-4.64210133333 277.187231128
-4.63709866667 277.243495665
-4.632096 277.204132876
-4.62709333333 277.307161746
-4.62209066667 277.25548539
-4.617088 277.347156472
-4.61208533333 277.327356028
-4.60708266667 277.407944039
-4.60208 277.378140586
-4.59707733333 277.503418482
-4.59207466667 277.457442801
-4.587072 277.544342082
-4.58206933333 277.542384365
-4.57706666667 277.60647384
-4.572064 277.561331656
-4.56706133333 277.638689215
-4.56205866667 277.616474866
-4.557056 277.710635997
-4.55205333333 277.683045448
-4.54705066667 277.722255951
-4.542048 277.695356123
-4.53704533333 277.796721383
-4.53204266667 277.774759988
-4.52704 277.808250171
-4.52203733333 277.815820737
-4.51703466667 277.878251395
-4.512032 277.793252404
-4.50702933333 277.911986702
-4.50202666667 277.826473441
-4.497024 277.933579709
-4.49202133333 277.879947359
-4.48701866667 277.882164663
-4.482016 277.865499855
-4.47701333333 277.922733511
-4.47201066667 277.868493406
-4.467008 277.928219485
-4.46200533333 277.85911524
-4.45700266667 277.943918706
-4.452 277.897964167
-4.44699733333 277.972089343
-4.44199466667 277.938241075
-4.436992 277.981382302
-4.43198933333 277.948748502
-4.42698666667 277.962162894
-4.421984 277.965257844
-4.41698133333 278.022848576
-4.41197866667 277.960029082
-4.406976 277.984365426
-4.40197333333 277.9678902
-4.39697066667 277.998533336
-4.391968 277.971838808
-4.38696533333 278.025240284
-4.38196266667 277.963256312
-4.37696 278.014509056
-4.37195733333 277.967117047
-4.36695466667 278.022728145
-4.361952 277.971937713
-4.35694933333 278.012631654
-4.35194666667 277.962493789
-4.346944 278.046757912
-4.34194133333 278.010369235
-4.33693866667 277.999665213
-4.331936 277.956978428
-4.32693333333 277.999116703
-4.32193066667 277.937773228
-4.316928 277.994575859
-4.31192533333 277.925723826
-4.30692266667 277.967046251
-4.30192 277.911592864
-4.29691733333 277.970466908
-4.29191466667 277.901998185
-4.286912 277.978962227
-4.28190933333 277.894997961
-4.27690666667 277.962535442
-4.271904 277.926428484
-4.26690133333 277.931942353
-4.26189866667 277.881539649
-4.256896 277.960629371
-4.25189333333 277.875507986
-4.24689066667 277.928425499
-4.241888 277.899698922
-4.23688533333 277.963142904
-4.23188266667 277.874998721
-4.22688 277.958391206
-4.22187733333 277.915111369
-4.21687466667 277.973421028
-4.211872 277.932093753
-4.20686933333 277.966480008
-4.20186666667 277.940283559
-4.196864 278.007103118
-4.19186133333 277.964800305
-4.18685866667 278.051453588
-4.181856 278.048456699
-4.17685333333 278.127873378
-4.17185066667 278.103193804
-4.166848 278.230628969
-4.16184533333 278.210631203
-4.15684266667 278.313728302
-4.15184 278.31324173
-4.14683733333 278.451654658
-4.14183466667 278.502512098
-4.136832 278.656394509
-4.13182933333 278.650848918
-4.12682666667 278.798092279
-4.121824 278.824732333
-4.11682133333 278.977953697
-4.11181866667 279.047843464
-4.106816 279.183187299
-4.10181333333 279.225310759
-4.09681066667 279.384530078
-4.091808 279.424867965
-4.08680533333 279.607603862
-4.08180266667 279.63561774
-4.0768 279.834593861
-4.07179733333 279.868283895
-4.06679466667 280.052351919
-4.061792 280.100435219
-4.05678933333 280.270681177
-4.05178666667 280.281574698
-4.046784 280.404524161
-4.04178133333 280.394146108
-4.03677866667 280.527645701
-4.031776 280.50078073
-4.02677333333 280.591860693
-4.02177066667 280.533513941
-4.016768 280.591214744
-4.01176533333 280.524636143
-4.00676266667 280.576049983
-4.00176 280.528409962
-3.99675733333 280.605692057
-3.99175466667 280.533454167
-3.986752 280.543271151
-3.98174933333 280.486210419
-3.97674666667 280.559454514
-3.971744 280.485992598
-3.96674133333 280.550973165
-3.96173866667 280.476917567
-3.956736 280.537985431
-3.95173333333 280.425024621
-3.94673066667 280.482197411
-3.941728 280.365752027
-3.93672533333 280.425574424
-3.93172266667 280.383860043
-3.92672 280.401183844
-3.92171733333 280.349083792
-3.91671466667 280.382582577
-3.911712 280.314628183
-3.90670933333 280.455388449
-3.90170666667 280.399173423
-3.896704 280.473688482
-3.89170133333 280.357443924
-3.88669866667 280.381078337
-3.881696 280.286251308
-3.87669333333 280.375225349
-3.87169066667 280.30635588
-3.866688 280.374418042
-3.86168533333 280.307137254
-3.85668266667 280.397494341
-3.85168 280.32162199
-3.84667733333 280.399293434
-3.84167466667 280.262973293
-3.836672 280.349588081
-3.83166933333 280.296310443
-3.82666666667 280.343077574
-3.821664 280.264737204
-3.81666133333 280.304862958
-3.81165866667 280.235568386
-3.806656 280.25006174
-3.80165333333 280.14705169
-3.79665066667 280.242902286
-3.791648 280.132102402
-3.78664533333 280.176746995
-3.78164266667 280.084086233
-3.77664 280.087457392
-3.77163733333 279.99484957
-3.76663466667 280.017587954
-3.761632 279.922196186
-3.75662933333 279.984380775
-3.75162666667 279.853965759
-3.746624 279.914505747
-3.74162133333 279.820923586
-3.73661866667 279.841417031
-3.731616 279.760302868
-3.72661333333 279.809188179
-3.72161066667 279.700575215
-3.716608 279.725470052
-3.71160533333 279.60636494
-3.70660266667 279.582482897
-3.7016 279.51974187
-3.69659733333 279.539205247
-3.69159466667 279.417669134
-3.686592 279.455910579
-3.68158933333 279.350522343
-3.67658666667 279.342410798
-3.671584 279.229365524
-3.66658133333 279.249447387
-3.66157866667 279.10678614
-3.656576 279.087147139
-3.65157333333 278.939043629
-3.64657066667 278.91509767
-3.641568 278.791376967
-3.63656533333 278.790011677
-3.63156266667 278.60068138
-3.62656 278.627041916
-3.62155733333 278.451103369
-3.61655466667 278.433990278
-3.611552 278.314549661
-3.60654933333 278.279743656
-3.60154666667 278.110831195
-3.596544 278.125663779
-3.59154133333 277.953863692
-3.58653866667 277.935811422
-3.581536 277.832755937
-3.57653333333 277.904946897
-3.57153066667 277.778036946
-3.566528 277.798628482
-3.56152533333 277.637023235
-3.55652266667 277.668060843
-3.55152 277.594819957
-3.54651733333 277.573473579
-3.54151466667 277.486677701
-3.536512 277.526039399
-3.53150933333 277.385634928
-3.52650666667 277.434885701
-3.521504 277.369715753
-3.51650133333 277.399498146
-3.51149866667 277.282982662
-3.506496 277.323175065
-3.50149333333 277.181407856
-3.49649066667 277.213156929
-3.491488 277.148039509
-3.48648533333 277.151113071
-3.48148266667 277.051516847
-3.47648 277.115979033
-3.47147733333 277.022557892
-3.46647466667 277.041390726
-3.461472 276.945667248
-3.45646933333 277.029339663
-3.45146666667 276.918203101
-3.446464 276.94030054
-3.44146133333 276.858501403
-3.43645866667 276.935954538
-3.431456 276.836173952
-3.42645333333 276.830309305
-3.42145066667 276.789760111
-3.416448 276.831246298
-3.41144533333 276.710946795
-3.40644266667 276.780782682
-3.40144 276.704517773
-3.39643733333 276.743353497
-3.39143466667 276.699440683
-3.386432 276.722319029
-3.38142933333 276.643035358
-3.37642666667 276.737677105
-3.371424 276.642698004
-3.36642133333 276.679945081
-3.36141866667 276.611612409
-3.356416 276.664194807
-3.35141333333 276.560797025
-3.34641066667 276.664586728
-3.341408 276.589529682
-3.33640533333 276.642911603
-3.33140266667 276.619820743
-3.3264 276.595701525
-3.32139733333 276.496066578
-3.31639466667 276.632385903
-3.311392 276.574522885
-3.30638933333 276.65530232
-3.30138666667 276.578339071
-3.296384 276.660410783
-3.29138133333 276.544499955
-3.28637866667 276.654320289
-3.281376 276.550057334
-3.27637333333 276.642850728
-3.27137066667 276.566912906
-3.266368 276.616841598
-3.26136533333 276.600126327
-3.25636266667 276.629522484
-3.25136 276.586767565
-3.24635733333 276.632402976
-3.24135466667 276.593721066
-3.236352 276.682149372
-3.23134933333 276.561516168
-3.22634666667 276.695044969
-3.221344 276.611809054
-3.21634133333 276.683504913
-3.21133866667 276.650417702
-3.206336 276.691079193
-3.20133333333 276.632561557
-3.19633066667 276.7141239
-3.191328 276.620210834
-3.18632533333 276.735569622
-3.18132266667 276.672661694
-3.17632 276.72860855
-3.17131733333 276.649960139
-3.16631466667 276.716820993
-3.161312 276.651963036
-3.15630933333 276.750979211
-3.15130666667 276.679252179
-3.146304 276.716766561
-3.14130133333 276.638319845
-3.13629866667 276.770626755
-3.131296 276.607571371
-3.12629333333 276.697439382
-3.12129066667 276.571238865
-3.116288 276.650101912
-3.11128533333 276.593013554
-3.10628266667 276.65613551
-3.10128 276.577555454
-3.09627733333 276.658273628
-3.09127466667 276.528462059
-3.086272 276.609815537
-3.08126933333 276.515938244
-3.07626666667 276.603640443
-3.071264 276.534519706
-3.06626133333 276.634537487
-3.06125866667 276.556475905
-3.056256 276.603497289
-3.05125333333 276.53886339
-3.04625066667 276.610549817
-3.041248 276.549682799
-3.03624533333 276.654990168
-3.03124266667 276.549843762
-3.02624 276.650504333
-3.02123733333 276.566502449
-3.01623466667 276.670966021
-3.011232 276.597374745
-3.00622933333 276.703194277
-3.00122666667 276.628774233
-2.996224 276.748337211
-2.99122133333 276.676473195
-2.98621866667 276.762830119
-2.981216 276.725753419
-2.97621333333 276.853076507
-2.97121066667 276.775312534
-2.966208 276.870925363
-2.96120533333 276.782633762
-2.95620266667 276.903270884
-2.9512 276.82203123
-2.94619733333 276.898375764
-2.94119466667 276.863406043
-2.936192 276.962143393
-2.93118933333 276.87206089
-2.92618666667 276.964264712
-2.921184 276.920768753
-2.91618133333 277.015090068
-2.91117866667 276.936497367
-2.906176 277.063613887
-2.90117333333 276.973947945
-2.89617066667 277.08220325
-2.891168 276.990607867
-2.88616533333 277.040594431
-2.88116266667 276.970267794
-2.87616 277.07707244
-2.87115733333 276.989363685
-2.86615466667 277.106031766
-2.861152 277.02417696
-2.85614933333 277.103090127
-2.85114666667 277.003206508
-2.846144 277.111461681
-2.84114133333 276.992689883
-2.83613866667 277.109838201
-2.831136 277.077981226
-2.82613333333 277.09454806
-2.82113066667 277.044075147
-2.816128 277.155338761
-2.81112533333 277.023835759
-2.80612266667 277.147335911
-2.80112 277.078378463
-2.79611733333 277.191935139
-2.79111466667 277.047264962
-2.786112 277.137988569
-2.78110933333 277.034635122
-2.77610666667 277.129824765
-2.771104 277.025631052
-2.76610133333 277.104347022
-2.76109866667 277.017052445
-2.756096 277.146843848
-2.75109333333 277.005273172
-2.74609066667 277.099387555
-2.741088 277.022737537
-2.73608533333 277.108007711
-2.73108266667 276.997690288
-2.72608 277.052170892
-2.72107733333 276.974354346
-2.71607466667 277.05955172
-2.711072 276.974612925
-2.70606933333 277.052034001
-2.70106666667 276.933456259
-2.696064 277.033816648
-2.69106133333 276.907849272
-2.68605866667 277.004710264
-2.681056 276.918288239
-2.67605333333 277.009576321
-2.67105066667 276.921581599
-2.666048 276.986663065
-2.66104533333 276.887700288
-2.65604266667 277.010383835
-2.65104 276.925898742
-2.64603733333 277.00311999
-2.64103466667 276.898765582
-2.636032 277.030179646
-2.63102933333 276.911465667
-2.62602666667 277.020740539
-2.621024 276.954498788
-2.61602133333 276.990386899
-2.61101866667 276.921392036
-2.606016 276.978873459
-2.60101333333 276.913080338
-2.59601066667 277.0084616
-2.591008 276.924334834
-2.58600533333 276.992680825
-2.58100266667 276.90822722
-2.576 277.002711724
-2.57099733333 276.889668764
-2.56599466667 277.011831002
-2.560992 276.909206459
-2.55598933333 277.008313732
-2.55098666667 276.916353132
-2.545984 276.964728722
-2.54098133333 276.864719812
-2.53597866667 276.983263457
-2.530976 276.880368697
-2.52597333333 277.003241286
-2.52097066667 276.914733095
-2.515968 276.9840448
-2.51096533333 276.878521735
-2.50596266667 276.978327046
-2.50096 276.878803934
-2.49595733333 277.011137545
-2.49095466667 276.894456011
-2.485952 276.96537599
-2.48094933333 276.920724315
-2.47594666667 277.053842583
-2.470944 276.893704413
-2.46594133333 276.987965996
-2.46093866667 276.899510908
-2.455936 276.99685932
-2.45093333333 276.919834883
-2.44593066667 276.99185508
-2.440928 276.906535037
-2.43592533333 276.991727407
-2.43092266667 276.896162326
-2.42592 276.960541501
-2.42091733333 276.903392327
-2.41591466667 276.991387485
-2.410912 276.881906231
-2.40590933333 276.998066583
-2.40090666667 276.882015981
-2.395904 276.954807146
-2.39090133333 276.881804558
-2.38589866667 276.964740216
-2.380896 276.877248377
-2.37589333333 276.97412684
-2.37089066667 276.879009426
-2.365888 276.934037093
-2.36088533333 276.862688934
-2.35588266667 276.972868592
-2.35088 276.843220422
-2.34587733333 276.960644946
-2.34087466667 276.835948883
-2.335872 276.935534264
-2.33086933333 276.868368734
-2.32586666667 276.937213863
-2.320864 276.855201146
-2.31586133333 276.976551002
-2.31085866667 276.867190165
-2.305856 276.970070958
-2.30085333333 276.866589512
-2.29585066667 276.983633582
-2.290848 276.847334627
-2.28584533333 276.962208423
-2.28084266667 276.883447884
-2.27584 276.986999617
-2.27083733333 276.893880126
-2.26583466667 276.960462171
-2.260832 276.882237306
-2.25582933333 277.004985591
-2.25082666667 276.909561872
-2.245824 277.039439339
-2.24082133333 276.91841388
-2.23581866667 277.019922002
-2.230816 276.897213811
-2.22581333333 276.998598337
-2.22081066667 276.929226232
-2.215808 277.01380033
-2.21080533333 276.93830571
-2.20580266667 277.020024262
-2.2008 276.928349501
-2.19579733333 277.044871982
-2.19079466667 276.911367363
-2.185792 277.029027855
-2.18078933333 276.952740253
-2.17578666667 277.078511603
-2.170784 276.961115273
-2.16578133333 277.044641509
-2.16077866667 276.943518987
-2.155776 277.050355089
-2.15077333333 276.960671678
-2.14577066667 277.037666137
-2.140768 276.963295725
-2.13576533333 277.059719454
-2.13076266667 276.956861956
-2.12576 277.085300238
-2.12075733333 276.996955844
-2.11575466667 277.121150041
-2.110752 277.026776467
-2.10574933333 277.117139733
-2.10074666667 277.013738253
-2.095744 277.16014595
-2.09074133333 277.038294233
-2.08573866667 277.144690049
-2.080736 277.062327796
-2.07573333333 277.164879708
-2.07073066667 277.08557058
-2.065728 277.199591846
-2.06072533333 277.086102542
-2.05572266667 277.214974493
-2.05072 277.12462221
-2.04571733333 277.214518641
-2.04071466667 277.107694679
-2.035712 277.288197476
-2.03070933333 277.141348244
-2.02570666667 277.245120589
-2.020704 277.161607473
-2.01570133333 277.281639021
-2.01069866667 277.151143998
-2.005696 277.317110303
-2.00069333333 277.198804391
-1.99569066667 277.264261996
-1.990688 277.204764615
-1.98568533333 277.291581291
-1.98068266667 277.210464976
-1.97568 277.352519329
-1.97067733333 277.244217806
-1.96567466667 277.338881115
-1.960672 277.234405013
-1.95566933333 277.339040918
-1.95066666667 277.24733438
-1.945664 277.337876504
-1.94066133333 277.264846872
-1.93565866667 277.365140914
-1.930656 277.263016426
-1.92565333333 277.413799444
-1.92065066667 277.241594802
-1.915648 277.380335339
-1.91064533333 277.250541884
-1.90564266667 277.373504469
-1.90064 277.269412237
-1.89563733333 277.367720593
-1.89063466667 277.285821532
-1.885632 277.368399626
-1.88062933333 277.272551509
-1.87562666667 277.386080061
-1.870624 277.253417023
-1.86562133333 277.394939285
-1.86061866667 277.251110065
-1.855616 277.355545318
-1.85061333333 277.230400949
-1.84561066667 277.343764707
-1.840608 277.233682975
-1.83560533333 277.343199857
-1.83060266667 277.230971752
-1.8256 277.316341527
-1.82059733333 277.213161057
-1.81559466667 277.298352034
-1.810592 277.204059846
-1.80558933333 277.333667073
-1.80058666667 277.252601865
-1.795584 277.350029923
-1.79058133333 277.255051085
-1.78557866667 277.372575827
-1.780576 277.223296703
-1.77557333333 277.311341102
-1.77057066667 277.201347526
-1.765568 277.280937536
-1.76056533333 277.191759891
-1.75556266667 277.324680581
-1.75056 277.181758441
-1.74555733333 277.291054995
-1.74055466667 277.180129102
-1.735552 277.286928259
-1.73054933333 277.150571406
-1.72554666667 277.286840888
-1.720544 277.155916515
-1.71554133333 277.232805277
-1.71053866667 277.160740543
-1.705536 277.258454622
-1.70053333333 277.145774965
-1.69553066667 277.254143346
-1.690528 277.106596221
-1.68552533333 277.218947874
-1.68052266667 277.121774698
-1.67552 277.220243345
-1.67051733333 277.099190266
-1.66551466667 277.221173051
-1.660512 277.133035449
-1.65550933333 277.198687234
-1.65050666667 277.100805293
-1.645504 277.193534024
-1.64050133333 277.09537385
-1.63549866667 277.229840965
-1.630496 277.053152841
-1.62549333333 277.227713477
-1.62049066667 277.107570894
-1.615488 277.205576287
-1.61048533333 277.09859171
-1.60548266667 277.219707726
-1.60048 277.113875453
-1.59547733333 277.221769924
-1.59047466667 277.135402114
-1.585472 277.237012278
-1.58046933333 277.113321932
-1.57546666667 277.274100432
-1.570464 277.136771525
-1.56546133333 277.258091119
-1.56045866667 277.153636378
-1.555456 277.226536016
-1.55045333333 277.124189788
-1.54545066667 277.235098071
-1.540448 277.114218344
-1.53544533333 277.236112194
-1.53044266667 277.092874323
-1.52544 277.20214436
-1.52043733333 277.100481681
-1.51543466667 277.242367197
-1.510432 277.086340846
-1.50542933333 277.194230685
-1.50042666667 277.063412292
-1.495424 277.165901305
-1.49042133333 277.085667705
-1.48541866667 277.185455849
-1.480416 277.093557668
-1.47541333333 277.21101412
-1.47041066667 277.069943037
-1.465408 277.14010439
-1.46040533333 277.115923794
-1.45540266667 277.220200352
-1.4504 277.074971412
-1.44539733333 277.190122496
-1.44039466667 277.100757533
-1.435392 277.194213161
-1.43038933333 277.119369486
-1.42538666667 277.216709947
-1.420384 277.099069551
-1.41538133333 277.227560561
-1.41037866667 277.109733041
-1.405376 277.250412675
-1.40037333333 277.137953113
-1.39537066667 277.227984835
-1.390368 277.146618857
-1.38536533333 277.267247204
-1.38036266667 277.183593588
-1.37536 277.276090694
-1.37035733333 277.18150122
-1.36535466667 277.282676643
-1.360352 277.194605804
-1.35534933333 277.325535943
-1.35034666667 277.179275408
-1.345344 277.318347703
-1.34034133333 277.257965051
-1.33533866667 277.326341543
-1.330336 277.230179226
-1.32533333333 277.345475259
-1.32033066667 277.246776814
-1.315328 277.341299487
-1.31032533333 277.285808187
-1.30532266667 277.349566709
-1.30032 277.253396082
-1.29531733333 277.402511061
-1.29031466667 277.255844085
-1.285312 277.364397741
-1.28030933333 277.298795156
-1.27530666667 277.431282844
-1.270304 277.325397296
-1.26530133333 277.440369025
-1.26029866667 277.342725097
-1.255296 277.466267322
-1.25029333333 277.341247118
-1.24529066667 277.464627731
-1.240288 277.369067453
-1.23528533333 277.491344282
-1.23028266667 277.368125205
-1.22528 277.481342808
-1.22027733333 277.400566422
-1.21527466667 277.506710208
-1.210272 277.401367343
-1.20526933333 277.488778984
-1.20026666667 277.369881837
-1.195264 277.501346044
-1.19026133333 277.366541301
-1.18525866667 277.478637611
-1.180256 277.354687732
-1.17525333333 277.448845589
-1.17025066667 277.351073011
-1.165248 277.451524235
-1.16024533333 277.357969242
-1.15524266667 277.439202515
-1.15024 277.335497783
-1.14523733333 277.427391832
-1.14023466667 277.313971708
-1.135232 277.454264648
-1.13022933333 277.278423363
-1.12522666667 277.396668366
-1.120224 277.305901369
-1.11522133333 277.401166668
-1.11021866667 277.305201781
-1.105216 277.395109142
-1.10021333333 277.306469677
-1.09521066667 277.376160906
-1.090208 277.283042181
-1.08520533333 277.370299115
-1.08020266667 277.281971693
-1.0752 277.402660837
-1.07019733333 277.252075217
-1.06519466667 277.361074519
-1.060192 277.260627582
-1.05518933333 277.383298177
-1.05018666667 277.273543719
-1.045184 277.324459808
-1.04018133333 277.259809018
-1.03517866667 277.331294278
-1.030176 277.215116083
-1.02517333333 277.302377165
-1.02017066667 277.213662163
-1.015168 277.325950071
-1.01016533333 277.14497413
-1.00516266667 277.284237906
-1.00016 277.194578521
-0.995157333333 277.287395902
-0.990154666667 277.174698054
-0.985152 277.257095522
-0.980149333333 277.143715009
-0.975146666667 277.238356979
-0.970144 277.138583081
-0.965141333333 277.224886668
-0.960138666667 277.101636976
-0.955136 277.264684808
-0.950133333333 277.081023471
-0.945130666667 277.221371468
-0.940128 277.11472569
-0.935125333333 277.208208672
-0.930122666667 277.095393262
-0.92512 277.173370388
-0.920117333333 277.052537912
-0.915114666667 277.189511306
-0.910112 277.054693063
-0.905109333333 277.149365915
-0.900106666667 277.088016789
-0.895104 277.214471634
-0.890101333333 277.073818156
-0.885098666667 277.167295825
-0.880096 277.109588805
-0.875093333333 277.175691127
-0.870090666667 277.085360117
-0.865088 277.185286182
-0.860085333333 277.102759963
-0.855082666667 277.156144023
-0.85008 277.072677489
-0.845077333333 277.174613834
-0.840074666667 277.087593771
-0.835072 277.21345675
-0.830069333333 277.085478709
-0.825066666667 277.226865668
-0.820064 277.097293113
-0.815061333333 277.188093153
-0.810058666667 277.112013873
-0.805056 277.201602269
-0.800053333333 277.122934826
-0.795050666667 277.196503448
-0.790048 277.078355694
-0.785045333333 277.178413993
-0.780042666667 277.079086353
-0.77504 277.199597982
-0.770037333333 277.06427441
-0.765034666667 277.159450629
-0.760032 277.055270465
-0.755029333333 277.150675978
-0.750026666667 277.066444763
-0.745024 277.143710721
-0.740021333333 277.031005515
-0.735018666667 277.173781175
-0.730016 277.029987391
-0.725013333333 277.160182835
-0.720010666667 277.066729147
-0.715008 277.141733869
-0.710005333333 277.006350373
-0.705002666667 277.123917597
-0.7 277.031067772
-0.694997333333 277.120113319
-0.689994666667 277.045799678
-0.684992 277.121204679
-0.679989333333 277.004442156
-0.674986666667 277.132327726
-0.669984 277.00810883
-0.664981333333 277.115530848
-0.659978666667 277.043898216
-0.654976 277.14521127
-0.649973333333 276.994816988
-0.644970666667 277.102591322
-0.639968 277.012555678
-0.634965333333 277.131543636
-0.629962666667 277.016538448
-0.62496 277.116076907
-0.619957333333 277.035249866
-0.614954666667 277.140842424
-0.609952 277.008720379
-0.604949333333 277.124273007
-0.599946666667 277.018787869
-0.594944 277.120128361
-0.589941333333 277.047815982
-0.584938666667 277.171256434
-0.579936 277.047719735
-0.574933333333 277.174043215
-0.569930666667 277.039528773
-0.564928 277.166118572
-0.559925333333 277.054618029
-0.554922666667 277.177412908
-0.54992 277.061914056
-0.544917333333 277.155666618
-0.539914666667 277.08926056
-0.534912 277.203467835
-0.529909333333 277.086398011
-0.524906666667 277.236700051
-0.519904 277.116758271
-0.514901333333 277.249180996
-0.509898666667 277.119258459
-0.504896 277.255450849
-0.499893333333 277.160073853
-0.494890666667 277.245512935
-0.489888 277.155312757
-0.484885333333 277.264635626
-0.479882666667 277.194935241
-0.47488 277.284237028
-0.469877333333 277.154679305
-0.464874666667 277.264347935
-0.459872 277.175021122
-0.454869333333 277.289419207
-0.449866666667 277.157211702
-0.444864 277.275944361
-0.439861333333 277.192240469
-0.434858666667 277.262650514
-0.429856 277.206614403
-0.424853333333 277.314769945
-0.419850666667 277.214880758
-0.414848 277.306238487
-0.409845333333 277.181133044
-0.404842666667 277.289150988
-0.39984 277.190634275
-0.394837333333 277.333215975
-0.389834666667 277.191856403
-0.384832 277.339294962
-0.379829333333 277.215341806
-0.374826666667 277.29443738
-0.369824 277.22689455
-0.364821333333 277.320849637
-0.359818666667 277.225119921
-0.354816 277.328542235
-0.349813333333 277.232984572
-0.344810666667 277.296956559
-0.339808 277.223738171
-0.334805333333 277.368988395
-0.329802666667 277.18954319
-0.3248 277.306405645
-0.319797333333 277.234804902
-0.314794666667 277.314011679
-0.309792 277.24846395
-0.304789333333 277.343569459
-0.299786666667 277.216463091
-0.294784 277.330279066
-0.289781333333 277.21465765
-0.284778666667 277.28905977
-0.279776 277.224831661
-0.274773333333 277.325745263
-0.269770666667 277.195833054
-0.264768 277.297974062
-0.259765333333 277.196773946
-0.254762666667 277.288159419
-0.24976 277.224170919
-0.244757333333 277.28685473
-0.239754666667 277.148070158
-0.234752 277.28413744
-0.229749333333 277.12399039
-0.224746666667 277.245292466
-0.219744 277.16859882
-0.214741333333 277.276251182
-0.209738666667 277.157645933
-0.204736 277.243678791
-0.199733333333 277.172315906
-0.194730666667 277.257382479
-0.189728 277.160430805
-0.184725333333 277.260002546
-0.179722666667 277.149102858
-0.17472 277.262066377
-0.169717333333 277.134091063
-0.164714666667 277.281486813
-0.159712 277.223179585
-0.154709333333 277.314533681
-0.149706666667 277.226440133
-0.144704 277.253287535
-0.139701333333 277.240136128
-0.134698666667 277.337981492
-0.129696 277.21943562
-0.124693333333 277.357185947
-0.119690666667 277.233515387
-0.114688 277.354901956
-0.109685333333 277.229613488
-0.104682666667 277.341491854
-0.09968 277.242157081
-0.0946773333333 277.328523396
-0.0896746666667 277.235648201
-0.084672 277.346132003
-0.0796693333333 277.243321658
-0.0746666666667 277.387711443
-0.069664 277.261065481
-0.0646613333333 277.381988757
-0.0596586666667 277.279029672
-0.054656 277.376414969
-0.0496533333333 277.270729639
-0.0446506666667 277.355622286
-0.039648 277.296928987
-0.0346453333333 277.400017706
-0.0296426666667 277.316497969
-0.02464 277.438049049
-0.0196373333333 277.326908668
-0.0146346666667 277.461957121
-0.009632 277.330042106
-0.00462933333333 277.472769176
