（-8,2），（-4.8,1.5）
-9.99995733333 300.395356274
-9.99495466667 300.39604726
-9.989952 300.520711566
-9.98494933333 300.353318606
-9.97994666667 300.597785623
-9.974944 300.387788377
-9.96994133333 300.62329293
-9.96493866667 300.430719212
-9.959936 300.49469455
-9.95493333333 300.443670755
-9.94993066667 300.560652354
-9.944928 300.392110535
-9.93992533333 300.554800474
-9.93492266667 300.548961067
-9.92992 300.654368109
-9.92491733333 300.540427438
-9.91991466667 300.672629274
-9.914912 300.578448972
-9.90990933333 300.695917706
-9.90490666667 300.599211008
-9.899904 300.753745337
-9.89490133333 300.603986963
-9.88989866667 300.782396783
-9.884896 300.716654407
-9.87989333333 300.807296053
-9.87489066667 300.797451622
-9.869888 300.921290881
-9.86488533333 300.795412202
-9.85988266667 300.964940613
-9.85488 300.924036094
-9.84987733333 301.020507133
-9.84487466667 301.01680501
-9.839872 301.158324383
-9.83486933333 301.111307749
-9.82986666667 301.213994101
-9.824864 301.218264831
-9.81986133333 301.259203283
-9.81485866667 301.23630623
-9.809856 301.375648775
-9.80485333333 301.298632537
-9.79985066667 301.428675615
-9.794848 301.409989896
-9.78984533333 301.553956268
-9.78484266667 301.486340099
-9.77984 301.628462681
-9.77483733333 301.557583584
-9.76983466667 301.673823802
-9.764832 301.572361403
-9.75982933333 301.633110954
-9.75482666667 301.547221162
-9.749824 301.727442264
-9.74482133333 301.615461875
-9.73981866667 301.738685731
-9.734816 301.618783854
-9.72981333333 301.710483784
-9.72481066667 301.62598384
-9.719808 301.736482806
-9.71480533333 301.60271355
-9.70980266667 301.791176286
-9.7048 301.639002093
-9.69979733333 301.698452544
-9.69479466667 301.662001944
-9.689792 301.796843309
-9.68478933333 301.660121699
-9.67978666667 301.769815678
-9.674784 301.663267564
-9.66978133333 301.812713715
-9.66477866667 301.615859406
-9.659776 301.696069529
-9.65477333333 301.624423584
-9.64977066667 301.740236589
-9.644768 301.544554769
-9.63976533333 301.602435971
-9.63476266667 301.36262245
-9.62976 301.410672931
-9.62475733333 301.307052473
-9.61975466667 301.416480562
-9.614752 301.24222679
-9.60974933333 301.303053175
-9.60474666667 301.149755942
-9.599744 301.251470934
-9.59474133333 301.099788497
-9.58973866667 301.103191385
-9.584736 301.011366173
-9.57973333333 301.067982145
-9.57473066667 300.938454994
-9.569728 301.020376325
-9.56472533333 300.874761857
-9.55972266667 300.977042061
-9.55472 300.843578574
-9.54971733333 300.943733466
-9.54471466667 300.801524977
-9.539712 300.969403627
-9.53470933333 300.888125137
-9.52970666667 301.052722067
-9.524704 300.965893925
-9.51970133333 301.157810974
-9.51469866667 301.073566309
-9.509696 301.225354138
-9.50469333333 301.149449676
-9.49969066667 301.277168774
-9.494688 301.202927751
-9.48968533333 301.308861562
-9.48468266667 301.234457821
-9.47968 301.354691274
-9.47467733333 301.188498702
-9.46967466667 301.435971182
-9.464672 301.231401683
-9.45966933333 301.326982639
-9.45466666667 301.252040822
-9.449664 301.33992642
-9.44466133333 301.225349457
-9.43965866667 301.424411075
-9.434656 301.268829795
-9.42965333333 301.398886823
-9.42465066667 301.293089457
-9.419648 301.422113224
-9.41464533333 301.332702593
-9.40964266667 301.444852275
-9.40464 301.26484063
-9.39963733333 301.463722493
-9.39463466667 301.353808384
-9.389632 301.481216138
-9.38462933333 301.332642003
-9.37962666667 301.476689638
-9.374624 301.402989031
-9.36962133333 301.513530271
-9.36461866667 301.349826859
-9.359616 301.509799343
-9.35461333333 301.430148926
-9.34961066667 301.55422771
-9.344608 301.364126516
-9.33960533333 301.547836199
-9.33460266667 301.460583893
-9.3296 301.615993056
-9.32459733333 301.463650896
-9.31959466667 301.559246897
-9.314592 301.464167652
-9.30958933333 301.57334708
-9.30458666667 301.456674368
-9.299584 301.629194402
-9.29458133333 301.493490582
-9.28957866667 301.656854293
-9.284576 301.503015287
-9.27957333333 301.617583604
-9.27457066667 301.532621304
-9.269568 301.637118008
-9.26456533333 301.549314478
-9.25956266667 301.630421193
-9.25456 301.561615147
-9.24955733333 301.626487442
-9.24455466667 301.473444679
-9.239552 301.577005235
-9.23454933333 301.435542548
-9.22954666667 301.551159492
-9.224544 301.392815043
-9.21954133333 301.51198775
-9.21453866667 301.371001642
-9.209536 301.487381422
-9.20453333333 301.289243943
-9.19953066667 301.402790774
-9.194528 301.188039025
-9.18952533333 301.337876101
-9.18452266667 301.221804908
-9.17952 301.227410811
-9.17451733333 301.065585009
-9.16951466667 301.210187549
-9.164512 300.962451216
-9.15950933333 301.023383215
-9.15450666667 300.91672045
-9.149504 300.94248493
-9.14450133333 300.794062314
-9.13949866667 300.888189982
-9.134496 300.71416897
-9.12949333333 300.808848448
-9.12449066667 300.581824246
-9.119488 300.716324962
-9.11448533333 300.579063177
-9.10948266667 300.644344634
-9.10448 300.463112435
-9.09947733333 300.601498272
-9.09447466667 300.464680815
-9.089472 300.507991555
-9.08446933333 300.452489641
-9.07946666667 300.512993259
-9.074464 300.375003245
-9.06946133333 300.497318318
-9.06445866667 300.341334818
-9.059456 300.454678412
-9.05445333333 300.371522549
-9.04945066667 300.358942043
-9.044448 300.275529718
-9.03944533333 300.403023021
-9.03444266667 300.310646999
-9.02944 300.402416931
-9.02443733333 300.245439535
-9.01943466667 300.393722657
-9.014432 300.362478588
-9.00942933333 300.459149298
-9.00442666667 300.425708275
-8.999424 300.531597956
-8.99442133333 300.477743007
-8.98941866667 300.583458159
-8.984416 300.555049316
-8.97941333333 300.642305014
-8.97441066667 300.608247847
-8.969408 300.743873855
-8.96440533333 300.638223961
-8.95940266667 300.75061702
-8.9544 300.648520705
-8.94939733333 300.754427705
-8.94439466667 300.66789094
-8.939392 300.732422108
-8.93438933333 300.695243816
-8.92938666667 300.752813011
-8.924384 300.672317867
-8.91938133333 300.768891152
-8.91437866667 300.742766245
-8.909376 300.870243631
-8.90437333333 300.77704766
-8.89937066667 300.94089827
-8.894368 300.768870073
-8.88936533333 300.939552872
-8.88436266667 300.815033649
-8.87936 300.936546576
-8.87435733333 300.844896212
-8.86935466667 300.943931559
-8.864352 300.850243268
-8.85934933333 301.010598589
-8.85434666667 300.91515893
-8.849344 301.010085594
-8.84434133333 300.950107698
-8.83933866667 300.981384704
-8.834336 301.018671202
-8.82933333333 301.093904828
-8.82433066667 300.962311919
-8.819328 301.087677138
-8.81432533333 301.021489919
-8.80932266667 301.139811211
-8.80432 301.013166889
-8.79931733333 301.120656958
-8.79431466667 301.007093809
-8.789312 301.094673173
-8.78430933333 300.943566146
-8.77930666667 301.054204786
-8.774304 300.922471221
-8.76930133333 301.021015771
-8.76429866667 300.941089722
-8.759296 300.952882807
-8.75429333333 300.876817508
-8.74929066667 300.924365251
-8.744288 300.865333402
-8.73928533333 300.985952052
-8.73428266667 300.912200535
-8.72928 300.967222339
-8.72427733333 300.865743586
-8.71927466667 300.923800891
-8.714272 300.847348335
-8.70926933333 300.880399896
-8.70426666667 300.839098887
-8.699264 300.943645793
-8.69426133333 300.895198639
-8.68925866667 300.945432339
-8.684256 300.906365423
-8.67925333333 300.927539988
-8.67425066667 300.878475211
-8.669248 300.903568042
-8.66424533333 300.819290053
-8.65924266667 300.828319637
-8.65424 300.734383329
-8.64923733333 300.720777856
-8.64423466667 300.615325287
-8.639232 300.610684115
-8.63422933333 300.483622348
-8.62922666667 300.616560992
-8.624224 300.389061617
-8.61922133333 300.498372158
-8.61421866667 300.378640629
-8.609216 300.442294603
-8.60421333333 300.272778332
-8.59921066667 300.31638565
-8.594208 300.257015376
-8.58920533333 300.383913584
-8.58420266667 300.177541221
-8.5792 300.254604184
-8.57419733333 300.211923673
-8.56919466667 300.34117818
-8.564192 300.162008172
-8.55918933333 300.277968426
-8.55418666667 300.155047106
-8.549184 300.241380015
-8.54418133333 300.215716685
-8.53917866667 300.310229022
-8.534176 300.268258748
-8.52917333333 300.417591562
-8.52417066667 300.421506178
-8.519168 300.559464328
-8.51416533333 300.61841475
-8.50916266667 300.671505289
-8.50416 300.608544048
-8.49915733333 300.648123515
-8.49415466667 300.659621657
-8.489152 300.713056725
-8.48414933333 300.697265145
-8.47914666667 300.750667477
-8.474144 300.757634902
-8.46914133333 300.732310087
-8.46413866667 300.732338337
-8.459136 300.872134192
-8.45413333333 300.812018914
-8.44913066667 300.978930999
-8.444128 300.871556698
-8.43912533333 300.90048271
-8.43412266667 300.919557147
-8.42912 300.971956825
-8.42411733333 300.97257222
-8.41911466667 300.930648407
-8.414112 300.846329652
-8.40910933333 301.003281155
-8.40410666667 300.892287842
-8.399104 301.036076021
-8.39410133333 300.939468624
-8.38909866667 301.030513509
-8.384096 300.953016285
-8.37909333333 300.972948908
-8.37409066667 300.963719459
-8.369088 301.022180034
-8.36408533333 300.930684021
-8.35908266667 300.986789766
-8.35408 300.905100912
-8.34907733333 301.022576138
-8.34407466667 300.856054198
-8.339072 300.960974561
-8.33406933333 300.933965249
-8.32906666667 300.974525794
-8.324064 300.894885556
-8.31906133333 300.999860853
-8.31405866667 300.876976519
-8.309056 300.931848756
-8.30405333333 300.831566443
-8.29905066667 300.97220956
-8.294048 300.878193956
-8.28904533333 300.922028409
-8.28404266667 300.873027806
-8.27904 300.880936689
-8.27403733333 300.878141215
-8.26903466667 300.959012769
-8.264032 300.788736929
-8.25902933333 300.920524644
-8.25402666667 300.879757425
-8.249024 300.870961498
-8.24402133333 300.790680142
-8.23901866667 300.804741627
-8.234016 300.835326903
-8.22901333333 300.852755521
-8.22401066667 300.823487839
-8.219008 300.858883179
-8.21400533333 300.777914232
-8.20900266667 300.852455664
-8.204 300.851917939
-8.19899733333 300.830939758
-8.19399466667 300.806626447
-8.188992 300.825049818
-8.18398933333 300.765461063
-8.17898666667 300.763464082
-8.173984 300.708827489
-8.16898133333 300.690465044
-8.16397866667 300.678386447
-8.158976 300.664202825
-8.15397333333 300.633075734
-8.14897066667 300.613668395
-8.143968 300.596494439
-8.13896533333 300.619130405
-8.13396266667 300.599557028
-8.12896 300.631422111
-8.12395733333 300.58014935
-8.11895466667 300.627046433
-8.113952 300.558786373
-8.10894933333 300.592194385
-8.10394666667 300.542353551
-8.098944 300.513402595
-8.09394133333 300.477659684
-8.08893866667 300.520003861
-8.083936 300.483275958
-8.07893333333 300.498951164
-8.07393066667 300.428950796
-8.068928 300.526307394
-8.06392533333 300.426249254
-8.05892266667 300.404679739
-8.05392 300.392186453
-8.04891733333 300.420340076
-8.04391466667 300.394554399
-8.038912 300.380922911
-8.03390933333 300.332066504
-8.02890666667 300.412790544
-8.023904 300.317595861
-8.01890133333 300.409308495
-8.01389866667 300.362317189
-8.008896 300.436397295
-8.00389333333 300.419168348
-7.99889066667 300.379954046
-7.993888 300.391183217
-7.98888533333 300.39484476
-7.98388266667 300.385316668
-7.97888 300.424244367
-7.97387733333 300.414097745
-7.96887466667 300.453838683
-7.963872 300.442489201
-7.95886933333 300.484220237
-7.95386666667 300.436295511
-7.948864 300.447185728
-7.94386133333 300.40762092
-7.93885866667 300.384495258
-7.933856 300.387873126
-7.92885333333 300.364912864
-7.92385066667 300.256377503
-7.918848 300.297626194
-7.91384533333 300.225500596
-7.90884266667 300.210336806
-7.90384 300.225125814
-7.89883733333 300.233481004
-7.89383466667 300.213244389
-7.888832 300.173157585
-7.88382933333 300.163188488
-7.87882666667 300.202820795
-7.873824 300.06579364
-7.86882133333 300.077926375
-7.86381866667 300.055243415
-7.858816 300.040945363
-7.85381333333 299.993488297
-7.84881066667 300.088575462
-7.843808 300.086320417
-7.83880533333 300.074851608
-7.83380266667 300.073901942
-7.8288 300.144443576
-7.82379733333 300.147469445
-7.81879466667 300.201852643
-7.813792 300.089876942
-7.80878933333 300.176137613
-7.80378666667 300.232234355
-7.798784 300.243332204
-7.79378133333 300.220087524
-7.78877866667 300.304318498
-7.783776 300.20153558
-7.77877333333 300.252019944
-7.77377066667 300.255554341
-7.768768 300.351114822
-7.76376533333 300.286511463
-7.75876266667 300.29629919
-7.75376 300.28749732
-7.74875733333 300.301424313
-7.74375466667 300.3251386
-7.738752 300.304288435
-7.73374933333 300.350315471
-7.72874666667 300.397690481
-7.723744 300.344937909
-7.71874133333 300.365884974
-7.71373866667 300.348569565
-7.708736 300.354223955
-7.70373333333 300.318899881
-7.69873066667 300.221452559
-7.693728 300.299320038
-7.68872533333 300.267357659
-7.68372266667 300.171870254
-7.67872 300.169201485
-7.67371733333 300.142037008
-7.66871466667 300.147240776
-7.663712 300.142741098
-7.65870933333 300.149248033
-7.65370666667 300.107656548
-7.648704 300.019607312
-7.64370133333 300.016994465
-7.63869866667 299.939169466
-7.633696 299.944729803
-7.62869333333 299.831272735
-7.62369066667 299.784956378
-7.618688 299.785599441
-7.61368533333 299.801644327
-7.60868266667 299.740586397
-7.60368 299.694792459
-7.59867733333 299.611497536
-7.59367466667 299.613377928
-7.588672 299.536359084
-7.58366933333 299.530580648
-7.57866666667 299.524163072
-7.573664 299.489085824
-7.56866133333 299.415091369
-7.56365866667 299.497919872
-7.558656 299.43524977
-7.55365333333 299.465546958
-7.54865066667 299.471502222
-7.543648 299.399608241
-7.53864533333 299.512163852
-7.53364266667 299.504728492
-7.52864 299.413991036
-7.52363733333 299.430712467
-7.51863466667 299.44111113
-7.513632 299.388527049
-7.50862933333 299.393853772
-7.50362666667 299.406762896
-7.498624 299.347901559
-7.49362133333 299.339571853
-7.48861866667 299.352137812
-7.483616 299.217123164
-7.47861333333 299.143463921
-7.47361066667 299.113430578
-7.468608 299.152748312
-7.46360533333 299.113069114
-7.45860266667 299.071259734
-7.4536 299.169476698
-7.44859733333 299.156375901
-7.44359466667 299.145137607
-7.438592 299.187018354
-7.43358933333 299.178546933
-7.42858666667 299.231503127
-7.423584 299.226040154
-7.41858133333 299.286662432
-7.41357866667 299.320107405
-7.408576 299.354583688
-7.40357333333 299.32275209
-7.39857066667 299.382491732
-7.393568 299.388115129
-7.38856533333 299.336686018
-7.38356266667 299.319379331
-7.37856 299.338031178
-7.37355733333 299.375759973
-7.36855466667 299.334631182
-7.363552 299.390560284
-7.35854933333 299.384688311
-7.35354666667 299.402014688
-7.348544 299.40854961
-7.34354133333 299.387419077
-7.33853866667 299.403276764
-7.333536 299.405390875
-7.32853333333 299.349289548
-7.32353066667 299.441771315
-7.318528 299.379580051
-7.31352533333 299.416143104
-7.30852266667 299.403371328
-7.30352 299.460782798
-7.29851733333 299.324836534
-7.29351466667 299.383943801
-7.288512 299.294327498
-7.28350933333 299.201448757
-7.27850666667 299.174909532
-7.273504 299.153417603
-7.26850133333 299.111316844
-7.26349866667 299.167909009
-7.258496 299.072288334
-7.25349333333 299.060848399
-7.24849066667 299.041082983
-7.243488 298.975670404
-7.23848533333 298.941924348
-7.23348266667 298.902294548
-7.22848 298.840159313
-7.22347733333 298.795577173
-7.21847466667 298.79334814
-7.213472 298.742310313
-7.20846933333 298.643863383
-7.20346666667 298.645685802
-7.198464 298.600143601
-7.19346133333 298.619031725
-7.18845866667 298.549307021
-7.183456 298.623049677
-7.17845333333 298.497992035
-7.17345066667 298.505408449
-7.168448 298.421217502
-7.16344533333 298.441587283
-7.15844266667 298.36723323
-7.15344 298.387739437
-7.14843733333 298.298278651
-7.14343466667 298.243537167
-7.138432 298.170207391
-7.13342933333 298.239661794
-7.12842666667 298.160082486
-7.123424 298.175189117
-7.11842133333 298.095337548
-7.11341866667 298.116575335
-7.108416 298.065539059
-7.10341333333 298.129226468
-7.09841066667 298.037727915
-7.093408 298.0883873
-7.08840533333 298.021734438
-7.08340266667 298.060392719
-7.0784 298.038945769
-7.07339733333 298.137389204
-7.06839466667 298.069982866
-7.063392 298.156252834
-7.05838933333 298.12120957
-7.05338666667 298.229506309
-7.048384 298.141015159
-7.04338133333 298.154713951
-7.03837866667 298.407613533
-7.033376 298.255870918
-7.02837333333 298.287211323
-7.02337066667 298.41002281
-7.018368 298.34591928
-7.01336533333 298.344846632
-7.00836266667 298.352639518
-7.00336 298.382540406
-6.99835733333 298.361022738
-6.99335466667 298.395557897
-6.988352 298.323999671
-6.98334933333 298.453623305
-6.97834666667 298.404100665
-6.973344 298.518395014
-6.96834133333 298.508683855
-6.96333866667 298.599633607
-6.958336 298.538594903
-6.95333333333 298.63290243
-6.94833066667 298.594631908
-6.943328 298.66936874
-6.93832533333 298.665032371
-6.93332266667 298.751229527
-6.92832 298.745331577
-6.92331733333 298.781956028
-6.91831466667 298.779702047
-6.913312 298.867014334
-6.90830933333 298.819672914
-6.90330666667 298.862377147
-6.898304 298.821152166
-6.89330133333 298.98705592
-6.88829866667 298.839146649
-6.883296 299.005604601
-6.87829333333 298.929740169
-6.87329066667 299.034681014
-6.868288 299.063002743
-6.86328533333 299.085890566
-6.85828266667 299.045305478
-6.85328 299.181256128
-6.84827733333 299.093043467
-6.84327466667 299.195405442
-6.838272 299.110992851
-6.83326933333 299.251676717
-6.82826666667 299.234525687
-6.823264 299.277168851
-6.81826133333 299.161227823
-6.81325866667 299.300453947
-6.808256 299.152564045
-6.80325333333 299.289948224
-6.79825066667 299.212276735
-6.793248 299.361497728
-6.78824533333 299.294714783
-6.78324266667 299.326255512
-6.77824 299.3041587
-6.77323733333 299.356991276
-6.76823466667 299.314496234
-6.763232 299.379303088
-6.75822933333 299.31586916
-6.75322666667 299.393797207
-6.748224 299.351892188
-6.74322133333 299.42698332
-6.73821866667 299.333796965
-6.733216 299.398488012
-6.72821333333 299.338640812
-6.72321066667 299.444659626
-6.718208 299.366260505
-6.71320533333 299.449880314
-6.70820266667 299.430821695
-6.7032 299.437288048
-6.69819733333 299.373403116
-6.69319466667 299.359796908
-6.688192 299.3837654
-6.68318933333 299.455704799
-6.67818666667 299.416231647
-6.673184 299.526783289
-6.66818133333 299.494464216
-6.66317866667 299.511866506
-6.658176 299.479560874
-6.65317333333 299.564792304
-6.64817066667 299.50864697
-6.643168 299.579038365
-6.63816533333 299.547668352
-6.63316266667 299.63965641
-6.62816 299.602991564
-6.62315733333 299.68434349
-6.61815466667 299.615530251
-6.613152 299.704447168
-6.60814933333 299.615586258
-6.60314666667 299.740515036
-6.598144 299.662818638
-6.59314133333 299.779410868
-6.58813866667 299.686139528
-6.583136 299.806430988
-6.57813333333 299.791445817
-6.57313066667 299.899988306
-6.568128 299.79318936
-6.56312533333 299.83985326
-6.55812266667 299.767991658
-6.55312 299.91180719
-6.54811733333 299.756069381
-6.54311466667 299.843357126
-6.538112 299.733485161
-6.53310933333 299.941832007
-6.52810666667 299.800227322
-6.523104 299.864026899
-6.51810133333 299.776891573
-6.51309866667 299.880667485
-6.508096 299.786343202
-6.50309333333 299.860365892
-6.49809066667 299.821658945
-6.493088 299.909915966
-6.48808533333 299.784434106
-6.48308266667 299.922609146
-6.47808 299.837054274
-6.47307733333 299.894525328
-6.46807466667 299.813036619
-6.463072 299.877916178
-6.45806933333 299.823262463
-6.45306666667 299.907378222
-6.448064 299.747316118
-6.44306133333 299.87829699
-6.43805866667 299.760044295
-6.433056 299.811267552
-6.42805333333 299.744445888
-6.42305066667 299.786989701
-6.418048 299.707130377
-6.41304533333 299.749069648
-6.40804266667 299.613567282
-6.40304 299.766914069
-6.39803733333 299.671864723
-6.39303466667 299.693125668
-6.388032 299.626866223
-6.38302933333 299.785064541
-6.37802666667 299.646625396
-6.373024 299.786426847
-6.36802133333 299.684081212
-6.36301866667 299.712434488
-6.358016 299.702748222
-6.35301333333 299.861721698
-6.34801066667 299.814135204
-6.343008 299.901060755
-6.33800533333 299.911539184
-6.33300266667 300.001604167
-6.328 300.017297991
-6.32299733333 300.173790496
-6.31799466667 300.126339857
-6.312992 300.374525599
-6.30798933333 300.305133826
-6.30298666667 300.448596095
-6.297984 300.471339852
-6.29298133333 300.642413198
-6.28797866667 300.535682673
-6.282976 300.725946425
-6.27797333333 300.764392026
-6.27297066667 300.911700708
-6.267968 300.871284142
-6.26296533333 301.018754025
-6.25796266667 300.989871311
-6.25296 301.195317363
-6.24795733333 301.10761637
-6.24295466667 301.290045994
-6.237952 301.236123532
-6.23294933333 301.310957998
-6.22794666667 301.325974134
-6.222944 301.455363751
-6.21794133333 301.369851815
-6.21293866667 301.563004813
-6.207936 301.412070069
-6.20293333333 301.587070878
-6.19793066667 301.44804788
-6.192928 301.5340819
-6.18792533333 301.431460824
-6.18292266667 301.514251303
-6.17792 301.435372275
-6.17291733333 301.579860221
-6.16791466667 301.467967436
-6.162912 301.635356748
-6.15790933333 301.594620862
-6.15290666667 301.689697985
-6.147904 301.56618193
-6.14290133333 301.71450963
-6.13789866667 301.607016278
-6.132896 301.677580639
-6.12789333333 301.568659239
-6.12289066667 301.642082972
-6.117888 301.575058866
-6.11288533333 301.694202747
-6.10788266667 301.566314801
-6.10288 301.67883626
-6.09787733333 301.566627057
-6.09287466667 301.667264444
-6.087872 301.669720475
-6.08286933333 301.754709027
-6.07786666667 301.65248187
-6.072864 301.739336218
-6.06786133333 301.655789445
-6.06285866667 301.721114708
-6.057856 301.677200402
-6.05285333333 301.72249493
-6.04785066667 301.666772392
-6.042848 301.761456087
-6.03784533333 301.601291174
-6.03284266667 301.77130037
-6.02784 301.595579735
-6.02283733333 301.738845383
-6.01783466667 301.61635715
-6.012832 301.758891722
-6.00782933333 301.646206164
-6.00282666667 301.765114932
-5.997824 301.618245555
-5.99282133333 301.789805508
-5.98781866667 301.659317196
-5.982816 301.791516404
-5.97781333333 301.676925293
-5.97281066667 301.844024111
-5.967808 301.724558361
-5.96280533333 301.800320752
-5.95780266667 301.710570801
-5.9528 301.761765585
-5.94779733333 301.64484821
-5.94279466667 301.771348922
-5.937792 301.591330556
-5.93278933333 301.713367148
-5.92778666667 301.519871944
-5.922784 301.633234088
-5.91778133333 301.512052311
-5.91277866667 301.552704069
-5.907776 301.406718988
-5.90277333333 301.540459075
-5.89777066667 301.462866095
-5.892768 301.481197113
-5.88776533333 301.339464325
-5.88276266667 301.448215315
-5.87776 301.305611467
-5.87275733333 301.419627296
-5.86775466667 301.176715327
-5.862752 301.272879441
-5.85774933333 301.230333517
-5.85274666667 301.258810752
-5.847744 301.195488041
-5.84274133333 301.327479186
-5.83773866667 301.129893786
-5.832736 301.23880113
-5.82773333333 301.205171488
-5.82273066667 301.218204403
-5.817728 301.16811972
-5.81272533333 301.227601972
-5.80772266667 301.122998943
-5.80272 301.26169017
-5.79771733333 301.131457204
-5.79271466667 301.252959095
-5.787712 301.194023383
-5.78270933333 301.337017111
-5.77770666667 301.214829576
-5.772704 301.425740801
-5.76770133333 301.309207333
-5.76269866667 301.485696689
-5.757696 301.349559692
-5.75269333333 301.477627717
-5.74769066667 301.407754669
-5.742688 301.556869437
-5.73768533333 301.487137675
-5.73268266667 301.700545233
-5.72768 301.528320937
-5.72267733333 301.672960898
-5.71767466667 301.613254889
-5.712672 301.754831875
-5.70766933333 301.665994025
-5.70266666667 301.746143296
-5.697664 301.798652058
-5.69266133333 301.885518413
-5.68765866667 301.804033776
-5.682656 301.924861928
-5.67765333333 301.849247413
-5.67265066667 302.045532634
-5.667648 301.913457512
-5.66264533333 302.05730585
-5.65764266667 301.999304784
-5.65264 302.129419599
-5.64763733333 301.962028845
-5.64263466667 302.072587295
-5.637632 301.981152466
-5.63262933333 302.079549329
-5.62762666667 301.952809372
-5.622624 302.054201931
-5.61762133333 301.960323318
-5.61261866667 302.061492024
-5.607616 301.954458593
-5.60261333333 302.054759658
-5.59761066667 301.903979252
-5.592608 302.031077174
-5.58760533333 301.952822911
-5.58260266667 302.016834804
-5.5776 301.964238071
-5.57259733333 302.04562304
-5.56759466667 301.886018977
-5.562592 301.975705851
-5.55758933333 301.878425109
-5.55258666667 301.97190335
-5.547584 301.908324743
-5.54258133333 302.022922297
-5.53757866667 301.866728806
-5.532576 302.01654629
-5.52757333333 301.767761371
-5.52257066667 301.95283459
-5.517568 301.890833243
-5.51256533333 301.982880607
-5.50756266667 301.782001752
-5.50256 301.960267896
-5.49755733333 301.772359648
-5.49255466667 301.869666521
-5.487552 301.763586069
-5.48254933333 301.851003517
-5.47754666667 301.761559752
-5.472544 301.899030666
-5.46754133333 301.732860783
-5.46253866667 301.839704344
-5.457536 301.699826604
-5.45253333333 301.840303528
-5.44753066667 301.771928915
-5.442528 301.858572243
-5.43752533333 301.672760635
-5.43252266667 301.861762249
-5.42752 301.684069523
-5.42251733333 301.848517118
-5.41751466667 301.703468407
-5.412512 301.831908147
-5.40750933333 301.656068937
-5.40250666667 301.731930378
-5.397504 301.56200284
-5.39250133333 301.668456416
-5.38749866667 301.470779213
-5.382496 301.537253436
-5.37749333333 301.441884505
-5.37249066667 301.504545497
-5.367488 301.336636318
-5.36248533333 301.425012781
-5.35748266667 301.307389903
-5.35248 301.388082332
-5.34747733333 301.267930317
-5.34247466667 301.339507368
-5.337472 301.204496924
-5.33246933333 301.28397612
-5.32746666667 301.099732071
-5.322464 301.274050224
-5.31746133333 301.051134621
-5.31245866667 301.199192248
-5.307456 301.055913444
-5.30245333333 301.118721883
-5.29745066667 301.038508863
-5.292448 301.115898206
-5.28744533333 300.96179588
-5.28244266667 301.087075831
-5.27744 300.956293139
-5.27243733333 301.008826235
-5.26743466667 300.939103858
-5.262432 301.062374527
-5.25742933333 300.964372741
-5.25242666667 301.097220032
-5.247424 300.920674696
-5.24242133333 301.040677347
-5.23741866667 300.93973889
-5.232416 300.987520534
-5.22741333333 300.961114911
-5.22241066667 301.05206462
-5.217408 300.886371414
-5.21240533333 301.046918657
-5.20740266667 300.950059643
-5.2024 301.113731728
-5.19739733333 301.01126967
-5.19239466667 301.163557039
-5.187392 301.065444066
-5.18238933333 301.272438499
-5.17738666667 301.165508304
-5.172384 301.31050662
-5.16738133333 301.225613418
-5.16237866667 301.443952919
-5.157376 301.357326672
-5.15237333333 301.509728159
-5.14737066667 301.427531763
-5.142368 301.625104102
-5.13736533333 301.523245638
-5.13236266667 301.676884446
-5.12736 301.635278798
-5.12235733333 301.814369902
-5.11735466667 301.758783121
-5.112352 301.970163082
-5.10734933333 301.947702013
-5.10234666667 302.152142271
-5.097344 302.016176817
-5.09234133333 302.254381968
-5.08733866667 302.179376259
-5.082336 302.359881706
-5.07733333333 302.278787416
-5.07233066667 302.393297781
-5.067328 302.28390785
-5.06232533333 302.402263074
-5.05732266667 302.298857244
-5.05232 302.391784031
-5.04731733333 302.27630695
-5.04231466667 302.371813778
-5.037312 302.291087328
-5.03230933333 302.348072021
-5.02730666667 302.179082169
-5.022304 302.17052975
-5.01730133333 302.071256253
-5.01229866667 302.156587171
-5.007296 302.006788053
-5.00229333333 302.087389299
-4.99729066667 302.000754688
-4.992288 302.042251135
-4.98728533333 301.974839808
-4.98228266667 302.054166801
-4.97728 301.940264284
-4.97227733333 301.981230486
-4.96727466667 301.834346137
-4.962272 301.926061723
-4.95726933333 301.842623751
-4.95226666667 301.884884494
-4.947264 301.776305072
-4.94226133333 301.889646127
-4.93725866667 301.809154266
-4.932256 301.877172812
-4.92725333333 301.760715502
-4.92225066667 301.875816523
-4.917248 301.802644907
-4.91224533333 301.870905836
-4.90724266667 301.724812078
-4.90224 301.884015859
-4.89723733333 301.717839548
-4.89223466667 301.862223364
-4.887232 301.753737875
-4.88222933333 301.861834854
-4.87722666667 301.689188291
-4.872224 301.755346854
-4.86722133333 301.633038621
-4.86221866667 301.663635898
-4.857216 301.574603069
-4.85221333333 301.647164956
-4.84721066667 301.49190825
-4.842208 301.640482891
-4.83720533333 301.419480594
-4.83220266667 301.524311289
-4.8272 301.388485226
-4.82219733333 301.475102806
-4.81719466667 301.30775847
-4.812192 301.324435002
-4.80718933333 301.23105761
-4.80218666667 301.286747417
-4.797184 301.231705327
-4.79218133333 301.345203571
-4.78717866667 301.159284125
-4.782176 301.231920181
-4.77717333333 301.132135861
-4.77217066667 301.147898456
-4.767168 301.078259496
-4.76216533333 301.102644391
-4.75716266667 301.051124022
-4.75216 301.081559998
-4.74715733333 300.95754835
-4.74215466667 301.016519502
-4.737152 300.870149265
-4.73214933333 300.945242305
-4.72714666667 300.819899936
-4.722144 300.916124811
-4.71714133333 300.79560507
-4.71213866667 300.88457711
-4.707136 300.797423385
-4.70213333333 300.880442376
-4.69713066667 300.769434952
-4.692128 300.904646572
-4.68712533333 300.69407692
-4.68212266667 300.823319114
-4.67712 300.710233371
-4.67211733333 300.774021407
-4.66711466667 300.656340821
-4.662112 300.758257882
-4.65710933333 300.712700151
-4.65210666667 300.765899012
-4.647104 300.665163062
-4.64210133333 300.723318191
-4.63709866667 300.669908463
-4.632096 300.710708367
-4.62709333333 300.641868744
-4.62209066667 300.751514776
-4.617088 300.710114172
-4.61208533333 300.746634215
-4.60708266667 300.573226539
-4.60208 300.785766967
-4.59707733333 300.742704161
-4.59207466667 300.786062931
-4.587072 300.70214057
-4.58206933333 300.814310678
-4.57706666667 300.762068731
-4.572064 300.785772383
-4.56706133333 300.767633804
-4.56205866667 300.830590629
-4.557056 300.710526063
-4.55205333333 300.8500254
-4.54705066667 300.724058642
-4.542048 300.816183912
-4.53704533333 300.721982326
-4.53204266667 300.753739254
-4.52704 300.687573892
-4.52203733333 300.801987853
-4.51703466667 300.675190942
-4.512032 300.767159239
-4.50702933333 300.691370049
-4.50202666667 300.779118995
-4.497024 300.681957546
-4.49202133333 300.742098417
-4.48701866667 300.629874434
-4.482016 300.70090429
-4.47701333333 300.61912487
-4.47201066667 300.702478536
-4.467008 300.635177388
-4.46200533333 300.588124987
-4.45700266667 300.665299636
-4.452 300.776999159
-4.44699733333 300.610285131
-4.44199466667 300.750816317
-4.436992 300.688416034
-4.43198933333 300.726780473
-4.42698666667 300.637080503
-4.421984 300.722403905
-4.41698133333 300.698008166
-4.41197866667 300.68528044
-4.406976 300.658524264
-4.40197333333 300.719104499
-4.39697066667 300.631211741
-4.391968 300.714834891
-4.38696533333 300.609598038
-4.38196266667 300.687202826
-4.37696 300.59610536
-4.37195733333 300.648595559
-4.36695466667 300.523816444
-4.361952 300.535046056
-4.35694933333 300.551361855
-4.35194666667 300.466504842
-4.346944 300.367836015
-4.34194133333 300.336809794
-4.33693866667 300.281032533
-4.331936 300.19900864
-4.32693333333 300.065857235
-4.32193066667 300.076514904
-4.316928 299.979578456
-4.31192533333 299.916870751
-4.30692266667 299.803633761
-4.30192 299.836669242
-4.29691733333 299.78146539
-4.29191466667 299.67772758
-4.286912 299.665048057
-4.28190933333 299.703563804
-4.27690666667 299.6174721
-4.271904 299.65576701
-4.26690133333 299.521564968
-4.26189866667 299.651739762
-4.256896 299.620236538
-4.25189333333 299.613541238
-4.24689066667 299.592905129
-4.241888 299.630713105
-4.23688533333 299.601358142
-4.23188266667 299.672497043
-4.22688 299.64679439
-4.22187733333 299.793335808
-4.21687466667 299.755935608
-4.211872 299.773859254
-4.20686933333 299.697761976
-4.20186666667 299.80577675
-4.196864 299.755154952
-4.19186133333 299.855476521
-4.18685866667 299.755986125
-4.181856 299.839932054
-4.17685333333 299.804385067
-4.17185066667 299.883927699
-4.166848 299.757553059
-4.16184533333 299.804908424
-4.15684266667 299.713565371
-4.15184 299.774807935
-4.14683733333 299.640280286
-4.14183466667 299.662227979
-4.136832 299.628891025
-4.13182933333 299.734413774
-4.12682666667 299.685383262
-4.121824 299.785458362
-4.11682133333 299.759009904
-4.11181866667 299.85055157
-4.106816 299.822208896
-4.10181333333 299.8155076
-4.09681066667 299.883512545
-4.091808 299.959674207
-4.08680533333 299.922712475
-4.08180266667 300.05141455
-4.0768 300.118248489
-4.07179733333 300.057199122
-4.06679466667 299.9613301
-4.061792 299.903519209
-4.05678933333 299.822088842
-4.05178666667 299.96016137
-4.046784 299.864858501
-4.04178133333 299.956500157
-4.03677866667 299.90262096
-4.031776 299.998609989
-4.02677333333 299.973288475
-4.02177066667 299.921661609
-4.016768 299.956599673
-4.01176533333 299.908086823
-4.00676266667 299.89205014
-4.00176 299.941850009
-3.99675733333 299.919404089
-3.99175466667 299.898317521
-3.986752 299.877885999
-3.98174933333 299.909412148
-3.97674666667 299.909570629
-3.971744 299.895187107
-3.96674133333 299.89602737
-3.96173866667 299.856074343
-3.956736 299.893823808
-3.95173333333 299.892731954
-3.94673066667 299.88234677
-3.941728 299.850902207
-3.93672533333 299.777095923
-3.93172266667 299.751016524
-3.92672 299.694894878
-3.92171733333 299.726480669
-3.91671466667 299.665605136
-3.911712 299.679087883
-3.90670933333 299.599457607
-3.90170666667 299.602165388
-3.896704 299.613865431
-3.89170133333 299.578691924
-3.88669866667 299.514458077
-3.881696 299.534413957
-3.87669333333 299.42458396
-3.87169066667 299.530215549
-3.866688 299.400531116
-3.86168533333 299.359775303
-3.85668266667 299.345748316
-3.85168 299.392223421
-3.84667733333 299.279305188
-3.84167466667 299.316941137
-3.836672 299.284783068
-3.83166933333 299.280248884
-3.82666666667 299.225570215
-3.821664 299.129755668
-3.81666133333 299.090082188
-3.81165866667 299.075109341
-3.806656 299.041039024
-3.80165333333 299.060942216
-3.79665066667 299.006427041
-3.791648 298.987610892
-3.78664533333 298.970687324
-3.78164266667 298.972457185
-3.77664 298.917267455
-3.77163733333 298.998755664
-3.76663466667 298.89363489
-3.761632 298.892376472
-3.75662933333 298.838578398
-3.75162666667 298.857785964
-3.746624 298.826379278
-3.74162133333 298.878756251
-3.73661866667 298.855200489
-3.731616 298.841484231
-3.72661333333 298.784755005
-3.72161066667 298.776307069
-3.716608 298.758193804
-3.71160533333 298.672535523
-3.70660266667 298.690809451
-3.7016 298.704595601
-3.69659733333 298.60618858
-3.69159466667 298.571551118
-3.686592 298.538843223
-3.68158933333 298.529960129
-3.67658666667 298.54365776
-3.671584 298.500587829
-3.66658133333 298.473135192
-3.66157866667 298.435726243
-3.656576 298.441061926
-3.65157333333 298.378849263
-3.64657066667 298.373574152
-3.641568 298.428116145
-3.63656533333 298.402203869
-3.63156266667 298.359225829
-3.62656 298.354317693
-3.62155733333 298.442485025
-3.61655466667 298.419579789
-3.611552 298.425794794
-3.60654933333 298.412288521
-3.60154666667 298.485005373
-3.596544 298.41778602
-3.59154133333 298.450380982
-3.58653866667 298.414650998
-3.581536 298.475910934
-3.57653333333 298.485445797
-3.57153066667 298.528056948
-3.566528 298.530965095
-3.56152533333 298.581013163
-3.55652266667 298.563840223
-3.55152 298.580456512
-3.54651733333 298.584386073
-3.54151466667 298.576071522
-3.536512 298.587464039
-3.53150933333 298.622837919
-3.52650666667 298.600814774
-3.521504 298.624941876
-3.51650133333 298.643753067
-3.51149866667 298.659266968
-3.506496 298.650506006
-3.50149333333 298.714626292
-3.49649066667 298.778549673
-3.491488 298.78532616
-3.48648533333 298.643216293
-3.48148266667 298.768150334
-3.47648 298.789876193
-3.47147733333 298.776512797
-3.46647466667 298.822259376
-3.461472 298.809590453
-3.45646933333 298.900051758
-3.45146666667 298.869655201
-3.446464 298.901092909
-3.44146133333 298.871352717
-3.43645866667 298.970785457
-3.431456 298.987325074
-3.42645333333 298.99640542
-3.42145066667 299.016573544
-3.416448 299.10779315
-3.41144533333 299.142129915
-3.40644266667 299.133663
-3.40144 299.155289323
-3.39643733333 299.243744543
-3.39143466667 299.195637209
-3.386432 299.300948937
-3.38142933333 299.29691133
-3.37642666667 299.357696906
-3.371424 299.364250359
-3.36642133333 299.370126878
-3.36141866667 299.412638883
-3.356416 299.440199005
-3.35141333333 299.509224942
-3.34641066667 299.524952734
-3.341408 299.536377346
-3.33640533333 299.76000835
-3.33140266667 299.642781704
-3.3264 299.702710746
-3.32139733333 299.739494459
-3.31639466667 299.801844362
-3.311392 299.859176733
-3.30638933333 299.886689902
-3.30138666667 299.900921638
-3.296384 299.951990662
-3.29138133333 299.930633909
-3.28637866667 299.988846792
-3.281376 299.984303496
-3.27637333333 300.084843328
-3.27137066667 300.082012715
-3.266368 300.123912495
-3.26136533333 300.169660169
-3.25636266667 300.241306793
-3.25136 300.206040121
-3.24635733333 300.327052925
-3.24135466667 300.313419686
-3.236352 300.349279734
-3.23134933333 300.343932045
-3.22634666667 300.361689842
-3.221344 300.408870329
-3.21634133333 300.476531597
-3.21133866667 300.391804428
-3.206336 300.426099917
-3.20133333333 300.441296682
-3.19633066667 300.445006998
-3.191328 300.532078757
-3.18632533333 300.543019279
-3.18132266667 300.588514944
-3.17632 300.608400295
-3.17131733333 300.608894062
-3.16631466667 300.627728386
-3.161312 300.639947072
-3.15630933333 300.662127788
-3.15130666667 300.702453355
-3.146304 300.705238886
-3.14130133333 300.670928096
-3.13629866667 300.725553634
-3.131296 300.726546557
-3.12629333333 300.695923486
-3.12129066667 300.71184959
-3.116288 300.826407604
-3.11128533333 300.771752592
-3.10628266667 300.866865806
-3.10128 300.772604199
-3.09627733333 300.823274764
-3.09127466667 300.856394028
-3.086272 300.844959267
-3.08126933333 300.810105087
-3.07626666667 300.832585893
-3.071264 300.833869919
-3.06626133333 300.912992409
-3.06125866667 300.752886927
-3.056256 300.935823995
-3.05125333333 300.864686781
-3.04625066667 300.885346269
-3.041248 300.875187128
-3.03624533333 300.969862954
-3.03124266667 300.840876728
-3.02624 300.994713631
-3.02123733333 300.926390302
-3.01623466667 300.986711341
-3.011232 300.871591079
-3.00622933333 300.941796607
-3.00122666667 300.935051879
-2.996224 301.005585464
-2.99122133333 300.943651351
-2.98621866667 301.02050439
-2.981216 300.881187746
-2.97621333333 300.937826359
-2.97121066667 300.938871327
-2.966208 300.964788781
-2.96120533333 300.892861138
-2.95620266667 300.911722158
-2.9512 300.89526207
-2.94619733333 300.928468956
-2.94119466667 300.917872744
-2.936192 300.928222983
-2.93118933333 300.914363898
-2.92618666667 300.887285596
-2.921184 300.907102785
-2.91618133333 300.964731413
-2.91117866667 300.902855461
-2.906176 300.9272335
-2.90117333333 300.903756155
-2.89617066667 300.935511671
-2.891168 300.937191956
-2.88616533333 300.935436997
-2.88116266667 300.9653279
-2.87616 300.986449798
-2.87115733333 300.913525785
-2.86615466667 300.965091745
-2.861152 301.003240486
-2.85614933333 300.940266806
-2.85114666667 300.932900169
-2.846144 300.965845289
-2.84114133333 300.956234346
-2.83613866667 301.031536215
-2.831136 301.041543466
-2.82613333333 301.019139406
-2.82113066667 301.084513291
-2.816128 301.034441212
-2.81112533333 301.001466677
-2.80612266667 301.0596819
-2.80112 301.079945454
-2.79611733333 301.146974439
-2.79111466667 301.126664891
-2.786112 301.145802364
-2.78110933333 301.089859956
-2.77610666667 301.19309851
-2.771104 301.153297547
-2.76610133333 301.20285284
-2.76109866667 301.195603511
-2.756096 301.222508698
-2.75109333333 301.117380687
-2.74609066667 301.252339195
-2.741088 301.179723812
-2.73608533333 301.195475491
-2.73108266667 301.140314717
-2.72608 301.202120448
-2.72107733333 301.1464384
-2.71607466667 301.16796861
-2.711072 301.122321605
-2.70606933333 301.187245227
-2.70106666667 301.111687054
-2.696064 301.172869469
-2.69106133333 301.080769378
-2.68605866667 301.272771603
-2.681056 301.121890682
-2.67605333333 301.233805919
-2.67105066667 301.15418135
-2.666048 301.168331159
-2.66104533333 301.123151446
-2.65604266667 301.266995924
-2.65104 301.079578878
-2.64603733333 301.211674071
-2.64103466667 301.140962074
-2.636032 301.211452833
-2.63102933333 301.159502557
-2.62602666667 301.15943198
-2.621024 301.108639316
-2.61602133333 301.192455972
-2.61101866667 301.08702199
-2.606016 301.164118948
-2.60101333333 301.059678041
-2.59601066667 301.195258572
-2.591008 301.096441979
-2.58600533333 301.12649474
-2.58100266667 301.068179924
-2.576 301.229170394
-2.57099733333 301.096351556
-2.56599466667 301.151544379
-2.560992 301.076614644
-2.55598933333 301.146150328
-2.55098666667 301.052337534
-2.545984 301.144098817
-2.54098133333 301.117554964
-2.53597866667 301.216345338
-2.530976 301.142224106
-2.52597333333 301.215373245
-2.52097066667 301.177740518
-2.515968 301.227525866
-2.51096533333 301.131199674
-2.50596266667 301.25925599
-2.50096 301.159964295
-2.49595733333 301.286833746
-2.49095466667 301.123804203
-2.485952 301.201569642
-2.48094933333 301.201071788
-2.47594666667 301.276063437
-2.470944 301.158540948
-2.46594133333 301.304707439
-2.46093866667 301.238885408
-2.455936 301.318203886
-2.45093333333 301.174854298
-2.44593066667 301.338682336
-2.440928 301.284383154
-2.43592533333 301.369072391
-2.43092266667 301.273194874
-2.42592 301.443379027
-2.42091733333 301.37442235
-2.41591466667 301.422108049
-2.410912 301.329833132
-2.40590933333 301.457299647
-2.40090666667 301.355213564
-2.395904 301.518740873
-2.39090133333 301.407582786
-2.38589866667 301.443396926
-2.380896 301.443633763
-2.37589333333 301.456766911
-2.37089066667 301.427437173
-2.365888 301.454129031
-2.36088533333 301.406519572
-2.35588266667 301.494589283
-2.35088 301.401818488
-2.34587733333 301.457395848
-2.34087466667 301.40985999
-2.335872 301.495079952
-2.33086933333 301.407632241
-2.32586666667 301.498497319
-2.320864 301.376874573
-2.31586133333 301.463269032
-2.31085866667 301.419302282
-2.305856 301.488989272
-2.30085333333 301.430512939
-2.29585066667 301.516076474
-2.290848 301.435185176
-2.28584533333 301.47660156
-2.28084266667 301.376008738
-2.27584 301.525064891
-2.27083733333 301.41517004
-2.26583466667 301.504157335
-2.260832 301.451837668
-2.25582933333 301.580308763
-2.25082666667 301.463516832
-2.245824 301.538737565
-2.24082133333 301.418018319
-2.23581866667 301.624279945
-2.230816 301.46734044
-2.22581333333 301.622941359
-2.22081066667 301.530012869
-2.215808 301.629781755
-2.21080533333 301.501244993
-2.20580266667 301.567468504
-2.2008 301.581318124
-2.19579733333 301.715857377
-2.19079466667 301.624360375
-2.185792 301.776093256
-2.18078933333 301.717290363
-2.17578666667 301.843959165
-2.170784 301.776710195
-2.16578133333 301.734488683
-2.16077866667 301.766998695
-2.155776 301.858086706
-2.15077333333 301.7451622
-2.14577066667 301.845611454
-2.140768 301.740723777
-2.13576533333 301.940114206
-2.13076266667 301.797027348
-2.12576 301.948487908
-2.12075733333 301.924152741
-2.11575466667 301.936773904
-2.110752 301.84144395
-2.10574933333 301.943528774
-2.10074666667 301.877238945
-2.095744 302.029716105
-2.09074133333 301.885105281
-2.08573866667 302.076314137
-2.080736 301.947953381
-2.07573333333 302.016285867
-2.07073066667 301.952993718
-2.065728 302.040787904
-2.06072533333 302.00832042
-2.05572266667 302.066788775
-2.05072 301.920055194
-2.04571733333 301.997975067
-2.04071466667 301.84762249
-2.035712 301.985852933
-2.03070933333 301.879290957
-2.02570666667 302.016481233
-2.020704 301.894203756
-2.01570133333 301.987845232
-2.01069866667 301.774159677
-2.005696 301.912646881
-2.00069333333 301.78677306
-1.99569066667 301.841360534
-1.990688 301.7323289
-1.98568533333 301.870903761
-1.98068266667 301.771500488
-1.97568 301.874566175
-1.97067733333 301.788755081
-1.96567466667 301.904832322
-1.960672 301.750471582
-1.95566933333 301.831833812
-1.95066666667 301.730879998
-1.945664 301.919333651
-1.94066133333 301.68576933
-1.93565866667 301.777170971
-1.930656 301.698767166
-1.92565333333 301.75971584
-1.92065066667 301.696545181
-1.915648 301.821276109
-1.91064533333 301.594597033
-1.90564266667 301.717153074
-1.90064 301.558484029
-1.89563733333 301.661064051
-1.89063466667 301.526194573
-1.885632 301.703940703
-1.88062933333 301.590280834
-1.87562666667 301.680716929
-1.870624 301.54409704
-1.86562133333 301.699919096
-1.86061866667 301.54261706
-1.855616 301.62794372
-1.85061333333 301.484598093
-1.84561066667 301.684477209
-1.840608 301.51303549
-1.83560533333 301.584481984
-1.83060266667 301.44834849
-1.8256 301.616942434
-1.82059733333 301.437531843
-1.81559466667 301.496121524
-1.810592 301.401145045
-1.80558933333 301.482307102
-1.80058666667 301.369039259
-1.795584 301.499571262
-1.79058133333 301.329650753
-1.78557866667 301.479291057
-1.780576 301.298289063
-1.77557333333 301.397527155
-1.77057066667 301.285808961
-1.765568 301.40843154
-1.76056533333 301.272319397
-1.75556266667 301.405067762
-1.75056 301.264460644
-1.74555733333 301.377593011
-1.74055466667 301.317737698
-1.735552 301.434714761
-1.73054933333 301.284897926
-1.72554666667 301.344697808
-1.720544 301.282781554
-1.71554133333 301.404714296
-1.71053866667 301.300767347
-1.705536 301.427369237
-1.70053333333 301.257727141
-1.69553066667 301.3498241
-1.690528 301.190288352
-1.68552533333 301.296747402
-1.68052266667 301.212571905
-1.67552 301.26588895
-1.67051733333 301.147096621
-1.66551466667 301.286425394
-1.660512 301.191226127
-1.65550933333 301.282193526
-1.65050666667 301.18897126
-1.645504 301.229242521
-1.64050133333 301.127698195
-1.63549866667 301.281951778
-1.630496 301.100906
-1.62549333333 301.183717486
-1.62049066667 301.127776737
-1.615488 301.289566596
-1.61048533333 301.116013821
-1.60548266667 301.1971845
-1.60048 301.124165558
-1.59547733333 301.270542356
-1.59047466667 301.116469759
-1.585472 301.205349455
-1.58046933333 301.138279653
-1.57546666667 301.238911665
-1.570464 301.148871139
-1.56546133333 301.325795345
-1.56045866667 301.204506096
-1.555456 301.359802781
-1.55045333333 301.270632329
-1.54545066667 301.449785445
-1.540448 301.412134483
-1.53544533333 301.448912297
-1.53044266667 301.427122781
-1.52544 301.506036046
-1.52043733333 301.470432258
-1.51543466667 301.619202446
-1.510432 301.509090733
-1.50542933333 301.729190377
-1.50042666667 301.606741884
-1.495424 301.731406612
-1.49042133333 301.693526987
-1.48541866667 301.859122088
-1.480416 301.700108961
-1.47541333333 301.856355702
-1.47041066667 301.705075922
-1.465408 301.905303735
-1.46040533333 301.758244791
-1.45540266667 301.903946649
-1.4504 301.778222236
-1.44539733333 301.869918294
-1.44039466667 301.734993307
-1.435392 301.863968691
-1.43038933333 301.734870991
-1.42538666667 301.82892926
-1.420384 301.74302103
-1.41538133333 301.859214031
-1.41037866667 301.751918846
-1.405376 301.772238234
-1.40037333333 301.639436026
-1.39537066667 301.739560667
-1.390368 301.610476085
-1.38536533333 301.702162545
-1.38036266667 301.521380502
-1.37536 301.708233536
-1.37035733333 301.481321722
-1.36535466667 301.660539908
-1.360352 301.490464357
-1.35534933333 301.62352045
-1.35034666667 301.480357272
-1.345344 301.541298017
-1.34034133333 301.435949363
-1.33533866667 301.535105835
-1.330336 301.398929473
-1.32533333333 301.560605331
-1.32033066667 301.361812172
-1.315328 301.516748495
-1.31032533333 301.433854984
-1.30532266667 301.513343137
-1.30032 301.369800773
-1.29531733333 301.465316291
-1.29031466667 301.300962076
-1.285312 301.537188606
-1.28030933333 301.303144071
-1.27530666667 301.411735655
-1.270304 301.311928443
-1.26530133333 301.396414285
-1.26029866667 301.312983889
-1.255296 301.406739879
-1.25029333333 301.306263043
-1.24529066667 301.461984443
-1.240288 301.268876609
-1.23528533333 301.454118476
-1.23028266667 301.324859913
-1.22528 301.43249609
-1.22027733333 301.316635441
-1.21527466667 301.421553366
-1.210272 301.320662254
-1.20526933333 301.444962856
-1.20026666667 301.337283219
-1.195264 301.396187981
-1.19026133333 301.318909436
-1.18525866667 301.341487737
-1.180256 301.256347759
-1.17525333333 301.353434593
-1.17025066667 301.264682254
-1.165248 301.382492639
-1.16024533333 301.312186699
-1.15524266667 301.358276909
-1.15024 301.289958421
-1.14523733333 301.370319339
-1.14023466667 301.205471442
-1.135232 301.402194229
-1.13022933333 301.179968118
-1.12522666667 301.300314452
-1.120224 301.242918424
-1.11522133333 301.303948722
-1.11021866667 301.179274946
-1.105216 301.246118638
-1.10021333333 301.141610668
-1.09521066667 301.271932474
-1.090208 301.0330806
-1.08520533333 301.093219236
-1.08020266667 301.067733335
-1.0752 301.060735921
-1.07019733333 300.980330572
-1.06519466667 301.013145215
-1.060192 300.888584845
-1.05518933333 300.91040212
-1.05018666667 300.831867751
-1.045184 300.906799481
-1.04018133333 300.771444694
-1.03517866667 300.854843166
-1.030176 300.6817896
-1.02517333333 300.822699739
-1.02017066667 300.716796227
-1.015168 300.801416456
-1.01016533333 300.617374711
-1.00516266667 300.757313075
-1.00016 300.664396938
-0.995157333333 300.776117081
-0.990154666667 300.614982854
-0.985152 300.742353169
-0.980149333333 300.582777674
-0.975146666667 300.67202951
-0.970144 300.5288679
-0.965141333333 300.626836487
-0.960138666667 300.536862081
-0.955136 300.64053017
-0.950133333333 300.519517653
-0.945130666667 300.61210468
-0.940128 300.46329913
-0.935125333333 300.530695517
-0.930122666667 300.442338434
-0.92512 300.548872323
-0.920117333333 300.43520489
-0.915114666667 300.513255221
-0.910112 300.388209266
-0.905109333333 300.516797943
-0.900106666667 300.384852375
-0.895104 300.517164295
-0.890101333333 300.475380312
-0.885098666667 300.53308667
-0.880096 300.469490096
-0.875093333333 300.572160365
-0.870090666667 300.491250344
-0.865088 300.621858044
-0.860085333333 300.527159787
-0.855082666667 300.668950644
-0.85008 300.523061741
-0.845077333333 300.572864012
-0.840074666667 300.56532904
-0.835072 300.664153216
-0.830069333333 300.605668524
-0.825066666667 300.670644793
-0.820064 300.646916168
-0.815061333333 300.753255984
-0.810058666667 300.668334183
-0.805056 300.755586705
-0.800053333333 300.721808175
-0.795050666667 300.852743423
-0.790048 300.828354196
-0.785045333333 300.870375673
-0.780042666667 300.787338833
-0.77504 300.960937733
-0.770037333333 300.840777857
-0.765034666667 300.971898537
-0.760032 300.929229647
-0.755029333333 301.078171265
-0.750026666667 301.013000817
-0.745024 301.049667894
-0.740021333333 301.048842932
-0.735018666667 301.17187033
-0.730016 301.103463858
-0.725013333333 301.186527776
-0.720010666667 301.196441012
-0.715008 301.268995597
-0.710005333333 301.184632404
-0.705002666667 301.237782719
-0.7 301.224373177
-0.694997333333 301.314748449
-0.689994666667 301.253213376
-0.684992 301.286521057
-0.679989333333 301.270043576
-0.674986666667 301.411226613
-0.669984 301.192552302
-0.664981333333 301.398565043
-0.659978666667 301.311236879
-0.654976 301.350467605
-0.649973333333 301.3120133
-0.644970666667 301.376212535
-0.639968 301.350842784
-0.634965333333 301.366971056
-0.629962666667 301.309645714
-0.62496 301.415723087
-0.619957333333 301.316267594
-0.614954666667 301.424918054
-0.609952 301.282286056
-0.604949333333 301.429680511
-0.599946666667 301.343059762
-0.594944 301.42610446
-0.589941333333 301.337125153
-0.584938666667 301.494925691
-0.579936 301.385369133
-0.574933333333 301.507094804
-0.569930666667 301.336914418
-0.564928 301.509989257
-0.559925333333 301.382994131
-0.554922666667 301.507620682
-0.54992 301.408311752
-0.544917333333 301.475440521
-0.539914666667 301.436410111
-0.534912 301.56386026
-0.529909333333 301.447903249
-0.524906666667 301.528274921
-0.519904 301.459256272
-0.514901333333 301.50687547
-0.509898666667 301.448843821
-0.504896 301.556698066
-0.499893333333 301.451749009
-0.494890666667 301.57356199
-0.489888 301.432280595
-0.484885333333 301.566079055
-0.479882666667 301.457261775
-0.47488 301.510142738
-0.469877333333 301.433936445
-0.464874666667 301.511206638
-0.459872 301.334270467
-0.454869333333 301.418843037
-0.449866666667 301.373344463
-0.444864 301.444041437
-0.439861333333 301.442941544
-0.434858666667 301.424285159
-0.429856 301.347036954
-0.424853333333 301.483553407
-0.419850666667 301.355051458
-0.414848 301.406130529
-0.409845333333 301.344871392
-0.404842666667 301.364546981
-0.39984 301.323614994
-0.394837333333 301.399252369
-0.389834666667 301.39557175
-0.384832 301.413130161
-0.379829333333 301.30161287
-0.374826666667 301.379041207
-0.369824 301.303011044
-0.364821333333 301.446752473
-0.359818666667 301.377249424
-0.354816 301.32321965
-0.349813333333 301.301519058
-0.344810666667 301.343184997
-0.339808 301.296080961
-0.334805333333 301.396685603
-0.329802666667 301.239028711
-0.3248 301.370609089
-0.319797333333 301.283565228
-0.314794666667 301.362183918
-0.309792 301.253117646
-0.304789333333 301.326982039
-0.299786666667 301.29310739
-0.294784 301.375706695
-0.289781333333 301.189385022
-0.284778666667 301.220506869
-0.279776 301.252284213
-0.274773333333 301.297678563
-0.269770666667 301.195390262
-0.264768 301.231602088
-0.259765333333 301.145276823
-0.254762666667 301.200701903
-0.24976 301.142912647
-0.244757333333 301.152517252
-0.239754666667 301.16951693
-0.234752 301.212724972
-0.229749333333 301.122615933
-0.224746666667 301.16860834
-0.219744 301.103185832
-0.214741333333 301.150534256
-0.209738666667 301.075049424
-0.204736 301.108436917
-0.199733333333 301.067918659
-0.194730666667 301.085622486
-0.189728 301.021752095
-0.184725333333 301.102181494
-0.179722666667 301.038142716
-0.17472 301.145656685
-0.169717333333 301.050940377
-0.164714666667 301.119037655
-0.159712 301.142544117
-0.154709333333 301.172638371
-0.149706666667 301.151391899
-0.144704 301.18111701
-0.139701333333 301.122190227
-0.134698666667 301.23879996
-0.129696 301.107339273
-0.124693333333 301.163340971
-0.119690666667 301.123214557
-0.114688 301.186180564
-0.109685333333 301.140214719
-0.104682666667 301.188640795
-0.09968 301.135986566
-0.0946773333333 301.206735675
-0.0896746666667 301.102753271
-0.084672 301.204823442
-0.0796693333333 301.197042627
-0.0746666666667 301.250975601
-0.069664 301.2059156
-0.0646613333333 301.244872364
-0.0596586666667 301.186929637
-0.054656 301.221569735
-0.0496533333333 301.158930766
-0.0446506666667 301.182016106
-0.039648 301.186163574
-0.0346453333333 301.239339013
-0.0296426666667 301.167853423
-0.02464 301.200584455
-0.0196373333333 301.096372951
-0.0146346666667 301.132631656
-0.009632 301.11392585
-0.00462933333333 301.120350795
