（-9,1.5），（-6.78825,1.5），（-2.71107,1.5）
-9.99995733333 266.840057255
-9.99495466667 266.890337798
-9.989952 266.841039436
-9.98494933333 266.856469757
-9.97994666667 266.807427818
-9.974944 266.870632938
-9.96994133333 266.835975187
-9.96493866667 266.880588431
-9.959936 266.84812557
-9.95493333333 266.878682208
-9.94993066667 266.806799573
-9.944928 266.856879496
-9.93992533333 266.843271017
-9.93492266667 266.878725654
-9.92992 266.805587832
-9.92491733333 266.812909668
-9.91991466667 266.775009737
-9.914912 266.798969251
-9.90990933333 266.772185405
-9.90490666667 266.805553811
-9.899904 266.759905778
-9.89490133333 266.743396424
-9.88989866667 266.670201524
-9.884896 266.692315858
-9.87989333333 266.684060049
-9.87489066667 266.707050003
-9.869888 266.608314607
-9.86488533333 266.65034412
-9.85988266667 266.589532032
-9.85488 266.623704424
-9.84987733333 266.560069974
-9.84487466667 266.590985345
-9.839872 266.565219358
-9.83486933333 266.570004592
-9.82986666667 266.501559761
-9.824864 266.523403555
-9.81986133333 266.47731839
-9.81485866667 266.499390618
-9.809856 266.405785392
-9.80485333333 266.409385069
-9.79985066667 266.338883555
-9.794848 266.342515593
-9.78984533333 266.281569869
-9.78484266667 266.291854364
-9.77984 266.238486387
-9.77483733333 266.253820613
-9.76983466667 266.207470882
-9.764832 266.265216944
-9.75982933333 266.24322942
-9.75482666667 266.324175672
-9.749824 266.282131071
-9.74482133333 266.319082241
-9.73981866667 266.332271566
-9.734816 266.403120302
-9.72981333333 266.364006587
-9.72481066667 266.427894321
-9.719808 266.427247027
-9.71480533333 266.477542755
-9.70980266667 266.459733972
-9.7048 266.5178268
-9.69979733333 266.504345069
-9.69479466667 266.569280395
-9.689792 266.539336869
-9.68478933333 266.585538398
-9.67978666667 266.596904389
-9.674784 266.654056752
-9.66978133333 266.628470353
-9.66477866667 266.671904213
-9.659776 266.651732543
-9.65477333333 266.695809475
-9.64977066667 266.678413815
-9.644768 266.730794969
-9.63976533333 266.698797804
-9.63476266667 266.735400831
-9.62976 266.689237535
-9.62475733333 266.72395386
-9.61975466667 266.712404671
-9.614752 266.767484749
-9.60974933333 266.759140923
-9.60474666667 266.799431232
-9.599744 266.78371329
-9.59474133333 266.811996576
-9.58973866667 266.745269695
-9.584736 266.802356757
-9.57973333333 266.789630824
-9.57473066667 266.816784212
-9.569728 266.758037647
-9.56472533333 266.788725356
-9.55972266667 266.771637751
-9.55472 266.829701184
-9.54971733333 266.774357819
-9.54471466667 266.829142965
-9.539712 266.795378651
-9.53470933333 266.832820098
-9.52970666667 266.791787246
-9.524704 266.847584368
-9.51970133333 266.793651145
-9.51469866667 266.819979177
-9.509696 266.749741054
-9.50469333333 266.768996661
-9.49969066667 266.742353003
-9.494688 266.77409575
-9.48968533333 266.679476958
-9.48468266667 266.710255814
-9.47968 266.669715797
-9.47467733333 266.721494031
-9.46967466667 266.656566156
-9.464672 266.71332236
-9.45966933333 266.673391314
-9.45466666667 266.715352808
-9.449664 266.660772947
-9.44466133333 266.705711525
-9.43965866667 266.664908239
-9.434656 266.693223485
-9.42965333333 266.63080604
-9.42465066667 266.659673382
-9.419648 266.630963371
-9.41464533333 266.668460245
-9.40964266667 266.594086497
-9.40464 266.648240406
-9.39963733333 266.621353306
-9.39463466667 266.638817279
-9.389632 266.606781813
-9.38462933333 266.650515029
-9.37962666667 266.638180459
-9.374624 266.680573444
-9.36962133333 266.596914246
-9.36461866667 266.651717712
-9.359616 266.642194534
-9.35461333333 266.686414292
-9.34961066667 266.643303743
-9.344608 266.712991509
-9.33960533333 266.675529668
-9.33460266667 266.707175457
-9.3296 266.620250528
-9.32459733333 266.667477784
-9.31959466667 266.642003723
-9.314592 266.664688074
-9.30958933333 266.612110678
-9.30458666667 266.639527315
-9.299584 266.593294112
-9.29458133333 266.640008326
-9.28957866667 266.575985462
-9.284576 266.625043324
-9.27957333333 266.575205159
-9.27457066667 266.62869218
-9.269568 266.575561741
-9.26456533333 266.628756924
-9.25956266667 266.614075402
-9.25456 266.662653893
-9.24955733333 266.617278441
-9.24455466667 266.663317672
-9.239552 266.651005275
-9.23454933333 266.736301439
-9.22954666667 266.689497978
-9.224544 266.773777073
-9.21954133333 266.702831409
-9.21453866667 266.73889674
-9.209536 266.716102343
-9.20453333333 266.779900357
-9.19953066667 266.769551599
-9.194528 266.837494339
-9.18952533333 266.805562816
-9.18452266667 266.850258945
-9.17952 266.83181251
-9.17451733333 266.885944627
-9.16951466667 266.832930819
-9.164512 266.889505768
-9.15950933333 266.86933872
-9.15450666667 266.901248241
-9.149504 266.852936565
-9.14450133333 266.919136612
-9.13949866667 266.8946105
-9.134496 266.963699839
-9.12949333333 266.896603246
-9.12449066667 266.956671085
-9.119488 266.929883868
-9.11448533333 266.970649216
-9.10948266667 266.941037624
-9.10448 266.981399835
-9.09947733333 266.926264973
-9.09447466667 266.962756468
-9.089472 266.932346075
-9.08446933333 266.992578396
-9.07946666667 266.957641682
-9.074464 266.987969518
-9.06946133333 266.908862755
-9.06445866667 266.933284754
-9.059456 266.922973944
-9.05445333333 266.967560517
-9.04945066667 266.910032563
-9.044448 266.954728638
-9.03944533333 266.940471305
-9.03444266667 266.957572021
-9.02944 266.893608173
-9.02443733333 266.928365916
-9.01943466667 266.906100434
-9.014432 266.917633208
-9.00942933333 266.859541044
-9.00442666667 266.885176126
-8.999424 266.888631822
-8.99442133333 266.904565766
-8.98941866667 266.85144217
-8.984416 266.916162724
-8.97941333333 266.887788417
-8.97441066667 266.932182634
-8.969408 266.919130051
-8.96440533333 266.980736967
-8.95940266667 266.987259973
-8.9544 267.017034447
-8.94939733333 266.936766279
-8.94439466667 266.983326783
-8.939392 266.953291379
-8.93438933333 267.002273346
-8.92938666667 266.93333021
-8.924384 266.960425512
-8.91938133333 266.903845064
-8.91437866667 266.931407999
-8.909376 266.88656586
-8.90437333333 266.935632481
-8.89937066667 266.930102088
-8.894368 266.957008128
-8.88936533333 266.894366216
-8.88436266667 266.943914955
-8.87936 266.901454171
-8.87435733333 266.966885219
-8.86935466667 266.906658371
-8.864352 266.951448741
-8.85934933333 266.901005433
-8.85434666667 266.937982242
-8.849344 266.874770207
-8.84434133333 266.925638608
-8.83933866667 266.881019419
-8.834336 266.912195171
-8.82933333333 266.852238379
-8.82433066667 266.906301854
-8.819328 266.88854695
-8.81432533333 266.920434762
-8.80932266667 266.861082784
-8.80432 266.873103649
-8.79931733333 266.817193873
-8.79431466667 266.875015245
-8.789312 266.810498371
-8.78430933333 266.889012224
-8.77930666667 266.858875837
-8.774304 266.923776411
-8.76930133333 266.862602367
-8.76429866667 266.899681493
-8.759296 266.873609926
-8.75429333333 266.930393071
-8.74929066667 266.888202882
-8.744288 266.929175302
-8.73928533333 266.915089309
-8.73428266667 266.990022206
-8.72928 266.938741034
-8.72427733333 266.989526764
-8.71927466667 266.944483079
-8.714272 267.003258172
-8.70926933333 266.921331384
-8.70426666667 266.98066653
-8.699264 266.964481536
-8.69426133333 267.021160254
-8.68925866667 266.96279344
-8.684256 266.999304749
-8.67925333333 266.990724853
-8.67425066667 267.024483066
-8.669248 266.973897413
-8.66424533333 266.997228413
-8.65924266667 266.968026501
-8.65424 266.975745543
-8.64923733333 266.916924897
-8.64423466667 266.986792771
-8.639232 266.966430332
-8.63422933333 267.007555811
-8.62922666667 266.973358932
-8.624224 267.019902026
-8.61922133333 267.032658148
-8.61421866667 267.12672951
-8.609216 267.098964217
-8.60421333333 267.196963428
-8.59921066667 267.205961974
-8.594208 267.300314374
-8.58920533333 267.290360682
-8.58420266667 267.385313408
-8.5792 267.403012178
-8.57419733333 267.50317424
-8.56919466667 267.503215527
-8.564192 267.585794199
-8.55918933333 267.591876203
-8.55418666667 267.718674033
-8.549184 267.722213101
-8.54418133333 267.803054409
-8.53917866667 267.837713077
-8.534176 267.923809786
-8.52917333333 267.928956115
-8.52417066667 268.039889115
-8.519168 268.075888478
-8.51416533333 268.153519173
-8.50916266667 268.150901922
-8.50416 268.234250221
-8.49915733333 268.245151432
-8.49415466667 268.36701505
-8.489152 268.337108138
-8.48414933333 268.413805149
-8.47914666667 268.406741237
-8.474144 268.491176123
-8.46914133333 268.43361887
-8.46413866667 268.510434047
-8.459136 268.484335189
-8.45413333333 268.531623179
-8.44913066667 268.493183282
-8.444128 268.521901745
-8.43912533333 268.469639804
-8.43412266667 268.514009432
-8.42912 268.414316176
-8.42411733333 268.458838975
-8.41911466667 268.348361552
-8.414112 268.289201867
-8.40910933333 268.187016505
-8.40410666667 268.180297082
-8.399104 268.118682558
-8.39410133333 268.116317981
-8.38909866667 268.024788697
-8.384096 268.02555298
-8.37909333333 267.934536555
-8.37409066667 267.962743987
-8.369088 267.886035907
-8.36408533333 267.938598096
-8.35908266667 267.901611059
-8.35408 267.893198643
-8.34907733333 267.82761747
-8.34407466667 267.9067692
-8.339072 267.873898117
-8.33406933333 267.887888332
-8.32906666667 267.840395035
-8.324064 267.8844579
-8.31906133333 267.823516662
-8.31405866667 267.887851982
-8.309056 267.814091537
-8.30405333333 267.865464035
-8.29905066667 267.822212026
-8.294048 267.870489043
-8.28904533333 267.815759413
-8.28404266667 267.865656257
-8.27904 267.837596083
-8.27403733333 267.879523432
-8.26903466667 267.814142069
-8.264032 267.857063745
-8.25902933333 267.838933496
-8.25402666667 267.89438292
-8.249024 267.873381864
-8.24402133333 267.90102221
-8.23901866667 267.867050794
-8.234016 267.882046693
-8.22901333333 267.823608122
-8.22401066667 267.889475308
-8.219008 267.849434149
-8.21400533333 267.892698695
-8.20900266667 267.829220113
-8.204 267.892770189
-8.19899733333 267.856967438
-8.19399466667 267.908237547
-8.188992 267.841291189
-8.18398933333 267.892278536
-8.17898666667 267.855228428
-8.173984 267.890430061
-8.16898133333 267.825847208
-8.16397866667 267.882152673
-8.158976 267.821527225
-8.15397333333 267.833357928
-8.14897066667 267.763186768
-8.143968 267.809244819
-8.13896533333 267.76264523
-8.13396266667 267.809442482
-8.12896 267.721463521
-8.12395733333 267.760121649
-8.11895466667 267.715519862
-8.113952 267.746228648
-8.10894933333 267.685327112
-8.10394666667 267.71312141
-8.098944 267.68288971
-8.09394133333 267.677581097
-8.08893866667 267.595244038
-8.083936 267.624239375
-8.07893333333 267.577424824
-8.07393066667 267.622702969
-8.068928 267.515891209
-8.06392533333 267.51360918
-8.05892266667 267.462176896
-8.05392 267.473456105
-8.04891733333 267.402144372
-8.04391466667 267.449465777
-8.038912 267.350651963
-8.03390933333 267.365030352
-8.02890666667 267.277695893
-8.023904 267.300784172
-8.01890133333 267.241598472
-8.01389866667 267.274658224
-8.008896 267.197647793
-8.00389333333 267.24670486
-7.99889066667 267.206523817
-7.993888 267.227365889
-7.98888533333 267.172845096
-7.98388266667 267.188985463
-7.97888 267.141042954
-7.97387733333 267.182207376
-7.96887466667 267.131421948
-7.963872 267.153303628
-7.95886933333 267.119728402
-7.95386666667 267.142904169
-7.948864 267.053460293
-7.94386133333 267.038762649
-7.93885866667 267.006458298
-7.933856 267.040462381
-7.92885333333 267.016107245
-7.92385066667 267.049736144
-7.918848 266.996657249
-7.91384533333 267.04398672
-7.90884266667 266.962971086
-7.90384 266.989281524
-7.89883733333 266.960921648
-7.89383466667 267.000101765
-7.888832 266.917747346
-7.88382933333 266.962944575
-7.87882666667 266.907369865
-7.873824 266.946481505
-7.86882133333 266.876554434
-7.86381866667 266.928413263
-7.858816 266.868081634
-7.85381333333 266.910229436
-7.84881066667 266.832860474
-7.843808 266.895095267
-7.83880533333 266.845561244
-7.83380266667 266.886695259
-7.8288 266.788259511
-7.82379733333 266.837106059
-7.81879466667 266.799196481
-7.813792 266.843440193
-7.80878933333 266.76308369
-7.80378666667 266.845320377
-7.798784 266.755501383
-7.79378133333 266.780461568
-7.78877866667 266.703810597
-7.783776 266.770928762
-7.77877333333 266.728857205
-7.77377066667 266.775633291
-7.768768 266.723797216
-7.76376533333 266.747567759
-7.75876266667 266.732740808
-7.75376 266.778691941
-7.74875733333 266.736171303
-7.74375466667 266.815713969
-7.738752 266.778357214
-7.73374933333 266.813158715
-7.72874666667 266.767607655
-7.723744 266.797729719
-7.71874133333 266.786991481
-7.71373866667 266.841564313
-7.708736 266.812310647
-7.70373333333 266.834347921
-7.69873066667 266.810603953
-7.693728 266.86807688
-7.68872533333 266.79883988
-7.68372266667 266.852679549
-7.67872 266.812805006
-7.67371733333 266.846652095
-7.66871466667 266.810322086
-7.663712 266.836830253
-7.65870933333 266.795951928
-7.65370666667 266.862397824
-7.648704 266.798606993
-7.64370133333 266.840194898
-7.63869866667 266.809012307
-7.633696 266.840297841
-7.62869333333 266.792220328
-7.62369066667 266.817809254
-7.618688 266.767943211
-7.61368533333 266.794448256
-7.60868266667 266.746343393
-7.60368 266.796988173
-7.59867733333 266.74509107
-7.59367466667 266.796384848
-7.588672 266.710740308
-7.58366933333 266.785680742
-7.57866666667 266.747334182
-7.573664 266.797696607
-7.56866133333 266.742831421
-7.56365866667 266.759350317
-7.558656 266.725168455
-7.55365333333 266.75413578
-7.54865066667 266.706526371
-7.543648 266.772483854
-7.53864533333 266.74479103
-7.53364266667 266.783127332
-7.52864 266.72359933
-7.52363733333 266.781987829
-7.51863466667 266.742206509
-7.513632 266.805549294
-7.50862933333 266.736896942
-7.50362666667 266.783882423
-7.498624 266.742075264
-7.49362133333 266.82773489
-7.48861866667 266.7393397
-7.483616 266.808097848
-7.47861333333 266.754943509
-7.47361066667 266.802656253
-7.468608 266.735939824
-7.46360533333 266.784644806
-7.45860266667 266.789621384
-7.4536 266.826153624
-7.44859733333 266.75735213
-7.44359466667 266.806653924
-7.438592 266.768804849
-7.43358933333 266.810243003
-7.42858666667 266.782933754
-7.423584 266.829841906
-7.41858133333 266.772976428
-7.41357866667 266.815099271
-7.408576 266.761177447
-7.40357333333 266.846182184
-7.39857066667 266.800086038
-7.393568 266.850132631
-7.38856533333 266.77490418
-7.38356266667 266.803176558
-7.37856 266.788487203
-7.37355733333 266.82517929
-7.36855466667 266.776472863
-7.363552 266.842191024
-7.35854933333 266.794921494
-7.35354666667 266.818848907
-7.348544 266.772109701
-7.34354133333 266.819092997
-7.33853866667 266.7944281
-7.333536 266.845997115
-7.32853333333 266.761665622
-7.32353066667 266.806253048
-7.318528 266.750720027
-7.31352533333 266.803945177
-7.30852266667 266.747851095
-7.30352 266.797212015
-7.29851733333 266.735064787
-7.29351466667 266.811838325
-7.288512 266.74857036
-7.28350933333 266.784063895
-7.27850666667 266.764736145
-7.273504 266.829837382
-7.26850133333 266.745018753
-7.26349866667 266.790540195
-7.258496 266.742023782
-7.25349333333 266.771207226
-7.24849066667 266.72255013
-7.243488 266.746646707
-7.23848533333 266.67729973
-7.23348266667 266.727975318
-7.22848 266.653694297
-7.22347733333 266.686931265
-7.21847466667 266.635048719
-7.213472 266.666291574
-7.20846933333 266.586416893
-7.20346666667 266.625531617
-7.198464 266.582112037
-7.19346133333 266.632187461
-7.18845866667 266.565818355
-7.183456 266.592719922
-7.17845333333 266.551645494
-7.17345066667 266.579427429
-7.168448 266.510952539
-7.16344533333 266.584661882
-7.15844266667 266.520701737
-7.15344 266.565980743
-7.14843733333 266.499215646
-7.14343466667 266.525451064
-7.138432 266.498581595
-7.13342933333 266.563001865
-7.12842666667 266.500294635
-7.123424 266.541844337
-7.11842133333 266.51217551
-7.11341866667 266.556242786
-7.108416 266.516278848
-7.10341333333 266.589069109
-7.09841066667 266.546630172
-7.093408 266.581122399
-7.08840533333 266.53229649
-7.08340266667 266.552840916
-7.0784 266.529180835
-7.07339733333 266.590998425
-7.06839466667 266.509231675
-7.063392 266.569888741
-7.05838933333 266.507920253
-7.05338666667 266.562443788
-7.048384 266.520289414
-7.04338133333 266.568442149
-7.03837866667 266.51114533
-7.033376 266.580015658
-7.02837333333 266.518980266
-7.02337066667 266.59765308
-7.018368 266.563604028
-7.01336533333 266.620829874
-7.00836266667 266.567268092
-7.00336 266.604399592
-6.99835733333 266.558744273
-6.99335466667 266.597076516
-6.988352 266.536124617
-6.98334933333 266.581422114
-6.97834666667 266.559299225
-6.973344 266.614049669
-6.96834133333 266.553845011
-6.96333866667 266.620908742
-6.958336 266.587905657
-6.95333333333 266.664335627
-6.94833066667 266.599550392
-6.943328 266.657465601
-6.93832533333 266.606027293
-6.93332266667 266.666517259
-6.92832 266.600269868
-6.92331733333 266.673366927
-6.91831466667 266.645397439
-6.913312 266.71812875
-6.90830933333 266.65800754
-6.90330666667 266.735036043
-6.898304 266.704820237
-6.89330133333 266.74831923
-6.88829866667 266.705929136
-6.883296 266.778676585
-6.87829333333 266.726271318
-6.87329066667 266.803846254
-6.868288 266.755774175
-6.86328533333 266.828185385
-6.85828266667 266.785302637
-6.85328 266.829422336
-6.84827733333 266.779839143
-6.84327466667 266.85764481
-6.838272 266.804629097
-6.83326933333 266.86675597
-6.82826666667 266.802873449
-6.823264 266.841532365
-6.81826133333 266.794587305
-6.81325866667 266.87048743
-6.808256 266.803275518
-6.80325333333 266.871166977
-6.79825066667 266.82038638
-6.793248 266.882094715
-6.78824533333 266.815763345
-6.78324266667 266.880598897
-6.77824 266.844870061
-6.77323733333 266.89554237
-6.76823466667 266.83189743
-6.763232 266.890369945
-6.75822933333 266.85754446
-6.75322666667 266.906530426
-6.748224 266.852336081
-6.74322133333 266.922682762
-6.73821866667 266.888167237
-6.733216 266.944079898
-6.72821333333 266.86732253
-6.72321066667 266.937963757
-6.718208 266.903234102
-6.71320533333 266.942914761
-6.70820266667 266.885285109
-6.7032 266.937195699
-6.69819733333 266.867062199
-6.69319466667 266.953708567
-6.688192 266.890225377
-6.68318933333 266.938317057
-6.67818666667 266.905349756
-6.673184 266.929895247
-6.66818133333 266.853129715
-6.66317866667 266.907079719
-6.658176 266.873146713
-6.65317333333 266.93473832
-6.64817066667 266.855472009
-6.643168 266.900677727
-6.63816533333 266.866482509
-6.63316266667 266.924191001
-6.62816 266.86705356
-6.62315733333 266.923744061
-6.61815466667 266.863175325
-6.613152 266.904734294
-6.60814933333 266.839447034
-6.60314666667 266.901790272
-6.598144 266.876296014
-6.59314133333 266.911140095
-6.58813866667 266.817785749
-6.583136 266.87680413
-6.57813333333 266.809771718
-6.57313066667 266.86410308
-6.568128 266.791507121
-6.56312533333 266.833733567
-6.55812266667 266.783500711
-6.55312 266.837680429
-6.54811733333 266.768674157
-6.54311466667 266.803013957
-6.538112 266.769228839
-6.53310933333 266.824867771
-6.52810666667 266.757755721
-6.523104 266.790699317
-6.51810133333 266.741494925
-6.51309866667 266.811719154
-6.508096 266.742076796
-6.50309333333 266.811380365
-6.49809066667 266.759451427
-6.493088 266.772196839
-6.48808533333 266.771999649
-6.48308266667 266.83730686
-6.47808 266.815839269
-6.47307733333 266.847239122
-6.46807466667 266.781815583
-6.463072 266.83342773
-6.45806933333 266.805090763
-6.45306666667 266.898325536
-6.448064 266.821164729
-6.44306133333 266.881073083
-6.43805866667 266.86529226
-6.433056 266.914790225
-6.42805333333 266.861588614
-6.42305066667 266.948711933
-6.418048 266.950144917
-6.41304533333 267.002131985
-6.40804266667 266.933708674
-6.40304 267.011413677
-6.39803733333 267.009443363
-6.39303466667 267.097759573
-6.388032 267.076834419
-6.38302933333 267.142620019
-6.37802666667 267.150001635
-6.373024 267.245529903
-6.36802133333 267.235626867
-6.36301866667 267.339722782
-6.358016 267.324119936
-6.35301333333 267.429534
-6.34801066667 267.426616812
-6.343008 267.543845622
-6.33800533333 267.5609557
-6.33300266667 267.715166041
-6.328 267.689178968
-6.32299733333 267.809421184
-6.31799466667 267.807467154
-6.312992 267.932951893
-6.30798933333 267.951746899
-6.30298666667 268.075742684
-6.297984 268.082696785
-6.29298133333 268.166731835
-6.28797866667 268.145487111
-6.282976 268.261145589
-6.27797333333 268.26793533
-6.27297066667 268.392982922
-6.267968 268.372727959
-6.26296533333 268.452139908
-6.25796266667 268.415944974
-6.25296 268.546973575
-6.24795733333 268.527795368
-6.24295466667 268.590832599
-6.237952 268.557690766
-6.23294933333 268.619703078
-6.22794666667 268.561150767
-6.222944 268.623154115
-6.21794133333 268.624332741
-6.21293866667 268.665353861
-6.207936 268.599669528
-6.20293333333 268.6204471
-6.19793066667 268.565038955
-6.192928 268.606116898
-6.18792533333 268.501037688
-6.18292266667 268.547195014
-6.17792 268.474666586
-6.17291733333 268.468903569
-6.16791466667 268.379203643
-6.162912 268.450647552
-6.15790933333 268.366710725
-6.15290666667 268.404119876
-6.147904 268.344065608
-6.14290133333 268.366610002
-6.13789866667 268.262804945
-6.132896 268.332031275
-6.12789333333 268.237110523
-6.12289066667 268.283609118
-6.117888 268.294930633
-6.11288533333 268.341954525
-6.10788266667 268.222261239
-6.10288 268.287470519
-6.09787733333 268.220734352
-6.09287466667 268.242640122
-6.087872 268.203883707
-6.08286933333 268.238090122
-6.07786666667 268.168815367
-6.072864 268.247338673
-6.06786133333 268.146207889
-6.06285866667 268.183961728
-6.057856 268.150385262
-6.05285333333 268.20569422
-6.04785066667 268.12613034
-6.042848 268.190625679
-6.03784533333 268.143836802
-6.03284266667 268.232659297
-6.02784 268.144248092
-6.02283733333 268.174032909
-6.01783466667 268.12705567
-6.012832 268.202084517
-6.00782933333 268.10987223
-6.00282666667 268.160974134
-5.997824 268.101496406
-5.99282133333 268.138125774
-5.98781866667 268.035057291
-5.982816 268.097815112
-5.97781333333 268.085619541
-5.97281066667 268.108496642
-5.967808 268.039768667
-5.96280533333 268.064483659
-5.95780266667 268.042425389
-5.9528 268.108574153
-5.94779733333 268.03003875
-5.94279466667 268.077360894
-5.937792 268.07225829
-5.93278933333 268.115078771
-5.92778666667 268.010360228
-5.922784 268.11101422
-5.91778133333 268.055214526
-5.91277866667 268.07065724
-5.907776 267.99013611
-5.90277333333 268.028404462
-5.89777066667 267.959491634
-5.892768 268.016343314
-5.88776533333 267.930157066
-5.88276266667 267.951887653
-5.87776 267.908965326
-5.87275733333 267.943864022
-5.86775466667 267.875674362
-5.862752 267.933952513
-5.85774933333 267.86204046
-5.85274666667 267.889423531
-5.847744 267.804374945
-5.84274133333 267.846133022
-5.83773866667 267.785163688
-5.832736 267.831313755
-5.82773333333 267.752220212
-5.82273066667 267.774089898
-5.817728 267.685810901
-5.81272533333 267.696932053
-5.80772266667 267.571963757
-5.80272 267.626036361
-5.79771733333 267.536940802
-5.79271466667 267.549294216
-5.787712 267.412246001
-5.78270933333 267.473621459
-5.77770666667 267.387743936
-5.772704 267.434885661
-5.76770133333 267.341729444
-5.76269866667 267.360104491
-5.757696 267.264924402
-5.75269333333 267.289409301
-5.74769066667 267.173819229
-5.742688 267.223135902
-5.73768533333 267.158115039
-5.73268266667 267.156414834
-5.72768 267.065549402
-5.72267733333 267.060778785
-5.71767466667 266.988084907
-5.712672 267.000777392
-5.70766933333 266.891019596
-5.70266666667 266.91867772
-5.697664 266.838807073
-5.69266133333 266.871782794
-5.68765866667 266.781123924
-5.682656 266.822439647
-5.67765333333 266.765420065
-5.67265066667 266.773436682
-5.667648 266.666463348
-5.66264533333 266.715754146
-5.65764266667 266.657849417
-5.65264 266.702318547
-5.64763733333 266.621014433
-5.64263466667 266.655531501
-5.637632 266.596637013
-5.63262933333 266.64714835
-5.62762666667 266.562028063
-5.622624 266.615477911
-5.61762133333 266.559666276
-5.61261866667 266.602762918
-5.607616 266.507243594
-5.60261333333 266.576477328
-5.59761066667 266.497994312
-5.592608 266.561366487
-5.58760533333 266.474172755
-5.58260266667 266.502752392
-5.5776 266.445591035
-5.57259733333 266.524644601
-5.56759466667 266.43576368
-5.562592 266.508867128
-5.55758933333 266.463242889
-5.55258666667 266.493673294
-5.547584 266.419266006
-5.54258133333 266.483748796
-5.53757866667 266.429552347
-5.532576 266.481265261
-5.52757333333 266.402912145
-5.52257066667 266.429894983
-5.517568 266.375660192
-5.51256533333 266.416276566
-5.50756266667 266.366571022
-5.50256 266.418060478
-5.49755733333 266.404271454
-5.49255466667 266.438490998
-5.487552 266.371688552
-5.48254933333 266.448437168
-5.47754666667 266.441841741
-5.472544 266.498785139
-5.46754133333 266.447293137
-5.46253866667 266.51914111
-5.457536 266.475793965
-5.45253333333 266.556610737
-5.44753066667 266.500901811
-5.442528 266.574695903
-5.43752533333 266.539999682
-5.43252266667 266.576435384
-5.42752 266.511692268
-5.42251733333 266.598469371
-5.41751466667 266.548605553
-5.412512 266.640619668
-5.40750933333 266.545795427
-5.40250666667 266.60682858
-5.397504 266.56709286
-5.39250133333 266.666411552
-5.38749866667 266.60361016
-5.382496 266.655354075
-5.37749333333 266.640518792
-5.37249066667 266.667300804
-5.367488 266.615692331
-5.36248533333 266.707218172
-5.35748266667 266.642811726
-5.35248 266.715623022
-5.34747733333 266.640883251
-5.34247466667 266.68923826
-5.337472 266.65602794
-5.33246933333 266.729487708
-5.32746666667 266.671444321
-5.322464 266.733861527
-5.31746133333 266.670389569
-5.31245866667 266.721850357
-5.307456 266.678243336
-5.30245333333 266.735378098
-5.29745066667 266.688825756
-5.292448 266.735139554
-5.28744533333 266.684725997
-5.28244266667 266.737027537
-5.27744 266.683783833
-5.27243733333 266.772767522
-5.26743466667 266.684605762
-5.262432 266.763637758
-5.25742933333 266.71965471
-5.25242666667 266.779759626
-5.247424 266.72060307
-5.24242133333 266.781661089
-5.23741866667 266.755422577
-5.232416 266.809078506
-5.22741333333 266.738898834
-5.22241066667 266.800532405
-5.217408 266.772090544
-5.21240533333 266.84212907
-5.20740266667 266.775166999
-5.2024 266.850599182
-5.19739733333 266.81501696
-5.19239466667 266.873070199
-5.187392 266.797907699
-5.18238933333 266.897475146
-5.17738666667 266.872671699
-5.172384 266.920054021
-5.16738133333 266.826619246
-5.16237866667 266.917681004
-5.157376 266.844174301
-5.15237333333 266.934043829
-5.14737066667 266.878461936
-5.142368 266.908970872
-5.13736533333 266.876404654
-5.13236266667 266.938437579
-5.12736 266.887948388
-5.12235733333 266.95603078
-5.11735466667 266.921776066
-5.112352 267.024159042
-5.10734933333 266.955813683
-5.10234666667 267.014712646
-5.097344 266.98166908
-5.09234133333 267.05445843
-5.08733866667 266.966945789
-5.082336 267.036968939
-5.07733333333 266.973297701
-5.07233066667 267.026427623
-5.067328 266.936364177
-5.06232533333 266.988830487
-5.05732266667 266.925162572
-5.05232 266.948246528
-5.04731733333 266.838036112
-5.04231466667 266.889291238
-5.037312 266.786510645
-5.03230933333 266.847612579
-5.02730666667 266.750163638
-5.022304 266.772841374
-5.01730133333 266.738532801
-5.01229866667 266.777405248
-5.007296 266.719355332
-5.00229333333 266.796042551
-4.99729066667 266.756435734
-4.992288 266.831050921
-4.98728533333 266.790940793
-4.98228266667 266.862290901
-4.97728 266.828388826
-4.97227733333 266.896065643
-4.96727466667 266.85432852
-4.962272 266.927895388
-4.95726933333 266.887896992
-4.95226666667 266.939743439
-4.947264 266.881040879
-4.94226133333 266.978773936
-4.93725866667 266.930011926
-4.932256 266.973656624
-4.92725333333 266.933779829
-4.92225066667 266.987602699
-4.917248 266.939526274
-4.91224533333 267.002403689
-4.90724266667 266.941700053
-4.90224 266.992662139
-4.89723733333 266.947575131
-4.89223466667 267.03238152
-4.887232 266.984579581
-4.88222933333 267.052598751
-4.87722666667 267.000529396
-4.872224 267.052325388
-4.86722133333 267.011997214
-4.86221866667 267.082293015
-4.857216 266.999339148
-4.85221333333 267.071932807
-4.84721066667 267.010033212
-4.842208 267.053311148
-4.83720533333 266.991112383
-4.83220266667 267.053471226
-4.8272 267.005528202
-4.82219733333 267.035973896
-4.81719466667 266.981770175
-4.812192 267.026023024
-4.80718933333 266.946935107
-4.80218666667 266.99899534
-4.797184 266.942622452
-4.79218133333 267.011711241
-4.78717866667 266.919342916
-4.782176 266.949176192
-4.77717333333 266.896824396
-4.77217066667 266.967057843
-4.767168 266.866832184
-4.76216533333 266.938655355
-4.75716266667 266.897072087
-4.75216 266.925631503
-4.74715733333 266.869270791
-4.74215466667 266.911739335
-4.737152 266.846705653
-4.73214933333 266.889061679
-4.72714666667 266.812872485
-4.722144 266.830645548
-4.71714133333 266.755118161
-4.71213866667 266.824070126
-4.707136 266.780905677
-4.70213333333 266.839316997
-4.69713066667 266.784851537
-4.692128 266.84245188
-4.68712533333 266.769669479
-4.68212266667 266.845523507
-4.67712 266.822395473
-4.67211733333 266.890815152
-4.66711466667 266.84920193
-4.662112 266.893848905
-4.65710933333 266.829388829
-4.65210666667 266.914940596
-4.647104 266.860958685
-4.64210133333 266.946172676
-4.63709866667 266.893788166
-4.632096 266.967833403
-4.62709333333 266.899718068
-4.62209066667 266.984616622
-4.617088 266.938171734
-4.61208533333 266.983902571
-4.60708266667 266.898222286
-4.60208 266.957591158
-4.59707733333 266.922410437
-4.59207466667 266.992206334
-4.587072 266.917378386
-4.58206933333 267.019221297
-4.57706666667 266.946924969
-4.572064 267.028803132
-4.56706133333 266.955794897
-4.56205866667 267.036441935
-4.557056 267.009163477
-4.55205333333 267.066696295
-4.54705066667 266.980255938
-4.542048 267.04617635
-4.53704533333 267.024553925
-4.53204266667 267.092510844
-4.52704 267.051985087
-4.52203733333 267.107183027
-4.51703466667 267.061392148
-4.512032 267.081286539
-4.50702933333 267.035711242
-4.50202666667 267.102681649
-4.497024 267.065871338
-4.49202133333 267.13148797
-4.48701866667 267.057665504
-4.482016 267.119178364
-4.47701333333 267.056147024
-4.47201066667 267.121825781
-4.467008 267.033672311
-4.46200533333 267.071775299
-4.45700266667 266.972089297
-4.452 267.027766235
-4.44699733333 266.94412312
-4.44199466667 266.995043756
-4.436992 266.932638977
-4.43198933333 266.959701193
-4.42698666667 266.853303603
-4.421984 266.909718408
-4.41698133333 266.851522568
-4.41197866667 266.898518934
-4.406976 266.832507647
-4.40197333333 266.88747557
-4.39697066667 266.849804773
-4.391968 266.909808328
-4.38696533333 266.861480933
-4.38196266667 266.918081593
-4.37696 266.930166232
-4.37195733333 266.951470139
-4.36695466667 266.878746003
-4.361952 266.953583348
-4.35694933333 266.897272464
-4.35194666667 266.952331508
-4.346944 266.881249543
-4.34194133333 266.926236819
-4.33693866667 266.884387066
-4.331936 266.952143656
-4.32693333333 266.887284318
-4.32193066667 266.97372818
-4.316928 266.907530809
-4.31192533333 266.976869609
-4.30692266667 266.874030067
-4.30192 266.935263624
-4.29691733333 266.896549423
-4.29191466667 266.968531508
-4.286912 266.863912811
-4.28190933333 266.9389783
-4.27690666667 266.877254046
-4.271904 266.963528904
-4.26690133333 266.89706201
-4.26189866667 266.982331815
-4.256896 266.948049782
-4.25189333333 266.97933736
-4.24689066667 266.902665143
-4.241888 266.983868938
-4.23688533333 266.935565263
-4.23188266667 267.005300776
-4.22688 266.957807631
-4.22187733333 267.007410474
-4.21687466667 266.960448372
-4.211872 267.02201676
-4.20686933333 266.968766734
-4.20186666667 267.037840492
-4.196864 266.983663267
-4.19186133333 267.059248815
-4.18685866667 266.993349603
-4.181856 267.061727037
-4.17685333333 267.031706613
-4.17185066667 267.111593385
-4.166848 267.060995466
-4.16184533333 267.112297448
-4.15684266667 267.070170592
-4.15184 267.146923144
-4.14683733333 267.068411591
-4.14183466667 267.149018973
-4.136832 267.127031652
-4.13182933333 267.163486221
-4.12682666667 267.090652387
-4.121824 267.136465229
-4.11682133333 267.075162824
-4.11181866667 267.130629686
-4.106816 267.064709443
-4.10181333333 267.093146122
-4.09681066667 267.04940044
-4.091808 267.104409715
-4.08680533333 267.012476101
-4.08180266667 267.092223079
-4.0768 267.070398088
-4.07179733333 267.094196785
-4.06679466667 267.036052229
-4.061792 267.100073018
-4.05678933333 267.041464876
-4.05178666667 267.090093876
-4.046784 267.041336756
-4.04178133333 267.076225756
-4.03677866667 267.029666805
-4.031776 267.095550749
-4.02677333333 267.026861358
-4.02177066667 267.07977627
-4.016768 267.026571412
-4.01176533333 267.069247585
-4.00676266667 266.971426973
-4.00176 267.043740754
-3.99675733333 267.008488459
-3.99175466667 267.079841915
-3.986752 267.00655571
-3.98174933333 267.042471847
-3.97674666667 267.004682718
-3.971744 267.042642068
-3.96674133333 266.967858136
-3.96173866667 267.011262592
-3.956736 266.978912778
-3.95173333333 267.035066948
-3.94673066667 266.939236348
-3.941728 267.030435095
-3.93672533333 266.981451808
-3.93172266667 267.031726191
-3.92672 266.947983271
-3.92171733333 266.986825479
-3.91671466667 266.940772909
-3.911712 267.003504011
-3.90670933333 266.918989449
-3.90170666667 266.950742562
-3.896704 266.90564991
-3.89170133333 266.993596873
-3.88669866667 266.902064784
-3.881696 266.981008369
-3.87669333333 266.906586449
-3.87169066667 266.973684245
-3.866688 266.90215831
-3.86168533333 266.97171587
-3.85668266667 266.914807039
-3.85168 266.993082302
-3.84667733333 266.969105744
-3.84167466667 266.984301529
-3.836672 266.944571208
-3.83166933333 267.003691582
-3.82666666667 266.928265022
-3.821664 267.029362013
-3.81666133333 266.958449773
-3.81165866667 267.027261224
-3.806656 266.966503036
-3.80165333333 267.016720695
-3.79665066667 266.996994951
-3.791648 267.058494091
-3.78664533333 266.991150553
-3.78164266667 267.03444797
-3.77664 266.996663484
-3.77163733333 267.074794754
-3.76663466667 267.001357747
-3.761632 267.078602576
-3.75662933333 267.022652217
-3.75162666667 267.085947528
-3.746624 267.00373372
-3.74162133333 267.069257206
-3.73661866667 267.020211681
-3.731616 267.096630268
-3.72661333333 267.042581792
-3.72161066667 267.077912741
-3.716608 267.057005726
-3.71160533333 267.091674718
-3.70660266667 267.040796127
-3.7016 267.102561249
-3.69659733333 267.080818602
-3.69159466667 267.123777368
-3.686592 267.05545075
-3.68158933333 267.1323431
-3.67658666667 267.086410461
-3.671584 267.140686675
-3.66658133333 267.087010529
-3.66157866667 267.125829737
-3.656576 267.099721908
-3.65157333333 267.145144307
-3.64657066667 267.072039272
-3.641568 267.150089341
-3.63656533333 267.119501102
-3.63156266667 267.178482333
-3.62656 267.098227643
-3.62155733333 267.171063244
-3.61655466667 267.154700315
-3.611552 267.222355492
-3.60654933333 267.142559256
-3.60154666667 267.218775152
-3.596544 267.168245776
-3.59154133333 267.23818356
-3.58653866667 267.190321643
-3.581536 267.253201771
-3.57653333333 267.19538433
-3.57153066667 267.277071342
-3.566528 267.176580704
-3.56152533333 267.273477709
-3.55652266667 267.23554906
-3.55152 267.303436375
-3.54651733333 267.249259528
-3.54151466667 267.281464073
-3.536512 267.248081275
-3.53150933333 267.291433916
-3.52650666667 267.251627927
-3.521504 267.287661123
-3.51650133333 267.236344023
-3.51149866667 267.255641228
-3.506496 267.17869
-3.50149333333 267.230851068
-3.49649066667 267.189958916
-3.491488 267.226402583
-3.48648533333 267.157120829
-3.48148266667 267.217282798
-3.47648 267.158505017
-3.47147733333 267.217652237
-3.46647466667 267.132717699
-3.461472 267.19561713
-3.45646933333 267.110993007
-3.45146666667 267.142060713
-3.446464 267.077159506
-3.44146133333 267.129544351
-3.43645866667 267.047535933
-3.431456 267.098429725
-3.42645333333 267.026089259
-3.42145066667 267.041685792
-3.416448 266.955523752
-3.41144533333 267.01549025
-3.40644266667 266.909254553
-3.40144 266.950812278
-3.39643733333 266.900908471
-3.39143466667 266.8973197
-3.386432 266.820316802
-3.38142933333 266.871282966
-3.37642666667 266.804848843
-3.371424 266.874567045
-3.36642133333 266.773842707
-3.36141866667 266.792055747
-3.356416 266.744768429
-3.35141333333 266.81108026
-3.34641066667 266.726244944
-3.341408 266.796011399
-3.33640533333 266.725063115
-3.33140266667 266.775500713
-3.3264 266.69630281
-3.32139733333 266.76452615
-3.31639466667 266.727912757
-3.311392 266.784277848
-3.30638933333 266.731720068
-3.30138666667 266.76766954
-3.296384 266.696925713
-3.29138133333 266.791886354
-3.28637866667 266.690056286
-3.281376 266.788935842
-3.27637333333 266.691891849
-3.27137066667 266.760987737
-3.266368 266.67451729
-3.26136533333 266.744625311
-3.25636266667 266.698375334
-3.25136 266.731355458
-3.24635733333 266.674073469
-3.24135466667 266.71102798
-3.236352 266.662912963
-3.23134933333 266.731252865
-3.22634666667 266.671373533
-3.221344 266.718007826
-3.21634133333 266.651584442
-3.21133866667 266.706243256
-3.206336 266.645969045
-3.20133333333 266.69946639
-3.19633066667 266.641399088
-3.191328 266.718690521
-3.18632533333 266.62645742
-3.18132266667 266.673268368
-3.17632 266.630007786
-3.17131733333 266.701504818
-3.16631466667 266.639537843
-3.161312 266.668850161
-3.15630933333 266.642999828
-3.15130666667 266.660674699
-3.146304 266.590886765
-3.14130133333 266.644431224
-3.13629866667 266.610575631
-3.131296 266.656504911
-3.12629333333 266.575756727
-3.12129066667 266.642882438
-3.116288 266.599308565
-3.11128533333 266.665247673
-3.10628266667 266.596275353
-3.10128 266.662021184
-3.09627733333 266.628761873
-3.09127466667 266.696998395
-3.086272 266.644639375
-3.08126933333 266.719618981
-3.07626666667 266.694267601
-3.071264 266.741941947
-3.06626133333 266.689095378
-3.06125866667 266.751222248
-3.056256 266.710212421
-3.05125333333 266.790979157
-3.04625066667 266.734467834
-3.041248 266.789887901
-3.03624533333 266.769635853
-3.03124266667 266.830453071
-3.02624 266.770239447
-3.02123733333 266.864927775
-3.01623466667 266.838078085
-3.011232 266.875498113
-3.00622933333 266.796914019
-3.00122666667 266.883176252
-2.996224 266.86772119
-2.99122133333 266.945959914
-2.98621866667 266.888874886
-2.981216 266.931327662
-2.97621333333 266.901303745
-2.97121066667 266.995845781
-2.966208 266.951401635
-2.96120533333 267.018862697
-2.95620266667 267.020343345
-2.9512 267.089418432
-2.94619733333 267.020116038
-2.94119466667 267.080128426
-2.936192 267.062088867
-2.93118933333 267.139948507
-2.92618666667 267.060624551
-2.921184 267.109842094
-2.91618133333 267.094450095
-2.91117866667 267.166571803
-2.906176 267.087345139
-2.90117333333 267.168298298
-2.89617066667 267.14664323
-2.891168 267.18766743
-2.88616533333 267.127153394
-2.88116266667 267.170851061
-2.87616 267.144806215
-2.87115733333 267.200696779
-2.86615466667 267.14690419
-2.861152 267.215286015
-2.85614933333 267.153414981
-2.85114666667 267.198861478
-2.846144 267.147919001
-2.84114133333 267.194173714
-2.83613866667 267.163659242
-2.831136 267.184346504
-2.82613333333 267.121451885
-2.82113066667 267.168103683
-2.816128 267.137752341
-2.81112533333 267.194033547
-2.80612266667 267.121937579
-2.80112 267.155034974
-2.79611733333 267.130628912
-2.79111466667 267.17144814
-2.786112 267.11328423
-2.78110933333 267.167016388
-2.77610666667 267.125643514
-2.771104 267.16920442
-2.76610133333 267.077925728
-2.76109866667 267.127921385
-2.756096 267.065577873
-2.75109333333 267.1244871
-2.74609066667 267.046607342
-2.741088 267.084926783
-2.73608533333 267.021570178
-2.73108266667 267.083858149
-2.72608 267.032983592
-2.72107733333 267.073288791
-2.71607466667 267.016100181
-2.711072 267.066486161
-2.70606933333 266.975582257
-2.70106666667 267.03587705
-2.696064 266.998548472
-2.69106133333 267.081630057
-2.68605866667 266.969099031
-2.681056 267.009995336
-2.67605333333 266.946238905
-2.67105066667 267.036316753
-2.666048 266.96076209
-2.66104533333 267.021250259
-2.65604266667 266.970014383
-2.65104 267.00146257
-2.64603733333 266.957059505
-2.64103466667 267.015362123
-2.636032 266.984501
-2.63102933333 267.039066519
-2.62602666667 266.954555581
-2.621024 266.997661707
-2.61602133333 266.943439915
-2.61101866667 266.998939943
-2.606016 266.93655211
-2.60101333333 267.009774244
-2.59601066667 266.936976311
-2.591008 266.986255635
-2.58600533333 266.940193289
-2.58100266667 267.000222347
-2.576 266.94589209
-2.57099733333 266.992591435
-2.56599466667 266.92500315
-2.560992 266.970827825
-2.55598933333 266.929361441
-2.55098666667 266.98917287
-2.545984 266.93279447
-2.54098133333 266.994333467
-2.53597866667 266.928178968
-2.530976 266.974047032
-2.52597333333 266.923921476
-2.52097066667 266.977918881
-2.515968 266.920447544
-2.51096533333 266.987606422
-2.50596266667 266.892401549
-2.50096 266.950485115
-2.49595733333 266.921551319
-2.49095466667 266.9700161
-2.485952 266.913927155
-2.48094933333 266.958348087
-2.47594666667 266.918568313
-2.470944 266.974661665
-2.46594133333 266.90849489
-2.46093866667 266.938643562
-2.455936 266.908036825
-2.45093333333 266.963183689
-2.44593066667 266.893157391
-2.440928 266.948850459
-2.43592533333 266.928394549
-2.43092266667 266.960702521
-2.42592 266.900481151
-2.42091733333 266.96200579
-2.41591466667 266.907728922
-2.410912 266.959362587
-2.40590933333 266.917027998
-2.40090666667 266.968630421
-2.395904 266.923566038
-2.39090133333 266.993122108
-2.38589866667 266.894418627
-2.380896 266.967214106
-2.37589333333 266.92625224
-2.37089066667 266.979518575
-2.365888 266.92484638
-2.36088533333 266.990308166
-2.35588266667 266.933257019
-2.35088 266.992515817
-2.34587733333 266.950259681
-2.34087466667 267.041652803
-2.335872 267.015920961
-2.33086933333 267.088577043
-2.32586666667 267.040920581
-2.320864 267.150420927
-2.31586133333 267.157262227
-2.31085866667 267.269896276
-2.305856 267.234217459
-2.30085333333 267.361217421
-2.29585066667 267.367601785
-2.290848 267.511622267
-2.28584533333 267.536578591
-2.28084266667 267.668323125
-2.27584 267.72252102
-2.27083733333 267.872354016
-2.26583466667 267.874852823
-2.260832 268.029056259
-2.25582933333 268.065153256
-2.25082666667 268.206832497
-2.245824 268.227329477
-2.24082133333 268.323747827
-2.23581866667 268.331539731
-2.230816 268.489838253
-2.22581333333 268.503474624
-2.22081066667 268.637206565
-2.215808 268.692644736
-2.21080533333 268.822633751
-2.20580266667 268.808341275
-2.2008 268.902068625
-2.19579733333 268.926713408
-2.19079466667 269.020635911
-2.185792 268.979417484
-2.18078933333 269.056847207
-2.17578666667 269.004230741
-2.170784 269.068608746
-2.16578133333 269.017569945
-2.16077866667 269.067195051
-2.155776 269.018744073
-2.15077333333 269.068613673
-2.14577066667 268.99032729
-2.140768 269.034254988
-2.13576533333 268.994052613
-2.13076266667 269.034551011
-2.12576 268.938597506
-2.12075733333 268.990597973
-2.11575466667 268.897042921
-2.110752 268.944635844
-2.10574933333 268.842876575
-2.10074666667 268.880841121
-2.095744 268.806966537
-2.09074133333 268.804250895
-2.08573866667 268.707682435
-2.080736 268.737308119
-2.07573333333 268.669651546
-2.07073066667 268.700265815
-2.065728 268.587201588
-2.06072533333 268.634152315
-2.05572266667 268.567857003
-2.05072 268.592584469
-2.04571733333 268.512352023
-2.04071466667 268.561090032
-2.035712 268.520222621
-2.03070933333 268.558301245
-2.02570666667 268.489188074
-2.020704 268.556836411
-2.01570133333 268.514498598
-2.01069866667 268.578824803
-2.005696 268.492555791
-2.00069333333 268.536507004
-1.99569066667 268.472608779
-1.990688 268.527084874
-1.98568533333 268.446740381
-1.98068266667 268.500591317
-1.97568 268.456300415
-1.97067733333 268.48703602
-1.96567466667 268.415609756
-1.960672 268.476318424
-1.95566933333 268.433549905
-1.95066666667 268.486068932
-1.945664 268.391177146
-1.94066133333 268.446550619
-1.93565866667 268.388042515
-1.930656 268.430152962
-1.92565333333 268.38447701
-1.92065066667 268.424018668
-1.915648 268.372536374
-1.91064533333 268.42037487
-1.90564266667 268.35031965
-1.90064 268.402015758
-1.89563733333 268.371921981
-1.89063466667 268.399176442
-1.885632 268.308957147
-1.88062933333 268.341449285
-1.87562666667 268.293918127
-1.870624 268.353307195
-1.86562133333 268.276635714
-1.86061866667 268.313039689
-1.855616 268.260013905
-1.85061333333 268.256351075
-1.84561066667 268.175628185
-1.840608 268.217491143
-1.83560533333 268.147330167
-1.83060266667 268.181196018
-1.8256 268.093037246
-1.82059733333 268.081994557
-1.81559466667 268.031909282
-1.810592 268.067708666
-1.80558933333 267.983819722
-1.80058666667 268.020964294
-1.795584 267.939393682
-1.79058133333 267.93006249
-1.78557866667 267.848580487
-1.780576 267.900965075
-1.77557333333 267.824066812
-1.77057066667 267.848397098
-1.765568 267.773317281
-1.76056533333 267.774188399
-1.75556266667 267.707307596
-1.75056 267.745721066
-1.74555733333 267.63974253
-1.74055466667 267.655671849
-1.735552 267.595284964
-1.73054933333 267.602442003
-1.72554666667 267.499300008
-1.720544 267.53558919
-1.71554133333 267.462263367
-1.71053866667 267.487001876
-1.705536 267.403759414
-1.70053333333 267.411062294
-1.69553066667 267.336240714
-1.690528 267.361594273
-1.68552533333 267.238349552
-1.68052266667 267.272939245
-1.67552 267.172821199
-1.67051733333 267.184554973
-1.66551466667 267.078119606
-1.660512 267.118146852
-1.65550933333 267.030852999
-1.65050666667 267.055295976
-1.645504 266.946886974
-1.64050133333 266.958323549
-1.63549866667 266.87847452
-1.630496 266.94045752
-1.62549333333 266.84019504
-1.62049066667 266.868435691
-1.615488 266.815777214
-1.61048533333 266.82803272
-1.60548266667 266.751693851
-1.60048 266.826399765
-1.59547733333 266.756779153
-1.59047466667 266.816698349
-1.585472 266.747409309
-1.58046933333 266.785702959
-1.57546666667 266.739234798
-1.570464 266.771238368
-1.56546133333 266.681031967
-1.56045866667 266.704681288
-1.555456 266.690098716
-1.55045333333 266.707144875
-1.54545066667 266.657200924
-1.540448 266.692842467
-1.53544533333 266.665254124
-1.53044266667 266.694255626
-1.52544 266.645440877
-1.52043733333 266.666456153
-1.51543466667 266.643369614
-1.510432 266.694384767
-1.50542933333 266.645161819
-1.50042666667 266.699419862
-1.495424 266.652488937
-1.49042133333 266.724713661
-1.48541866667 266.691180158
-1.480416 266.675021685
-1.47541333333 266.717596469
-1.47041066667 266.726861774
-1.465408 266.662069341
-1.46040533333 266.711995521
-1.45540266667 266.688677718
-1.4504 266.737255795
-1.44539733333 266.686916222
-1.44039466667 266.714992097
-1.435392 266.678936514
-1.43038933333 266.734419875
-1.42538666667 266.663419414
-1.420384 266.723999846
-1.41538133333 266.704300875
-1.41037866667 266.714023424
-1.405376 266.676755186
-1.40037333333 266.724442995
-1.39537066667 266.686839775
-1.390368 266.745112194
-1.38536533333 266.69372486
-1.38036266667 266.743829554
-1.37536 266.706747756
-1.37035733333 266.757917603
-1.36535466667 266.686096807
-1.360352 266.768789993
-1.35534933333 266.739557801
-1.35034666667 266.773872638
-1.345344 266.716027937
-1.34034133333 266.768681942
-1.33533866667 266.753905018
-1.330336 266.807760705
-1.32533333333 266.741232985
-1.32033066667 266.797835845
-1.315328 266.75956673
-1.31032533333 266.80490874
-1.30532266667 266.762799718
-1.30032 266.823772344
-1.29531733333 266.781468046
-1.29031466667 266.839542164
-1.285312 266.783805994
-1.28030933333 266.82930527
-1.27530666667 266.790205922
-1.270304 266.860017361
-1.26530133333 266.801027786
-1.26029866667 266.876656895
-1.255296 266.815831678
-1.25029333333 266.871971048
-1.24529066667 266.829380951
-1.240288 266.904013417
-1.23528533333 266.839360063
-1.23028266667 266.893027966
-1.22528 266.836618446
-1.22027733333 266.904001448
-1.21527466667 266.855325417
-1.210272 266.88907305
-1.20526933333 266.839491893
-1.20026666667 266.910751308
-1.195264 266.86868296
-1.19026133333 266.92260341
-1.18525866667 266.871695959
-1.180256 266.922295179
-1.17525333333 266.881233659
-1.17025066667 266.946257944
-1.165248 266.879143851
-1.16024533333 266.891995301
-1.15524266667 266.876515255
-1.15024 266.947399379
-1.14523733333 266.90881349
-1.14023466667 266.941542704
-1.135232 266.883896963
-1.13022933333 266.977942814
-1.12522666667 266.890876943
-1.120224 266.977570814
-1.11522133333 266.934094139
-1.11021866667 266.973830265
-1.105216 266.898582581
-1.10021333333 266.948901054
-1.09521066667 266.935830997
-1.090208 267.004259691
-1.08520533333 266.907834931
-1.08020266667 266.98221005
-1.0752 266.958835635
-1.07019733333 266.991503198
-1.06519466667 266.96101901
-1.060192 267.000126351
-1.05518933333 266.960894142
-1.05018666667 267.002553718
-1.045184 266.956134386
-1.04018133333 266.988083791
-1.03517866667 266.970817056
-1.030176 267.019659355
-1.02517333333 266.935926258
-1.02017066667 266.967114367
-1.015168 266.938113158
-1.01016533333 266.976122188
-1.00516266667 266.90440652
-1.00016 266.956084235
-0.995157333333 266.910197385
-0.990154666667 266.938944809
-0.985152 266.884363427
-0.980149333333 266.929285715
-0.975146666667 266.87932163
-0.970144 266.94408266
-0.965141333333 266.868201434
-0.960138666667 266.913996536
-0.955136 266.870303586
-0.950133333333 266.91354458
-0.945130666667 266.852230651
-0.940128 266.91348008
-0.935125333333 266.857356146
-0.930122666667 266.907931342
-0.92512 266.850371535
-0.920117333333 266.902045485
-0.915114666667 266.869878064
-0.910112 266.908785246
-0.905109333333 266.8581093
-0.900106666667 266.912547429
-0.895104 266.878503843
-0.890101333333 266.907976513
-0.885098666667 266.882601848
-0.880096 266.919233395
-0.875093333333 266.898526708
-0.870090666667 266.941707494
-0.865088 266.880501528
-0.860085333333 266.933976607
-0.855082666667 266.920966104
-0.85008 266.982455202
-0.845077333333 266.890029464
-0.840074666667 266.928520528
-0.835072 266.91468888
-0.830069333333 266.969942997
-0.825066666667 266.917622543
-0.820064 266.980413783
-0.815061333333 266.932138223
-0.810058666667 266.984403578
-0.805056 266.907338311
-0.800053333333 266.991256861
-0.795050666667 266.942111205
-0.790048 267.002679857
-0.785045333333 266.913273365
-0.780042666667 266.966945862
-0.77504 266.93809873
-0.770037333333 266.985298625
-0.765034666667 266.939036425
-0.760032 266.985481418
-0.755029333333 266.936187993
-0.750026666667 266.978329501
-0.745024 266.901226158
-0.740021333333 266.970658502
-0.735018666667 266.921307556
-0.730016 266.946274493
-0.725013333333 266.876829924
-0.720010666667 266.893130057
-0.715008 266.864115034
-0.710005333333 266.915270169
-0.705002666667 266.856550964
-0.7 266.875048326
-0.694997333333 266.852012006
-0.689994666667 266.891992435
-0.684992 266.842402882
-0.679989333333 266.877189455
-0.674986666667 266.850529518
-0.669984 266.883450234
-0.664981333333 266.819682768
-0.659978666667 266.831563875
-0.654976 266.804198861
-0.649973333333 266.855986635
-0.644970666667 266.796521864
-0.639968 266.84111194
-0.634965333333 266.780167065
-0.629962666667 266.843681532
-0.62496 266.76671438
-0.619957333333 266.8346283
-0.614954666667 266.795547725
-0.609952 266.823329844
-0.604949333333 266.772852627
-0.599946666667 266.83073935
-0.594944 266.802220906
-0.589941333333 266.857154573
-0.584938666667 266.798685817
-0.579936 266.86645187
-0.574933333333 266.826925417
-0.569930666667 266.856201677
-0.564928 266.827979211
-0.559925333333 266.871005978
-0.554922666667 266.851689104
-0.54992 266.885067171
-0.544917333333 266.835651616
-0.539914666667 266.895600362
-0.534912 266.849452731
-0.529909333333 266.887616786
-0.524906666667 266.84132047
-0.519904 266.89022483
-0.514901333333 266.852082744
-0.509898666667 266.881345352
-0.504896 266.845624739
-0.499893333333 266.90264121
-0.494890666667 266.87046728
-0.489888 266.913381977
-0.484885333333 266.880925705
-0.479882666667 266.929601622
-0.47488 266.930187737
-0.469877333333 266.981390173
-0.464874666667 266.937305548
-0.459872 266.992715042
-0.454869333333 266.946599478
-0.449866666667 267.013761315
-0.444864 266.944053036
-0.439861333333 266.987733188
-0.434858666667 266.957674049
-0.429856 266.98511702
-0.424853333333 266.937399675
-0.419850666667 266.962346841
-0.414848 266.89963461
-0.409845333333 266.97186369
-0.404842666667 266.864515856
-0.39984 266.888354448
-0.394837333333 266.844173152
-0.389834666667 266.919104482
-0.384832 266.845850396
-0.379829333333 266.874179762
-0.374826666667 266.820170457
-0.369824 266.833690057
-0.364821333333 266.720109727
-0.359818666667 266.747319505
-0.354816 266.695900816
-0.349813333333 266.703509999
-0.344810666667 266.617035114
-0.339808 266.647499745
-0.334805333333 266.599029137
-0.329802666667 266.627948689
-0.3248 266.530706685
-0.319797333333 266.496515849
-0.314794666667 266.398282957
-0.309792 266.3830571
-0.304789333333 266.265031596
-0.299786666667 266.294924892
-0.294784 266.207974536
-0.289781333333 266.21431513
-0.284778666667 266.09027472
-0.279776 266.062317093
-0.274773333333 265.990951669
-0.269770666667 266.032324245
-0.264768 265.952068807
-0.259765333333 265.982341609
-0.254762666667 265.939030999
-0.24976 265.986450278
-0.244757333333 265.912275062
-0.239754666667 265.985703568
-0.234752 265.967052542
-0.229749333333 266.016920476
-0.224746666667 265.989550416
-0.219744 266.023010156
-0.214741333333 266.00349741
-0.209738666667 266.095993576
-0.204736 266.071829026
-0.199733333333 266.128315236
-0.194730666667 266.109091026
-0.189728 266.13135834
-0.184725333333 266.073822905
-0.179722666667 266.144676085
-0.17472 266.124072881
-0.169717333333 266.138615949
-0.164714666667 266.087837884
-0.159712 266.12212417
-0.154709333333 266.097973076
-0.149706666667 266.108412032
-0.144704 266.049782927
-0.139701333333 266.080216694
-0.134698666667 266.021507406
-0.129696 266.08064082
-0.124693333333 266.015673693
-0.119690666667 266.043564551
-0.114688 266.037527
-0.109685333333 266.065845642
-0.104682666667 266.00083972
-0.09968 266.053811655
-0.0946773333333 266.00462451
-0.0896746666667 266.076015614
-0.084672 266.033801644
-0.0796693333333 266.084891764
-0.0746666666667 266.027927899
-0.069664 266.095561665
-0.0646613333333 266.048873778
-0.0596586666667 266.111736786
-0.054656 266.084474454
-0.0496533333333 266.152032649
-0.0446506666667 266.099031686
-0.039648 266.181993826
-0.0346453333333 266.148124876
-0.0296426666667 266.186137006
-0.02464 266.169179192
-0.0196373333333 266.23399075
-0.0146346666667 266.185188113
-0.009632 266.223092547
-0.00462933333333 266.196251259
