（-9.44966,1.5），（-5.84274,1.5），（-2.11575,1.5）
-9.99995733333 281.632421114
-9.99495466667 281.578954323
-9.989952 281.568483317
-9.98494933333 281.571939091
-9.97994666667 281.554689823
-9.974944 281.516401822
-9.96994133333 281.495914923
-9.96493866667 281.517909835
-9.959936 281.513249912
-9.95493333333 281.459609673
-9.94993066667 281.509163984
-9.944928 281.460595621
-9.93992533333 281.454560112
-9.93492266667 281.465522944
-9.92992 281.440913849
-9.92491733333 281.453267553
-9.91991466667 281.455181149
-9.914912 281.455564421
-9.90990933333 281.440603809
-9.90490666667 281.481914635
-9.899904 281.477316096
-9.89490133333 281.464741426
-9.88989866667 281.497943711
-9.884896 281.48578884
-9.87989333333 281.518701318
-9.87489066667 281.513757033
-9.869888 281.516554483
-9.86488533333 281.548758746
-9.85988266667 281.566983389
-9.85488 281.556856493
-9.84987733333 281.585901802
-9.84487466667 281.656054032
-9.839872 281.630633407
-9.83486933333 281.652149595
-9.82986666667 281.732300444
-9.824864 281.72072377
-9.81986133333 281.743979526
-9.81485866667 281.746827027
-9.809856 281.802600457
-9.80485333333 281.824088796
-9.79985066667 281.874142824
-9.794848 281.901811762
-9.78984533333 281.889719519
-9.78484266667 281.965228499
-9.77984 281.931170012
-9.77483733333 281.975319021
-9.76983466667 281.99817304
-9.764832 281.982823042
-9.75982933333 281.99563792
-9.75482666667 281.99068726
-9.749824 282.001367464
-9.74482133333 282.022672796
-9.73981866667 282.0388501
-9.734816 282.067733314
-9.72981333333 282.015367907
-9.72481066667 282.046511504
-9.719808 282.033143298
-9.71480533333 282.076906371
-9.70980266667 282.091219311
-9.7048 282.082288609
-9.69979733333 282.073155723
-9.69479466667 282.111082415
-9.689792 282.112683843
-9.68478933333 282.151152544
-9.67978666667 282.151425838
-9.674784 282.159635675
-9.66978133333 282.135239522
-9.66477866667 282.195034725
-9.659776 282.198563772
-9.65477333333 282.221028497
-9.64977066667 282.232657195
-9.644768 282.25630949
-9.63976533333 282.207425974
-9.63476266667 282.246362098
-9.62976 282.275475841
-9.62475733333 282.338038872
-9.61975466667 282.309908273
-9.614752 282.356647027
-9.60974933333 282.311658087
-9.60474666667 282.365713217
-9.599744 282.40745083
-9.59474133333 282.385508798
-9.58973866667 282.398986902
-9.584736 282.461164932
-9.57973333333 282.438891262
-9.57473066667 282.471114087
-9.569728 282.498760177
-9.56472533333 282.51930263
-9.55972266667 282.539100175
-9.55472 282.572332682
-9.54971733333 282.560472454
-9.54471466667 282.63246888
-9.539712 282.618073586
-9.53470933333 282.633575163
-9.52970666667 282.610514809
-9.524704 282.636859294
-9.51970133333 282.655891047
-9.51469866667 282.658623444
-9.509696 282.661120335
-9.50469333333 282.693850531
-9.49969066667 282.640313465
-9.494688 282.639801598
-9.48968533333 282.584049826
-9.48468266667 282.615290685
-9.47968 282.582222769
-9.47467733333 282.573442305
-9.46967466667 282.536749317
-9.464672 282.510407087
-9.45966933333 282.531414684
-9.45466666667 282.511398314
-9.449664 282.469788802
-9.44466133333 282.499081693
-9.43965866667 282.3956555
-9.434656 282.412396894
-9.42965333333 282.366113572
-9.42465066667 282.431035709
-9.419648 282.36912676
-9.41464533333 282.370385644
-9.40964266667 282.338642066
-9.40464 282.357125525
-9.39963733333 282.320051911
-9.39463466667 282.309066703
-9.389632 282.270073961
-9.38462933333 282.296186625
-9.37962666667 282.220718061
-9.374624 282.216585703
-9.36962133333 282.157738469
-9.36461866667 282.229197148
-9.359616 282.15000067
-9.35461333333 282.181756914
-9.34961066667 282.127861171
-9.344608 282.211948806
-9.33960533333 282.17572954
-9.33460266667 282.196507887
-9.3296 282.116938713
-9.32459733333 282.19783952
-9.31959466667 282.141392796
-9.314592 282.187567816
-9.30958933333 282.162233007
-9.30458666667 282.190125352
-9.299584 282.142144212
-9.29458133333 282.199407987
-9.28957866667 282.121522509
-9.284576 282.200726598
-9.27957333333 282.130083192
-9.27457066667 282.133007373
-9.269568 282.085556043
-9.26456533333 282.118603862
-9.25956266667 282.135118798
-9.25456 282.190562316
-9.24955733333 282.146897866
-9.24455466667 282.194714596
-9.239552 282.153218639
-9.23454933333 282.20242329
-9.22954666667 282.205482761
-9.224544 282.260659657
-9.21954133333 282.250043653
-9.21453866667 282.296624822
-9.209536 282.276987607
-9.20453333333 282.338381141
-9.19953066667 282.308919735
-9.194528 282.323388565
-9.18952533333 282.304327357
-9.18452266667 282.360024888
-9.17952 282.291510058
-9.17451733333 282.368475841
-9.16951466667 282.318353859
-9.164512 282.389022945
-9.15950933333 282.330261516
-9.15450666667 282.417574075
-9.149504 282.329918431
-9.14450133333 282.430223697
-9.13949866667 282.388971379
-9.134496 282.432887584
-9.12949333333 282.393983955
-9.12449066667 282.443262426
-9.119488 282.388622234
-9.11448533333 282.424933442
-9.10948266667 282.376015965
-9.10448 282.448801485
-9.09947733333 282.384019036
-9.09447466667 282.445679976
-9.089472 282.383552244
-9.08446933333 282.459709972
-9.07946666667 282.408900219
-9.074464 282.461783324
-9.06946133333 282.408910884
-9.06445866667 282.466807371
-9.059456 282.407683672
-9.05445333333 282.448161087
-9.04945066667 282.428180287
-9.044448 282.512136988
-9.03944533333 282.44676456
-9.03444266667 282.531300757
-9.02944 282.449501591
-9.02443733333 282.558889424
-9.01943466667 282.50376605
-9.014432 282.52973335
-9.00942933333 282.526317559
-9.00442666667 282.624470145
-8.999424 282.550505795
-8.99442133333 282.62273281
-8.98941866667 282.58674054
-8.984416 282.669461609
-8.97941333333 282.657274839
-8.97441066667 282.77399486
-8.969408 282.699121257
-8.96440533333 282.867684083
-8.95940266667 282.836373853
-8.9544 282.970084269
-8.94939733333 282.995317966
-8.94439466667 283.146858673
-8.939392 283.149157661
-8.93438933333 283.299091652
-8.92938666667 283.369637749
-8.924384 283.511458621
-8.91938133333 283.549023485
-8.91437866667 283.739226293
-8.909376 283.763703667
-8.90437333333 283.987894402
-8.89937066667 283.989119736
-8.894368 284.151804146
-8.88936533333 284.258527509
-8.88436266667 284.462441793
-8.87936 284.502504447
-8.87435733333 284.688084343
-8.86935466667 284.751229703
-8.864352 284.937731341
-8.85934933333 284.954685188
-8.85434666667 285.179155426
-8.849344 285.157807118
-8.84434133333 285.324665762
-8.83933866667 285.328578265
-8.834336 285.490281735
-8.82933333333 285.418518878
-8.82433066667 285.580532661
-8.819328 285.500279796
-8.81432533333 285.586558436
-8.80932266667 285.553664053
-8.80432 285.645401933
-8.79931733333 285.551900505
-8.79431466667 285.653540379
-8.789312 285.59540619
-8.78430933333 285.675990527
-8.77930666667 285.558720969
-8.774304 285.591379484
-8.76930133333 285.516364155
-8.76429866667 285.61994785
-8.759296 285.49832499
-8.75429333333 285.502955219
-8.74929066667 285.418215076
-8.744288 285.470269025
-8.73928533333 285.340131136
-8.73428266667 285.398186198
-8.72928 285.266266895
-8.72427733333 285.334336948
-8.71927466667 285.258574457
-8.714272 285.354484218
-8.70926933333 285.264188701
-8.70426666667 285.3441689
-8.699264 285.22695756
-8.69426133333 285.221579251
-8.68925866667 285.167482803
-8.684256 285.226339152
-8.67925333333 285.12092835
-8.67425066667 285.19074347
-8.669248 285.033726059
-8.66424533333 285.084350631
-8.65924266667 285.022795149
-8.65424 285.072687972
-8.64923733333 284.974575865
-8.64423466667 285.010649351
-8.639232 284.89233875
-8.63422933333 284.947438622
-8.62922666667 284.840921975
-8.624224 284.933251866
-8.61922133333 284.785456762
-8.61421866667 284.828957962
-8.609216 284.738729695
-8.60421333333 284.781944843
-8.59921066667 284.688499269
-8.594208 284.787956076
-8.58920533333 284.615485161
-8.58420266667 284.711110172
-8.5792 284.548383748
-8.57419733333 284.606209299
-8.56919466667 284.459636546
-8.564192 284.57808633
-8.55918933333 284.456344784
-8.55418666667 284.491805622
-8.549184 284.397752656
-8.54418133333 284.503486298
-8.53917866667 284.336317806
-8.534176 284.428986282
-8.52917333333 284.308388565
-8.52417066667 284.369315765
-8.519168 284.261580127
-8.51416533333 284.298643348
-8.50916266667 284.210365892
-8.50416 284.279846655
-8.49915733333 284.176074879
-8.49415466667 284.212389168
-8.489152 284.138276911
-8.48414933333 284.22091141
-8.47914666667 284.096705949
-8.474144 284.21386025
-8.46914133333 284.010107137
-8.46413866667 284.091263959
-8.459136 283.959443033
-8.45413333333 284.024710359
-8.44913066667 283.894941696
-8.444128 283.900725086
-8.43912533333 283.736452002
-8.43412266667 283.780554854
-8.42912 283.622518103
-8.42411733333 283.719172662
-8.41911466667 283.52990473
-8.414112 283.610705943
-8.40910933333 283.442774417
-8.40410666667 283.513288263
-8.399104 283.384114345
-8.39410133333 283.447961635
-8.38909866667 283.287908957
-8.384096 283.36190157
-8.37909333333 283.195253661
-8.37409066667 283.242822533
-8.369088 283.076644843
-8.36408533333 283.114141311
-8.35908266667 282.938050734
-8.35408 283.023507575
-8.34907733333 282.830189541
-8.34407466667 282.89125309
-8.339072 282.744193545
-8.33406933333 282.816307411
-8.32906666667 282.654754362
-8.324064 282.683831304
-8.31906133333 282.552235379
-8.31405866667 282.580439724
-8.309056 282.490733018
-8.30405333333 282.559505497
-8.29905066667 282.375814084
-8.294048 282.474579019
-8.28904533333 282.286172743
-8.28404266667 282.384153983
-8.27904 282.264168043
-8.27403733333 282.37838385
-8.26903466667 282.214406391
-8.264032 282.320039527
-8.25902933333 282.203477751
-8.25402666667 282.29364596
-8.249024 282.188734552
-8.24402133333 282.298817541
-8.23901866667 282.21386047
-8.234016 282.305822245
-8.22901333333 282.212916608
-8.22401066667 282.320058544
-8.219008 282.182408697
-8.21400533333 282.34011469
-8.20900266667 282.200936258
-8.204 282.354151677
-8.19899733333 282.256990487
-8.19399466667 282.383112161
-8.188992 282.302766894
-8.18398933333 282.425593867
-8.17898666667 282.335273375
-8.173984 282.426738086
-8.16898133333 282.373017651
-8.16397866667 282.489302249
-8.158976 282.365021095
-8.15397333333 282.549998553
-8.14897066667 282.420856841
-8.143968 282.569443087
-8.13896533333 282.491438111
-8.13396266667 282.580837266
-8.12896 282.52034231
-8.12395733333 282.66284314
-8.11895466667 282.554784577
-8.113952 282.644329999
-8.10894933333 282.569176321
-8.10394666667 282.705109272
-8.098944 282.533548213
-8.09394133333 282.694375585
-8.08893866667 282.580902605
-8.083936 282.7154879
-8.07893333333 282.568012356
-8.07393066667 282.659829298
-8.068928 282.538533005
-8.06392533333 282.635867273
-8.05892266667 282.509780578
-8.05392 282.58146127
-8.04891733333 282.492743886
-8.04391466667 282.575870911
-8.038912 282.419380975
-8.03390933333 282.58485056
-8.02890666667 282.435088737
-8.023904 282.544726499
-8.01890133333 282.383281518
-8.01389866667 282.486844663
-8.008896 282.334934349
-8.00389333333 282.435566077
-7.99889066667 282.311466116
-7.993888 282.370901922
-7.98888533333 282.24759956
-7.98388266667 282.369008454
-7.97888 282.185494416
-7.97387733333 282.302055663
-7.96887466667 282.159242822
-7.963872 282.253421457
-7.95886933333 282.067813362
-7.95386666667 282.21988243
-7.948864 282.031132518
-7.94386133333 282.14222667
-7.93885866667 282.01557321
-7.933856 282.055416912
-7.92885333333 281.952407567
-7.92385066667 282.054578066
-7.918848 281.890740235
-7.91384533333 282.027802909
-7.90884266667 281.926374861
-7.90384 282.008919161
-7.89883733333 281.860409868
-7.89383466667 281.981979768
-7.888832 281.860602513
-7.88382933333 281.943757362
-7.87882666667 281.814910819
-7.873824 281.899163015
-7.86882133333 281.753350013
-7.86381866667 281.899176668
-7.858816 281.737236395
-7.85381333333 281.866030713
-7.84881066667 281.772262288
-7.843808 281.866300128
-7.83880533333 281.739324001
-7.83380266667 281.848124079
-7.8288 281.732721147
-7.82379733333 281.857126829
-7.81879466667 281.752818998
-7.813792 281.837246725
-7.80878933333 281.702112356
-7.80378666667 281.846853469
-7.798784 281.712576697
-7.79378133333 281.814785895
-7.78877866667 281.713200609
-7.783776 281.837548319
-7.77877333333 281.698357962
-7.77377066667 281.827181767
-7.768768 281.710892712
-7.76376533333 281.831766342
-7.75876266667 281.697865629
-7.75376 281.786946004
-7.74875733333 281.665906154
-7.74375466667 281.792264437
-7.738752 281.693771746
-7.73374933333 281.78545685
-7.72874666667 281.708384109
-7.723744 281.824191494
-7.71874133333 281.67539602
-7.71373866667 281.828383388
-7.708736 281.706225888
-7.70373333333 281.834991338
-7.69873066667 281.692115096
-7.693728 281.791590185
-7.68872533333 281.688360966
-7.68372266667 281.820083788
-7.67872 281.714066525
-7.67371733333 281.798608599
-7.66871466667 281.727724503
-7.663712 281.826049283
-7.65870933333 281.677061556
-7.65370666667 281.860154391
-7.648704 281.768173994
-7.64370133333 281.91666054
-7.63869866667 281.793234549
-7.633696 281.934995109
-7.62869333333 281.852055591
-7.62369066667 281.998813656
-7.618688 281.881635938
-7.61368533333 282.008801849
-7.60868266667 281.924553876
-7.60368 282.108461791
-7.59867733333 282.023256751
-7.59367466667 282.168168476
-7.588672 282.088198164
-7.58366933333 282.228378581
-7.57866666667 282.150894682
-7.573664 282.265237047
-7.56866133333 282.193093142
-7.56365866667 282.305422168
-7.558656 282.251053274
-7.55365333333 282.361526044
-7.54865066667 282.300170809
-7.543648 282.416179224
-7.53864533333 282.342619778
-7.53364266667 282.460803119
-7.52864 282.373334691
-7.52363733333 282.503344703
-7.51863466667 282.364150923
-7.513632 282.489568912
-7.50862933333 282.383207635
-7.50362666667 282.467870602
-7.498624 282.354366236
-7.49362133333 282.452976849
-7.48861866667 282.340859016
-7.483616 282.395383033
-7.47861333333 282.28509155
-7.47361066667 282.317335384
-7.468608 282.208358497
-7.46360533333 282.28027442
-7.45860266667 282.120204526
-7.4536 282.212749226
-7.44859733333 282.081475038
-7.44359466667 282.124076362
-7.438592 282.00202889
-7.43358933333 282.050282106
-7.42858666667 281.944926254
-7.423584 282.047987352
-7.41858133333 281.891530533
-7.41357866667 281.978246745
-7.408576 281.909445898
-7.40357333333 282.012227948
-7.39857066667 281.843902177
-7.393568 281.966770997
-7.38856533333 281.814938155
-7.38356266667 281.923137097
-7.37856 281.797608544
-7.37355733333 281.895369208
-7.36855466667 281.818225271
-7.363552 281.928350437
-7.35854933333 281.818836972
-7.35354666667 281.898356081
-7.348544 281.83112961
-7.34354133333 281.985003817
-7.33853866667 281.836335912
-7.333536 281.976536965
-7.32853333333 281.921810815
-7.32353066667 282.02224463
-7.318528 281.94948879
-7.31352533333 282.075459366
-7.30852266667 282.018566538
-7.30352 282.120539831
-7.29851733333 282.049056979
-7.29351466667 282.166606387
-7.288512 282.127439033
-7.28350933333 282.237019219
-7.27850666667 282.141249543
-7.273504 282.247752428
-7.26850133333 282.098573651
-7.26349866667 282.257210711
-7.258496 282.146294341
-7.25349333333 282.198970563
-7.24849066667 282.157718915
-7.243488 282.208165756
-7.23848533333 282.100595178
-7.23348266667 282.185276461
-7.22848 282.108866265
-7.22347733333 282.208002888
-7.21847466667 282.06487633
-7.213472 282.157627326
-7.20846933333 282.047858969
-7.20346666667 282.171867749
-7.198464 281.992733109
-7.19346133333 282.127511366
-7.18845866667 282.016460819
-7.183456 282.085820434
-7.17845333333 282.000293321
-7.17345066667 282.093769009
-7.168448 281.974803512
-7.16344533333 282.084619086
-7.15844266667 281.990951833
-7.15344 282.099420038
-7.14843733333 282.024427139
-7.14343466667 282.116422444
-7.138432 282.006633842
-7.13342933333 282.140191429
-7.12842666667 282.061288829
-7.123424 282.119852305
-7.11842133333 282.074242873
-7.11341866667 282.139179864
-7.108416 282.104457194
-7.10341333333 282.177970659
-7.09841066667 282.054891624
-7.093408 282.142738878
-7.08840533333 282.074721869
-7.08340266667 282.153186007
-7.0784 282.04080507
-7.07339733333 282.197971125
-7.06839466667 282.067342463
-7.063392 282.172247566
-7.05838933333 282.141202152
-7.05338666667 282.256996063
-7.048384 282.203069097
-7.04338133333 282.280493917
-7.03837866667 282.177802329
-7.033376 282.249245418
-7.02837333333 282.216142274
-7.02337066667 282.345673868
-7.018368 282.221859345
-7.01336533333 282.338368968
-7.00836266667 282.270541814
-7.00336 282.373239565
-6.99835733333 282.315908134
-6.99335466667 282.40082174
-6.988352 282.3424061
-6.98334933333 282.42879537
-6.97834666667 282.326016123
-6.973344 282.369325678
-6.96834133333 282.333981424
-6.96333866667 282.423363419
-6.958336 282.294369636
-6.95333333333 282.397851564
-6.94833066667 282.301547798
-6.943328 282.38568616
-6.93832533333 282.335891541
-6.93332266667 282.399504436
-6.92832 282.323117018
-6.92331733333 282.399764219
-6.91831466667 282.346998509
-6.913312 282.398734973
-6.90830933333 282.336618396
-6.90330666667 282.430986473
-6.898304 282.300550807
-6.89330133333 282.401683143
-6.88829866667 282.305096085
-6.883296 282.438541235
-6.87829333333 282.291166346
-6.87329066667 282.393482933
-6.868288 282.2968713
-6.86328533333 282.444319816
-6.85828266667 282.315336936
-6.85328 282.401186632
-6.84827733333 282.326082566
-6.84327466667 282.410855378
-6.838272 282.338952459
-6.83326933333 282.430847908
-6.82826666667 282.391466155
-6.823264 282.482852103
-6.81826133333 282.417644176
-6.81325866667 282.501281814
-6.808256 282.435168644
-6.80325333333 282.553854067
-6.79825066667 282.521894418
-6.793248 282.594595206
-6.78824533333 282.545756708
-6.78324266667 282.675658148
-6.77824 282.589500167
-6.77323733333 282.708889121
-6.76823466667 282.659889488
-6.763232 282.756789497
-6.75822933333 282.672587214
-6.75322666667 282.793457056
-6.748224 282.755073882
-6.74322133333 282.829494741
-6.73821866667 282.781550993
-6.733216 282.878447855
-6.72821333333 282.84569747
-6.72321066667 282.923770369
-6.718208 282.84582484
-6.71320533333 282.922616775
-6.70820266667 282.917940263
-6.7032 282.969823351
-6.69819733333 282.900103967
-6.69319466667 283.034709246
-6.688192 282.976069233
-6.68318933333 283.050216266
-6.67818666667 282.968727281
-6.673184 283.051558675
-6.66818133333 282.977842781
-6.66317866667 283.028317831
-6.658176 282.944516826
-6.65317333333 282.997629033
-6.64817066667 282.910456526
-6.643168 282.963284023
-6.63816533333 282.89846203
-6.63316266667 282.958764052
-6.62816 282.922863564
-6.62315733333 282.999395852
-6.61815466667 282.912255691
-6.613152 282.986773546
-6.60814933333 282.951501817
-6.60314666667 282.991497511
-6.598144 282.915554524
-6.59314133333 282.956005162
-6.58813866667 282.921141466
-6.583136 282.996842026
-6.57813333333 282.870939637
-6.57313066667 282.948403982
-6.568128 282.89525512
-6.56312533333 282.96149477
-6.55812266667 282.877684496
-6.55312 282.978913587
-6.54811733333 282.94088962
-6.54311466667 282.951122217
-6.538112 282.937456164
-6.53310933333 282.964465069
-6.52810666667 282.921345733
-6.523104 283.008252263
-6.51810133333 282.988833711
-6.51309866667 283.042125436
-6.508096 282.972145073
-6.50309333333 283.047604599
-6.49809066667 282.988221199
-6.493088 283.062040266
-6.48808533333 283.013245373
-6.48308266667 283.057586365
-6.47808 282.999151174
-6.47307733333 283.066223281
-6.46807466667 283.033143693
-6.463072 283.081737749
-6.45806933333 283.001747715
-6.45306666667 283.053342956
-6.448064 282.998512765
-6.44306133333 283.118411751
-6.43805866667 283.003677738
-6.433056 283.088898436
-6.42805333333 283.067637947
-6.42305066667 283.119515343
-6.418048 283.012030185
-6.41304533333 283.070693015
-6.40804266667 283.055829781
-6.40304 283.089061293
-6.39803733333 283.01563436
-6.39303466667 283.050171387
-6.388032 283.026813925
-6.38302933333 283.097011144
-6.37802666667 283.016615225
-6.373024 283.051722663
-6.36802133333 283.00357525
-6.36301866667 283.034261412
-6.358016 282.986304744
-6.35301333333 283.028978335
-6.34801066667 282.988094266
-6.343008 282.988553935
-6.33800533333 282.968995004
-6.33300266667 282.953722318
-6.328 282.902697311
-6.32299733333 282.975427199
-6.31799466667 282.882058961
-6.312992 282.888305322
-6.30798933333 282.852853866
-6.30298666667 282.825178686
-6.297984 282.759632759
-6.29298133333 282.799827546
-6.28797866667 282.729319472
-6.282976 282.720245887
-6.27797333333 282.655055911
-6.27297066667 282.676231612
-6.267968 282.678776508
-6.26296533333 282.701906984
-6.25796266667 282.655224426
-6.25296 282.680564259
-6.24795733333 282.662162409
-6.24295466667 282.687190962
-6.237952 282.6525321
-6.23294933333 282.689304255
-6.22794666667 282.658613154
-6.222944 282.651949352
-6.21794133333 282.639012194
-6.21293866667 282.644932059
-6.207936 282.625616497
-6.20293333333 282.626319405
-6.19793066667 282.601511439
-6.192928 282.593262134
-6.18792533333 282.623628097
-6.18292266667 282.63769947
-6.17792 282.591394407
-6.17291733333 282.635607372
-6.16791466667 282.625107224
-6.162912 282.638585385
-6.15790933333 282.619962176
-6.15290666667 282.667438305
-6.147904 282.648423134
-6.14290133333 282.654861881
-6.13789866667 282.590270714
-6.132896 282.633493873
-6.12789333333 282.647912996
-6.12289066667 282.70118462
-6.117888 282.621872773
-6.11288533333 282.7074128
-6.10788266667 282.676650061
-6.10288 282.685857969
-6.09787733333 282.682119506
-6.09287466667 282.687415345
-6.087872 282.662402586
-6.08286933333 282.691377733
-6.07786666667 282.685973083
-6.072864 282.683494559
-6.06786133333 282.720218789
-6.06285866667 282.758813384
-6.057856 282.684946561
-6.05285333333 282.728895889
-6.04785066667 282.734506942
-6.042848 282.757798363
-6.03784533333 282.726114341
-6.03284266667 282.724648239
-6.02784 282.666553004
-6.02283733333 282.739598516
-6.01783466667 282.705422154
-6.012832 282.706695623
-6.00782933333 282.702050227
-6.00282666667 282.708658672
-5.997824 282.634908238
-5.99282133333 282.685226842
-5.98781866667 282.725535812
-5.982816 282.710150498
-5.97781333333 282.705857075
-5.97281066667 282.712537163
-5.967808 282.684300489
-5.96280533333 282.709343968
-5.95780266667 282.670605163
-5.9528 282.681455553
-5.94779733333 282.690478272
-5.94279466667 282.695287367
-5.937792 282.657917999
-5.93278933333 282.686800633
-5.92778666667 282.729220654
-5.922784 282.739779153
-5.91778133333 282.663873291
-5.91277866667 282.710730352
-5.907776 282.714331086
-5.90277333333 282.750545154
-5.89777066667 282.758553162
-5.892768 282.775727622
-5.88776533333 282.777080295
-5.88276266667 282.764862056
-5.87776 282.731540416
-5.87275733333 282.806904992
-5.86775466667 282.798447034
-5.862752 282.805314804
-5.85774933333 282.760437235
-5.85274666667 282.802081266
-5.847744 282.813058868
-5.84274133333 282.836701375
-5.83773866667 282.866400754
-5.832736 282.823895218
-5.82773333333 282.837461809
-5.82273066667 282.855225664
-5.817728 282.846990818
-5.81272533333 282.88167995
-5.80772266667 282.889583649
-5.80272 282.918055721
-5.79771733333 282.841791019
-5.79271466667 282.865248173
-5.787712 282.907275299
-5.78270933333 282.915333865
-5.77770666667 282.948883585
-5.772704 282.880890644
-5.76770133333 282.861573892
-5.76269866667 282.86639872
-5.757696 282.855721824
-5.75269333333 282.892839192
-5.74769066667 282.888032887
-5.742688 282.885788632
-5.73768533333 282.831909132
-5.73268266667 282.873929429
-5.72768 282.905599039
-5.72267733333 282.887296213
-5.71767466667 282.899039436
-5.712672 282.874320679
-5.70766933333 282.868136471
-5.70266666667 282.896448466
-5.697664 282.892458891
-5.69266133333 282.854331657
-5.68765866667 282.852443855
-5.682656 282.886551679
-5.67765333333 282.843744552
-5.67265066667 282.843823188
-5.667648 282.875066168
-5.66264533333 282.862650551
-5.65764266667 282.826827069
-5.65264 282.830625219
-5.64763733333 282.872728256
-5.64263466667 282.829126216
-5.637632 282.84461447
-5.63262933333 282.838901999
-5.62762666667 282.830371315
-5.622624 282.822800166
-5.61762133333 282.80522743
-5.61261866667 282.819296988
-5.607616 282.847124483
-5.60261333333 282.802682305
-5.59761066667 282.78705273
-5.592608 282.789124081
-5.58760533333 282.8174674
-5.58260266667 282.770638804
-5.5776 282.780318072
-5.57259733333 282.738532525
-5.56759466667 282.752345729
-5.562592 282.743988515
-5.55758933333 282.752593862
-5.55258666667 282.728983108
-5.547584 282.774417996
-5.54258133333 282.742772814
-5.53757866667 282.758970115
-5.532576 282.732753155
-5.52757333333 282.768955195
-5.52257066667 282.735600803
-5.517568 282.758237988
-5.51256533333 282.739250505
-5.50756266667 282.792166212
-5.50256 282.731592875
-5.49755733333 282.751338855
-5.49255466667 282.735304979
-5.487552 282.765535243
-5.48254933333 282.706725067
-5.47754666667 282.735944557
-5.472544 282.738127833
-5.46754133333 282.806445031
-5.46253866667 282.802930582
-5.457536 282.842256958
-5.45253333333 282.812007595
-5.44753066667 282.885019727
-5.442528 282.898205139
-5.43752533333 282.984109867
-5.43252266667 282.989534077
-5.42752 283.117554621
-5.42251733333 283.161326272
-5.41751466667 283.175065388
-5.412512 283.239540708
-5.40750933333 283.318807889
-5.40250666667 283.403181393
-5.397504 283.496967806
-5.39250133333 283.564436666
-5.38749866667 283.701154961
-5.382496 283.768036066
-5.37749333333 283.942956826
-5.37249066667 283.99426116
-5.367488 284.131670776
-5.36248533333 284.238349535
-5.35748266667 284.353754438
-5.35248 284.460909155
-5.34747733333 284.626709771
-5.34247466667 284.730004616
-5.337472 284.869043633
-5.33246933333 284.986270263
-5.32746666667 285.146730548
-5.322464 285.230752059
-5.31746133333 285.373732255
-5.31245866667 285.4518049
-5.307456 285.571565174
-5.30245333333 285.619217881
-5.29745066667 285.70584698
-5.292448 285.680987957
-5.28744533333 285.754870418
-5.28244266667 285.750875509
-5.27744 285.795448099
-5.27243733333 285.730363697
-5.26743466667 285.793467798
-5.262432 285.743221011
-5.25742933333 285.776395883
-5.25242666667 285.736609706
-5.247424 285.735735574
-5.24242133333 285.70721099
-5.23741866667 285.703747079
-5.232416 285.614006388
-5.22741333333 285.671398427
-5.22241066667 285.603708434
-5.217408 285.552702983
-5.21240533333 285.500453845
-5.20740266667 285.513128761
-5.2024 285.411911395
-5.19739733333 285.460206565
-5.19239466667 285.37973216
-5.187392 285.421083458
-5.18238933333 285.34846274
-5.17738666667 285.418428104
-5.172384 285.363292091
-5.16738133333 285.41599843
-5.16237866667 285.377076059
-5.157376 285.350793133
-5.15237333333 285.386892763
-5.14737066667 285.45404021
-5.142368 285.357202977
-5.13736533333 285.416831328
-5.13236266667 285.411910969
-5.12736 285.458248972
-5.12235733333 285.393298959
-5.11735466667 285.40579695
-5.112352 285.352133168
-5.10734933333 285.41294144
-5.10234666667 285.40073105
-5.097344 285.389007987
-5.09234133333 285.343559093
-5.08733866667 285.388580365
-5.082336 285.347385627
-5.07733333333 285.370460139
-5.07233066667 285.360809493
-5.067328 285.393807087
-5.06232533333 285.266694834
-5.05732266667 285.292871653
-5.05232 285.258767559
-5.04731733333 285.321060125
-5.04231466667 285.254305239
-5.037312 285.242449947
-5.03230933333 285.192393022
-5.02730666667 285.235068575
-5.022304 285.128763417
-5.01730133333 285.186486734
-5.01229866667 285.15460297
-5.007296 285.142778142
-5.00229333333 285.064747236
-4.99729066667 285.069477138
-4.992288 284.978361006
-4.98728533333 284.998753375
-4.98228266667 284.955304666
-4.97728 284.928339095
-4.97227733333 284.858355757
-4.96727466667 284.906037148
-4.962272 284.771721243
-4.95726933333 284.789908994
-4.95226666667 284.74320352
-4.947264 284.74665313
-4.94226133333 284.639769745
-4.93725866667 284.666327841
-4.932256 284.584756956
-4.92725333333 284.597490215
-4.92225066667 284.536971893
-4.917248 284.511831048
-4.91224533333 284.387463632
-4.90724266667 284.409641201
-4.90224 284.248484681
-4.89723733333 284.269710113
-4.89223466667 284.148084098
-4.887232 284.117487683
-4.88222933333 283.943777913
-4.87722666667 283.978408612
-4.872224 283.86680393
-4.86722133333 283.863260862
-4.86221866667 283.77318921
-4.857216 283.734471872
-4.85221333333 283.6240291
-4.84721066667 283.67308565
-4.842208 283.543719002
-4.83720533333 283.519362704
-4.83220266667 283.388273833
-4.8272 283.403938125
-4.82219733333 283.26441666
-4.81719466667 283.304147714
-4.812192 283.170603416
-4.80718933333 283.244466838
-4.80218666667 283.140035882
-4.797184 283.119462509
-4.79218133333 283.008539137
-4.78717866667 283.064877798
-4.782176 282.964187147
-4.77717333333 282.975157723
-4.77217066667 282.852531834
-4.767168 282.912814441
-4.76216533333 282.821824309
-4.75716266667 282.822303976
-4.75216 282.762232585
-4.74715733333 282.801469105
-4.74215466667 282.677279172
-4.737152 282.73160088
-4.73214933333 282.661452314
-4.72714666667 282.666982776
-4.722144 282.576904931
-4.71714133333 282.571323408
-4.71213866667 282.498576526
-4.707136 282.55851259
-4.70213333333 282.461221151
-4.69713066667 282.551767149
-4.692128 282.443419808
-4.68712533333 282.512967039
-4.68212266667 282.42727618
-4.67712 282.473093058
-4.67211733333 282.39875788
-4.66711466667 282.474019838
-4.662112 282.367114899
-4.65710933333 282.408035846
-4.65210666667 282.293714458
-4.647104 282.38173458
-4.64210133333 282.283308447
-4.63709866667 282.323189256
-4.632096 282.253029974
-4.62709333333 282.314498739
-4.62209066667 282.215709169
-4.617088 282.305528263
-4.61208533333 282.214706289
-4.60708266667 282.267589171
-4.60208 282.148528613
-4.59707733333 282.225219921
-4.59207466667 282.156275989
-4.587072 282.231423283
-4.58206933333 282.162581374
-4.57706666667 282.246269388
-4.572064 282.131450885
-4.56706133333 282.272688938
-4.56205866667 282.130139315
-4.557056 282.237955596
-4.55205333333 282.149328431
-4.54705066667 282.231918972
-4.542048 282.122202937
-4.53704533333 282.211736059
-4.53204266667 282.111291982
-4.52704 282.209307598
-4.52203733333 282.0993304
-4.51703466667 282.160016627
-4.512032 282.055383279
-4.50702933333 282.189274714
-4.50202666667 282.053804199
-4.497024 282.139829541
-4.49202133333 282.045995505
-4.48701866667 282.121600176
-4.482016 281.992306793
-4.47701333333 282.065250619
-4.47201066667 281.977137432
-4.467008 282.02822636
-4.46200533333 281.931630968
-4.45700266667 281.998449337
-4.452 281.868212189
-4.44699733333 282.012227697
-4.44199466667 281.850878099
-4.436992 281.931323987
-4.43198933333 281.851329132
-4.42698666667 281.954925803
-4.421984 281.825058753
-4.41698133333 281.900039634
-4.41197866667 281.807693375
-4.406976 281.905840929
-4.40197333333 281.832513771
-4.39697066667 281.886874511
-4.391968 281.790982791
-4.38696533333 281.885649996
-4.38196266667 281.780362577
-4.37696 281.875882728
-4.37195733333 281.790342477
-4.36695466667 281.893980397
-4.361952 281.750807373
-4.35694933333 281.839356188
-4.35194666667 281.771354091
-4.346944 281.832228928
-4.34194133333 281.750318757
-4.33693866667 281.836587702
-4.331936 281.751116138
-4.32693333333 281.881572998
-4.32193066667 281.76502188
-4.316928 281.863036709
-4.31192533333 281.778486656
-4.30692266667 281.892880944
-4.30192 281.778290368
-4.29691733333 281.891086988
-4.29191466667 281.787464805
-4.286912 281.883897246
-4.28190933333 281.798210081
-4.27690666667 281.872777504
-4.271904 281.803824131
-4.26690133333 281.904200729
-4.26189866667 281.784529599
-4.256896 281.848003303
-4.25189333333 281.7500807
-4.24689066667 281.852525573
-4.241888 281.714421472
-4.23688533333 281.833556862
-4.23188266667 281.726249959
-4.22688 281.800551349
-4.22187733333 281.706426895
-4.21687466667 281.778972996
-4.211872 281.710620567
-4.20686933333 281.829873601
-4.20186666667 281.740258253
-4.196864 281.815572961
-4.19186133333 281.737296817
-4.18685866667 281.866205657
-4.181856 281.710522109
-4.17685333333 281.863236819
-4.17185066667 281.79060944
-4.166848 281.869514671
-4.16184533333 281.802123686
-4.15684266667 281.973805775
-4.15184 281.898689463
-4.14683733333 282.016697032
-4.14183466667 281.957643162
-4.136832 282.079208871
-4.13182933333 282.042671347
-4.12682666667 282.182876007
-4.121824 282.040932086
-4.11682133333 282.209125027
-4.11181866667 282.130530071
-4.106816 282.267745948
-4.10181333333 282.183354905
-4.09681066667 282.318840848
-4.091808 282.198562071
-4.08680533333 282.253266015
-4.08180266667 282.107938158
-4.0768 282.139879849
-4.07179733333 282.004294907
-4.06679466667 282.112723975
-4.061792 281.901972671
-4.05678933333 281.959702947
-4.05178666667 281.844120071
-4.046784 281.933318669
-4.04178133333 281.810049056
-4.03677866667 281.911360981
-4.031776 281.788031055
-4.02677333333 281.833121584
-4.02177066667 281.757008395
-4.016768 281.830080074
-4.01176533333 281.723147531
-4.00676266667 281.844811629
-4.00176 281.682150819
-3.99675733333 281.793605446
-3.99175466667 281.646954019
-3.986752 281.741087757
-3.98174933333 281.621462319
-3.97674666667 281.750973232
-3.971744 281.661881683
-3.96674133333 281.730092384
-3.96173866667 281.641551784
-3.956736 281.699394137
-3.95173333333 281.609994942
-3.94673066667 281.719962219
-3.941728 281.563392814
-3.93672533333 281.642121803
-3.93172266667 281.572538287
-3.92672 281.665675705
-3.92171733333 281.535288248
-3.91671466667 281.668085621
-3.911712 281.545564755
-3.90670933333 281.626401889
-3.90170666667 281.552922851
-3.896704 281.677129992
-3.89170133333 281.541926433
-3.88669866667 281.686629556
-3.881696 281.566633202
-3.87669333333 281.704497464
-3.87169066667 281.620587296
-3.866688 281.747582802
-3.86168533333 281.647294487
-3.85668266667 281.768182286
-3.85168 281.69248537
-3.84667733333 281.804547883
-3.84167466667 281.743326248
-3.836672 281.86894456
-3.83166933333 281.772846258
-3.82666666667 281.941620538
-3.821664 281.770170306
-3.81666133333 281.864895381
-3.81165866667 281.747781095
-3.806656 281.852202419
-3.80165333333 281.691320999
-3.79665066667 281.76680793
-3.791648 281.652476656
-3.78664533333 281.709346613
-3.78164266667 281.600566585
-3.77664 281.713254788
-3.77163733333 281.618726392
-3.76663466667 281.723167683
-3.761632 281.629665466
-3.75662933333 281.714790154
-3.75162666667 281.620632169
-3.746624 281.780204917
-3.74162133333 281.634916841
-3.73661866667 281.747135259
-3.731616 281.655111702
-3.72661333333 281.779536149
-3.72161066667 281.663276433
-3.716608 281.80478244
-3.71160533333 281.693734209
-3.70660266667 281.772748744
-3.7016 281.649500827
-3.69659733333 281.780207166
-3.69159466667 281.695063333
-3.686592 281.819935368
-3.68158933333 281.691501902
-3.67658666667 281.847862548
-3.671584 281.779788093
-3.66658133333 281.89961432
-3.66157866667 281.804578901
-3.656576 281.930651805
-3.65157333333 281.840475366
-3.64657066667 281.940547759
-3.641568 281.872812504
-3.63656533333 281.993943299
-3.63156266667 281.899149135
-3.62656 282.025862567
-3.62155733333 281.883205859
-3.61655466667 282.069619418
-3.611552 282.008856494
-3.60654933333 282.141015877
-3.60154666667 282.032578067
-3.596544 282.134342952
-3.59154133333 282.047575446
-3.58653866667 282.179358386
-3.581536 282.098687425
-3.57653333333 282.225621841
-3.57153066667 282.137007112
-3.566528 282.314799023
-3.56152533333 282.17969083
-3.55652266667 282.304111565
-3.55152 282.191262848
-3.54651733333 282.35873332
-3.54151466667 282.23127066
-3.536512 282.349203967
-3.53150933333 282.287025484
-3.52650666667 282.382995945
-3.521504 282.279643123
-3.51650133333 282.390756811
-3.51149866667 282.317148746
-3.506496 282.429108492
-3.50149333333 282.311236406
-3.49649066667 282.442695389
-3.491488 282.349904362
-3.48648533333 282.474487778
-3.48148266667 282.34026037
-3.47648 282.476854645
-3.47147733333 282.357946968
-3.46647466667 282.48277415
-3.461472 282.3816453
-3.45646933333 282.516914212
-3.45146666667 282.394832523
-3.446464 282.508797491
-3.44146133333 282.398126562
-3.43645866667 282.535153059
-3.431456 282.396793144
-3.42645333333 282.526837388
-3.42145066667 282.374715968
-3.416448 282.480692456
-3.41144533333 282.365980648
-3.40644266667 282.476218386
-3.40144 282.359540483
-3.39643733333 282.456935838
-3.39143466667 282.395801118
-3.386432 282.500807076
-3.38142933333 282.413049424
-3.37642666667 282.472050614
-3.371424 282.375091512
-3.36642133333 282.499431705
-3.36141866667 282.396372097
-3.356416 282.466658351
-3.35141333333 282.378329894
-3.34641066667 282.465877141
-3.341408 282.363357996
-3.33640533333 282.462296808
-3.33140266667 282.354429352
-3.3264 282.450611639
-3.32139733333 282.349787489
-3.31639466667 282.43008854
-3.311392 282.297980769
-3.30638933333 282.466216313
-3.30138666667 282.314972659
-3.296384 282.42410252
-3.29138133333 282.332036588
-3.28637866667 282.442481979
-3.281376 282.272679965
-3.27637333333 282.385328446
-3.27137066667 282.302169707
-3.266368 282.362353735
-3.26136533333 282.273494247
-3.25636266667 282.351080567
-3.25136 282.191657767
-3.24635733333 282.322256753
-3.24135466667 282.189140344
-3.236352 282.275803653
-3.23134933333 282.158841134
-3.22634666667 282.264888311
-3.221344 282.11655476
-3.21634133333 282.230589408
-3.21133866667 282.139519362
-3.206336 282.198630481
-3.20133333333 282.10502112
-3.19633066667 282.170314627
-3.191328 282.032035428
-3.18632533333 282.150026197
-3.18132266667 282.01714419
-3.17632 282.116116295
-3.17131733333 282.032244159
-3.16631466667 282.09661797
-3.161312 281.952326568
-3.15630933333 282.067176407
-3.15130666667 281.975331362
-3.146304 282.029545275
-3.14130133333 281.966070414
-3.13629866667 282.097665682
-3.131296 282.023079347
-3.12629333333 282.173527099
-3.12129066667 282.084856723
-3.116288 282.22339696
-3.11128533333 282.125937327
-3.10628266667 282.260616502
-3.10128 282.123979177
-3.09627733333 282.281109064
-3.09127466667 282.239551837
-3.086272 282.291708586
-3.08126933333 282.241424292
-3.07626666667 282.361597618
-3.071264 282.29845152
-3.06626133333 282.438746576
-3.06125866667 282.423540235
-3.056256 282.530657002
-3.05125333333 282.424353203
-3.04625066667 282.570038223
-3.041248 282.459187677
-3.03624533333 282.578768223
-3.03124266667 282.496528202
-3.02624 282.576196882
-3.02123733333 282.509727758
-3.01623466667 282.61986673
-3.011232 282.556057057
-3.00622933333 282.640921151
-3.00122666667 282.589368323
-2.996224 282.660598547
-2.99122133333 282.567114344
-2.98621866667 282.691507683
-2.981216 282.601471326
-2.97621333333 282.697864663
-2.97121066667 282.64081799
-2.966208 282.705525593
-2.96120533333 282.64086365
-2.95620266667 282.72494173
-2.9512 282.682105914
-2.94619733333 282.758094882
-2.94119466667 282.683423007
-2.936192 282.74997377
-2.93118933333 282.673179327
-2.92618666667 282.797536796
-2.921184 282.697230947
-2.91618133333 282.78464702
-2.91117866667 282.737161787
-2.906176 282.825163622
-2.90117333333 282.696724138
-2.89617066667 282.833354433
-2.891168 282.75470137
-2.88616533333 282.814310898
-2.88116266667 282.730520602
-2.87616 282.798907299
-2.87115733333 282.722362034
-2.86615466667 282.846950093
-2.861152 282.737731419
-2.85614933333 282.836419546
-2.85114666667 282.76575721
-2.846144 282.822182647
-2.84114133333 282.75505758
-2.83613866667 282.843575473
-2.831136 282.775650218
-2.82613333333 282.828387457
-2.82113066667 282.743119178
-2.816128 282.818137315
-2.81112533333 282.743521821
-2.80612266667 282.855178235
-2.80112 282.779774044
-2.79611733333 282.845415005
-2.79111466667 282.760331441
-2.786112 282.84894771
-2.78110933333 282.730611031
-2.77610666667 282.858743209
-2.771104 282.763038789
-2.76610133333 282.802601092
-2.76109866667 282.701043715
-2.756096 282.78856528
-2.75109333333 282.708910966
-2.74609066667 282.759703533
-2.741088 282.639837392
-2.73608533333 282.70493007
-2.73108266667 282.62282358
-2.72608 282.676682672
-2.72107733333 282.566439189
-2.71607466667 282.619817348
-2.711072 282.547191016
-2.70606933333 282.589823376
-2.70106666667 282.498943961
-2.696064 282.533224428
-2.69106133333 282.466393284
-2.68605866667 282.528021626
-2.681056 282.449385014
-2.67605333333 282.497232854
-2.67105066667 282.427717172
-2.666048 282.522607399
-2.66104533333 282.511669558
-2.65604266667 282.492357225
-2.65104 282.443799759
-2.64603733333 282.470674291
-2.64103466667 282.401951293
-2.636032 282.44776067
-2.63102933333 282.400586349
-2.62602666667 282.454244035
-2.621024 282.371204534
-2.61602133333 282.452014783
-2.61101866667 282.400450141
-2.606016 282.484998454
-2.60101333333 282.365953109
-2.59601066667 282.42962414
-2.591008 282.385425588
-2.58600533333 282.452790668
-2.58100266667 282.3376577
-2.576 282.430276226
-2.57099733333 282.367923059
-2.56599466667 282.433021831
-2.560992 282.363841141
-2.55598933333 282.430655002
-2.55098666667 282.386547786
-2.545984 282.436534204
-2.54098133333 282.355332001
-2.53597866667 282.439993105
-2.530976 282.388598115
-2.52597333333 282.444774772
-2.52097066667 282.369233609
-2.515968 282.434150042
-2.51096533333 282.357251589
-2.50596266667 282.429676027
-2.50096 282.362449493
-2.49595733333 282.410365824
-2.49095466667 282.353437962
-2.485952 282.418010008
-2.48094933333 282.299811267
-2.47594666667 282.382479263
-2.470944 282.354608022
-2.46594133333 282.425246393
-2.46093866667 282.339924383
-2.455936 282.406038665
-2.45093333333 282.337996414
-2.44593066667 282.358941525
-2.440928 282.328132148
-2.43592533333 282.334396841
-2.43092266667 282.276551296
-2.42592 282.317286295
-2.42091733333 282.20665576
-2.41591466667 282.293224273
-2.410912 282.219416425
-2.40590933333 282.255295125
-2.40090666667 282.19951043
-2.395904 282.229123803
-2.39090133333 282.198114158
-2.38589866667 282.23331791
-2.380896 282.156755108
-2.37589333333 282.213262733
-2.37089066667 282.150100428
-2.365888 282.222982349
-2.36088533333 282.144815385
-2.35588266667 282.20610133
-2.35088 282.132723908
-2.34587733333 282.196554983
-2.34087466667 282.088889549
-2.335872 282.128854963
-2.33086933333 282.114360113
-2.32586666667 282.140134873
-2.320864 282.082609285
-2.31586133333 282.106350658
-2.31085866667 282.070499521
-2.305856 282.117098344
-2.30085333333 282.052662147
-2.29585066667 282.150864797
-2.290848 282.069278678
-2.28584533333 282.116780553
-2.28084266667 282.054137462
-2.27584 282.108397196
-2.27083733333 282.064516969
-2.26583466667 282.057703125
-2.260832 282.070440952
-2.25582933333 282.09004866
-2.25082666667 282.06798503
-2.245824 282.109359951
-2.24082133333 282.070526536
-2.23581866667 282.150727348
-2.230816 282.086325491
-2.22581333333 282.142133147
-2.22081066667 282.120420747
-2.215808 282.103520594
-2.21080533333 282.106949437
-2.20580266667 282.178720933
-2.2008 282.096325764
-2.19579733333 282.136394804
-2.19079466667 282.117243689
-2.185792 282.136019696
-2.18078933333 282.113126578
-2.17578666667 282.182806669
-2.170784 282.129716593
-2.16578133333 282.183793294
-2.16077866667 282.146550716
-2.155776 282.156171636
-2.15077333333 282.15269781
-2.14577066667 282.202554076
-2.140768 282.151853716
-2.13576533333 282.197082795
-2.13076266667 282.190960793
-2.12576 282.215069622
-2.12075733333 282.226551454
-2.11575466667 282.235989278
-2.110752 282.195843144
-2.10574933333 282.219557529
-2.10074666667 282.200995998
-2.095744 282.223829441
-2.09074133333 282.209988995
-2.08573866667 282.24090864
-2.080736 282.183186139
-2.07573333333 282.243645721
-2.07073066667 282.283891875
-2.065728 282.261227605
-2.06072533333 282.198156009
-2.05572266667 282.30683178
-2.05072 282.227674044
-2.04571733333 282.247102257
-2.04071466667 282.21486462
-2.035712 282.26724619
-2.03070933333 282.234005514
-2.02570666667 282.305672549
-2.020704 282.230658473
-2.01570133333 282.248634153
-2.01069866667 282.264599497
-2.005696 282.2626871
-2.00069333333 282.2470401
-1.99569066667 282.277049253
-1.990688 282.234092239
-1.98568533333 282.235544939
-1.98068266667 282.2556545
-1.97568 282.249931168
-1.97067733333 282.197280384
-1.96567466667 282.25928543
-1.960672 282.226641148
-1.95566933333 282.189400744
-1.95066666667 282.239753036
-1.945664 282.240427137
-1.94066133333 282.203504615
-1.93565866667 282.222987651
-1.930656 282.203328031
-1.92565333333 282.2027527
-1.92065066667 282.206759643
-1.915648 282.245958162
-1.91064533333 282.201218535
-1.90564266667 282.262849874
-1.90064 282.221673587
-1.89563733333 282.23671011
-1.89063466667 282.276475302
-1.885632 282.242835736
-1.88062933333 282.220579922
-1.87562666667 282.246766021
-1.870624 282.238041468
-1.86562133333 282.264606474
-1.86061866667 282.251946215
-1.855616 282.252967959
-1.85061333333 282.225023517
-1.84561066667 282.25544854
-1.840608 282.24244885
-1.83560533333 282.269036446
-1.83060266667 282.265531172
-1.8256 282.270632536
-1.82059733333 282.259288388
-1.81559466667 282.25157104
-1.810592 282.28458553
-1.80558933333 282.279059237
-1.80058666667 282.276546976
-1.795584 282.325812073
-1.79058133333 282.278659634
-1.78557866667 282.325747871
-1.780576 282.283662539
-1.77557333333 282.290445243
-1.77057066667 282.364078283
-1.765568 282.344811001
-1.76056533333 282.319033748
-1.75556266667 282.282991783
-1.75056 282.320472541
-1.74555733333 282.318085155
-1.74055466667 282.319713761
-1.735552 282.343197771
-1.73054933333 282.31982595
-1.72554666667 282.356336766
-1.720544 282.333884321
-1.71554133333 282.34537316
-1.71053866667 282.380727303
-1.705536 282.381198605
-1.70053333333 282.357638635
-1.69553066667 282.387609241
-1.690528 282.383775444
-1.68552533333 282.363299048
-1.68052266667 282.396859869
-1.67552 282.419609006
-1.67051733333 282.412892229
-1.66551466667 282.451098931
-1.660512 282.407589147
-1.65550933333 282.379698927
-1.65050666667 282.420747159
-1.645504 282.434460595
-1.64050133333 282.404413439
-1.63549866667 282.407551462
-1.630496 282.422878299
-1.62549333333 282.40102284
-1.62049066667 282.408804922
-1.615488 282.425079871
-1.61048533333 282.384506595
-1.60548266667 282.386733315
-1.60048 282.391477281
-1.59547733333 282.392516679
-1.59047466667 282.418427745
-1.585472 282.44582787
-1.58046933333 282.372043973
-1.57546666667 282.364598121
-1.570464 282.380959689
-1.56546133333 282.372231709
-1.56045866667 282.321237336
-1.555456 282.385366162
-1.55045333333 282.370280789
-1.54545066667 282.357794047
-1.540448 282.371512757
-1.53544533333 282.366481219
-1.53044266667 282.386116822
-1.52544 282.401803764
-1.52043733333 282.418796934
-1.51543466667 282.394597134
-1.510432 282.459347426
-1.50542933333 282.416551085
-1.50042666667 282.480798679
-1.495424 282.490273754
-1.49042133333 282.541954668
-1.48541866667 282.580777989
-1.480416 282.605040881
-1.47541333333 282.65089953
-1.47041066667 282.707096917
-1.465408 282.7419188
-1.46040533333 282.802583458
-1.45540266667 282.805175698
-1.4504 282.932515244
-1.44539733333 282.977145359
-1.44039466667 283.084552437
-1.435392 283.171534195
-1.43038933333 283.266534535
-1.42538666667 283.381307053
-1.420384 283.520160191
-1.41538133333 283.661617488
-1.41037866667 283.866078131
-1.405376 284.006373449
-1.40037333333 284.153880366
-1.39537066667 284.235601747
-1.390368 284.42651291
-1.38536533333 284.519358634
-1.38036266667 284.607038288
-1.37536 284.677306504
-1.37035733333 284.780441125
-1.36535466667 284.871050721
-1.360352 284.980226637
-1.35534933333 285.027289064
-1.35034666667 285.084860838
-1.345344 285.124088743
-1.34034133333 285.172571123
-1.33533866667 285.132339
-1.330336 285.20450295
-1.32533333333 285.151138386
-1.32033066667 285.137388607
-1.315328 285.11394517
-1.31032533333 285.158039621
-1.30532266667 285.094010692
-1.30032 285.119556609
-1.29531733333 285.063942597
-1.29031466667 285.111964007
-1.285312 285.019977712
-1.28030933333 285.01470094
-1.27530666667 284.918919948
-1.270304 284.952200442
-1.26530133333 284.871609369
-1.26029866667 284.824238446
-1.255296 284.816113137
-1.25029333333 284.840559375
-1.24529066667 284.761734977
-1.240288 284.807191292
-1.23528533333 284.760189928
-1.23028266667 284.74975634
-1.22528 284.715270794
-1.22027733333 284.706067105
-1.21527466667 284.631466276
-1.210272 284.688957638
-1.20526933333 284.588911255
-1.20026666667 284.607848911
-1.195264 284.568928293
-1.19026133333 284.574525
-1.18525866667 284.481817158
-1.180256 284.494390996
-1.17525333333 284.448273354
-1.17025066667 284.441339155
-1.165248 284.421913244
-1.16024533333 284.400313542
-1.15524266667 284.328964492
-1.15024 284.370988188
-1.14523733333 284.317356421
-1.14023466667 284.294218538
-1.135232 284.236525536
-1.13022933333 284.229237123
-1.12522666667 284.163143929
-1.120224 284.167900837
-1.11522133333 284.120533112
-1.11021866667 284.095071152
-1.105216 284.105715641
-1.10021333333 284.102587098
-1.09521066667 284.059848572
-1.090208 284.122409316
-1.08520533333 284.092120736
-1.08020266667 284.095137854
-1.0752 284.031861439
-1.07019733333 284.094040153
-1.06519466667 284.025851225
-1.060192 284.072199613
-1.05518933333 284.023894635
-1.05018666667 283.977390815
-1.045184 283.879195223
-1.04018133333 283.86349682
-1.03517866667 283.816509413
-1.030176 283.863644861
-1.02517333333 283.800754416
-1.02017066667 283.810222776
-1.015168 283.690889888
-1.01016533333 283.749066364
-1.00516266667 283.601203488
-1.00016 283.634595026
-0.995157333333 283.594837215
-0.990154666667 283.531061783
-0.985152 283.440271075
-0.980149333333 283.408168429
-0.975146666667 283.183770122
-0.970144 283.244975503
-0.965141333333 283.147164403
-0.960138666667 283.055028215
-0.955136 282.872922963
-0.950133333333 282.842991088
-0.945130666667 282.611314503
-0.940128 282.597647434
-0.935125333333 282.400724784
-0.930122666667 282.299227101
-0.92512 282.157094273
-0.920117333333 282.100261087
-0.915114666667 281.949595032
-0.910112 281.958538118
-0.905109333333 281.861306684
-0.900106666667 281.794730622
-0.895104 281.627685351
-0.890101333333 281.636124628
-0.885098666667 281.482399926
-0.880096 281.493959393
-0.875093333333 281.354142274
-0.870090666667 281.326735601
-0.865088 281.225520533
-0.860085333333 281.216258323
-0.855082666667 281.109502102
-0.85008 281.207554917
-0.845077333333 281.091067996
-0.840074666667 281.119665437
-0.835072 280.986703067
-0.830069333333 281.060734576
-0.825066666667 280.957883883
-0.820064 281.015627393
-0.815061333333 280.951855394
-0.810058666667 280.984031194
-0.805056 280.898434429
-0.800053333333 280.944387188
-0.795050666667 280.85947459
-0.790048 280.902865892
-0.785045333333 280.853732207
-0.780042666667 280.88098335
-0.77504 280.78084678
-0.770037333333 280.878280405
-0.765034666667 280.766688419
-0.760032 280.787510684
-0.755029333333 280.772860641
-0.750026666667 280.823556485
-0.745024 280.727754399
-0.740021333333 280.793778933
-0.735018666667 280.733849369
-0.730016 280.761019284
-0.725013333333 280.758316027
-0.720010666667 280.787438073
-0.715008 280.690311359
-0.710005333333 280.804784779
-0.705002666667 280.747145869
-0.7 280.784413975
-0.694997333333 280.720877817
-0.689994666667 280.78596843
-0.684992 280.68681402
-0.679989333333 280.793884845
-0.674986666667 280.727252386
-0.669984 280.769049043
-0.664981333333 280.705706353
-0.659978666667 280.778119266
-0.654976 280.660591608
-0.649973333333 280.796993573
-0.644970666667 280.687106914
-0.639968 280.771825604
-0.634965333333 280.712085474
-0.629962666667 280.777754083
-0.62496 280.689144228
-0.619957333333 280.768194027
-0.614954666667 280.698213003
-0.609952 280.753053292
-0.604949333333 280.731498906
-0.599946666667 280.799861977
-0.594944 280.709271126
-0.589941333333 280.812492696
-0.584938666667 280.745264222
-0.579936 280.856004095
-0.574933333333 280.782446838
-0.569930666667 280.859883321
-0.564928 280.741415629
-0.559925333333 280.851822308
-0.554922666667 280.812057011
-0.54992 280.859519166
-0.544917333333 280.828186264
-0.539914666667 280.862776209
-0.534912 280.767316483
-0.529909333333 280.889020023
-0.524906666667 280.781267736
-0.519904 280.835532574
-0.514901333333 280.774336613
-0.509898666667 280.834003864
-0.504896 280.748057335
-0.499893333333 280.838571259
-0.494890666667 280.770290067
-0.489888 280.813177899
-0.484885333333 280.733514226
-0.479882666667 280.813568486
-0.47488 280.702504652
-0.469877333333 280.818069522
-0.464874666667 280.714107541
-0.459872 280.776826176
-0.454869333333 280.707799965
-0.449866666667 280.765485011
-0.444864 280.628631931
-0.439861333333 280.722731528
-0.434858666667 280.667748418
-0.429856 280.711506768
-0.424853333333 280.630187773
-0.419850666667 280.744834717
-0.414848 280.620416516
-0.409845333333 280.7255736
-0.404842666667 280.662991034
-0.39984 280.719082858
-0.394837333333 280.625390498
-0.389834666667 280.762207482
-0.384832 280.621180136
-0.379829333333 280.756263552
-0.374826666667 280.68025024
-0.369824 280.720255241
-0.364821333333 280.681239544
-0.359818666667 280.716231212
-0.354816 280.618367007
-0.349813333333 280.714949472
-0.344810666667 280.625139464
-0.339808 280.681623296
-0.334805333333 280.586420238
-0.329802666667 280.649584246
-0.3248 280.531227293
-0.319797333333 280.626136863
-0.314794666667 280.535540962
-0.309792 280.605150774
-0.304789333333 280.536531119
-0.299786666667 280.551233857
-0.294784 280.460062811
-0.289781333333 280.596965711
-0.284778666667 280.49714613
-0.279776 280.576668167
-0.274773333333 280.47355278
-0.269770666667 280.570681206
-0.264768 280.450540989
-0.259765333333 280.558864469
-0.254762666667 280.442197094
-0.24976 280.546580628
-0.244757333333 280.453871931
-0.239754666667 280.517768264
-0.234752 280.438056003
-0.229749333333 280.536028163
-0.224746666667 280.456292644
-0.219744 280.538459922
-0.214741333333 280.421780101
-0.209738666667 280.57220144
-0.204736 280.394950595
-0.199733333333 280.486910773
-0.194730666667 280.421007315
-0.189728 280.499059624
-0.184725333333 280.394704338
-0.179722666667 280.475963144
-0.17472 280.333344037
-0.169717333333 280.500563168
-0.164714666667 280.419811394
-0.159712 280.504308099
-0.154709333333 280.412028954
-0.149706666667 280.554999819
-0.144704 280.412664837
-0.139701333333 280.516830725
-0.134698666667 280.469459756
-0.129696 280.503704368
-0.124693333333 280.40195877
-0.119690666667 280.532736652
-0.114688 280.460096525
-0.109685333333 280.585793339
-0.104682666667 280.479919018
-0.09968 280.590017295
-0.0946773333333 280.484106119
-0.0896746666667 280.601746817
-0.084672 280.496017964
-0.0796693333333 280.605096487
-0.0746666666667 280.514271663
-0.069664 280.62641342
-0.0646613333333 280.51774593
-0.0596586666667 280.625431018
-0.054656 280.531121852
-0.0496533333333 280.657635413
-0.0446506666667 280.563908096
-0.039648 280.630252393
-0.0346453333333 280.52243465
-0.0296426666667 280.668723654
-0.02464 280.522225628
-0.0196373333333 280.666271143
-0.0146346666667 280.58892833
-0.009632 280.692777125
-0.00462933333333 280.576134294
