（-8.15397,1），（-6.44806,1），（-3.04625,1）
-9.99995733333 982.654451868
-9.99495466667 982.540127726
-9.989952 982.740869423
-9.98494933333 982.298055454
-9.97994666667 982.725950135
-9.974944 982.882122193
-9.96994133333 982.309159793
-9.96493866667 982.605908636
-9.959936 982.220745951
-9.95493333333 982.246561913
-9.94993066667 982.150451023
-9.944928 982.440525749
-9.93992533333 982.789947683
-9.93492266667 982.522030646
-9.92992 982.782690861
-9.92491733333 982.668129331
-9.91991466667 983.281371128
-9.914912 983.37362927
-9.90990933333 983.509671646
-9.90490666667 983.610711652
-9.899904 984.490680338
-9.89490133333 985.248060074
-9.88989866667 986.416249915
-9.884896 986.367550019
-9.87989333333 986.287676431
-9.87489066667 986.188256419
-9.869888 987.156729807
-9.86488533333 987.520366277
-9.85988266667 987.993872142
-9.85488 988.862671817
-9.84987733333 988.665161672
-9.84487466667 989.227034132
-9.839872 989.97817467
-9.83486933333 991.099040426
-9.82986666667 992.238595076
-9.824864 992.013898088
-9.81986133333 993.006499087
-9.81485866667 993.152416563
-9.809856 992.954704275
-9.80485333333 993.463536899
-9.79985066667 993.612733397
-9.794848 994.595261202
-9.78984533333 994.633260085
-9.78484266667 995.49939974
-9.77984 995.616467957
-9.77483733333 995.562577062
-9.76983466667 996.03874903
-9.764832 995.314965046
-9.75982933333 995.518788486
-9.75482666667 995.385299666
-9.749824 994.238579498
-9.74482133333 994.79713311
-9.73981866667 994.736802196
-9.734816 995.091644334
-9.72981333333 995.048999168
-9.72481066667 994.931837194
-9.719808 994.50396443
-9.71480533333 993.869650347
-9.70980266667 994.12291746
-9.7048 993.438822226
-9.69979733333 994.656083775
-9.69479466667 994.035009356
-9.689792 994.820161089
-9.68478933333 994.047259521
-9.67978666667 993.399874848
-9.674784 993.298257733
-9.66978133333 993.094506845
-9.66477866667 992.626073169
-9.659776 992.320946988
-9.65477333333 991.430575886
-9.64977066667 991.724419279
-9.644768 990.919745955
-9.63976533333 989.921791215
-9.63476266667 989.459260077
-9.62976 989.114884062
-9.62475733333 988.750718113
-9.61975466667 987.534347473
-9.614752 987.234917853
-9.60974933333 987.312640469
-9.60474666667 986.645925301
-9.599744 986.557662627
-9.59474133333 987.342418763
-9.58973866667 987.61784548
-9.584736 987.591139428
-9.57973333333 987.128312991
-9.57473066667 987.686603415
-9.569728 987.655534698
-9.56472533333 987.255952958
-9.55972266667 987.161708153
-9.55472 986.803425031
-9.54971733333 986.927204441
-9.54471466667 987.129335116
-9.539712 987.332714466
-9.53470933333 987.132680684
-9.52970666667 987.284821995
-9.524704 986.980405115
-9.51970133333 986.529820101
-9.51469866667 986.400036261
-9.509696 986.277588075
-9.50469333333 986.128738997
-9.49969066667 986.071479517
-9.494688 986.038042878
-9.48968533333 986.308517307
-9.48468266667 986.469905572
-9.47968 986.618795181
-9.47467733333 986.598729497
-9.46967466667 986.711267321
-9.464672 986.622240409
-9.45966933333 986.831714641
-9.45466666667 986.836414275
-9.449664 986.4782519
-9.44466133333 986.256654934
-9.43965866667 986.408322381
-9.434656 986.281574512
-9.42965333333 986.661702241
-9.42465066667 986.493944285
-9.419648 986.483094981
-9.41464533333 986.59153901
-9.40964266667 986.494941524
-9.40464 986.533247149
-9.39963733333 986.840040907
-9.39463466667 986.386082497
-9.389632 985.987820715
-9.38462933333 985.723231784
-9.37962666667 985.595528195
-9.374624 985.074157425
-9.36962133333 985.609389939
-9.36461866667 985.593104763
-9.359616 985.747691665
-9.35461333333 985.641406787
-9.34961066667 985.290660309
-9.344608 985.560898671
-9.33960533333 984.963911206
-9.33460266667 985.383199718
-9.3296 985.633191541
-9.32459733333 985.576925293
-9.31959466667 985.622530636
-9.314592 985.247242413
-9.30958933333 984.345944324
-9.30458666667 984.452540117
-9.299584 985.113170109
-9.29458133333 984.633501922
-9.28957866667 984.703863756
-9.284576 985.793552041
-9.27957333333 986.266294563
-9.27457066667 986.846760643
-9.269568 987.202659873
-9.26456533333 986.637906147
-9.25956266667 987.451713364
-9.25456 987.582920234
-9.24955733333 988.304931145
-9.24455466667 988.328200929
-9.239552 988.077523389
-9.23454933333 988.44372002
-9.22954666667 988.558975621
-9.224544 989.713074382
-9.21954133333 989.798621991
-9.21453866667 990.518674443
-9.209536 990.956651349
-9.20453333333 991.509858436
-9.19953066667 991.758987384
-9.194528 991.861436833
-9.18952533333 991.917940189
-9.18452266667 993.160804998
-9.17952 992.642948003
-9.17451733333 992.538811428
-9.16951466667 992.969676599
-9.164512 992.735087004
-9.15950933333 992.73493776
-9.15450666667 992.954821587
-9.149504 993.696897242
-9.14450133333 993.321028649
-9.13949866667 993.285844001
-9.134496 992.851424618
-9.12949333333 993.440545674
-9.12449066667 992.579001559
-9.119488 992.147182916
-9.11448533333 991.968428499
-9.10948266667 991.871722011
-9.10448 991.917703707
-9.09947733333 991.748880412
-9.09447466667 991.9136814
-9.089472 992.470951161
-9.08446933333 991.86221771
-9.07946666667 993.169338523
-9.074464 993.226135349
-9.06946133333 992.656951567
-9.06445866667 991.907393287
-9.059456 992.343807076
-9.05445333333 992.64737501
-9.04945066667 992.838071493
-9.044448 992.931725067
-9.03944533333 991.772254044
-9.03444266667 991.555179042
-9.02944 991.298598261
-9.02443733333 991.592572121
-9.01943466667 991.765546182
-9.014432 991.410569489
-9.00942933333 990.914029829
-9.00442666667 990.874682988
-8.999424 990.499799056
-8.99442133333 989.805811633
-8.98941866667 989.967828837
-8.984416 989.209656729
-8.97941333333 989.663838987
-8.97441066667 989.54062126
-8.969408 989.371534202
-8.96440533333 989.788082585
-8.95940266667 989.333983892
-8.9544 988.677505706
-8.94939733333 988.231952167
-8.94439466667 988.497381995
-8.939392 987.802413988
-8.93438933333 987.794543015
-8.92938666667 987.418434519
-8.924384 987.243103337
-8.91938133333 987.288394861
-8.91437866667 987.437521277
-8.909376 987.391976612
-8.90437333333 987.365060828
-8.89937066667 987.126228738
-8.894368 987.00143734
-8.88936533333 987.025294905
-8.88436266667 987.257377284
-8.87936 987.283680629
-8.87435733333 986.528094606
-8.86935466667 986.590063579
-8.864352 986.63350418
-8.85934933333 986.980589615
-8.85434666667 986.752993601
-8.849344 986.695009984
-8.84434133333 986.76504458
-8.83933866667 986.536528554
-8.834336 986.31023643
-8.82933333333 986.664155103
-8.82433066667 986.24423267
-8.819328 986.609834518
-8.81432533333 986.03646215
-8.80932266667 986.679355901
-8.80432 986.622178287
-8.79931733333 986.398765618
-8.79431466667 986.09555904
-8.789312 985.935193559
-8.78430933333 986.22510394
-8.77930666667 986.498407374
-8.774304 985.593573271
-8.76930133333 986.269705349
-8.76429866667 986.272256773
-8.759296 986.269348833
-8.75429333333 986.000232727
-8.74929066667 986.317296783
-8.744288 985.816456536
-8.73928533333 985.990849036
-8.73428266667 986.275412629
-8.72928 987.122191879
-8.72427733333 986.932820873
-8.71927466667 987.164806548
-8.714272 986.797819718
-8.70926933333 987.153806689
-8.70426666667 986.868127749
-8.699264 987.269141438
-8.69426133333 986.229741155
-8.68925866667 987.01342147
-8.684256 986.999061234
-8.67925333333 986.497657786
-8.67425066667 986.720295618
-8.669248 986.990995784
-8.66424533333 986.434312468
-8.65924266667 986.400502863
-8.65424 986.203217944
-8.64923733333 986.413350155
-8.64423466667 986.193749355
-8.639232 986.188018839
-8.63422933333 986.142089717
-8.62922666667 986.531005657
-8.624224 986.249998277
-8.61922133333 986.268233313
-8.61421866667 986.09370087
-8.609216 986.628735064
-8.60421333333 985.387250893
-8.59921066667 985.879469693
-8.594208 985.627034424
-8.58920533333 985.752489425
-8.58420266667 985.639184057
-8.5792 985.245970959
-8.57419733333 985.717852913
-8.56919466667 985.626019412
-8.564192 985.747874666
-8.55918933333 985.720731667
-8.55418666667 985.195746579
-8.549184 985.101321406
-8.54418133333 984.914657302
-8.53917866667 985.307476999
-8.534176 985.275886231
-8.52917333333 985.149795876
-8.52417066667 985.127831194
-8.519168 985.075681871
-8.51416533333 985.18173799
-8.50916266667 985.06647378
-8.50416 985.377048584
-8.49915733333 985.083521179
-8.49415466667 985.0843105
-8.489152 984.691288002
-8.48414933333 984.626238171
-8.47914666667 984.810480153
-8.474144 984.456474435
-8.46914133333 984.5919456
-8.46413866667 984.410999546
-8.459136 984.345168672
-8.45413333333 984.341619849
-8.44913066667 984.555742683
-8.444128 984.368668337
-8.43912533333 984.122476044
-8.43412266667 983.984241472
-8.42912 984.420350735
-8.42411733333 983.766126697
-8.41911466667 984.45705043
-8.414112 983.988245941
-8.40910933333 984.280764502
-8.40410666667 983.845954545
-8.399104 983.799618946
-8.39410133333 983.621886578
-8.38909866667 983.664347474
-8.384096 983.715255361
-8.37909333333 983.59624743
-8.37409066667 983.303472691
-8.369088 983.719572206
-8.36408533333 983.580937464
-8.35908266667 983.305608959
-8.35408 983.207519975
-8.34907733333 983.09314783
-8.34407466667 983.183961976
-8.339072 983.390194245
-8.33406933333 982.478155529
-8.32906666667 983.183784581
-8.324064 982.988733867
-8.31906133333 983.205365468
-8.31405866667 982.396126277
-8.309056 982.725813404
-8.30405333333 982.483184186
-8.29905066667 982.685994162
-8.294048 982.265422134
-8.28904533333 982.741521027
-8.28404266667 982.304873568
-8.27904 982.742690255
-8.27403733333 982.212526381
-8.26903466667 983.46458228
-8.264032 982.801204662
-8.25902933333 982.823347275
-8.25402666667 982.74885051
-8.249024 982.982739778
-8.24402133333 982.351402506
-8.23901866667 982.350429422
-8.234016 983.351770491
-8.22901333333 983.769617479
-8.22401066667 982.898678639
-8.219008 983.313571041
-8.21400533333 983.198648196
-8.20900266667 985.377484948
-8.204 985.322906281
-8.19899733333 985.956050097
-8.19399466667 985.815099463
-8.188992 986.302822047
-8.18398933333 986.342986174
-8.17898666667 986.919851946
-8.173984 988.28967166
-8.16898133333 988.23074602
-8.16397866667 987.64165244
-8.158976 989.505029473
-8.15397333333 994.477479423
-8.14897066667 994.970347615
-8.143968 994.654247544
-8.13896533333 989.100905974
-8.13396266667 988.291603965
-8.12896 988.559447299
-8.12395733333 986.732604813
-8.11895466667 987.001755892
-8.113952 987.082455714
-8.10894933333 987.479026651
-8.10394666667 986.414917168
-8.098944 986.231675577
-8.09394133333 985.567070269
-8.08893866667 985.308333926
-8.083936 985.215323754
-8.07893333333 984.178674651
-8.07393066667 983.625750483
-8.068928 982.897301855
-8.06392533333 983.101949036
-8.05892266667 983.744988877
-8.05392 983.381143802
-8.04891733333 982.789465975
-8.04391466667 981.807056754
-8.038912 982.03745992
-8.03390933333 980.532163653
-8.02890666667 983.378811464
-8.023904 983.685420915
-8.01890133333 984.419289277
-8.01389866667 984.422849497
-8.008896 983.874170904
-8.00389333333 983.860399083
-7.99889066667 983.812536753
-7.993888 983.733386533
-7.98888533333 983.633584602
-7.98388266667 983.475384869
-7.97888 984.039661399
-7.97387733333 983.37067012
-7.96887466667 982.536819167
-7.963872 983.314402208
-7.95886933333 983.631227657
-7.95386666667 984.527706584
-7.948864 984.837778513
-7.94386133333 984.683498489
-7.93885866667 985.057776186
-7.933856 985.180119937
-7.92885333333 985.636981809
-7.92385066667 986.075225755
-7.918848 987.198437938
-7.91384533333 986.901896266
-7.90884266667 987.37784505
-7.90384 987.424026999
-7.89883733333 987.298136608
-7.89383466667 986.783987215
-7.888832 986.914202721
-7.88382933333 986.810827622
-7.87882666667 986.575675905
-7.873824 986.841011594
-7.86882133333 987.595313986
-7.86381866667 987.307735368
-7.858816 987.382399164
-7.85381333333 987.162383941
-7.84881066667 987.460984481
-7.843808 987.075578747
-7.83880533333 986.9517745
-7.83380266667 985.911975225
-7.8288 986.634925322
-7.82379733333 986.554119494
-7.81879466667 986.695506926
-7.813792 985.655467206
-7.80878933333 985.76732915
-7.80378666667 985.695096765
-7.798784 985.704676925
-7.79378133333 986.279099233
-7.78877866667 985.319232574
-7.783776 985.149229125
-7.77877333333 984.695903729
-7.77377066667 984.412092796
-7.768768 985.036468363
-7.76376533333 983.664195954
-7.75876266667 983.484207833
-7.75376 983.205242098
-7.74875733333 983.89105513
-7.74375466667 982.972632965
-7.738752 983.539427314
-7.73374933333 984.088955792
-7.72874666667 983.027976666
-7.723744 983.055582767
-7.71874133333 982.690612609
-7.71373866667 980.68704697
-7.708736 980.903710096
-7.70373333333 978.959543256
-7.69873066667 979.865362361
-7.693728 978.436254772
-7.68872533333 978.519856655
-7.68372266667 979.870750529
-7.67872 980.579981526
-7.67371733333 980.469752651
-7.66871466667 982.021023249
-7.663712 981.520841515
-7.65870933333 982.639027664
-7.65370666667 978.866175437
-7.648704 971.335974231
-7.64370133333 970.833411451
-7.63869866667 975.241488398
-7.633696 976.511465018
-7.62869333333 976.215642035
-7.62369066667 979.295785581
-7.618688 983.508837588
-7.61368533333 985.901755575
-7.60868266667 987.666041582
-7.60368 988.697227551
-7.59867733333 991.098790978
-7.59367466667 994.443820411
-7.588672 998.294754328
-7.58366933333 998.70587587
-7.57866666667 1002.49111791
-7.573664 1004.91973487
-7.56866133333 1005.53431399
-7.56365866667 1006.02154996
-7.558656 1007.0706986
-7.55365333333 1006.91411999
-7.54865066667 1007.12460454
-7.543648 1005.32682964
-7.53864533333 1004.95298349
-7.53364266667 1002.68376009
-7.52864 1002.07936461
-7.52363733333 1000.5177929
-7.51863466667 999.687851512
-7.513632 999.393435349
-7.50862933333 998.830388907
-7.50362666667 997.914563861
-7.498624 998.3333136
-7.49362133333 997.361859306
-7.48861866667 997.133615285
-7.483616 996.41414938
-7.47861333333 996.99567337
-7.47361066667 996.08236125
-7.468608 996.618341002
-7.46360533333 996.243961475
-7.45860266667 996.246538094
-7.4536 996.195052729
-7.44859733333 996.300416576
-7.44359466667 996.094440433
-7.438592 996.86245126
-7.43358933333 996.427043928
-7.42858666667 997.215542474
-7.423584 996.742171967
-7.41858133333 997.204672473
-7.41357866667 997.279838826
-7.408576 997.462632066
-7.40357333333 997.000762279
-7.39857066667 997.137668637
-7.393568 997.185038501
-7.38856533333 997.595813133
-7.38356266667 997.538574241
-7.37856 997.520151498
-7.37355733333 997.289389263
-7.36855466667 998.549424016
-7.363552 997.960506019
-7.35854933333 998.056242489
-7.35354666667 997.923613366
-7.348544 998.611828021
-7.34354133333 998.341731576
-7.33853866667 998.541567303
-7.333536 998.349197214
-7.32853333333 998.890381811
-7.32353066667 998.24248993
-7.318528 999.13331521
-7.31352533333 998.736297918
-7.30852266667 999.271993935
-7.30352 999.185488612
-7.29851733333 999.2449596
-7.29351466667 999.098457184
-7.288512 999.403173251
-7.28350933333 999.069762502
-7.27850666667 999.228575862
-7.273504 999.345499405
-7.26850133333 999.760354876
-7.26349866667 999.009998354
-7.258496 999.757521501
-7.25349333333 999.159983608
-7.24849066667 998.93718968
-7.243488 998.782424783
-7.23848533333 999.016017286
-7.23348266667 998.83458012
-7.22848 998.714251898
-7.22347733333 998.757519885
-7.21847466667 998.764963187
-7.213472 998.803341073
-7.20846933333 998.927234428
-7.20346666667 998.473618271
-7.198464 998.688461172
-7.19346133333 998.28904913
-7.18845866667 998.829496837
-7.183456 998.431109906
-7.17845333333 998.171737357
-7.17345066667 998.490927888
-7.168448 998.04847467
-7.16344533333 998.059945701
-7.15844266667 998.399849652
-7.15344 997.914978377
-7.14843733333 998.158731818
-7.14343466667 997.844777467
-7.138432 999.053321763
-7.13342933333 998.161481174
-7.12842666667 998.197611525
-7.123424 998.233689055
-7.11842133333 998.565953739
-7.11341866667 998.104044348
-7.108416 998.701811276
-7.10341333333 998.308941723
-7.09841066667 999.071800525
-7.093408 998.485595625
-7.08840533333 998.949556908
-7.08340266667 998.977948665
-7.0784 998.953330174
-7.07339733333 999.088575903
-7.06839466667 999.427307978
-7.063392 999.356027219
-7.05838933333 999.676496638
-7.05338666667 999.423588478
-7.048384 999.33151961
-7.04338133333 999.62032931
-7.03837866667 999.589090104
-7.033376 999.448284323
-7.02837333333 999.822059159
-7.02337066667 999.435116718
-7.018368 999.718171702
-7.01336533333 999.598888019
-7.00836266667 999.555941242
-7.00336 999.730079957
-6.99835733333 999.791278917
-6.99335466667 999.262521344
-6.988352 1000.02952823
-6.98334933333 999.746915147
-6.97834666667 1000.046984
-6.973344 999.858346508
-6.96834133333 1000.53315924
-6.96333866667 999.830765822
-6.958336 1000.18995374
-6.95333333333 999.573330947
-6.94833066667 999.844332566
-6.943328 999.564600403
-6.93832533333 999.793336253
-6.93332266667 999.677951816
-6.92832 999.689731854
-6.92331733333 999.663049338
-6.91831466667 999.68618432
-6.913312 1000.02620352
-6.90830933333 999.933013494
-6.90330666667 999.476215018
-6.898304 999.750522725
-6.89330133333 999.473512422
-6.88829866667 1000.00933059
-6.883296 999.121381892
-6.87829333333 1000.07902696
-6.87329066667 999.022205867
-6.868288 999.07192142
-6.86328533333 998.437353368
-6.85828266667 998.603043422
-6.85328 999.047683905
-6.84827733333 998.576230775
-6.84327466667 998.563014912
-6.838272 998.923750282
-6.83326933333 998.850303002
-6.82826666667 998.868925066
-6.823264 998.051489499
-6.81826133333 998.788582432
-6.81325866667 998.111369274
-6.808256 997.778900308
-6.80325333333 997.716231464
-6.79825066667 997.704106636
-6.793248 997.958257079
-6.78824533333 998.39679535
-6.78324266667 997.586593765
-6.77824 998.224469798
-6.77323733333 997.744589832
-6.76823466667 997.725211344
-6.763232 997.610724645
-6.75822933333 998.114476499
-6.75322666667 997.589182505
-6.748224 997.31598269
-6.74322133333 997.647534086
-6.73821866667 997.876441057
-6.733216 997.733463607
-6.72821333333 997.542498745
-6.72321066667 997.555268813
-6.718208 997.946340544
-6.71320533333 997.092969098
-6.70820266667 997.779827107
-6.7032 997.264705682
-6.69819733333 997.102529418
-6.69319466667 997.505990032
-6.688192 997.201053204
-6.68318933333 997.000440056
-6.67818666667 997.643955441
-6.673184 996.887248719
-6.66818133333 997.044640557
-6.66317866667 997.183949355
-6.658176 997.538579058
-6.65317333333 996.830069583
-6.64817066667 997.611647299
-6.643168 997.708298721
-6.63816533333 997.63956816
-6.63316266667 997.257072293
-6.62816 997.079134349
-6.62315733333 997.053211518
-6.61815466667 996.786643436
-6.613152 996.332832869
-6.60814933333 996.312584145
-6.60314666667 996.134256338
-6.598144 996.286330351
-6.59314133333 995.720612285
-6.58813866667 996.046585401
-6.583136 995.418311522
-6.57813333333 995.800058795
-6.57313066667 995.661093533
-6.568128 996.165793159
-6.56312533333 995.921676966
-6.55812266667 995.819171712
-6.55312 995.452609099
-6.54811733333 995.941729713
-6.54311466667 995.613840579
-6.538112 995.617718335
-6.53310933333 995.780323259
-6.52810666667 995.303958989
-6.523104 995.249085469
-6.51810133333 995.336937945
-6.51309866667 994.758563812
-6.508096 995.760687212
-6.50309333333 995.086256578
-6.49809066667 995.532732878
-6.493088 995.3697602
-6.48808533333 995.251205104
-6.48308266667 994.849724952
-6.47808 995.182976725
-6.47307733333 995.404808193
-6.46807466667 995.086805718
-6.463072 995.120977324
-6.45806933333 994.757383492
-6.45306666667 994.705296653
-6.448064 994.130397999
-6.44306133333 993.627306573
-6.43805866667 994.512133917
-6.433056 993.811811026
-6.42805333333 993.969667036
-6.42305066667 993.369371424
-6.418048 993.48124653
-6.41304533333 993.604650896
-6.40804266667 993.602311258
-6.40304 993.221706662
-6.39803733333 993.296635518
-6.39303466667 993.161345647
-6.388032 992.990935924
-6.38302933333 992.55569581
-6.37802666667 992.801629807
-6.373024 992.403644197
-6.36802133333 992.10981464
-6.36301866667 991.679791222
-6.358016 991.941910495
-6.35301333333 991.351105845
-6.34801066667 991.374039286
-6.343008 991.086867641
-6.33800533333 991.161190002
-6.33300266667 990.805523727
-6.328 990.672369232
-6.32299733333 990.605124325
-6.31799466667 990.988845737
-6.312992 990.79047091
-6.30798933333 990.744085407
-6.30298666667 990.504236552
-6.297984 990.765412725
-6.29298133333 990.263992831
-6.28797866667 990.646363609
-6.282976 990.521664164
-6.27797333333 990.862045308
-6.27297066667 990.456413341
-6.267968 990.107354985
-6.26296533333 989.486219565
-6.25796266667 989.246116926
-6.25296 988.745459414
-6.24795733333 988.410859811
-6.24295466667 987.103786653
-6.237952 986.280437215
-6.23294933333 985.394995538
-6.22794666667 985.34636031
-6.222944 987.001434008
-6.21794133333 989.148822813
-6.21293866667 987.812108316
-6.207936 987.682371786
-6.20293333333 987.876573013
-6.19793066667 989.64401721
-6.192928 990.276313392
-6.18792533333 991.793198045
-6.18292266667 991.190604241
-6.17792 991.671282702
-6.17291733333 990.427754976
-6.16791466667 988.580425468
-6.162912 987.631560309
-6.15790933333 986.645000464
-6.15290666667 984.672722895
-6.147904 985.66434654
-6.14290133333 986.409192629
-6.13789866667 985.556386842
-6.132896 985.156046471
-6.12789333333 984.997731505
-6.12289066667 984.094552109
-6.117888 983.874842751
-6.11288533333 983.01756533
-6.10788266667 982.006153607
-6.10288 980.424054232
-6.09787733333 980.527229087
-6.09287466667 980.267106947
-6.087872 981.023872741
-6.08286933333 980.148262695
-6.07786666667 980.255622636
-6.072864 980.156388596
-6.06786133333 980.416976171
-6.06285866667 979.950178987
-6.057856 980.760858039
-6.05285333333 979.786011888
-6.04785066667 980.497367295
-6.042848 980.650615672
-6.03784533333 980.007922668
-6.03284266667 980.501686062
-6.02784 980.569983017
-6.02283733333 980.740356443
-6.01783466667 980.838344444
-6.012832 981.164699989
-6.00782933333 980.832649492
-6.00282666667 981.632918068
-5.997824 982.999268776
-5.99282133333 982.819658444
-5.98781866667 982.198770534
-5.982816 982.859456109
-5.97781333333 982.971160999
-5.97281066667 982.663104828
-5.967808 982.817893971
-5.96280533333 982.464951267
-5.95780266667 983.057349442
-5.9528 983.117494017
-5.94779733333 982.639142853
-5.94279466667 982.423590469
-5.937792 983.425989985
-5.93278933333 982.877599682
-5.92778666667 987.571939792
-5.922784 987.763639566
-5.91778133333 988.581612496
-5.91277866667 988.255911948
-5.907776 988.632534844
-5.90277333333 988.421748406
-5.89777066667 988.059241848
-5.892768 987.268863783
-5.88776533333 986.929525039
-5.88276266667 986.452755659
-5.87776 986.480408508
-5.87275733333 985.694167157
-5.86775466667 985.555460833
-5.862752 985.499989511
-5.85774933333 985.813566779
-5.85274666667 985.389311345
-5.847744 984.999595561
-5.84274133333 984.454035276
-5.83773866667 985.012649566
-5.832736 983.951151312
-5.82773333333 984.369891383
-5.82273066667 983.984345445
-5.817728 983.251658746
-5.81272533333 982.293334856
-5.80772266667 981.757275639
-5.80272 980.947601556
-5.79771733333 980.500017555
-5.79271466667 977.484839361
-5.787712 977.434233999
-5.78270933333 977.216878082
-5.77770666667 975.758667347
-5.772704 971.631020805
-5.76770133333 969.457166835
-5.76269866667 970.410542375
-5.757696 973.524289521
-5.75269333333 973.475008313
-5.74769066667 978.540641611
-5.742688 981.063727293
-5.73768533333 981.455059225
-5.73268266667 980.548129724
-5.72768 980.747027875
-5.72267733333 980.809976715
-5.71767466667 981.811671416
-5.712672 982.898277347
-5.70766933333 980.620262487
-5.70266666667 976.804992664
-5.697664 973.136021812
-5.69266133333 971.75370403
-5.68765866667 970.874826743
-5.682656 969.965275842
-5.67765333333 969.55847301
-5.67265066667 967.361692328
-5.667648 963.976823267
-5.66264533333 961.90321462
-5.65764266667 962.223039743
-5.65264 962.468600272
-5.64763733333 963.212705752
-5.64263466667 962.937615794
-5.637632 963.263890334
-5.63262933333 963.685045889
-5.62762666667 963.708193431
-5.622624 962.943022555
-5.61762133333 963.05730051
-5.61261866667 962.045442789
-5.607616 962.10375433
-5.60261333333 961.910536579
-5.59761066667 962.211348174
-5.592608 962.443218505
-5.58760533333 962.842715131
-5.58260266667 964.164406762
-5.5776 966.140345586
-5.57259733333 967.738205057
-5.56759466667 971.016078417
-5.562592 974.582001577
-5.55758933333 976.878690449
-5.55258666667 977.738958506
-5.547584 978.392910596
-5.54258133333 980.320847515
-5.53757866667 982.77635845
-5.532576 985.019773937
-5.52757333333 987.293327186
-5.52257066667 987.979666982
-5.517568 988.40584201
-5.51256533333 988.492299999
-5.50756266667 989.035685084
-5.50256 988.990877469
-5.49755733333 990.340046296
-5.49255466667 990.056748097
-5.487552 990.847166904
-5.48254933333 991.047661243
-5.47754666667 991.971295237
-5.472544 991.937684225
-5.46754133333 992.727871299
-5.46253866667 992.96725675
-5.457536 994.299194212
-5.45253333333 993.316778257
-5.44753066667 993.47373738
-5.442528 992.911743064
-5.43752533333 993.282323549
-5.43252266667 992.90934911
-5.42752 993.279467468
-5.42251733333 993.509852739
-5.41751466667 993.399723753
-5.412512 992.990235183
-5.40750933333 993.543768618
-5.40250666667 993.60446074
-5.397504 993.789760848
-5.39250133333 993.646699963
-5.38749866667 995.223562482
-5.382496 994.708684479
-5.37749333333 995.139279799
-5.37249066667 995.541813092
-5.367488 996.355636276
-5.36248533333 996.778514098
-5.35748266667 997.485299722
-5.35248 996.60038148
-5.34747733333 996.95798314
-5.34247466667 996.753784676
-5.337472 997.291777452
-5.33246933333 997.352093981
-5.32746666667 998.775959052
-5.322464 998.519777682
-5.31746133333 998.869852464
-5.31245866667 998.701597486
-5.307456 999.081916682
-5.30245333333 998.895013474
-5.29745066667 999.150619867
-5.292448 998.939330746
-5.28744533333 998.925772104
-5.28244266667 998.676164009
-5.27744 999.1559353
-5.27243733333 998.934896114
-5.26743466667 999.501351022
-5.262432 998.94258912
-5.25742933333 999.643347502
-5.25242666667 998.80092768
-5.247424 999.264446356
-5.24242133333 999.085150226
-5.23741866667 999.313143087
-5.232416 999.084975025
-5.22741333333 999.77674736
-5.22241066667 999.440409458
-5.217408 999.611628069
-5.21240533333 998.975296258
-5.20740266667 998.939847869
-5.2024 999.116186493
-5.19739733333 999.258260589
-5.19239466667 998.607546159
-5.187392 998.711047188
-5.18238933333 998.432372223
-5.17738666667 998.863065959
-5.172384 998.22406726
-5.16738133333 998.733227171
-5.16237866667 998.855872379
-5.157376 998.959489236
-5.15237333333 998.558669297
-5.14737066667 998.703068149
-5.142368 999.00361922
-5.13736533333 999.554187396
-5.13236266667 998.791984724
-5.12736 999.167015084
-5.12235733333 999.184074987
-5.11735466667 999.449136765
-5.112352 998.531651542
-5.10734933333 998.738083019
-5.10234666667 1000.66440891
-5.097344 1000.90567168
-5.09234133333 1000.70107619
-5.08733866667 1001.04012056
-5.082336 1000.14973708
-5.07733333333 1000.16607299
-5.07233066667 998.9564215
-5.067328 999.100510977
-5.06232533333 998.238479946
-5.05732266667 998.003683836
-5.05232 997.591078562
-5.04731733333 997.753195257
-5.04231466667 997.292896514
-5.037312 997.12347099
-5.03230933333 996.456789789
-5.02730666667 996.853945705
-5.022304 996.869307563
-5.01730133333 996.958046896
-5.01229866667 996.764692924
-5.007296 997.238578649
-5.00229333333 996.943580518
-4.99729066667 997.344960707
-4.992288 996.528334759
-4.98728533333 997.141228353
-4.98228266667 997.257594182
-4.97728 997.17787472
-4.97227733333 996.99193371
-4.96727466667 997.420361058
-4.962272 996.90628618
-4.95726933333 997.400851949
-4.95226666667 996.516562781
-4.947264 997.153043694
-4.94226133333 996.813895028
-4.93725866667 997.279511862
-4.932256 996.713402171
-4.92725333333 996.683637422
-4.92225066667 996.926800674
-4.917248 996.924261269
-4.91224533333 996.505647137
-4.90724266667 997.031515935
-4.90224 996.148729711
-4.89723733333 996.773827007
-4.89223466667 996.301868724
-4.887232 996.613198444
-4.88222933333 996.340566446
-4.87722666667 996.257159765
-4.872224 995.801377172
-4.86722133333 995.769865395
-4.86221866667 995.500921937
-4.857216 996.144357531
-4.85221333333 995.909294072
-4.84721066667 995.96401337
-4.842208 995.360168161
-4.83720533333 996.429604983
-4.83220266667 995.756089986
-4.8272 996.506422024
-4.82219733333 996.003406415
-4.81719466667 995.645798635
-4.812192 995.391131551
-4.80718933333 995.734338518
-4.80218666667 994.953993912
-4.797184 993.899029136
-4.79218133333 993.632124124
-4.78717866667 994.815927274
-4.782176 994.710248684
-4.77717333333 995.474668199
-4.77217066667 995.670054847
-4.767168 995.694389657
-4.76216533333 995.984645908
-4.75716266667 995.13431657
-4.75216 995.374146619
-4.74715733333 995.604524449
-4.74215466667 994.445270651
-4.737152 994.94149557
-4.73214933333 992.997933769
-4.72714666667 993.049926287
-4.722144 993.107085321
-4.71714133333 994.617027426
-4.71213866667 994.002918544
-4.707136 994.075958676
-4.70213333333 993.952789361
-4.69713066667 993.510959305
-4.692128 993.109511209
-4.68712533333 992.266310356
-4.68212266667 991.670199416
-4.67712 992.154434891
-4.67211733333 991.157000946
-4.66711466667 991.268396577
-4.662112 990.358470438
-4.65710933333 989.637740444
-4.65210666667 989.005479978
-4.647104 988.351605188
-4.64210133333 988.145096328
-4.63709866667 988.665591421
-4.632096 987.871531793
-4.62709333333 988.105550623
-4.62209066667 987.872060794
-4.617088 987.954513668
-4.61208533333 987.002716515
-4.60708266667 987.128550909
-4.60208 987.245162723
-4.59707733333 987.016066118
-4.59207466667 986.866287874
-4.587072 986.866593619
-4.58206933333 986.736839827
-4.57706666667 986.956575026
-4.572064 986.476141233
-4.56706133333 986.99593494
-4.56205866667 986.254862536
-4.557056 986.724108156
-4.55205333333 985.790466848
-4.54705066667 986.614847802
-4.542048 985.96307009
-4.53704533333 986.467909685
-4.53204266667 985.531661807
-4.52704 986.313742967
-4.52203733333 985.47641268
-4.51703466667 986.139720847
-4.512032 985.442837182
-4.50702933333 986.016899555
-4.50202666667 985.368370435
-4.497024 985.16392424
-4.49202133333 984.987074645
-4.48701866667 985.100144926
-4.482016 984.400442102
-4.47701333333 984.711479091
-4.47201066667 984.447698233
-4.467008 984.817220346
-4.46200533333 984.292659854
-4.45700266667 984.357712298
-4.452 983.820980314
-4.44699733333 984.018935453
-4.44199466667 984.032662962
-4.436992 984.23048214
-4.43198933333 984.027205561
-4.42698666667 983.895939686
-4.421984 983.662409968
-4.41698133333 983.898553615
-4.41197866667 983.189508567
-4.406976 983.559944038
-4.40197333333 982.864152838
-4.39697066667 983.548361557
-4.391968 983.201056193
-4.38696533333 983.396165341
-4.38196266667 983.39287549
-4.37696 983.309825292
-4.37195733333 983.556585384
-4.36695466667 983.547113264
-4.361952 983.52651858
-4.35694933333 983.51303877
-4.35194666667 982.928874463
-4.346944 983.439039765
-4.34194133333 983.262175916
-4.33693866667 983.17504725
-4.331936 983.404693501
-4.32693333333 983.616909204
-4.32193066667 983.556478294
-4.316928 983.5945802
-4.31192533333 983.181328101
-4.30692266667 983.670514501
-4.30192 983.603084183
-4.29691733333 983.39883627
-4.29191466667 983.292361886
-4.286912 983.852220814
-4.28190933333 983.370969193
-4.27690666667 983.572981316
-4.271904 982.875276972
-4.26690133333 982.997006021
-4.26189866667 983.004718223
-4.256896 983.623311085
-4.25189333333 983.966651039
-4.24689066667 984.439856687
-4.241888 983.90727093
-4.23688533333 984.406102161
-4.23188266667 983.792744901
-4.22688 984.412922609
-4.22187733333 983.832749041
-4.21687466667 983.988678626
-4.211872 983.87748329
-4.20686933333 984.171018684
-4.20186666667 983.84745188
-4.196864 983.527306153
-4.19186133333 982.734730984
-4.18685866667 983.645100522
-4.181856 982.475622767
-4.17685333333 983.628637079
-4.17185066667 983.099925476
-4.166848 983.196821563
-4.16184533333 983.289733325
-4.15684266667 983.057708457
-4.15184 982.959319896
-4.14683733333 983.136892772
-4.14183466667 982.960944179
-4.136832 983.468026817
-4.13182933333 982.916128967
-4.12682666667 983.25908313
-4.121824 982.852110739
-4.11682133333 983.349520847
-4.11181866667 983.007015224
-4.106816 983.121846078
-4.10181333333 982.732003456
-4.09681066667 982.748250785
-4.091808 982.354040122
-4.08680533333 982.692486505
-4.08180266667 982.103210373
-4.0768 982.552935335
-4.07179733333 982.079901136
-4.06679466667 982.641978256
-4.061792 982.111892796
-4.05678933333 982.73897022
-4.05178666667 981.909039147
-4.046784 982.696306826
-4.04178133333 982.139972867
-4.03677866667 982.253652947
-4.031776 982.25299124
-4.02677333333 982.343101497
-4.02177066667 982.073789606
-4.016768 982.029023197
-4.01176533333 981.749758348
-4.00676266667 981.921582947
-4.00176 981.518128002
-3.99675733333 981.54106962
-3.99175466667 980.536002876
-3.986752 980.579185186
-3.98174933333 980.468624134
-3.97674666667 981.178877381
-3.971744 980.84806375
-3.96674133333 980.621520979
-3.96173866667 979.43682021
-3.956736 980.319587145
-3.95173333333 979.760725916
-3.94673066667 980.047945218
-3.941728 978.624865126
-3.93672533333 978.24556288
-3.93172266667 978.538100368
-3.92672 979.180636646
-3.92171733333 979.399395517
-3.91671466667 979.563022642
-3.911712 978.889344248
-3.90670933333 979.06361946
-3.90170666667 979.145528923
-3.896704 979.479441367
-3.89170133333 978.930418632
-3.88669866667 978.864492378
-3.881696 978.928473904
-3.87669333333 978.740085756
-3.87169066667 978.631040569
-3.866688 979.010479843
-3.86168533333 977.857636528
-3.85668266667 978.508325585
-3.85168 978.657998303
-3.84667733333 978.23940267
-3.84167466667 977.987830288
-3.836672 977.50583926
-3.83166933333 977.621780332
-3.82666666667 978.118941425
-3.821664 977.525214282
-3.81666133333 977.724896269
-3.81165866667 977.47076601
-3.806656 977.602310651
-3.80165333333 976.794047183
-3.79665066667 977.875392203
-3.791648 977.138183305
-3.78664533333 977.800597898
-3.78164266667 977.21636398
-3.77664 977.59519954
-3.77163733333 977.280121369
-3.76663466667 976.885724662
-3.761632 976.774473988
-3.75662933333 977.41743909
-3.75162666667 976.820191047
-3.746624 976.846071511
-3.74162133333 976.453898039
-3.73661866667 977.247233439
-3.731616 976.879882985
-3.72661333333 976.230490562
-3.72161066667 975.265541829
-3.716608 975.288657787
-3.71160533333 975.022433377
-3.70660266667 975.101489905
-3.7016 974.66929988
-3.69659733333 975.000337638
-3.69159466667 974.61824294
-3.686592 975.488153515
-3.68158933333 974.180707089
-3.67658666667 975.280616691
-3.671584 975.752016614
-3.66658133333 975.481580663
-3.66157866667 975.604615979
-3.656576 975.558282963
-3.65157333333 974.711814026
-3.64657066667 975.419195144
-3.641568 974.784966222
-3.63656533333 975.542949306
-3.63156266667 974.396743588
-3.62656 974.730005927
-3.62155733333 973.827165235
-3.61655466667 974.02686495
-3.611552 973.669153881
-3.60654933333 973.687182581
-3.60154666667 973.449461696
-3.596544 974.331559212
-3.59154133333 973.966133333
-3.58653866667 974.990634578
-3.581536 974.445985026
-3.57653333333 974.745441913
-3.57153066667 974.261917285
-3.566528 974.430946244
-3.56152533333 974.553787347
-3.55652266667 974.558776665
-3.55152 974.131422082
-3.54651733333 974.009244792
-3.54151466667 973.35177715
-3.536512 973.881173035
-3.53150933333 973.105343362
-3.52650666667 973.515544694
-3.521504 972.913960348
-3.51650133333 973.288487934
-3.51149866667 972.762268544
-3.506496 973.183573054
-3.50149333333 972.948871584
-3.49649066667 973.074372917
-3.491488 972.327854866
-3.48648533333 972.71685912
-3.48148266667 972.251230399
-3.47648 973.2921383
-3.47147733333 972.62818895
-3.46647466667 973.873388349
-3.461472 973.177491909
-3.45646933333 973.241074153
-3.45146666667 972.104700255
-3.446464 972.738602896
-3.44146133333 972.179246662
-3.43645866667 972.364797868
-3.431456 971.897448088
-3.42645333333 972.811048879
-3.42145066667 972.487023292
-3.416448 973.67726536
-3.41144533333 974.126894404
-3.40644266667 974.625318082
-3.40144 973.695967721
-3.39643733333 973.242913819
-3.39143466667 972.988570787
-3.386432 972.831155489
-3.38142933333 972.245520316
-3.37642666667 972.902411137
-3.371424 972.388969311
-3.36642133333 972.811399174
-3.36141866667 971.864662313
-3.356416 972.581841917
-3.35141333333 972.506029341
-3.34641066667 972.077950586
-3.341408 972.214964998
-3.33640533333 972.84895427
-3.33140266667 972.853449245
-3.3264 973.685180601
-3.32139733333 974.11529556
-3.31639466667 975.425027839
-3.311392 975.037531694
-3.30638933333 975.208755977
-3.30138666667 975.158478792
-3.296384 975.757118784
-3.29138133333 975.427854044
-3.28637866667 975.657636951
-3.281376 975.453050069
-3.27637333333 975.616057025
-3.27137066667 975.381493665
-3.266368 975.770646712
-3.26136533333 975.675708474
-3.25636266667 976.071901143
-3.25136 975.844300703
-3.24635733333 976.42027823
-3.24135466667 976.789574231
-3.236352 976.897209013
-3.23134933333 976.824353492
-3.22634666667 977.720903924
-3.221344 977.800719526
-3.21634133333 978.234833125
-3.21133866667 977.728328606
-3.206336 979.289454742
-3.20133333333 982.282918453
-3.19633066667 988.205768327
-3.191328 992.029969165
-3.18632533333 992.665759883
-3.18132266667 993.742174745
-3.17632 993.276087847
-3.17131733333 968.223289411
-3.16631466667 961.061988172
-3.161312 956.899331041
-3.15630933333 957.023031657
-3.15130666667 953.747116214
-3.146304 954.08884155
-3.14130133333 957.023845991
-3.13629866667 971.472359091
-3.131296 984.855380839
-3.12629333333 987.707854524
-3.12129066667 988.592789649
-3.116288 991.296779323
-3.11128533333 993.13226307
-3.10628266667 994.1730391
-3.10128 995.135780931
-3.09627733333 995.491008934
-3.09127466667 994.497491178
-3.086272 994.195051815
-3.08126933333 993.101881299
-3.07626666667 992.572461429
-3.071264 991.424628045
-3.06626133333 991.052102861
-3.06125866667 990.031121635
-3.056256 989.340111289
-3.05125333333 988.639634198
-3.04625066667 989.074540302
-3.041248 987.870549812
-3.03624533333 988.095093115
-3.03124266667 986.867126565
-3.02624 986.966365463
-3.02123733333 986.331241138
-3.01623466667 986.179178968
-3.011232 985.062406037
-3.00622933333 984.763360423
-3.00122666667 984.382351048
-2.996224 984.355735844
-2.99122133333 983.577669527
-2.98621866667 983.73065279
-2.981216 982.962703329
-2.97621333333 983.481847452
-2.97121066667 982.368191954
-2.966208 982.465192507
-2.96120533333 982.386389941
-2.95620266667 982.62522545
-2.9512 982.352775083
-2.94619733333 982.374865643
-2.94119466667 983.007738644
-2.936192 981.092511781
-2.93118933333 979.93034243
-2.92618666667 980.397519627
-2.921184 979.510038279
-2.91618133333 979.265214695
-2.91117866667 979.094091248
-2.906176 979.048327645
-2.90117333333 979.08239361
-2.89617066667 979.363857811
-2.891168 978.140835674
-2.88616533333 978.204479639
-2.88116266667 977.975954164
-2.87616 978.366776077
-2.87115733333 977.137440789
-2.86615466667 978.041172433
-2.861152 977.19052723
-2.85614933333 977.653737893
-2.85114666667 976.604247698
-2.846144 976.876901842
-2.84114133333 977.072597538
-2.83613866667 976.943526115
-2.831136 976.113920683
-2.82613333333 976.191446766
-2.82113066667 976.043576077
-2.816128 976.445472511
-2.81112533333 975.556303324
-2.80612266667 975.490313229
-2.80112 975.358382239
-2.79611733333 975.50751862
-2.79111466667 975.347504821
-2.786112 975.233402824
-2.78110933333 975.004113731
-2.77610666667 974.732153984
-2.771104 974.392206584
-2.76610133333 974.951793005
-2.76109866667 973.775357271
-2.756096 973.543942108
-2.75109333333 972.238849429
-2.74609066667 976.957320876
-2.741088 976.071263141
-2.73608533333 974.281513209
-2.73108266667 970.13700409
-2.72608 969.831175741
-2.72107733333 970.265983943
-2.71607466667 971.228731444
-2.711072 970.887633865
-2.70606933333 971.422357029
-2.70106666667 971.447765622
-2.696064 971.164211658
-2.69106133333 971.142568864
-2.68605866667 972.204191239
-2.681056 971.60738595
-2.67605333333 973.428720309
-2.67105066667 974.861657086
-2.666048 975.774648637
-2.66104533333 977.194292314
-2.65604266667 978.771281874
-2.65104 978.637601904
-2.64603733333 980.279328739
-2.64103466667 984.754456893
-2.636032 986.349935047
-2.63102933333 985.830270406
-2.62602666667 986.451574111
-2.621024 985.579668861
-2.61602133333 986.14205214
-2.61101866667 975.788997918
-2.606016 969.473671173
-2.60101333333 964.739915449
-2.59601066667 961.421297024
-2.591008 958.641653422
-2.58600533333 958.868304604
-2.58100266667 960.011000509
-2.576 961.860115281
-2.57099733333 961.315753529
-2.56599466667 962.417937242
-2.560992 962.891881583
-2.55598933333 963.699406938
-2.55098666667 963.751663118
-2.545984 966.310490996
-2.54098133333 968.043445544
-2.53597866667 971.73091712
-2.530976 978.776795829
-2.52597333333 989.649259972
-2.52097066667 995.384130873
-2.515968 995.606289659
-2.51096533333 993.201191074
-2.50596266667 992.954462783
-2.50096 992.131036239
-2.49595733333 991.543310164
-2.49095466667 991.321693028
-2.485952 991.213215924
-2.48094933333 990.818084067
-2.47594666667 990.542589941
-2.470944 989.895046805
-2.46594133333 990.04615152
-2.46093866667 989.64941496
-2.455936 989.726964327
-2.45093333333 989.124904965
-2.44593066667 989.428604732
-2.440928 988.505297801
-2.43592533333 988.299400277
-2.43092266667 987.924373012
-2.42592 988.10439525
-2.42091733333 987.997167111
-2.41591466667 987.938172622
-2.410912 987.836477071
-2.40590933333 988.230334453
-2.40090666667 987.838509008
-2.395904 988.0606182
-2.39090133333 987.54563238
-2.38589866667 988.016111641
-2.380896 987.171495678
-2.37589333333 987.363363479
-2.37089066667 987.487107747
-2.365888 987.6615993
-2.36088533333 987.575340465
-2.35588266667 987.73640838
-2.35088 987.470936636
-2.34587733333 987.389375652
-2.34087466667 987.141516278
-2.335872 986.88559729
-2.33086933333 986.479010089
-2.32586666667 986.952775042
-2.320864 986.734172876
-2.31586133333 986.737664092
-2.31085866667 986.723637749
-2.305856 986.53254371
-2.30085333333 986.420813906
-2.29585066667 986.64762812
-2.290848 986.284062276
-2.28584533333 986.8441204
-2.28084266667 986.198995403
-2.27584 986.088409935
-2.27083733333 985.434658351
-2.26583466667 985.550120532
-2.260832 985.63024108
-2.25582933333 985.691471196
-2.25082666667 984.549896975
-2.245824 985.403488143
-2.24082133333 985.902914673
-2.23581866667 986.203029953
-2.230816 986.243575755
-2.22581333333 988.07070609
-2.22081066667 987.722806624
-2.215808 988.277277293
-2.21080533333 988.085184229
-2.20580266667 988.770749965
-2.2008 988.779804559
-2.19579733333 989.354771883
-2.19079466667 989.138505576
-2.185792 989.552962153
-2.18078933333 988.968513001
-2.17578666667 989.683408459
-2.170784 989.047860868
-2.16578133333 989.15021432
-2.16077866667 989.044441697
-2.155776 989.01728367
-2.15077333333 989.097517118
-2.14577066667 989.113466498
-2.140768 989.034824987
-2.13576533333 989.454114988
-2.13076266667 988.785102075
-2.12576 989.058039486
-2.12075733333 987.443036627
-2.11575466667 987.430922647
-2.110752 987.113463105
-2.10574933333 987.181446011
-2.10074666667 986.627713588
-2.095744 986.40425735
-2.09074133333 986.446813234
-2.08573866667 986.29350957
-2.080736 985.822304031
-2.07573333333 986.146787139
-2.07073066667 985.925852563
-2.065728 985.673083169
-2.06072533333 984.705449504
-2.05572266667 983.479141251
-2.05072 982.820548176
-2.04571733333 982.750023293
-2.04071466667 982.625671495
-2.035712 982.968724088
-2.03070933333 983.021407443
-2.02570666667 983.740192949
-2.020704 983.683169615
-2.01570133333 984.608008738
-2.01069866667 984.166671147
-2.005696 984.665715144
-2.00069333333 984.183063033
-1.99569066667 985.04144449
-1.990688 984.280635323
-1.98568533333 984.695735023
-1.98068266667 984.603534686
-1.97568 984.891473485
-1.97067733333 984.821429201
-1.96567466667 984.797310066
-1.960672 985.146218428
-1.95566933333 985.428971897
-1.95066666667 984.812811348
-1.945664 985.009052379
-1.94066133333 984.914901187
-1.93565866667 984.819768838
-1.930656 984.864365329
-1.92565333333 985.018301025
-1.92065066667 984.755289368
-1.915648 984.810785977
-1.91064533333 984.584115778
-1.90564266667 984.83370756
-1.90064 984.395293426
-1.89563733333 984.493242252
-1.89063466667 983.859895211
-1.885632 983.811485136
-1.88062933333 983.200678915
-1.87562666667 983.376004472
-1.870624 982.462352575
-1.86562133333 983.092190706
-1.86061866667 982.369825023
-1.855616 983.171433698
-1.85061333333 982.555274933
-1.84561066667 982.96385868
-1.840608 981.962712231
-1.83560533333 983.053855735
-1.83060266667 982.94580983
-1.8256 982.64207036
-1.82059733333 982.966889087
-1.81559466667 983.446943458
-1.810592 983.417755157
-1.80558933333 983.457440484
-1.80058666667 983.068771221
-1.795584 983.109035052
-1.79058133333 982.301441207
-1.78557866667 982.5947371
-1.780576 982.233607796
-1.77557333333 982.704089512
-1.77057066667 982.1851266
-1.765568 982.091773664
-1.76056533333 981.896315188
-1.75556266667 982.678288564
-1.75056 982.208895566
-1.74555733333 982.033037643
-1.74055466667 980.567283021
-1.735552 981.608743744
-1.73054933333 981.24834189
-1.72554666667 981.362530614
-1.720544 980.898774863
-1.71554133333 980.319158899
-1.71053866667 980.07243007
-1.705536 979.837174642
-1.70053333333 979.503578342
-1.69553066667 979.797397968
-1.690528 979.268191004
-1.68552533333 979.789946564
-1.68052266667 979.393284742
-1.67552 979.811054925
-1.67051733333 979.16666922
-1.66551466667 979.603384119
-1.660512 979.073535679
-1.65550933333 979.129568122
-1.65050666667 978.782963772
-1.645504 978.596101123
-1.64050133333 978.236696289
-1.63549866667 979.067720487
-1.630496 978.599309833
-1.62549333333 978.989329698
-1.62049066667 978.352259842
-1.615488 979.388473965
-1.61048533333 978.564624929
-1.60548266667 978.765558065
-1.60048 978.837330773
-1.59547733333 979.062998611
-1.59047466667 978.51791125
-1.585472 979.142882012
-1.58046933333 978.332988383
-1.57546666667 979.211996435
-1.570464 978.391145705
-1.56546133333 978.744795626
-1.56045866667 978.0228292
-1.555456 978.09969234
-1.55045333333 977.839168694
-1.54545066667 978.360916937
-1.540448 978.756805777
-1.53544533333 979.094389266
-1.53044266667 978.667537077
-1.52544 979.165756618
-1.52043733333 978.464143013
-1.51543466667 979.292481101
-1.510432 978.507730899
-1.50542933333 978.612356756
-1.50042666667 978.045578569
-1.495424 978.914687423
-1.49042133333 978.317221003
-1.48541866667 978.807425808
-1.480416 979.248080996
-1.47541333333 979.189056593
-1.47041066667 978.868517384
-1.465408 979.299602296
-1.46040533333 978.70722901
-1.45540266667 979.331774459
-1.4504 978.83992873
-1.44539733333 978.587596464
-1.44039466667 978.77678151
-1.435392 978.916662499
-1.43038933333 978.133978531
-1.42538666667 978.215092862
-1.420384 977.639568149
-1.41538133333 978.119715882
-1.41037866667 977.586318744
-1.405376 978.077933397
-1.40037333333 978.040456329
-1.39537066667 978.285536881
-1.390368 977.517398453
-1.38536533333 977.687514151
-1.38036266667 977.384836168
-1.37536 977.735618274
-1.37035733333 977.39540487
-1.36535466667 977.137038389
-1.360352 976.143368516
-1.35534933333 977.435037993
-1.35034666667 976.833544914
-1.345344 977.682745266
-1.34034133333 977.033551097
-1.33533866667 977.288873588
-1.330336 977.075704112
-1.32533333333 976.753950212
-1.32033066667 976.909652098
-1.315328 977.433479357
-1.31032533333 976.660463341
-1.30532266667 976.756264763
-1.30032 976.433942541
-1.29531733333 976.618770721
-1.29031466667 975.916194786
-1.285312 976.69500409
-1.28030933333 976.967772313
-1.27530666667 976.657805492
-1.270304 976.252070927
-1.26530133333 975.820940751
-1.26029866667 976.677194591
-1.255296 976.829455082
-1.25029333333 975.816610848
-1.24529066667 976.287539952
-1.240288 976.228381716
-1.23528533333 977.00945166
-1.23028266667 976.460252731
-1.22528 976.831440437
-1.22027733333 976.703076066
-1.21527466667 976.934239557
-1.210272 976.379202392
-1.20526933333 976.447856055
-1.20026666667 975.755550159
-1.195264 976.43833782
-1.19026133333 976.144901293
-1.18525866667 975.982449883
-1.180256 975.32468688
-1.17525333333 975.377245035
-1.17025066667 975.13548021
-1.165248 975.3032183
-1.16024533333 975.411753308
-1.15524266667 975.380319488
-1.15024 975.030128385
-1.14523733333 975.417699318
-1.14023466667 974.994153124
-1.135232 975.335835268
-1.13022933333 975.183543234
-1.12522666667 975.101444614
-1.120224 975.146130732
-1.11522133333 975.098508652
-1.11021866667 974.916476206
-1.105216 975.198040534
-1.10021333333 975.067502194
-1.09521066667 975.088137083
-1.090208 975.260732559
-1.08520533333 975.314280806
-1.08020266667 975.014066049
-1.0752 975.682262593
-1.07019733333 974.758968011
-1.06519466667 974.898377947
-1.060192 975.33804443
-1.05518933333 975.327925083
-1.05018666667 975.026912215
-1.045184 975.350996537
-1.04018133333 974.818015982
-1.03517866667 975.189002533
-1.030176 974.249698516
-1.02517333333 974.725318468
-1.02017066667 974.777902247
-1.015168 975.096854936
-1.01016533333 974.774606368
-1.00516266667 974.662128776
-1.00016 974.715873586
-0.995157333333 975.151361415
-0.990154666667 974.599668058
-0.985152 974.756872602
-0.980149333333 974.401819139
-0.975146666667 974.907810917
-0.970144 974.609810711
-0.965141333333 975.109248222
-0.960138666667 975.428983629
-0.955136 974.440566349
-0.950133333333 973.278883103
-0.945130666667 973.765508808
-0.940128 973.73630294
-0.935125333333 973.557222702
-0.930122666667 972.279358847
-0.92512 972.776410124
-0.920117333333 973.23450789
-0.915114666667 973.421964774
-0.910112 972.330071976
-0.905109333333 972.693376518
-0.900106666667 973.270978139
-0.895104 972.778715586
-0.890101333333 972.727871888
-0.885098666667 972.543775709
-0.880096 972.331403411
-0.875093333333 972.350803065
-0.870090666667 971.921784379
-0.865088 972.416990078
-0.860085333333 972.583014861
-0.855082666667 972.852530327
-0.85008 972.365653213
-0.845077333333 972.397516787
-0.840074666667 972.390043673
-0.835072 971.847758271
-0.830069333333 972.063444061
-0.825066666667 971.99879262
-0.820064 971.939372288
-0.815061333333 972.490923164
-0.810058666667 971.992643731
-0.805056 972.357333295
-0.800053333333 972.057908281
-0.795050666667 972.069069701
-0.790048 972.144941108
-0.785045333333 972.557235025
-0.780042666667 972.544202164
-0.77504 972.751608111
-0.770037333333 972.327463021
-0.765034666667 972.255072197
-0.760032 971.706511801
-0.755029333333 972.210311424
-0.750026666667 971.359146645
-0.745024 971.120086328
-0.740021333333 970.890848636
-0.735018666667 970.773777419
-0.730016 971.002957214
-0.725013333333 971.789393021
-0.720010666667 971.904613722
-0.715008 971.793459142
-0.710005333333 971.451577455
-0.705002666667 971.495488084
-0.7 970.880766454
-0.694997333333 971.239385771
-0.689994666667 971.274845121
-0.684992 971.145186929
-0.679989333333 971.238825648
-0.674986666667 971.414788846
-0.669984 971.791168496
-0.664981333333 971.106912469
-0.659978666667 970.857246224
-0.654976 971.177848503
-0.649973333333 970.865045674
-0.644970666667 971.015992685
-0.639968 969.749721786
-0.634965333333 970.209057894
-0.629962666667 969.871525788
-0.62496 969.435684431
-0.619957333333 969.288207859
-0.614954666667 969.335826986
-0.609952 968.849857524
-0.604949333333 968.032613738
-0.599946666667 968.251502848
-0.594944 968.188278547
-0.589941333333 967.574873643
-0.584938666667 968.809385721
-0.579936 969.171203273
-0.574933333333 968.747533904
-0.569930666667 968.515873964
-0.564928 968.634138928
-0.559925333333 968.731876664
-0.554922666667 968.823070905
-0.54992 968.640186498
-0.544917333333 969.414355467
-0.539914666667 969.918016661
-0.534912 970.822489351
-0.529909333333 970.380344598
-0.524906666667 970.639686797
-0.519904 970.773919112
-0.514901333333 970.590865564
-0.509898666667 970.428348659
-0.504896 969.960907799
-0.499893333333 970.079699442
-0.494890666667 970.163832785
-0.489888 969.720234478
-0.484885333333 970.191210893
-0.479882666667 970.2559231
-0.47488 970.355633551
-0.469877333333 969.695855286
-0.464874666667 969.88687148
-0.459872 970.014176131
-0.454869333333 969.92878921
-0.449866666667 969.872162593
-0.444864 969.762257717
-0.439861333333 969.110496079
-0.434858666667 969.317536106
-0.429856 969.043483614
-0.424853333333 969.75140349
-0.419850666667 969.027900611
-0.414848 969.0978671
-0.409845333333 969.304643999
-0.404842666667 969.248318042
-0.39984 969.321501417
-0.394837333333 968.976790273
-0.389834666667 968.920133787
-0.384832 968.686836469
-0.379829333333 968.537410412
-0.374826666667 969.059979576
-0.369824 968.837639255
-0.364821333333 969.134938728
-0.359818666667 968.906396386
-0.354816 969.03867382
-0.349813333333 968.66135723
-0.344810666667 968.960473057
-0.339808 969.276729994
-0.334805333333 969.383124753
-0.329802666667 968.725383321
-0.3248 969.189329632
-0.319797333333 968.379395911
-0.314794666667 968.879952185
-0.309792 968.595895775
-0.304789333333 968.75223848
-0.299786666667 968.416610413
-0.294784 968.919130875
-0.289781333333 968.724562694
-0.284778666667 968.262856011
-0.279776 968.284489779
-0.274773333333 968.106293515
-0.269770666667 967.585061759
-0.264768 968.22132414
-0.259765333333 967.725888011
-0.254762666667 968.296371973
-0.24976 968.153259419
-0.244757333333 968.387546423
-0.239754666667 968.675785475
-0.234752 968.725441551
-0.229749333333 968.011253671
-0.224746666667 968.284245087
-0.219744 968.179700029
-0.214741333333 967.889900259
-0.209738666667 967.22928966
-0.204736 967.017654414
-0.199733333333 966.792641686
-0.194730666667 967.189905721
-0.189728 966.475745374
-0.184725333333 966.819189974
-0.179722666667 966.729072615
-0.17472 966.673305696
-0.169717333333 966.712521088
-0.164714666667 967.475678229
-0.159712 967.519388294
-0.154709333333 967.556005948
-0.149706666667 967.12933816
-0.144704 967.780807234
-0.139701333333 967.703726305
-0.134698666667 967.666310082
-0.129696 967.438843958
-0.124693333333 967.2297821
-0.119690666667 967.205171588
-0.114688 966.944495255
-0.109685333333 966.653780384
-0.104682666667 966.962898085
-0.09968 966.662983954
-0.0946773333333 966.76664658
-0.0896746666667 966.771827056
-0.084672 966.933763152
-0.0796693333333 966.844475075
-0.0746666666667 966.995581136
-0.069664 967.07064778
-0.0646613333333 966.979278225
-0.0596586666667 966.15808493
-0.054656 966.699191158
-0.0496533333333 966.231640324
-0.0446506666667 966.926188097
-0.039648 966.322651221
-0.0346453333333 966.757247443
-0.0296426666667 966.47877831
-0.02464 966.779195639
-0.0196373333333 966.376404267
-0.0146346666667 966.482978678
-0.009632 966.138091742
-0.00462933333333 966.243822843
