（-9.77984,2），（-1.8306,1.5）
-9.99995733333 337.827879392
-9.99495466667 337.8185057
-9.989952 337.66603031
-9.98494933333 337.537095102
-9.97994666667 337.319213691
-9.974944 337.246477439
-9.96994133333 337.153351467
-9.96493866667 337.089944513
-9.959936 337.050426023
-9.95493333333 337.09214471
-9.94993066667 337.055331392
-9.944928 337.122069545
-9.93992533333 337.042943128
-9.93492266667 337.015958591
-9.92992 336.909699644
-9.92491733333 336.909493725
-9.91991466667 336.816870398
-9.914912 336.765220715
-9.90990933333 336.715007959
-9.90490666667 336.743851304
-9.899904 336.64661915
-9.89490133333 336.674740261
-9.88989866667 336.653908036
-9.884896 336.677811191
-9.87989333333 336.634454957
-9.87489066667 336.650097893
-9.869888 336.692053117
-9.86488533333 336.706406269
-9.85988266667 336.688464517
-9.85488 336.676022431
-9.84987733333 336.640321974
-9.84487466667 336.545599541
-9.839872 336.410545458
-9.83486933333 336.58781301
-9.82986666667 336.560670419
-9.824864 336.56732365
-9.81986133333 336.482978305
-9.81485866667 336.472412666
-9.809856 336.346517516
-9.80485333333 336.322890881
-9.79985066667 336.234058477
-9.794848 336.165304728
-9.78984533333 336.130690683
-9.78484266667 336.087925056
-9.77984 336.019278207
-9.77483733333 335.968603484
-9.76983466667 335.896422047
-9.764832 335.784501636
-9.75982933333 335.670307659
-9.75482666667 335.605563059
-9.749824 335.597355223
-9.74482133333 335.602164711
-9.73981866667 335.561833949
-9.734816 335.52409491
-9.72981333333 335.458812427
-9.72481066667 335.383643463
-9.719808 335.141392259
-9.71480533333 335.044117695
-9.70980266667 334.917044717
-9.7048 334.876893831
-9.69979733333 334.743416361
-9.69479466667 334.756553269
-9.689792 334.655935288
-9.68478933333 334.713852302
-9.67978666667 334.671801193
-9.674784 334.672469998
-9.66978133333 334.642430688
-9.66477866667 334.648671533
-9.659776 334.576932406
-9.65477333333 334.548072647
-9.64977066667 334.438953533
-9.644768 334.360756408
-9.63976533333 334.229442992
-9.63476266667 334.194989885
-9.62976 334.145302819
-9.62475733333 334.142166346
-9.61975466667 334.042151324
-9.614752 334.023503038
-9.60974933333 334.018357216
-9.60474666667 334.069921823
-9.599744 334.012670483
-9.59474133333 334.056580325
-9.58973866667 334.051190123
-9.584736 334.054173909
-9.57973333333 333.989137319
-9.57473066667 334.04636901
-9.569728 334.075619281
-9.56472533333 334.064585447
-9.55972266667 334.007401808
-9.55472 334.023559501
-9.54971733333 333.99863943
-9.54471466667 334.022844645
-9.539712 333.975786441
-9.53470933333 333.945822713
-9.52970666667 333.909881434
-9.524704 333.922204027
-9.51970133333 333.858084074
-9.51469866667 333.886949287
-9.509696 333.893223848
-9.50469333333 333.840210542
-9.49969066667 333.676955328
-9.494688 333.670215643
-9.48968533333 333.581949978
-9.48468266667 333.593669236
-9.47968 333.490503712
-9.47467733333 333.510815491
-9.46967466667 333.430271594
-9.464672 333.344214673
-9.45966933333 333.223169483
-9.45466666667 333.108065587
-9.449664 333.091939981
-9.44466133333 333.081913683
-9.43965866667 333.101431514
-9.434656 333.175586391
-9.42965333333 333.164684393
-9.42465066667 333.237586161
-9.419648 333.134509056
-9.41464533333 333.11640746
-9.40964266667 333.053353762
-9.40464 332.978184512
-9.39963733333 332.85241831
-9.39463466667 332.607684098
-9.389632 332.024211444
-9.38462933333 331.595475716
-9.37962666667 330.934173136
-9.374624 330.511979036
-9.36962133333 330.18871969
-9.36461866667 329.986689047
-9.359616 329.702565282
-9.35461333333 329.551154207
-9.34961066667 329.275571873
-9.344608 329.107968458
-9.33960533333 328.963145369
-9.33460266667 328.9638302
-9.3296 329.053146046
-9.32459733333 329.437193203
-9.31959466667 329.663353234
-9.314592 329.933240817
-9.30958933333 329.939846758
-9.30458666667 330.133323108
-9.299584 330.210610372
-9.29458133333 330.489338661
-9.28957866667 330.781561677
-9.284576 330.426901228
-9.27957333333 329.637816176
-9.27457066667 329.179178611
-9.269568 329.009881983
-9.26456533333 329.023204894
-9.25956266667 329.153384866
-9.25456 329.351002294
-9.24955733333 329.591938413
-9.24455466667 329.853095893
-9.239552 330.728063911
-9.23454933333 331.678420003
-9.22954666667 332.535562185
-9.224544 332.989351444
-9.21954133333 332.976267258
-9.21453866667 332.69486712
-9.209536 331.875187307
-9.20453333333 331.283578278
-9.19953066667 331.349354076
-9.194528 332.027679666
-9.18952533333 332.490233931
-9.18452266667 332.311534152
-9.17952 332.094712595
-9.17451733333 332.007036152
-9.16951466667 331.834833438
-9.164512 331.758489247
-9.15950933333 331.609758906
-9.15450666667 331.611964443
-9.149504 331.56839666
-9.14450133333 331.461809916
-9.13949866667 331.383705601
-9.134496 331.384063186
-9.12949333333 331.29911299
-9.12449066667 331.215459948
-9.119488 331.164090151
-9.11448533333 331.113997219
-9.10948266667 331.088434969
-9.10448 331.109759916
-9.09947733333 331.076749221
-9.09447466667 331.110876372
-9.089472 331.192939008
-9.08446933333 331.223009918
-9.07946666667 331.153582959
-9.074464 331.151336511
-9.06946133333 331.120215709
-9.06445866667 331.248637759
-9.059456 331.30806556
-9.05445333333 331.295166594
-9.04945066667 331.379116921
-9.044448 331.393630836
-9.03944533333 331.489373499
-9.03444266667 331.665015002
-9.02944 331.973974905
-9.02443733333 331.939468893
-9.01943466667 331.792481474
-9.014432 331.732359275
-9.00942933333 331.590656912
-9.00442666667 331.58663863
-8.999424 331.59405189
-8.99442133333 331.651166646
-8.98941866667 331.626328334
-8.984416 331.584919185
-8.97941333333 331.434944439
-8.97441066667 331.453002107
-8.969408 331.405320027
-8.96440533333 331.417559028
-8.95940266667 331.462166022
-8.9544 331.537736537
-8.94939733333 331.495936604
-8.94439466667 331.413980622
-8.939392 331.344975226
-8.93438933333 331.375929281
-8.92938666667 331.479800514
-8.924384 331.518212488
-8.91938133333 331.465219417
-8.91437866667 331.462319207
-8.909376 331.486074933
-8.90437333333 331.413812234
-8.89937066667 331.388173743
-8.894368 331.355924342
-8.88936533333 331.376993835
-8.88436266667 331.416070299
-8.87936 331.344469345
-8.87435733333 331.331558032
-8.86935466667 331.312750876
-8.864352 331.3643609
-8.85934933333 331.344898703
-8.85434666667 331.303902905
-8.849344 331.223338476
-8.84434133333 331.213945697
-8.83933866667 331.170947683
-8.834336 331.152870001
-8.82933333333 331.167005845
-8.82433066667 331.109786788
-8.819328 331.026048896
-8.81432533333 330.975674306
-8.80932266667 330.961206929
-8.80432 331.016230204
-8.79931733333 330.948153289
-8.79431466667 330.906807367
-8.789312 330.884416648
-8.78430933333 330.884259126
-8.77930666667 330.826629433
-8.774304 330.82569412
-8.76930133333 330.820322996
-8.76429866667 330.797754428
-8.759296 330.759474053
-8.75429333333 330.734757457
-8.74929066667 330.693542378
-8.744288 330.693358932
-8.73928533333 330.645813954
-8.73428266667 330.585685658
-8.72928 330.563539333
-8.72427733333 330.550834092
-8.71927466667 330.515604795
-8.714272 330.600173557
-8.70926933333 330.76514357
-8.70426666667 331.082056015
-8.699264 331.444301173
-8.69426133333 331.769810262
-8.68925866667 331.845068837
-8.684256 331.938941563
-8.67925333333 332.004613308
-8.67425066667 332.054539434
-8.669248 332.15134403
-8.66424533333 332.310352956
-8.65924266667 332.373149027
-8.65424 332.537686951
-8.64923733333 332.595418529
-8.64423466667 332.615803632
-8.639232 332.668499497
-8.63422933333 332.595137843
-8.62922666667 332.582207866
-8.624224 332.588099756
-8.61922133333 332.623080311
-8.61421866667 332.562977461
-8.609216 332.579332323
-8.60421333333 332.544643204
-8.59921066667 332.565153516
-8.594208 332.543618278
-8.58920533333 332.528947925
-8.58420266667 332.497830552
-8.5792 332.446283168
-8.57419733333 332.33862062
-8.56919466667 332.343794346
-8.564192 332.265655232
-8.55918933333 332.282202848
-8.55418666667 332.200328052
-8.549184 332.189758334
-8.54418133333 332.179057824
-8.53917866667 332.176218512
-8.534176 332.217264825
-8.52917333333 332.290865061
-8.52417066667 332.324159198
-8.519168 332.347962564
-8.51416533333 332.352625599
-8.50916266667 332.382706675
-8.50416 332.425345589
-8.49915733333 332.42329877
-8.49415466667 332.524262658
-8.489152 332.496046151
-8.48414933333 332.509926546
-8.47914666667 332.522009226
-8.474144 332.572776256
-8.46914133333 332.630131592
-8.46413866667 332.66632463
-8.459136 332.665231393
-8.45413333333 332.669438115
-8.44913066667 332.721407454
-8.444128 332.736776145
-8.43912533333 332.710677675
-8.43412266667 332.788871258
-8.42912 332.818557102
-8.42411733333 332.882316222
-8.41911466667 332.918088994
-8.414112 332.938840831
-8.40910933333 333.008158177
-8.40410666667 333.014468037
-8.399104 333.008532069
-8.39410133333 333.031642142
-8.38909866667 333.086791157
-8.384096 333.075010305
-8.37909333333 333.024142401
-8.37409066667 333.046097721
-8.369088 333.057685675
-8.36408533333 333.055222651
-8.35908266667 333.005450323
-8.35408 332.968591288
-8.34907733333 333.000137479
-8.34407466667 332.886408678
-8.339072 332.878660743
-8.33406933333 332.87692149
-8.32906666667 332.918974057
-8.324064 332.930863238
-8.31906133333 332.992645198
-8.31405866667 332.965224483
-8.309056 332.999876976
-8.30405333333 333.08000766
-8.29905066667 333.065458639
-8.294048 333.067303469
-8.28904533333 333.041648342
-8.28404266667 333.044307863
-8.27904 333.089525995
-8.27403733333 333.027693741
-8.26903466667 333.064699759
-8.264032 333.035663531
-8.25902933333 333.048858994
-8.25402666667 332.983495731
-8.249024 333.055319505
-8.24402133333 333.018877892
-8.23901866667 332.961996123
-8.234016 332.964890773
-8.22901333333 332.946762454
-8.22401066667 332.894670334
-8.219008 332.929048253
-8.21400533333 332.882502168
-8.20900266667 332.91006893
-8.204 332.892848424
-8.19899733333 332.944345544
-8.19399466667 332.878996847
-8.188992 332.964784451
-8.18398933333 332.900993395
-8.17898666667 332.937182293
-8.173984 332.932158201
-8.16898133333 332.991840081
-8.16397866667 332.994337959
-8.158976 333.067451108
-8.15397333333 333.0658422
-8.14897066667 333.13639418
-8.143968 333.142847356
-8.13896533333 333.203213122
-8.13396266667 333.184101782
-8.12896 333.187159441
-8.12395733333 333.229548757
-8.11895466667 333.251491391
-8.113952 333.248205387
-8.10894933333 333.324003891
-8.10394666667 333.353516834
-8.098944 333.427027885
-8.09394133333 333.484191874
-8.08893866667 333.525032555
-8.083936 333.546069078
-8.07893333333 333.592724331
-8.07393066667 333.5980649
-8.068928 333.709652424
-8.06392533333 333.729005016
-8.05892266667 333.840212807
-8.05392 333.878610369
-8.04891733333 333.954906084
-8.04391466667 333.950606321
-8.038912 334.001433376
-8.03390933333 334.009221804
-8.02890666667 334.098947909
-8.023904 334.105244273
-8.01890133333 334.116830382
-8.01389866667 334.115570453
-8.008896 334.219828813
-8.00389333333 334.234804459
-7.99889066667 334.225702226
-7.993888 334.249706928
-7.98888533333 334.349815605
-7.98388266667 334.363471393
-7.97888 334.46823477
-7.97387733333 334.468929509
-7.96887466667 334.612342862
-7.963872 334.643712184
-7.95886933333 334.72400867
-7.95386666667 334.792898141
-7.948864 334.852603109
-7.94386133333 334.934733094
-7.93885866667 335.066196359
-7.933856 335.120324868
-7.92885333333 335.347794789
-7.92385066667 335.656912217
-7.918848 336.133516063
-7.91384533333 336.221980962
-7.90884266667 336.33915594
-7.90384 336.390131023
-7.89883733333 336.472695571
-7.89383466667 336.533345895
-7.888832 336.665779693
-7.88382933333 336.669588867
-7.87882666667 336.789689549
-7.873824 336.885293552
-7.86882133333 336.993217638
-7.86381866667 337.012510416
-7.858816 337.087930289
-7.85381333333 337.033601406
-7.84881066667 337.096858134
-7.843808 337.096690398
-7.83880533333 337.142568744
-7.83380266667 337.125449093
-7.8288 337.227548874
-7.82379733333 337.193471417
-7.81879466667 337.221485399
-7.813792 337.203200438
-7.80878933333 337.223307852
-7.80378666667 337.144533726
-7.798784 337.192855929
-7.79378133333 337.10896602
-7.78877866667 337.147420961
-7.783776 337.063289596
-7.77877333333 337.049792603
-7.77377066667 337.046887134
-7.768768 337.085389887
-7.76376533333 337.08452483
-7.75876266667 337.098652619
-7.75376 337.078738296
-7.74875733333 337.050837417
-7.74375466667 337.03848412
-7.738752 337.048849077
-7.73374933333 337.013652246
-7.72874666667 337.001605319
-7.723744 336.971501264
-7.71874133333 336.917389489
-7.71373866667 336.871382498
-7.708736 336.892622911
-7.70373333333 336.865358688
-7.69873066667 336.891612282
-7.693728 336.857628717
-7.68872533333 336.834554973
-7.68372266667 336.82493072
-7.67872 336.864384407
-7.67371733333 336.80078638
-7.66871466667 336.775357897
-7.663712 336.750017103
-7.65870933333 336.80599077
-7.65370666667 336.800977332
-7.648704 336.9111328
-7.64370133333 336.95973581
-7.63869866667 337.028691316
-7.633696 336.968226935
-7.62869333333 337.087384646
-7.62369066667 337.130620467
-7.618688 337.20186899
-7.61368533333 337.201825869
-7.60868266667 337.290374594
-7.60368 337.260374472
-7.59867733333 337.309806032
-7.59367466667 337.321086162
-7.588672 337.413597031
-7.58366933333 337.347607704
-7.57866666667 337.431507365
-7.573664 337.381993605
-7.56866133333 337.534004353
-7.56365866667 337.503463877
-7.558656 337.641432122
-7.55365333333 337.55915691
-7.54865066667 337.588348394
-7.543648 337.600235018
-7.53864533333 337.63530477
-7.53364266667 337.614332769
-7.52864 337.653977685
-7.52363733333 337.674670858
-7.51863466667 337.699187127
-7.513632 337.765172243
-7.50862933333 337.877434805
-7.50362666667 337.864947908
-7.498624 337.92428634
-7.49362133333 337.941473522
-7.48861866667 338.021943437
-7.483616 338.037550956
-7.47861333333 338.1169019
-7.47361066667 338.162025284
-7.468608 338.274360382
-7.46360533333 338.313656335
-7.45860266667 338.348574899
-7.4536 338.379013134
-7.44859733333 338.519964512
-7.44359466667 338.516275145
-7.438592 338.651134187
-7.43358933333 338.652899743
-7.42858666667 338.77107072
-7.423584 338.755868217
-7.41858133333 338.848199574
-7.41357866667 338.89138379
-7.408576 339.013255592
-7.40357333333 339.03615374
-7.39857066667 339.048537216
-7.393568 339.129100011
-7.38856533333 339.220642407
-7.38356266667 339.250752545
-7.37856 339.358470124
-7.37355733333 339.350049392
-7.36855466667 339.436094777
-7.363552 339.377853696
-7.35854933333 339.426818445
-7.35354666667 339.437997923
-7.348544 339.53069177
-7.34354133333 339.478218661
-7.33853866667 339.551871011
-7.333536 339.580613552
-7.32853333333 339.614789095
-7.32353066667 339.582846673
-7.318528 339.674352848
-7.31352533333 339.599398327
-7.30852266667 339.660915436
-7.30352 339.620441025
-7.29851733333 339.681964587
-7.29351466667 339.617123594
-7.288512 339.716800219
-7.28350933333 339.71492412
-7.27850666667 339.770242808
-7.273504 339.692463526
-7.26850133333 339.791557584
-7.26349866667 339.741766615
-7.258496 339.781062871
-7.25349333333 339.759377611
-7.24849066667 339.776735392
-7.243488 339.771816195
-7.23848533333 339.784166121
-7.23348266667 339.743218362
-7.22848 339.796126096
-7.22347733333 339.796113052
-7.21847466667 339.78915336
-7.213472 339.721383466
-7.20846933333 339.803682865
-7.20346666667 339.677243289
-7.198464 339.720923768
-7.19346133333 339.722624518
-7.18845866667 339.743151326
-7.183456 339.650125889
-7.17845333333 339.699303252
-7.17345066667 339.642823526
-7.168448 339.714892737
-7.16344533333 339.616022499
-7.15844266667 339.690793157
-7.15344 339.668743535
-7.14843733333 339.808787312
-7.14343466667 339.747794239
-7.138432 339.802933673
-7.13342933333 339.874861162
-7.12842666667 339.836456887
-7.123424 339.833764069
-7.11842133333 339.889737262
-7.11341866667 339.885464594
-7.108416 339.905099269
-7.10341333333 339.860444423
-7.09841066667 339.868994291
-7.093408 339.848282377
-7.08840533333 339.846300017
-7.08340266667 339.843270376
-7.0784 339.898051186
-7.07339733333 339.843356082
-7.06839466667 339.9407572
-7.063392 339.900650853
-7.05838933333 339.966303594
-7.05338666667 339.888169778
-7.048384 339.982485739
-7.04338133333 339.917874705
-7.03837866667 339.925894407
-7.033376 339.920220877
-7.02837333333 340.00217298
-7.02337066667 339.887070861
-7.018368 339.930141292
-7.01336533333 339.907816767
-7.00836266667 339.953247537
-7.00336 339.964781164
-6.99835733333 340.061726923
-6.99335466667 340.051764798
-6.988352 340.097093824
-6.98334933333 339.982682551
-6.97834666667 340.027426793
-6.973344 339.945187594
-6.96834133333 339.994485956
-6.96333866667 339.940471028
-6.958336 339.995432687
-6.95333333333 339.965326434
-6.94833066667 340.026196068
-6.943328 339.92986091
-6.93832533333 339.955225464
-6.93332266667 339.88376756
-6.92832 339.927775803
-6.92331733333 339.805951808
-6.91831466667 339.892783733
-6.913312 339.834621497
-6.90830933333 339.945535284
-6.90330666667 339.818777127
-6.898304 339.915606994
-6.89330133333 339.887645392
-6.88829866667 339.937814462
-6.883296 339.918408849
-6.87829333333 339.994931979
-6.87329066667 339.929021896
-6.868288 339.952504907
-6.86328533333 339.906813187
-6.85828266667 339.922274861
-6.85328 339.89222735
-6.84827733333 339.958430012
-6.84327466667 339.887086038
-6.838272 339.926775777
-6.83326933333 339.914631288
-6.82826666667 339.917289383
-6.823264 339.816613371
-6.81826133333 339.864430237
-6.81325866667 339.770333724
-6.808256 339.847430965
-6.80325333333 339.804950501
-6.79825066667 339.893920319
-6.793248 339.850812327
-6.78824533333 339.906550678
-6.78324266667 339.857949887
-6.77824 339.908874537
-6.77323733333 339.937539852
-6.76823466667 340.004913026
-6.763232 339.930478635
-6.75822933333 340.054217708
-6.75322666667 340.014037263
-6.748224 340.169347179
-6.74322133333 340.095370442
-6.73821866667 340.207142604
-6.733216 340.199760851
-6.72821333333 340.330750542
-6.72321066667 340.277798457
-6.718208 340.387994233
-6.71320533333 340.360571874
-6.70820266667 340.377894446
-6.7032 340.322113314
-6.69819733333 340.404407538
-6.69319466667 340.34012635
-6.688192 340.454427321
-6.68318933333 340.407145521
-6.67818666667 340.487441404
-6.673184 340.480572864
-6.66818133333 340.612003848
-6.66317866667 340.466190502
-6.658176 340.521713829
-6.65317333333 340.456144058
-6.64817066667 340.61462071
-6.643168 340.48358914
-6.63816533333 340.552209242
-6.63316266667 340.530196656
-6.62816 340.592887305
-6.62315733333 340.572283614
-6.61815466667 340.590670067
-6.613152 340.529513923
-6.60814933333 340.614959755
-6.60314666667 340.508052739
-6.598144 340.520440569
-6.59314133333 340.480832392
-6.58813866667 340.556557088
-6.583136 340.50697479
-6.57813333333 340.562090252
-6.57313066667 340.506817444
-6.568128 340.584308251
-6.56312533333 340.562889191
-6.55812266667 340.610402165
-6.55312 340.614359563
-6.54811733333 340.702006154
-6.54311466667 340.625841399
-6.538112 340.67453842
-6.53310933333 340.672467825
-6.52810666667 340.74202249
-6.523104 340.733786065
-6.51810133333 340.860113241
-6.51309866667 340.831116148
-6.508096 340.996928358
-6.50309333333 340.949208285
-6.49809066667 341.108283258
-6.493088 341.089384564
-6.48808533333 341.243700697
-6.48308266667 341.188364175
-6.47808 341.30687736
-6.47307733333 341.262560063
-6.46807466667 341.342104164
-6.463072 341.23431615
-6.45806933333 341.2977989
-6.45306666667 341.1962074
-6.448064 341.284944012
-6.44306133333 341.189937894
-6.43805866667 341.336586304
-6.433056 341.289712886
-6.42805333333 341.43162481
-6.42305066667 341.291823084
-6.418048 341.358244718
-6.41304533333 341.294055483
-6.40804266667 341.360101042
-6.40304 341.253733758
-6.39803733333 341.316919298
-6.39303466667 341.313737259
-6.388032 341.408417582
-6.38302933333 341.362459743
-6.37802666667 341.423636294
-6.373024 341.389654693
-6.36802133333 341.405759986
-6.36301866667 341.396675232
-6.358016 341.382384654
-6.35301333333 341.266516345
-6.34801066667 341.196520296
-6.343008 341.047978378
-6.33800533333 341.099061674
-6.33300266667 340.955112818
-6.328 340.985806675
-6.32299733333 340.867499343
-6.31799466667 340.864261759
-6.312992 340.772856785
-6.30798933333 340.881520996
-6.30298666667 340.827387563
-6.297984 340.871896788
-6.29298133333 340.860604975
-6.28797866667 340.945543982
-6.282976 340.845109931
-6.27797333333 340.884205047
-6.27297066667 340.833196359
-6.267968 340.887131996
-6.26296533333 340.762911381
-6.25796266667 340.858588683
-6.25296 340.839607589
-6.24795733333 340.890221676
-6.24295466667 340.783925255
-6.237952 340.836669634
-6.23294933333 340.780609259
-6.22794666667 340.800744346
-6.222944 340.692377122
-6.21794133333 340.703835986
-6.21293866667 340.630205121
-6.207936 340.654701798
-6.20293333333 340.584251126
-6.19793066667 340.666035067
-6.192928 340.621976064
-6.18792533333 340.621129328
-6.18292266667 340.465262479
-6.17792 340.508420021
-6.17291733333 340.372757004
-6.16791466667 340.455014656
-6.162912 340.369911932
-6.15790933333 340.443266118
-6.15290666667 340.375012358
-6.147904 340.39668701
-6.14290133333 340.294523166
-6.13789866667 340.288517595
-6.132896 340.167740784
-6.12789333333 340.19897975
-6.12289066667 340.053050549
-6.117888 340.094711018
-6.11288533333 340.019535337
-6.10788266667 340.00695798
-6.10288 339.821241718
-6.09787733333 339.804281109
-6.09287466667 339.717139687
-6.087872 339.771961932
-6.08286933333 339.627016995
-6.07786666667 339.64964169
-6.072864 339.618959069
-6.06786133333 339.612164483
-6.06285866667 339.501113041
-6.057856 339.516682694
-6.05285333333 339.472990856
-6.04785066667 339.457351722
-6.042848 339.304765595
-6.03784533333 339.332529836
-6.03284266667 339.261658248
-6.02784 339.354270678
-6.02283733333 339.344380503
-6.01783466667 339.411454259
-6.012832 339.440616073
-6.00782933333 339.5721706
-6.00282666667 339.562889634
-5.997824 339.718517647
-5.99282133333 339.719831408
-5.98781866667 339.791588678
-5.982816 339.781249239
-5.97781333333 339.824616656
-5.97281066667 339.80392276
-5.967808 339.848432228
-5.96280533333 339.797376739
-5.95780266667 339.809723161
-5.9528 339.77826457
-5.94779733333 339.831191903
-5.94279466667 339.78743809
-5.937792 339.89016504
-5.93278933333 339.855549795
-5.92778666667 339.907189932
-5.922784 339.850535675
-5.91778133333 339.927534252
-5.91277866667 339.889208597
-5.907776 339.984998635
-5.90277333333 339.958746289
-5.89777066667 340.034078007
-5.892768 340.020043571
-5.88776533333 340.039309078
-5.88276266667 339.980078748
-5.87776 340.073445984
-5.87275733333 340.058089503
-5.86775466667 340.113794447
-5.862752 340.013684312
-5.85774933333 340.078686672
-5.85274666667 340.111512775
-5.847744 340.155927409
-5.84274133333 340.122749933
-5.83773866667 340.189449216
-5.832736 340.201167761
-5.82773333333 340.206510729
-5.82273066667 340.12352365
-5.817728 340.170052645
-5.81272533333 340.102770698
-5.80772266667 340.154117273
-5.80272 340.079944134
-5.79771733333 340.096540671
-5.79271466667 340.054416653
-5.787712 340.096325374
-5.78270933333 340.032654111
-5.77770666667 340.096795372
-5.772704 340.043958462
-5.76770133333 340.081885041
-5.76269866667 339.998510822
-5.757696 340.096071478
-5.75269333333 340.025653354
-5.74769066667 340.101572025
-5.742688 340.020893635
-5.73768533333 339.983624152
-5.73268266667 339.95648969
-5.72768 339.990889521
-5.72267733333 339.872098119
-5.71767466667 339.843550015
-5.712672 339.772796049
-5.70766933333 339.763723163
-5.70266666667 339.629120914
-5.697664 339.66539192
-5.69266133333 339.534888085
-5.68765866667 339.499450546
-5.682656 339.336589664
-5.67765333333 339.34276342
-5.67265066667 339.249586751
-5.667648 339.194147569
-5.66264533333 339.077444525
-5.65764266667 338.935870135
-5.65264 338.846967438
-5.64763733333 338.787060365
-5.64263466667 338.652865111
-5.637632 338.658427003
-5.63262933333 338.599276787
-5.62762666667 338.583264584
-5.622624 338.451411843
-5.61762133333 338.428906983
-5.61261866667 338.307265367
-5.607616 338.287517418
-5.60261333333 338.190433597
-5.59761066667 338.137349988
-5.592608 338.090760417
-5.58760533333 338.125085087
-5.58260266667 338.136014556
-5.5776 338.202866496
-5.57259733333 338.190760762
-5.56759466667 338.267030285
-5.562592 338.252291693
-5.55758933333 338.34556441
-5.55258666667 338.396305128
-5.547584 338.444590867
-5.54258133333 338.382180671
-5.53757866667 338.393824766
-5.532576 338.408233988
-5.52757333333 338.437112711
-5.52257066667 338.439178297
-5.517568 338.498239062
-5.51256533333 338.536101451
-5.50756266667 338.570281471
-5.50256 338.500963995
-5.49755733333 338.57623045
-5.49255466667 338.592653358
-5.487552 338.617198064
-5.48254933333 338.618766813
-5.47754666667 338.658850672
-5.472544 338.648137438
-5.46754133333 338.696274255
-5.46253866667 338.62876327
-5.457536 338.708851495
-5.45253333333 338.737752108
-5.44753066667 338.798543465
-5.442528 338.771404509
-5.43752533333 338.867434233
-5.43252266667 338.81999549
-5.42752 338.889191666
-5.42251733333 338.836327427
-5.41751466667 338.851129432
-5.412512 338.843159268
-5.40750933333 338.924739256
-5.40250666667 338.879853848
-5.397504 338.913828992
-5.39250133333 338.877210777
-5.38749866667 338.909625812
-5.382496 338.841397989
-5.37749333333 338.802896522
-5.37249066667 338.834221174
-5.367488 338.900151282
-5.36248533333 338.886154527
-5.35748266667 338.924873707
-5.35248 338.898773561
-5.34747733333 338.91320943
-5.34247466667 338.901686088
-5.337472 338.876322394
-5.33246933333 338.901309815
-5.32746666667 338.886553089
-5.322464 338.923667664
-5.31746133333 338.987123615
-5.31245866667 339.089470136
-5.307456 339.135713394
-5.30245333333 339.113437124
-5.29745066667 339.035138845
-5.292448 339.073750841
-5.28744533333 339.053101571
-5.28244266667 339.014023298
-5.27744 339.030944623
-5.27243733333 339.055171751
-5.26743466667 339.068666199
-5.262432 338.997255568
-5.25742933333 339.002352337
-5.25242666667 339.081372961
-5.247424 339.082852529
-5.24242133333 339.031130212
-5.23741866667 339.018381127
-5.232416 339.006615218
-5.22741333333 339.061348405
-5.22241066667 339.032929802
-5.217408 339.035368567
-5.21240533333 339.075725788
-5.20740266667 339.075366545
-5.2024 338.990900336
-5.19739733333 339.006894104
-5.19239466667 338.981869559
-5.187392 338.975775024
-5.18238933333 338.952124985
-5.17738666667 338.976880164
-5.172384 339.011870536
-5.16738133333 339.034582372
-5.16237866667 338.967376253
-5.157376 338.963713213
-5.15237333333 338.972041561
-5.14737066667 338.979887203
-5.142368 339.003587626
-5.13736533333 339.070114486
-5.13236266667 339.136763699
-5.12736 339.135361887
-5.12235733333 339.086966653
-5.11735466667 339.153670354
-5.112352 339.197786635
-5.10734933333 339.239714955
-5.10234666667 339.224475921
-5.097344 339.249965281
-5.09234133333 339.344135936
-5.08733866667 339.366921706
-5.082336 339.389532848
-5.07733333333 339.525458679
-5.07233066667 339.604588416
-5.067328 339.648209522
-5.06232533333 339.622754517
-5.05732266667 339.685247629
-5.05232 339.725885288
-5.04731733333 339.748274642
-5.04231466667 339.736801389
-5.037312 339.786602603
-5.03230933333 339.858876839
-5.02730666667 339.871936519
-5.022304 339.829096722
-5.01730133333 339.869747352
-5.01229866667 339.897786729
-5.007296 339.89719453
-5.00229333333 339.897917521
-4.99729066667 339.917375461
-4.992288 339.869619459
-4.98728533333 339.886102436
-4.98228266667 339.798556787
-4.97728 339.697874808
-4.97227733333 339.683212104
-4.96727466667 339.62978018
-4.962272 339.582068131
-4.95726933333 339.543610606
-4.95226666667 339.468100243
-4.947264 339.486286954
-4.94226133333 339.390550031
-4.93725866667 339.385453051
-4.932256 339.299404363
-4.92725333333 339.222187979
-4.92225066667 339.100813467
-4.917248 338.956023374
-4.91224533333 338.972482651
-4.90724266667 338.945071309
-4.90224 338.921903925
-4.89723733333 338.923547055
-4.89223466667 338.932691058
-4.887232 338.876791413
-4.88222933333 338.787887682
-4.87722666667 338.776301767
-4.872224 338.742646014
-4.86722133333 338.690877786
-4.86221866667 338.622631195
-4.857216 338.524723184
-4.85221333333 338.481413027
-4.84721066667 338.490280768
-4.842208 338.457912772
-4.83720533333 338.516397282
-4.83220266667 338.574188578
-4.8272 338.592579641
-4.82219733333 338.645743064
-4.81719466667 338.644717615
-4.812192 338.768572355
-4.80718933333 338.823826238
-4.80218666667 338.843112946
-4.797184 338.80025387
-4.79218133333 338.792197784
-4.78717866667 338.790478454
-4.782176 338.781900372
-4.77717333333 338.832728996
-4.77217066667 338.850885079
-4.767168 338.908839057
-4.76216533333 338.862053647
-4.75716266667 338.927708728
-4.75216 338.992862639
-4.74715733333 338.988285825
-4.74215466667 339.000030832
-4.737152 339.060542044
-4.73214933333 339.10500347
-4.72714666667 339.176612021
-4.722144 339.177515089
-4.71714133333 339.183263801
-4.71213866667 339.192254834
-4.707136 339.183532452
-4.70213333333 339.134641036
-4.69713066667 339.162181266
-4.692128 339.160628376
-4.68712533333 339.162063127
-4.68212266667 339.118926775
-4.67712 339.186963323
-4.67211733333 339.202420446
-4.66711466667 339.248794634
-4.662112 339.204495109
-4.65710933333 339.258296382
-4.65210666667 339.334359786
-4.647104 339.296165522
-4.64210133333 339.295434502
-4.63709866667 339.355462661
-4.632096 339.296300943
-4.62709333333 339.264785074
-4.62209066667 339.222025976
-4.617088 339.162971004
-4.61208533333 339.180363691
-4.60708266667 339.105707805
-4.60208 339.072706354
-4.59707733333 339.11532402
-4.59207466667 339.058419506
-4.587072 339.113847327
-4.58206933333 339.059143937
-4.57706666667 339.00950027
-4.572064 338.94722782
-4.56706133333 338.986493766
-4.56205866667 338.934339178
-4.557056 338.877378532
-4.55205333333 338.916216085
-4.54705066667 338.921226366
-4.542048 338.912419392
-4.53704533333 338.854531651
-4.53204266667 338.811737003
-4.52704 338.76399184
-4.52203733333 338.692327745
-4.51703466667 338.626488168
-4.512032 338.57479092
-4.50702933333 338.553641326
-4.50202666667 338.41901521
-4.497024 338.344222526
-4.49202133333 338.376784415
-4.48701866667 338.365813501
-4.482016 338.30443217
-4.47701333333 338.274153105
-4.47201066667 338.26515934
-4.467008 338.238410118
-4.46200533333 338.152586334
-4.45700266667 338.161362083
-4.452 338.179863966
-4.44699733333 338.185174015
-4.44199466667 338.215860464
-4.436992 338.282996836
-4.43198933333 338.403138422
-4.42698666667 338.468018854
-4.421984 338.49815744
-4.41698133333 338.582389229
-4.41197866667 338.668719728
-4.406976 338.692844735
-4.40197333333 338.740348859
-4.39697066667 338.754411621
-4.391968 338.836919697
-4.38696533333 338.831040645
-4.38196266667 338.846053394
-4.37696 338.890549557
-4.37195733333 338.959246571
-4.36695466667 339.015305981
-4.361952 338.929946913
-4.35694933333 338.972912399
-4.35194666667 339.008194195
-4.346944 338.984762198
-4.34194133333 338.977390404
-4.33693866667 338.943523083
-4.331936 338.987843201
-4.32693333333 338.950072529
-4.32193066667 338.929478976
-4.316928 338.898269135
-4.31192533333 338.944311363
-4.30692266667 338.891895147
-4.30192 338.873493569
-4.29691733333 338.919735894
-4.29191466667 338.919110945
-4.286912 338.910332398
-4.28190933333 338.897205534
-4.27690666667 338.87014953
-4.271904 338.90162793
-4.26690133333 338.862853651
-4.26189866667 338.891835521
-4.256896 338.894662579
-4.25189333333 338.980111814
-4.24689066667 338.956325153
-4.241888 338.909706183
-4.23688533333 338.950975242
-4.23188266667 338.987822321
-4.22688 338.984403656
-4.22187733333 339.038581766
-4.21687466667 339.028422351
-4.211872 339.003366125
-4.20686933333 339.034546431
-4.20186666667 339.129842
-4.196864 339.075380067
-4.19186133333 339.147999926
-4.18685866667 339.235646877
-4.181856 339.275082676
-4.17685333333 339.365197479
-4.17185066667 339.50549024
-4.166848 339.486240513
-4.16184533333 339.541949562
-4.15684266667 339.594948377
-4.15184 339.609953452
-4.14683733333 339.577246978
-4.14183466667 339.653789984
-4.136832 339.642753298
-4.13182933333 339.671973596
-4.12682666667 339.647033938
-4.121824 339.62236035
-4.11682133333 339.637039203
-4.11181866667 339.670836841
-4.106816 339.679423785
-4.10181333333 339.708869376
-4.09681066667 339.659220532
-4.091808 339.67274248
-4.08680533333 339.603607567
-4.08180266667 339.568437427
-4.0768 339.545532526
-4.07179733333 339.579134076
-4.06679466667 339.465282897
-4.061792 339.407082476
-4.05678933333 339.332566654
-4.05178666667 339.278634092
-4.046784 339.225204878
-4.04178133333 339.187429056
-4.03677866667 339.180538953
-4.031776 339.182173071
-4.02677333333 339.08930624
-4.02177066667 339.046492126
-4.016768 338.9803647
-4.01176533333 338.9697373
-4.00676266667 338.872341235
-4.00176 338.862439268
-3.99675733333 338.753857501
-3.99175466667 338.795482338
-3.986752 338.704194185
-3.98174933333 338.745563305
-3.97674666667 338.661363497
-3.971744 338.648943221
-3.96674133333 338.622651908
-3.96173866667 338.603593067
-3.956736 338.688201534
-3.95173333333 338.732106802
-3.94673066667 338.73714079
-3.941728 338.70190502
-3.93672533333 338.734011429
-3.93172266667 338.753235286
-3.92672 338.731889543
-3.92171733333 338.728302479
-3.91671466667 338.744540064
-3.911712 338.760868894
-3.90670933333 338.804170059
-3.90170666667 338.812218647
-3.896704 338.849660354
-3.89170133333 338.883602665
-3.88669866667 338.922381698
-3.881696 338.952746256
-3.87669333333 338.993008457
-3.87169066667 339.204584786
-3.866688 339.136755798
-3.86168533333 339.156404815
-3.85668266667 339.132349366
-3.85168 339.086633081
-3.84667733333 339.083553232
-3.84167466667 339.183868377
-3.836672 339.190563133
-3.83166933333 339.23077978
-3.82666666667 339.256583807
-3.821664 339.280149621
-3.81666133333 339.282267305
-3.81165866667 339.406689257
-3.806656 339.342367713
-3.80165333333 339.397605727
-3.79665066667 339.382264557
-3.791648 339.447058611
-3.78664533333 339.423354303
-3.78164266667 339.460601822
-3.77664 339.439524581
-3.77163733333 339.419885073
-3.76663466667 339.381079447
-3.761632 339.403969026
-3.75662933333 339.305531944
-3.75162666667 339.347521561
-3.746624 339.298179558
-3.74162133333 339.343163036
-3.73661866667 339.337956392
-3.731616 339.361657228
-3.72661333333 339.363357983
-3.72161066667 339.423404385
-3.716608 339.429166825
-3.71160533333 339.461049149
-3.70660266667 339.465668992
-3.7016 339.456111901
-3.69659733333 339.425701932
-3.69159466667 339.493779321
-3.686592 339.466371384
-3.68158933333 339.517815687
-3.67658666667 339.481543866
-3.671584 339.491539238
-3.66658133333 339.427188225
-3.66157866667 339.457474978
-3.656576 339.437166344
-3.65157333333 339.390759701
-3.64657066667 339.321787186
-3.641568 339.291606604
-3.63656533333 339.228259045
-3.63156266667 339.188291089
-3.62656 339.106799324
-3.62155733333 339.121860197
-3.61655466667 339.095471726
-3.611552 339.152709424
-3.60654933333 339.129306564
-3.60154666667 339.143400321
-3.596544 339.080859998
-3.59154133333 339.132147132
-3.58653866667 339.06380222
-3.581536 339.048271081
-3.57653333333 338.983111888
-3.57153066667 339.011468795
-3.566528 338.929746278
-3.56152533333 338.967722116
-3.55652266667 338.899310619
-3.55152 338.937288117
-3.54651733333 338.837507334
-3.54151466667 338.892708882
-3.536512 338.826369064
-3.53150933333 338.82648356
-3.52650666667 338.730497071
-3.521504 338.72259844
-3.51650133333 338.661988088
-3.51149866667 338.719741616
-3.506496 338.646083772
-3.50149333333 338.656201633
-3.49649066667 338.608157469
-3.491488 338.606455016
-3.48648533333 338.524530671
-3.48148266667 338.511790908
-3.47648 338.44349222
-3.47147733333 338.442715016
-3.46647466667 338.388271483
-3.461472 338.403647319
-3.45646933333 338.378343687
-3.45146666667 338.461470439
-3.446464 338.412084547
-3.44146133333 338.501160996
-3.43645866667 338.468471187
-3.431456 338.596978883
-3.42645333333 338.566641558
-3.42145066667 338.615522805
-3.416448 338.563037343
-3.41144533333 338.613080198
-3.40644266667 338.513650794
-3.40144 338.531948163
-3.39643733333 338.469839671
-3.39143466667 338.477174122
-3.386432 338.343309867
-3.38142933333 338.416769041
-3.37642666667 338.330307422
-3.371424 338.294095596
-3.36642133333 338.227973243
-3.36141866667 338.205611946
-3.356416 338.136074992
-3.35141333333 338.226591363
-3.34641066667 338.135408566
-3.341408 338.212664755
-3.33640533333 338.165185972
-3.33140266667 338.208898796
-3.3264 338.097206258
-3.32139733333 338.157612096
-3.31639466667 338.102955763
-3.311392 338.175390431
-3.30638933333 338.088019991
-3.30138666667 338.125824781
-3.296384 338.03940477
-3.29138133333 338.07753789
-3.28637866667 338.017608396
-3.281376 338.063237094
-3.27637333333 338.073459263
-3.27137066667 338.169154558
-3.266368 338.151985079
-3.26136533333 338.229845156
-3.25636266667 338.163030427
-3.25136 338.279109092
-3.24635733333 338.195627253
-3.24135466667 338.217243159
-3.236352 338.148135961
-3.23134933333 338.206195518
-3.22634666667 338.212028273
-3.221344 338.266497865
-3.21634133333 338.214976838
-3.21133866667 338.257568685
-3.206336 338.159289123
-3.20133333333 338.256055307
-3.19633066667 338.204852972
-3.191328 338.305615646
-3.18632533333 338.264346388
-3.18132266667 338.351569217
-3.17632 338.284026556
-3.17131733333 338.296858324
-3.16631466667 338.269720264
-3.161312 338.334245449
-3.15630933333 338.290782228
-3.15130666667 338.246726593
-3.146304 338.134402528
-3.14130133333 338.128929185
-3.13629866667 338.007279262
-3.131296 338.0479934
-3.12629333333 337.9410259
-3.12129066667 338.023139448
-3.116288 337.960124058
-3.11128533333 338.014721459
-3.10628266667 337.985290511
-3.10128 338.042463133
-3.09627733333 337.938523696
-3.09127466667 337.971492456
-3.086272 337.845974739
-3.08126933333 337.848269181
-3.07626666667 337.825543673
-3.071264 337.878608165
-3.06626133333 337.784402324
-3.06125866667 337.817102109
-3.056256 337.71685494
-3.05125333333 337.749536067
-3.04625066667 337.672067516
-3.041248 337.708017904
-3.03624533333 337.683658508
-3.03124266667 337.632440334
-3.02624 337.536651602
-3.02123733333 337.480789862
-3.01623466667 337.429216887
-3.011232 337.465164293
-3.00622933333 337.412445977
-3.00122666667 337.494991123
-2.996224 337.414620811
-2.99122133333 337.461806307
-2.98621866667 337.399507861
-2.981216 337.417318593
-2.97621333333 337.358561965
-2.97121066667 337.441013724
-2.966208 337.35989024
-2.96120533333 337.386169351
-2.95620266667 337.40638537
-2.9512 337.482769617
-2.94619733333 337.444333687
-2.94119466667 337.558886075
-2.936192 337.492366401
-2.93118933333 337.643132363
-2.92618666667 337.57030139
-2.921184 337.639801831
-2.91618133333 337.505553112
-2.91117866667 337.496964141
-2.906176 337.464729661
-2.90117333333 337.427590846
-2.89617066667 337.385275088
-2.891168 337.454290347
-2.88616533333 337.402712174
-2.88116266667 337.467062584
-2.87616 337.356142793
-2.87115733333 337.409355896
-2.86615466667 337.304472181
-2.861152 337.356549817
-2.85614933333 337.283187063
-2.85114666667 337.368425428
-2.846144 337.267028914
-2.84114133333 337.2855375
-2.83613866667 337.248812767
-2.831136 337.313138456
-2.82613333333 337.215674669
-2.82113066667 337.246195211
-2.816128 337.13955293
-2.81112533333 337.234283456
-2.80612266667 337.170660619
-2.80112 337.218532894
-2.79611733333 337.149217918
-2.79111466667 337.168709573
-2.786112 337.157175425
-2.78110933333 337.22218309
-2.77610666667 337.168245552
-2.771104 337.256504253
-2.76610133333 337.21238844
-2.76109866667 337.260177858
-2.756096 337.219451537
-2.75109333333 337.272454906
-2.74609066667 337.194477661
-2.741088 337.289096301
-2.73608533333 337.230547009
-2.73108266667 337.308643243
-2.72608 337.24039415
-2.72107733333 337.310641336
-2.71607466667 337.25966648
-2.711072 337.383584097
-2.70606933333 337.30002727
-2.70106666667 337.412896767
-2.696064 337.347246049
-2.69106133333 337.455502569
-2.68605866667 337.402542544
-2.681056 337.510692556
-2.67605333333 337.51601526
-2.67105066667 337.584235551
-2.666048 337.63016555
-2.66104533333 337.743115509
-2.65604266667 337.757438583
-2.65104 337.915112492
-2.64603733333 337.919230615
-2.64103466667 338.036309803
-2.636032 338.016862949
-2.63102933333 338.114255945
-2.62602666667 338.042840814
-2.621024 338.100238292
-2.61602133333 338.035767731
-2.61101866667 338.103283349
-2.606016 338.024728221
-2.60101333333 338.081412357
-2.59601066667 338.081100563
-2.591008 338.189707663
-2.58600533333 338.111970191
-2.58100266667 338.143706708
-2.576 338.037123977
-2.57099733333 338.089244083
-2.56599466667 337.914515555
-2.560992 337.878620468
-2.55598933333 337.756473253
-2.55098666667 337.806900256
-2.545984 337.707496605
-2.54098133333 337.757399743
-2.53597866667 337.645550333
-2.530976 337.693409137
-2.52597333333 337.484765017
-2.52097066667 337.536104974
-2.515968 337.501995518
-2.51096533333 337.583393781
-2.50596266667 337.538282017
-2.50096 337.546178083
-2.49595733333 337.590381589
-2.49095466667 337.674192389
-2.485952 337.593693324
-2.48094933333 337.659110376
-2.47594666667 337.601559802
-2.470944 337.63492572
-2.46594133333 337.543012756
-2.46093866667 337.635893942
-2.455936 337.678999014
-2.45093333333 337.77304927
-2.44593066667 337.829415009
-2.440928 338.002098302
-2.43592533333 338.002458495
-2.43092266667 338.137980632
-2.42592 338.062801827
-2.42091733333 338.187457704
-2.41591466667 338.13208398
-2.410912 338.214668906
-2.40590933333 338.143728339
-2.40090666667 338.218958341
-2.395904 338.097696455
-2.39090133333 338.143313544
-2.38589866667 337.970937238
-2.380896 337.996291435
-2.37589333333 337.955267461
-2.37089066667 338.0726402
-2.365888 338.057287141
-2.36088533333 338.220255873
-2.35588266667 338.198725867
-2.35088 338.313575652
-2.34587733333 338.247905792
-2.34087466667 338.337389311
-2.335872 338.336884701
-2.33086933333 338.367379615
-2.32586666667 338.3191227
-2.320864 338.336296024
-2.31586133333 338.280894842
-2.31085866667 338.318922545
-2.305856 338.168522652
-2.30085333333 338.300600788
-2.29585066667 338.262075835
-2.290848 338.333020954
-2.28584533333 338.321171342
-2.28084266667 338.407482764
-2.27584 338.409417006
-2.27083733333 338.523976695
-2.26583466667 338.435129953
-2.260832 338.460338629
-2.25582933333 338.412384074
-2.25082666667 338.403366641
-2.245824 338.311777715
-2.24082133333 338.349814736
-2.23581866667 338.278713408
-2.230816 338.28483369
-2.22581333333 338.132778165
-2.22081066667 338.259807682
-2.215808 338.158749719
-2.21080533333 338.222409312
-2.20580266667 338.121908827
-2.2008 338.105075409
-2.19579733333 338.003634629
-2.19079466667 337.976189754
-2.185792 337.760017095
-2.18078933333 337.753879099
-2.17578666667 337.614831781
-2.170784 337.596021731
-2.16578133333 337.494927603
-2.16077866667 337.531231874
-2.155776 337.427432859
-2.15077333333 337.400655968
-2.14577066667 337.341381795
-2.140768 337.332645973
-2.13576533333 337.196277203
-2.13076266667 337.175609678
-2.12576 336.973453001
-2.12075733333 337.00314599
-2.11575466667 336.867835975
-2.110752 336.804581358
-2.10574933333 336.710230105
-2.10074666667 336.779565203
-2.095744 336.707821776
-2.09074133333 336.740641622
-2.08573866667 336.650348601
-2.080736 336.69514533
-2.07573333333 336.612294135
-2.07073066667 336.616765203
-2.065728 336.535446258
-2.06072533333 336.583886402
-2.05572266667 336.5121824
-2.05072 336.552967136
-2.04571733333 336.494562187
-2.04071466667 336.555851545
-2.035712 336.506175586
-2.03070933333 336.504432028
-2.02570666667 336.410967946
-2.020704 336.366440693
-2.01570133333 336.245716343
-2.01069866667 336.132623794
-2.005696 335.878115485
-2.00069333333 335.805288499
-1.99569066667 335.766944961
-1.990688 335.862537466
-1.98568533333 335.76438081
-1.98068266667 335.854369632
-1.97568 335.776137532
-1.97067733333 335.84692241
-1.96567466667 335.765351419
-1.960672 335.824385967
-1.95566933333 336.089907217
-1.95066666667 336.701337541
-1.945664 336.665538897
-1.94066133333 336.817529867
-1.93565866667 336.860227812
-1.930656 336.944822269
-1.92565333333 336.971508472
-1.92065066667 337.077043793
-1.915648 337.072457453
-1.91064533333 337.159309948
-1.90564266667 337.143670675
-1.90064 337.24495556
-1.89563733333 337.247903065
-1.89063466667 337.264121515
-1.885632 337.192763437
-1.88062933333 337.294956128
-1.87562666667 337.226789825
-1.870624 337.265694076
-1.86562133333 337.256701
-1.86061866667 337.304065425
-1.855616 337.28880438
-1.85061333333 337.306297482
-1.84561066667 337.197411613
-1.840608 337.298078644
-1.83560533333 337.276256432
-1.83060266667 337.348885805
-1.8256 337.270260782
-1.82059733333 337.304600709
-1.81559466667 337.322778717
-1.810592 337.368251933
-1.80558933333 337.349676346
-1.80058666667 337.391810346
-1.795584 337.35572306
-1.79058133333 337.396133824
-1.78557866667 337.31111789
-1.780576 337.372435459
-1.77557333333 337.303406411
-1.77057066667 337.397053641
-1.765568 337.317758435
-1.76056533333 337.327905575
-1.75556266667 337.321968556
-1.75056 337.373442244
-1.74555733333 337.312281171
-1.74055466667 337.352636181
-1.735552 337.347123627
-1.73054933333 337.32358984
-1.72554666667 337.26919649
-1.720544 337.354789042
-1.71554133333 337.341446095
-1.71053866667 337.37259367
-1.705536 337.316049888
-1.70053333333 337.338622916
-1.69553066667 337.342708424
-1.690528 337.370844366
-1.68552533333 337.317172389
-1.68052266667 337.363707456
-1.67552 337.297779204
-1.67051733333 337.270911135
-1.66551466667 337.178213181
-1.660512 337.182874402
-1.65550933333 337.138817273
-1.65050666667 337.06297325
-1.645504 336.964753464
-1.64050133333 336.886869094
-1.63549866667 336.706239586
-1.630496 336.662713975
-1.62549333333 336.551303414
-1.62049066667 336.56200725
-1.615488 336.346372708
-1.61048533333 336.292135681
-1.60548266667 336.135137907
-1.60048 335.953246169
-1.59547733333 335.582957467
-1.59047466667 335.330981595
-1.585472 335.207378361
-1.58046933333 335.251188168
-1.57546666667 335.168075767
-1.570464 335.130998194
-1.56546133333 334.942379686
-1.56045866667 334.899500007
-1.555456 334.863564868
-1.55045333333 334.877920732
-1.54545066667 334.877217656
-1.540448 334.941401713
-1.53544533333 334.989425232
-1.53044266667 335.077796498
-1.52544 335.134656053
-1.52043733333 335.188179957
-1.51543466667 335.129537713
-1.510432 335.084671423
-1.50542933333 334.913364809
-1.50042666667 334.844681933
-1.495424 334.752311554
-1.49042133333 334.62161611
-1.48541866667 334.445161493
-1.480416 334.39247165
-1.47541333333 334.28893094
-1.47041066667 334.207472046
-1.465408 334.121729283
-1.46040533333 334.043980126
-1.45540266667 334.001717676
-1.4504 333.965345086
-1.44539733333 333.938613842
-1.44039466667 333.933023861
-1.435392 333.855543143
-1.43038933333 333.835678966
-1.42538666667 333.789481402
-1.420384 333.788599856
-1.41538133333 333.743910809
-1.41037866667 333.79291916
-1.405376 333.73226268
-1.40037333333 333.753787079
-1.39537066667 333.757795293
-1.390368 333.794108273
-1.38536533333 333.833782526
-1.38036266667 333.812907269
-1.37536 333.863346252
-1.37035733333 333.917497255
-1.36535466667 333.909103227
-1.360352 333.992479424
-1.35534933333 333.99162046
-1.35034666667 334.064319039
-1.345344 334.019829234
-1.34034133333 334.052463153
-1.33533866667 333.995760688
-1.330336 334.073147753
-1.32533333333 334.041969817
-1.32033066667 334.078888244
-1.315328 334.078545144
-1.31032533333 334.071669379
-1.30532266667 333.921950195
-1.30032 334.022394143
-1.29531733333 333.962822246
-1.29031466667 334.067094211
-1.285312 334.011126626
-1.28030933333 333.918314461
-1.27530666667 333.871852954
-1.270304 333.894559078
-1.26530133333 333.86812271
-1.26029866667 333.882026666
-1.255296 333.811474
-1.25029333333 333.808323623
-1.24529066667 333.69203228
-1.240288 333.741893323
-1.23528533333 333.669082767
-1.23028266667 333.597796512
-1.22528 333.519739481
-1.22027733333 333.491462197
-1.21527466667 333.336344785
-1.210272 333.36609543
-1.20526933333 333.184585753
-1.20026666667 333.133684668
-1.195264 333.03832563
-1.19026133333 332.995037945
-1.18525866667 332.888141104
-1.180256 332.870011632
-1.17525333333 332.772850548
-1.17025066667 332.72045737
-1.165248 332.585231035
-1.16024533333 332.573080301
-1.15524266667 332.520106332
-1.15024 332.502138931
-1.14523733333 332.387639244
-1.14023466667 332.321667093
-1.135232 332.304001356
-1.13022933333 332.276739722
-1.12522666667 332.154054341
-1.120224 332.176048744
-1.11522133333 332.099461604
-1.11021866667 332.131288971
-1.105216 332.08785619
-1.10021333333 332.080936462
-1.09521066667 332.069625266
-1.090208 332.11171932
-1.08520533333 331.844295981
-1.08020266667 331.751460041
-1.0752 331.66029838
-1.07019733333 331.770969829
-1.06519466667 331.821881612
-1.060192 332.014138372
-1.05518933333 332.100263955
-1.05018666667 332.442510229
-1.045184 332.564737926
-1.04018133333 332.820730603
-1.03517866667 332.904948487
-1.030176 333.074031573
-1.02517333333 332.986832795
-1.02017066667 332.975813255
-1.015168 332.933871906
-1.01016533333 332.955738762
-1.00516266667 332.900673226
-1.00016 333.006450455
-0.995157333333 333.050847158
-0.990154666667 333.160532727
-0.985152 333.120128637
-0.980149333333 333.214461304
-0.975146666667 333.293277978
-0.970144 333.299725705
-0.965141333333 333.209135315
-0.960138666667 333.139940883
-0.955136 333.162728217
-0.950133333333 333.259508102
-0.945130666667 333.30491257
-0.940128 333.387897607
-0.935125333333 333.372969399
-0.930122666667 333.468692785
-0.92512 333.46434044
-0.920117333333 333.531894381
-0.915114666667 333.615377302
-0.910112 333.777346605
-0.905109333333 333.759425867
-0.900106666667 333.869389821
-0.895104 333.893543032
-0.890101333333 333.932288915
-0.885098666667 333.993954455
-0.880096 334.076403937
-0.875093333333 334.108631536
-0.870090666667 334.19477542
-0.865088 334.215663098
-0.860085333333 334.194961558
-0.855082666667 334.215239837
-0.85008 334.314047815
-0.845077333333 334.246316404
-0.840074666667 334.278669098
-0.835072 334.314466249
-0.830069333333 334.33391316
-0.825066666667 334.309572169
-0.820064 334.294146558
-0.815061333333 334.359731489
-0.810058666667 334.306407277
-0.805056 334.261998777
-0.800053333333 334.366416121
-0.795050666667 334.327519751
-0.790048 334.407030473
-0.785045333333 334.367719637
-0.780042666667 334.349817705
-0.77504 334.360521695
-0.770037333333 334.42085228
-0.765034666667 334.344083698
-0.760032 334.422991921
-0.755029333333 334.360863829
-0.750026666667 334.451416711
-0.745024 334.381725046
-0.740021333333 334.474143769
-0.735018666667 334.476760619
-0.730016 334.531252106
-0.725013333333 334.42207575
-0.720010666667 334.484989214
-0.715008 334.589115552
-0.710005333333 334.656340811
-0.705002666667 334.680223749
-0.7 334.743730054
-0.694997333333 334.792076612
-0.689994666667 334.838506261
-0.684992 334.821782638
-0.679989333333 334.888139323
-0.674986666667 334.907153956
-0.669984 334.95522966
-0.664981333333 334.909423005
-0.659978666667 334.887956837
-0.654976 334.930387513
-0.649973333333 334.977921877
-0.644970666667 334.945522111
-0.639968 334.997212362
-0.634965333333 335.014495388
-0.629962666667 335.0731572
-0.62496 335.106141301
-0.619957333333 335.276839963
-0.614954666667 335.326492464
-0.609952 335.383191599
-0.604949333333 335.311253138
-0.599946666667 335.299273696
-0.594944 335.353262434
-0.589941333333 335.36249084
-0.584938666667 335.302802017
-0.579936 335.277276613
-0.574933333333 335.256842071
-0.569930666667 335.253535564
-0.564928 335.273185997
-0.559925333333 335.290907789
-0.554922666667 335.284479769
-0.54992 335.302638785
-0.544917333333 335.246588578
-0.539914666667 335.253202631
-0.534912 335.289664659
-0.529909333333 335.296901962
-0.524906666667 335.256039526
-0.519904 335.284659003
-0.514901333333 335.275615578
-0.509898666667 335.32099468
-0.504896 335.211296361
-0.499893333333 335.248185111
-0.494890666667 335.280113372
-0.489888 335.301995652
-0.484885333333 335.332263637
-0.479882666667 335.375558676
-0.47488 335.503466643
-0.469877333333 335.52778171
-0.464874666667 335.57787517
-0.459872 335.644125449
-0.454869333333 335.697765891
-0.449866666667 335.759865409
-0.444864 335.854888577
-0.439861333333 335.954996811
-0.434858666667 336.075246155
-0.429856 336.115155559
-0.424853333333 336.153887211
-0.419850666667 336.151754533
-0.414848 336.286742985
-0.409845333333 336.364331465
-0.404842666667 336.352747754
-0.39984 336.399568562
-0.394837333333 336.465069634
-0.389834666667 336.504858905
-0.384832 336.514422466
-0.379829333333 336.504163182
-0.374826666667 336.599052698
-0.369824 336.652993684
-0.364821333333 336.642628138
-0.359818666667 336.675042402
-0.354816 336.73515136
-0.349813333333 336.792780716
-0.344810666667 336.823165189
-0.339808 336.829699286
-0.334805333333 336.856706635
-0.329802666667 336.936110346
-0.3248 336.929037123
-0.319797333333 336.959440308
-0.314794666667 337.059050652
-0.309792 337.101661116
-0.304789333333 337.151928276
-0.299786666667 337.241870657
-0.294784 337.300847003
-0.289781333333 337.433185786
-0.284778666667 337.492388785
-0.279776 337.526282551
-0.274773333333 337.56641128
-0.269770666667 337.64681789
-0.264768 337.689372501
-0.259765333333 337.742547659
-0.254762666667 337.782885458
-0.24976 337.817936777
-0.244757333333 337.8078122
-0.239754666667 337.862338968
-0.234752 337.90875042
-0.229749333333 337.932363719
-0.224746666667 337.940609584
-0.219744 337.977234966
-0.214741333333 338.005326543
-0.209738666667 338.036869774
-0.204736 338.00097929
-0.199733333333 338.045713287
-0.194730666667 338.08088026
-0.189728 338.103410596
-0.184725333333 338.136688806
-0.179722666667 338.17739686
-0.17472 338.235976544
-0.169717333333 338.260258421
-0.164714666667 338.280847529
-0.159712 338.27207978
-0.154709333333 338.371907932
-0.149706666667 338.334536944
-0.144704 338.371424002
-0.139701333333 338.354793963
-0.134698666667 338.354875173
-0.129696 338.420678578
-0.124693333333 338.435190324
-0.119690666667 338.386764547
-0.114688 338.443468592
-0.109685333333 338.449633513
-0.104682666667 338.382013943
-0.09968 338.365838368
-0.0946773333333 338.379009433
-0.0896746666667 338.324634666
-0.084672 338.300170493
-0.0796693333333 338.303396473
-0.0746666666667 338.267209463
-0.069664 338.27465858
-0.0646613333333 338.225804632
-0.0596586666667 338.21638871
-0.054656 338.241784633
-0.0496533333333 338.198872623
-0.0446506666667 338.141834545
-0.039648 338.137335962
-0.0346453333333 338.145740724
-0.0296426666667 338.037972525
-0.02464 338.029731355
-0.0196373333333 338.00230208
-0.0146346666667 337.973930421
-0.009632 337.958582212
-0.00462933333333 337.898191978
