（-9,1.5），（-6.36302,1.5），（-3,1.5）
-9.99995733333 374.624230774
-9.99495466667 374.600262896
-9.989952 374.577757442
-9.98494933333 374.557632767
-9.97994666667 374.540547396
-9.974944 374.526790734
-9.96994133333 374.516344229
-9.96493866667 374.509107578
-9.959936 374.505035709
-9.95493333333 374.504175343
-9.94993066667 374.506650155
-9.944928 374.512533506
-9.93992533333 374.521558777
-9.93492266667 374.532875576
-9.92992 374.545031008
-9.92491733333 374.556179891
-9.91991466667 374.564424987
-9.914912 374.568179684
-9.90990933333 374.566358422
-9.90490666667 374.55836017
-9.899904 374.544017755
-9.89490133333 374.523666209
-9.88989866667 374.498157013
-9.884896 374.468556135
-9.87989333333 374.435733824
-9.87489066667 374.400209909
-9.869888 374.362227715
-9.86488533333 374.321875022
-9.85988266667 374.279224327
-9.85488 374.234439111
-9.84987733333 374.187908583
-9.84487466667 374.140282226
-9.839872 374.092457363
-9.83486933333 374.04555225
-9.82986666667 374.000831629
-9.824864 373.959661473
-9.81986133333 373.923435365
-9.81485866667 373.893495797
-9.809856 373.870970379
-9.80485333333 373.856660541
-9.79985066667 373.850947682
-9.794848 373.853626193
-9.78984533333 373.86388302
-9.78484266667 373.880591153
-9.77984 373.902641484
-9.77483733333 373.928993166
-9.76983466667 373.958506102
-9.764832 373.989873699
-9.75982933333 374.021712625
-9.75482666667 374.052664967
-9.749824 374.081288924
-9.74482133333 374.105819345
-9.73981866667 374.124205159
-9.734816 374.134685337
-9.72981333333 374.13665762
-9.72481066667 374.131115373
-9.719808 374.120151043
-9.71480533333 374.105951738
-9.70980266667 374.090011201
-9.7048 374.073095758
-9.69979733333 374.055689863
-9.69479466667 374.038351995
-9.689792 374.021929301
-9.68478933333 374.007487885
-9.67978666667 373.996004316
-9.674784 373.988173205
-9.66978133333 373.984401066
-9.66477866667 373.98485447
-9.659776 373.98939668
-9.65477333333 373.997409839
-9.64977066667 374.007832058
-9.644768 374.019327722
-9.63976533333 374.030474845
-9.63476266667 374.039976916
-9.62976 374.046783204
-9.62475733333 374.050198725
-9.61975466667 374.049920336
-9.614752 374.045987059
-9.60974933333 374.038803086
-9.60474666667 374.029240255
-9.599744 374.018668738
-9.59474133333 374.008614995
-9.58973866667 374.000343571
-9.584736 373.994783055
-9.57973333333 373.992619081
-9.57473066667 373.994313568
-9.569728 374.000093439
-9.56472533333 374.009952312
-9.55972266667 374.023689513
-9.55472 374.040945394
-9.54971733333 374.061312472
-9.54471466667 374.084443097
-9.539712 374.109994112
-9.53470933333 374.137561588
-9.52970666667 374.16667267
-9.524704 374.196812908
-9.51970133333 374.22750873
-9.51469866667 374.258383036
-9.509696 374.288897942
-9.50469333333 374.318086824
-9.49969066667 374.344672509
-9.494688 374.367219413
-9.48968533333 374.38432703
-9.48468266667 374.395029171
-9.47968 374.39912632
-9.47467733333 374.397187997
-9.46967466667 374.390316371
-9.464672 374.379857599
-9.45966933333 374.367196567
-9.45466666667 374.353599017
-9.449664 374.34021261
-9.44466133333 374.328111672
-9.43965866667 374.318138525
-9.434656 374.310738766
-9.42965333333 374.306013292
-9.42465066667 374.303755449
-9.419648 374.303471076
-9.41464533333 374.304520414
-9.40964266667 374.306222188
-9.40464 374.307879904
-9.39963733333 374.308858232
-9.39463466667 374.308624843
-9.389632 374.306781869
-9.38462933333 374.303213732
-9.37962666667 374.298170967
-9.374624 374.292006707
-9.36962133333 374.284897958
-9.36461866667 374.276688444
-9.359616 374.266927956
-9.35461333333 374.255158559
-9.34961066667 374.24128919
-9.344608 374.225662504
-9.33960533333 374.208816385
-9.33460266667 374.191412127
-9.3296 374.174137412
-9.32459733333 374.157408826
-9.31959466667 374.141286045
-9.314592 374.125664444
-9.30958933333 374.110635753
-9.30458666667 374.096622237
-9.299584 374.084311315
-9.29458133333 374.074543983
-9.28957866667 374.068160371
-9.284576 374.065839786
-9.27957333333 374.067978687
-9.27457066667 374.07473498
-9.269568 374.086262011
-9.26456533333 374.102752972
-9.25956266667 374.124263976
-9.25456 374.150465695
-9.24955733333 374.1806405
-9.24455466667 374.213798161
-9.239552 374.248757466
-9.23454933333 374.2842133
-9.22954666667 374.318788572
-9.224544 374.351170226
-9.21954133333 374.380305099
-9.21453866667 374.405570982
-9.209536 374.426838736
-9.20453333333 374.444363785
-9.19953066667 374.45850939
-9.194528 374.469529124
-9.18952533333 374.477504952
-9.18452266667 374.482371098
-9.17952 374.484083288
-9.17451733333 374.482949789
-9.16951466667 374.479627491
-9.164512 374.474897439
-9.15950933333 374.469665175
-9.15450666667 374.465040032
-9.149504 374.462188807
-9.14450133333 374.462051974
-9.13949866667 374.465220303
-9.134496 374.47193408
-9.12949333333 374.482016888
-9.12449066667 374.494872944
-9.119488 374.509734441
-9.11448533333 374.52579376
-9.10948266667 374.542109162
-9.10448 374.557589914
-9.09947733333 374.57106515
-9.09447466667 374.581360331
-9.089472 374.587506157
-9.08446933333 374.588989452
-9.07946666667 374.585927293
-9.074464 374.578992428
-9.06946133333 374.569090324
-9.06445866667 374.557132014
-9.059456 374.543941363
-9.05445333333 374.530319186
-9.04945066667 374.517074476
-9.044448 374.504753075
-9.03944533333 374.493474582
-9.03444266667 374.483044686
-9.02944 374.473230181
-9.02443733333 374.464042066
-9.01943466667 374.455822608
-9.014432 374.449164652
-9.00942933333 374.444821706
-9.00442666667 374.443625166
-8.999424 374.446261845
-8.99442133333 374.452956305
-8.98941866667 374.463460714
-8.984416 374.477429754
-8.97941333333 374.494760252
-8.97441066667 374.515642447
-8.969408 374.540424299
-8.96440533333 374.569392174
-8.95940266667 374.602534209
-8.9544 374.639433341
-8.94939733333 374.679391634
-8.94439466667 374.721583844
-8.939392 374.765103405
-8.93438933333 374.808975398
-8.92938666667 374.852298714
-8.924384 374.89433734
-8.91938133333 374.934448708
-8.91437866667 374.972068135
-8.909376 375.006939834
-8.90437333333 375.039200252
-8.89937066667 375.069166508
-8.894368 375.097111276
-8.88936533333 375.123155362
-8.88436266667 375.147335603
-8.87936 375.169777185
-8.87435733333 375.190706099
-8.86935466667 375.210197924
-8.864352 375.22798863
-8.85934933333 375.243510323
-8.85434666667 375.255961703
-8.849344 375.26433649
-8.84434133333 375.267541762
-8.83933866667 375.264598764
-8.834336 375.254774004
-8.82933333333 375.23772055
-8.82433066667 375.213622104
-8.819328 375.183350402
-8.81432533333 375.148396937
-8.80932266667 375.110415759
-8.80432 375.070774337
-8.79931733333 375.030516395
-8.79431466667 374.990565082
-8.789312 374.95178119
-8.78430933333 374.9147552
-8.77930666667 374.879718759
-8.774304 374.846646871
-8.76930133333 374.815352059
-8.76429866667 374.785562744
-8.759296 374.757022556
-8.75429333333 374.729429588
-8.74929066667 374.702302161
-8.744288 374.674916465
-8.73928533333 374.646463118
-8.73428266667 374.616362397
-8.72928 374.584393608
-8.72427733333 374.550565023
-8.71927466667 374.514956842
-8.714272 374.477632411
-8.70926933333 374.438689501
-8.70426666667 374.398286083
-8.699264 374.356625971
-8.69426133333 374.313971452
-8.68925866667 374.270648635
-8.684256 374.227066039
-8.67925333333 374.183792951
-8.67425066667 374.14139691
-8.669248 374.100136471
-8.66424533333 374.05989975
-8.65924266667 374.02036704
-8.65424 373.981184788
-8.64923733333 373.942027918
-8.64423466667 373.902662171
-8.639232 373.863080519
-8.63422933333 373.823482155
-8.62922666667 373.784156967
-8.624224 373.745534359
-8.61922133333 373.708345212
-8.61421866667 373.673566725
-8.609216 373.64216889
-8.60421333333 373.614879151
-8.59921066667 373.592069779
-8.594208 373.573863573
-8.58920533333 373.560351042
-8.58420266667 373.551700561
-8.5792 373.548157135
-8.57419733333 373.549972214
-8.56919466667 373.557246921
-8.564192 373.569791398
-8.55918933333 373.587246237
-8.55418666667 373.609377581
-8.549184 373.63632382
-8.54418133333 373.668579794
-8.53917866667 373.70669088
-8.534176 373.750816598
-8.52917333333 373.800530391
-8.52417066667 373.854975025
-8.519168 373.913021572
-8.51416533333 373.973441243
-8.50916266667 374.035151335
-8.50416 374.097337375
-8.49915733333 374.159295255
-8.49415466667 374.220202933
-8.489152 374.279174395
-8.48414933333 374.335468223
-8.47914666667 374.388537697
-8.474144 374.438024721
-8.46914133333 374.483859479
-8.46413866667 374.52632132
-8.459136 374.565962326
-8.45413333333 374.603460625
-8.44913066667 374.63965702
-8.444128 374.675623834
-8.43912533333 374.712611096
-8.43412266667 374.751863183
-8.42912 374.794335184
-8.42411733333 374.840474091
-8.41911466667 374.890264775
-8.414112 374.943501416
-8.40910933333 375.000002511
-8.40410666667 375.05979458
-8.399104 375.123292585
-8.39410133333 375.191095861
-8.38909866667 375.263764268
-8.384096 375.341845746
-8.37909333333 375.425918326
-8.37409066667 375.516530385
-8.369088 375.614081621
-8.36408533333 375.718831909
-8.35908266667 375.830943511
-8.35408 375.950305029
-8.34907733333 376.076365187
-8.34407466667 376.208251578
-8.339072 376.344986754
-8.33406933333 376.485500765
-8.32906666667 376.628631094
-8.324064 376.773157482
-8.31906133333 376.917913928
-8.31405866667 377.061879762
-8.309056 377.204218138
-8.30405333333 377.344240683
-8.29905066667 377.481310744
-8.294048 377.614730099
-8.28904533333 377.743681342
-8.28404266667 377.867232613
-8.27904 377.984337186
-8.27403733333 378.093844747
-8.26903466667 378.194517137
-8.264032 378.285003691
-8.25902933333 378.363902486
-8.25402666667 378.429886963
-8.249024 378.481922858
-8.24402133333 378.519610541
-8.23901866667 378.543289336
-8.234016 378.553927303
-8.22901333333 378.553131254
-8.22401066667 378.543030222
-8.219008 378.525977227
-8.21400533333 378.504176498
-8.20900266667 378.479346158
-8.204 378.452695613
-8.19899733333 378.425230307
-8.19399466667 378.398129325
-8.188992 378.372806213
-8.18398933333 378.350607127
-8.17898666667 378.332470225
-8.173984 378.31869661
-8.16898133333 378.309058523
-8.16397866667 378.303264238
-8.158976 378.301286025
-8.15397333333 378.303354293
-8.14897066667 378.309808668
-8.143968 378.320797297
-8.13896533333 378.335950144
-8.13396266667 378.354244422
-8.12896 378.374053515
-8.12395733333 378.393353324
-8.11895466667 378.410198371
-8.113952 378.423241807
-8.10894933333 378.431956608
-8.10394666667 378.436518208
-8.098944 378.437400771
-8.09394133333 378.435031444
-8.08893866667 378.429923663
-8.083936 378.422857002
-8.07893333333 378.414649866
-8.07393066667 378.405833412
-8.068928 378.396593505
-8.06392533333 378.387026237
-8.05892266667 378.377488195
-8.05392 378.36861311
-8.04891733333 378.361088498
-8.04391466667 378.355431463
-8.038912 378.351861817
-8.03390933333 378.350395895
-8.02890666667 378.350973632
-8.023904 378.353380864
-8.01890133333 378.357198727
-8.01389866667 378.361946432
-8.008896 378.367195521
-8.00389333333 378.372610929
-7.99889066667 378.377968858
-7.993888 378.383034218
-7.98888533333 378.387367874
-7.98388266667 378.39033695
-7.97888 378.39131609
-7.97387733333 378.389807914
-7.96887466667 378.385438967
-7.963872 378.377924484
-7.95886933333 378.366999929
-7.95386666667 378.352476408
-7.948864 378.334341905
-7.94386133333 378.312703899
-7.93885866667 378.287702227
-7.933856 378.259451895
-7.92885333333 378.228111929
-7.92385066667 378.193996415
-7.918848 378.157482333
-7.91384533333 378.118859913
-7.90884266667 378.078181994
-7.90384 378.035143425
-7.89883733333 377.989223558
-7.89383466667 377.940090734
-7.888832 377.887764405
-7.88382933333 377.832260303
-7.87882666667 377.77309387
-7.873824 377.709086903
-7.86882133333 377.638620939
-7.86381866667 377.559976378
-7.858816 377.471557773
-7.85381333333 377.372488711
-7.84881066667 377.263369856
-7.843808 377.146419741
-7.83880533333 377.024769954
-7.83380266667 376.901560548
-7.8288 376.779409861
-7.82379733333 376.660292867
-7.81879466667 376.545664789
-7.813792 376.436496352
-7.80878933333 376.333157652
-7.80378666667 376.235386976
-7.798784 376.142498075
-7.79378133333 376.053662562
-7.78877866667 375.9682031
-7.783776 375.885988622
-7.77877333333 375.807669675
-7.77377066667 375.734536202
-7.768768 375.668151835
-7.76376533333 375.6098526
-7.75876266667 375.560205644
-7.75376 375.518715883
-7.74875733333 375.483916207
-7.74375466667 375.453918199
-7.738752 375.426998758
-7.73374933333 375.401794494
-7.72874666667 375.377237763
-7.723744 375.352476006
-7.71874133333 375.326718194
-7.71373866667 375.299081775
-7.708736 375.268652751
-7.70373333333 375.234781073
-7.69873066667 375.197193057
-7.693728 375.155809921
-7.68872533333 375.110551987
-7.68372266667 375.06127403
-7.67872 375.007793762
-7.67371733333 374.949965088
-7.66871466667 374.887709744
-7.663712 374.820924351
-7.65870933333 374.749552984
-7.65370666667 374.673682591
-7.648704 374.593522857
-7.64370133333 374.509414757
-7.63869866667 374.421811719
-7.633696 374.331203647
-7.62869333333 374.238063255
-7.62369066667 374.142741251
-7.618688 374.045317954
-7.61368533333 373.945706516
-7.60868266667 373.844001694
-7.60368 373.740685186
-7.59867733333 373.636551278
-7.59367466667 373.53256341
-7.588672 373.429839358
-7.58366933333 373.329679193
-7.57866666667 373.233436688
-7.573664 373.142255468
-7.56866133333 373.056989939
-7.56365866667 372.97813779
-7.558656 372.905649372
-7.55365333333 372.839073433
-7.54865066667 372.77799061
-7.543648 372.722302103
-7.53864533333 372.672251987
-7.53364266667 372.628325073
-7.52864 372.591165245
-7.52363733333 372.561492254
-7.51863466667 372.540066108
-7.513632 372.527610296
-7.50862933333 372.524637826
-7.50362666667 372.531253418
-7.498624 372.547124928
-7.49362133333 372.571643412
-7.48861866667 372.604085724
-7.483616 372.643612228
-7.47861333333 372.689145859
-7.47361066667 372.73915107
-7.468608 372.791430987
-7.46360533333 372.843213199
-7.45860266667 372.891701205
-7.4536 372.934847758
-7.44859733333 372.971823822
-7.44359466667 373.002934194
-7.438592 373.029230273
-7.43358933333 373.051969396
-7.42858666667 373.072031671
-7.423584 373.089518929
-7.41858133333 373.103895023
-7.41357866667 373.114472176
-7.408576 373.120850683
-7.40357333333 373.123108891
-7.39857066667 373.121826881
-7.393568 373.117907864
-7.38856533333 373.112295257
-7.38356266667 373.105869737
-7.37856 373.099380556
-7.37355733333 373.093275202
-7.36855466667 373.087720536
-7.363552 373.082668201
-7.35854933333 373.077814945
-7.35354666667 373.072588653
-7.348544 373.066271501
-7.34354133333 373.058107139
-7.33853866667 373.04741611
-7.333536 373.033760266
-7.32853333333 373.017092457
-7.32353066667 372.997948864
-7.318528 372.977419831
-7.31352533333 372.956833101
-7.30852266667 372.9375147
-7.30352 372.920761965
-7.29851733333 372.907698553
-7.29351466667 372.899115072
-7.288512 372.895564921
-7.28350933333 372.897471553
-7.27850666667 372.905134308
-7.273504 372.918613303
-7.26850133333 372.937602218
-7.26349866667 372.961512501
-7.258496 372.989542756
-7.25349333333 373.020585225
-7.24849066667 373.053126026
-7.243488 373.085469747
-7.23848533333 373.116135926
-7.23348266667 373.143880874
-7.22848 373.167719051
-7.22347733333 373.187079902
-7.21847466667 373.201799027
-7.213472 373.212150947
-7.20846933333 373.218955006
-7.20346666667 373.223536437
-7.198464 373.227533552
-7.19346133333 373.232635694
-7.18845866667 373.240468801
-7.183456 373.252529568
-7.17845333333 373.269785018
-7.17345066667 373.292244635
-7.168448 373.319072141
-7.16344533333 373.349021414
-7.15844266667 373.380811096
-7.15344 373.413335593
-7.14843733333 373.445783068
-7.14343466667 373.477571148
-7.138432 373.5081088
-7.13342933333 373.536733513
-7.12842666667 373.562916303
-7.123424 373.58651165
-7.11842133333 373.607946387
-7.11341866667 373.628211128
-7.108416 373.648570535
-7.10341333333 373.670171867
-7.09841066667 373.693860952
-7.093408 373.720231461
-7.08840533333 373.749645303
-7.08340266667 373.782197615
-7.0784 373.817818084
-7.07339733333 373.85641669
-7.06839466667 373.897872931
-7.063392 373.941955671
-7.05838933333 373.988251126
-7.05338666667 374.03608463
-7.048384 374.084603664
-7.04338133333 374.132959881
-7.03837866667 374.18049072
-7.033376 374.226753155
-7.02837333333 374.271368833
-7.02337066667 374.313975426
-7.018368 374.354321689
-7.01336533333 374.392323292
-7.00836266667 374.428005329
-7.00336 374.46145884
-6.99835733333 374.492784767
-6.99335466667 374.522031211
-6.988352 374.549244426
-6.98334933333 374.574518144
-6.97834666667 374.597977064
-6.973344 374.619760188
-6.96834133333 374.639963602
-6.96333866667 374.658561617
-6.958336 374.67543406
-6.95333333333 374.690405578
-6.94833066667 374.703372794
-6.943328 374.714533336
-6.93832533333 374.724443299
-6.93332266667 374.733721808
-6.92832 374.742608426
-6.92331733333 374.750663972
-6.91831466667 374.756676598
-6.913312 374.758934973
-6.90830933333 374.755853088
-6.90330666667 374.74655222
-6.898304 374.731051399
-6.89330133333 374.709982259
-6.88829866667 374.684293025
-6.883296 374.655127486
-6.87829333333 374.623599468
-6.87329066667 374.59054252
-6.868288 374.556639657
-6.86328533333 374.522640581
-6.85828266667 374.489502948
-6.85328 374.458339909
-6.84827733333 374.430228444
-6.84327466667 374.406164868
-6.838272 374.387006811
-6.83326933333 374.373310867
-6.82826666667 374.365248509
-6.823264 374.362648136
-6.81826133333 374.364920573
-6.81325866667 374.370994317
-6.808256 374.379502178
-6.80325333333 374.388971909
-6.79825066667 374.397926493
-6.793248 374.405097401
-6.78824533333 374.409611318
-6.78324266667 374.410959131
-6.77824 374.408998237
-6.77323733333 374.404024536
-6.76823466667 374.396676051
-6.763232 374.3877516
-6.75822933333 374.378044238
-6.75322666667 374.36812843
-6.748224 374.358260633
-6.74322133333 374.348473136
-6.73821866667 374.338645896
-6.733216 374.328546571
-6.72821333333 374.317999227
-6.72321066667 374.306941464
-6.718208 374.29526898
-6.71320533333 374.282773067
-6.70820266667 374.26925903
-6.7032 374.254655293
-6.69819733333 374.239031616
-6.69319466667 374.222549641
-6.688192 374.205305944
-6.68318933333 374.187149419
-6.67818666667 374.167715538
-6.673184 374.146651137
-6.66818133333 374.123825646
-6.66317866667 374.099325207
-6.658176 374.073350642
-6.65317333333 374.046247245
-6.64817066667 374.018546786
-6.643168 373.990801265
-6.63816533333 373.963520429
-6.63316266667 373.937334335
-6.62816 373.912924657
-6.62315733333 373.89072875
-6.61815466667 373.870964013
-6.613152 373.85375449
-6.60814933333 373.83923806
-6.60314666667 373.827661416
-6.598144 373.819286973
-6.59314133333 373.814271751
-6.58813866667 373.812660264
-6.583136 373.814460826
-6.57813333333 373.819643825
-6.57313066667 373.828060977
-6.568128 373.839456719
-6.56312533333 373.853525545
-6.55812266667 373.869985126
-6.55312 373.888563155
-6.54811733333 373.908938664
-6.54311466667 373.930794176
-6.538112 373.953930008
-6.53310933333 373.978276211
-6.52810666667 374.003856779
-6.523104 374.030694038
-6.51810133333 374.05871867
-6.51309866667 374.087738769
-6.508096 374.117534227
-6.50309333333 374.147856985
-6.49809066667 374.178315056
-6.493088 374.208420911
-6.48808533333 374.237827171
-6.48308266667 374.266429634
-6.47808 374.294328807
-6.47307733333 374.32169008
-6.46807466667 374.34855467
-6.463072 374.374916939
-6.45806933333 374.400780032
-6.45306666667 374.426085056
-6.448064 374.450758198
-6.44306133333 374.474879857
-6.43805866667 374.498612021
-6.433056 374.521937334
-6.42805333333 374.544548922
-6.42305066667 374.565872887
-6.418048 374.585214139
-6.41304533333 374.602116758
-6.40804266667 374.616565586
-6.40304 374.628879385
-6.39803733333 374.639573402
-6.39303466667 374.649252066
-6.388032 374.658423705
-6.38302933333 374.667450494
-6.37802666667 374.676562199
-6.373024 374.685753874
-6.36802133333 374.69486078
-6.36301866667 374.703780809
-6.358016 374.712582366
-6.35301333333 374.721470952
-6.34801066667 374.730564102
-6.343008 374.739584064
-6.33800533333 374.747938551
-6.33300266667 374.755102363
-6.328 374.760849578
-6.32299733333 374.765118721
-6.31799466667 374.767813393
-6.312992 374.768851732
-6.30798933333 374.76824644
-6.30298666667 374.766104201
-6.297984 374.762600666
-6.29298133333 374.757992802
-6.28797866667 374.752648822
-6.282976 374.747045636
-6.27797333333 374.741729913
-6.27297066667 374.737187943
-6.267968 374.733659519
-6.26296533333 374.731032836
-6.25796266667 374.728892111
-6.25296 374.726683338
-6.24795733333 374.723908938
-6.24295466667 374.720316264
-6.237952 374.716033186
-6.23294933333 374.711473534
-6.22794666667 374.707025711
-6.222944 374.702863867
-6.21794133333 374.699120776
-6.21293866667 374.696062019
-6.207936 374.693845005
-6.20293333333 374.692278862
-6.19793066667 374.690991545
-6.192928 374.689673055
-6.18792533333 374.688144235
-6.18292266667 374.686276388
-6.17792 374.684060641
-6.17291733333 374.681695035
-6.16791466667 374.679427495
-6.162912 374.677424261
-6.15790933333 374.675774437
-6.15290666667 374.674460688
-6.147904 374.673388684
-6.14290133333 374.672473147
-6.13789866667 374.671675447
-6.132896 374.670946742
-6.12789333333 374.670201298
-6.12289066667 374.669291901
-6.117888 374.668080412
-6.11288533333 374.666594909
-6.10788266667 374.665022373
-6.10288 374.66355874
-6.09787733333 374.66234034
-6.09287466667 374.661438404
-6.087872 374.660868949
-6.08286933333 374.660603719
-6.07786666667 374.660540363
-6.072864 374.660545485
-6.06786133333 374.660584363
-6.06285866667 374.66071468
-6.057856 374.660920107
-6.05285333333 374.661110068
-6.04785066667 374.661357772
-6.042848 374.661910205
-6.03784533333 374.662938908
-6.03284266667 374.664320726
-6.02784 374.665695086
-6.02283733333 374.666675961
-6.01783466667 374.667019388
-6.012832 374.666841828
-6.00782933333 374.666578092
-6.00282666667 374.666567725
-5.997824 374.666807654
-5.99282133333 374.667053303
-5.98781866667 374.667078209
-5.982816 374.666831607
-5.97781333333 374.666510407
-5.97281066667 374.666522427
-5.967808 374.66718786
-5.96280533333 374.66848287
-5.95780266667 374.670135503
-5.9528 374.671914026
-5.94779733333 374.673830669
-5.94279466667 374.676088491
-5.937792 374.678871137
-5.93278933333 374.682308416
-5.92778666667 374.686512474
-5.922784 374.691671
-5.91778133333 374.698206715
-5.91277866667 374.706772522
-5.907776 374.718144889
-5.90277333333 374.733144122
-5.89777066667 374.752603795
-5.892768 374.777414923
-5.88776533333 374.808484304
-5.88276266667 374.846644133
-5.87776 374.892716796
-5.87275733333 374.947716161
-5.86775466667 375.012946082
-5.862752 375.08972408
-5.85774933333 375.179054777
-5.85274666667 375.281527328
-5.847744 375.397292808
-5.84274133333 375.526036975
-5.83773866667 375.667017176
-5.832736 375.819257154
-5.82773333333 375.981716516
-5.82273066667 376.153230399
-5.817728 376.332345168
-5.81272533333 376.517270874
-5.80772266667 376.706147172
-5.80272 376.897336582
-5.79771733333 377.089430046
-5.79271466667 377.280916275
-5.787712 377.469884206
-5.78270933333 377.654116782
-5.77770666667 377.831402378
-5.772704 377.999909795
-5.76770133333 378.158347497
-5.76269866667 378.30576767
-5.757696 378.44125091
-5.75269333333 378.563746946
-5.74769066667 378.672310217
-5.742688 378.766497567
-5.73768533333 378.846675579
-5.73268266667 378.913991337
-5.72768 378.969897637
-5.72267733333 379.015538437
-5.71767466667 379.051362105
-5.712672 379.077259254
-5.70766933333 379.093192837
-5.70266666667 379.09987358
-5.697664 379.098947676
-5.69266133333 379.092746479
-5.68765866667 379.083835759
-5.682656 379.074319336
-5.67765333333 379.065390719
-5.67265066667 379.057527626
-5.667648 379.051121387
-5.66264533333 379.047042917
-5.65764266667 379.046518704
-5.65264 379.050225735
-5.64763733333 379.057509766
-5.64263466667 379.066621625
-5.637632 379.075737252
-5.63262933333 379.083747244
-5.62762666667 379.090417993
-5.622624 379.096160259
-5.61762133333 379.101783903
-5.61261866667 379.108337051
-5.607616 379.11680553
-5.60261333333 379.127589281
-5.59761066667 379.140107169
-5.592608 379.152983843
-5.58760533333 379.164643775
-5.58260266667 379.173953619
-5.5776 379.18048815
-5.57259733333 379.184390789
-5.56759466667 379.18621996
-5.562592 379.186727627
-5.55758933333 379.186487379
-5.55258666667 379.185760703
-5.547584 379.184551061
-5.54258133333 379.182654949
-5.53757866667 379.17971909
-5.532576 379.175381624
-5.52757333333 379.169369915
-5.52257066667 379.16153544
-5.517568 379.151811255
-5.51256533333 379.140124046
-5.50756266667 379.126448601
-5.50256 379.110917798
-5.49755733333 379.093885747
-5.49255466667 379.075793522
-5.487552 379.056848292
-5.48254933333 379.036889572
-5.47754666667 379.015559906
-5.472544 378.99244552
-5.46754133333 378.967082986
-5.46253866667 378.939079229
-5.457536 378.908300542
-5.45253333333 378.874945223
-5.44753066667 378.839359911
-5.442528 378.801749306
-5.43752533333 378.762200097
-5.43252266667 378.720879792
-5.42752 378.678019143
-5.42251733333 378.633838019
-5.41751466667 378.588515606
-5.412512 378.54198201
-5.40750933333 378.493528902
-5.40250666667 378.441669622
-5.397504 378.384501587
-5.39250133333 378.320165891
-5.38749866667 378.246973477
-5.382496 378.1635508
-5.37749333333 378.069248422
-5.37249066667 377.964504271
-5.367488 377.851009132
-5.36248533333 377.731521053
-5.35748266667 377.60924118
-5.35248 377.487173875
-5.34747733333 377.367674623
-5.34247466667 377.252289695
-5.337472 377.141858399
-5.33246933333 377.036703572
-5.32746666667 376.936614806
-5.322464 376.840774825
-5.31746133333 376.747885318
-5.31245866667 376.656616942
-5.307456 376.566162989
-5.30245333333 376.476441804
-5.29745066667 376.387998446
-5.292448 376.301741783
-5.28744533333 376.218530085
-5.28244266667 376.138781136
-5.27744 376.062322651
-5.27243733333 375.988563353
-5.26743466667 375.916756002
-5.262432 375.846173745
-5.25742933333 375.776151895
-5.25242666667 375.706122909
-5.247424 375.635564735
-5.24242133333 375.563938296
-5.23741866667 375.490841662
-5.232416 375.416273788
-5.22741333333 375.340704551
-5.22241066667 375.264908517
-5.217408 375.189884389
-5.21240533333 375.116816261
-5.20740266667 375.046878208
-5.2024 374.981022574
-5.19739733333 374.919827921
-5.19239466667 374.863488198
-5.187392 374.811825834
-5.18238933333 374.764208942
-5.17738666667 374.719557532
-5.172384 374.676673006
-5.16738133333 374.634725365
-5.16237866667 374.593428741
-5.157376 374.552751313
-5.15237333333 374.512593321
-5.14737066667 374.47283253
-5.142368 374.433500536
-5.13736533333 374.394765072
-5.13236266667 374.35685795
-5.12736 374.320048997
-5.12235733333 374.284518539
-5.11735466667 374.250242404
-5.112352 374.217117139
-5.10734933333 374.185157737
-5.10234666667 374.154500822
-5.097344 374.125280862
-5.09234133333 374.097471583
-5.08733866667 374.070820514
-5.082336 374.045080105
-5.07733333333 374.020209414
-5.07233066667 373.996249972
-5.067328 373.973224354
-5.06232533333 373.951097094
-5.05732266667 373.929787384
-5.05232 373.909301113
-5.04731733333 373.889656477
-5.04231466667 373.870744404
-5.037312 373.852433698
-5.03230933333 373.83459154
-5.02730666667 373.81700222
-5.022304 373.79946048
-5.01730133333 373.781951372
-5.01229866667 373.764742112
-5.007296 373.748363394
-5.00229333333 373.733452437
-4.99729066667 373.720481802
-4.992288 373.709567883
-4.98728533333 373.700548535
-4.98228266667 373.693205781
-4.97728 373.687330561
-4.97227733333 373.682665287
-4.96727466667 373.67886178
-4.962272 373.675586204
-4.95726933333 373.672701072
-4.95226666667 373.670247103
-4.947264 373.668359971
-4.94226133333 373.667195045
-4.93725866667 373.666819649
-4.932256 373.667110218
-4.92725333333 373.667788478
-4.92225066667 373.66843931
-4.917248 373.668495622
-4.91224533333 373.667340904
-4.90724266667 373.664517402
-4.90224 373.659776573
-4.89723733333 373.65298301
-4.89223466667 373.643986974
-4.887232 373.632509722
-4.88222933333 373.618170788
-4.87722666667 373.600691972
-4.872224 373.579982306
-4.86722133333 373.55595926
-4.86221866667 373.528349228
-4.857216 373.496740014
-4.85221333333 373.460795124
-4.84721066667 373.420362774
-4.842208 373.375491602
-4.83720533333 373.326615153
-4.83220266667 373.274699643
-4.8272 373.221195236
-4.82219733333 373.167901992
-4.81719466667 373.116661049
-4.812192 373.069026561
-4.80718933333 373.026074624
-4.80218666667 372.988321647
-4.797184 372.955744219
-4.79218133333 372.927811873
-4.78717866667 372.903614304
-4.782176 372.882156054
-4.77717333333 372.862675294
-4.77217066667 372.844649544
-4.767168 372.827618702
-4.76216533333 372.811016355
-4.75716266667 372.794120567
-4.75216 372.776126305
-4.74715733333 372.756272194
-4.74215466667 372.733945816
-4.737152 372.708747084
-4.73214933333 372.680490141
-4.72714666667 372.649296417
-4.722144 372.615907535
-4.71714133333 372.581907833
-4.71213866667 372.549614081
-4.707136 372.521816987
-4.70213333333 372.501335244
-4.69713066667 372.490469437
-4.692128 372.490633723
-4.68712533333 372.502277356
-4.68212266667 372.525027216
-4.67712 372.55786213
-4.67211733333 372.599231458
-4.66711466667 372.647344722
-4.662112 372.700548167
-4.65710933333 372.757540582
-4.65210666667 372.817418211
-4.647104 372.879564876
-4.64210133333 372.943468923
-4.63709866667 373.008732908
-4.632096 373.074994573
-4.62709333333 373.141713892
-4.62209066667 373.208223943
-4.617088 373.273891328
-4.61208533333 373.338229962
-4.60708266667 373.40097214
-4.60208 373.461954844
-4.59707733333 373.52098579
-4.59207466667 373.577745569
-4.587072 373.631782708
-4.58206933333 373.682539748
-4.57706666667 373.729340431
-4.572064 373.771522019
-4.56706133333 373.808696234
-4.56205866667 373.840777893
-4.557056 373.86783326
-4.55205333333 373.890131662
-4.54705066667 373.908210643
-4.542048 373.922747702
-4.53704533333 373.934417101
-4.53204266667 373.943726137
-4.52704 373.950872568
-4.52203733333 373.955732824
-4.51703466667 373.95803013
-4.512032 373.957663995
-4.50702933333 373.954939781
-4.50202666667 373.950576207
-4.497024 373.94564094
-4.49202133333 373.941355322
-4.48701866667 373.938661528
-4.482016 373.937867416
-4.47701333333 373.93863465
-4.47201066667 373.940184178
-4.467008 373.941415294
-4.46200533333 373.941109876
-4.45700266667 373.938178523
-4.452 373.931836673
-4.44699733333 373.921787585
-4.44199466667 373.908336191
-4.436992 373.892282744
-4.43198933333 373.874517709
-4.42698666667 373.855637734
-4.421984 373.835899798
-4.41698133333 373.815252671
-4.41197866667 373.793400379
-4.406976 373.769860479
-4.40197333333 373.744129108
-4.39697066667 373.715968326
-4.391968 373.685546469
-4.38696533333 373.653308251
-4.38196266667 373.619783406
-4.37696 373.585489246
-4.37195733333 373.550995351
-4.36695466667 373.516978928
-4.361952 373.484109316
-4.35694933333 373.452855957
-4.35194666667 373.423309992
-4.346944 373.395177259
-4.34194133333 373.368004314
-4.33693866667 373.341418844
-4.331936 373.315151672
-4.32693333333 373.288980045
-4.32193066667 373.262636647
-4.316928 373.235756309
-4.31192533333 373.207934995
-4.30692266667 373.178819948
-4.30192 373.148167104
-4.29691733333 373.115861122
-4.29191466667 373.081891838
-4.286912 373.04639949
-4.28190933333 373.009812215
-4.27690666667 372.972794113
-4.271904 372.935981179
-4.26690133333 372.899698457
-4.26189866667 372.863915313
-4.256896 372.82838694
-4.25189333333 372.792843961
-4.24689066667 372.75731637
-4.241888 372.722343877
-4.23688533333 372.688910924
-4.23188266667 372.658229887
-4.22688 372.631618712
-4.22187733333 372.610334906
-4.21687466667 372.595211021
-4.211872 372.586441735
-4.20686933333 372.583834672
-4.20186666667 372.587209107
-4.196864 372.596432544
-4.19186133333 372.611303727
-4.18685866667 372.63158394
-4.181856 372.657072668
-4.17685333333 372.687524624
-4.17185066667 372.722413366
-4.166848 372.760871424
-4.16184533333 372.801751531
-4.15684266667 372.843775702
-4.15184 372.885722469
-4.14683733333 372.926565967
-4.14183466667 372.965620008
-4.136832 373.002737116
-4.13182933333 373.038208846
-4.12682666667 373.072541882
-4.121824 373.106369243
-4.11682133333 373.14034985
-4.11181866667 373.175123192
-4.106816 373.21122528
-4.10181333333 373.24880034
-4.09681066667 373.287514033
-4.091808 373.326839903
-4.08680533333 373.366509215
-4.08180266667 373.406781238
-4.0768 373.448391761
-4.07179733333 373.492216032
-4.06679466667 373.538851194
-4.061792 373.588514605
-4.05678933333 373.641245043
-4.05178666667 373.697111708
-4.046784 373.756040119
-4.04178133333 373.817583113
-4.03677866667 373.880984042
-4.031776 373.945382649
-4.02677333333 374.009941616
-4.02177066667 374.073833165
-4.016768 374.136308393
-4.01176533333 374.196867173
-4.00676266667 374.255322477
-4.00176 374.311719228
-3.99675733333 374.366125219
-3.99175466667 374.418494617
-3.986752 374.46863404
-3.98174933333 374.516203462
-3.97674666667 374.560737154
-3.971744 374.601731177
-3.96674133333 374.638691119
-3.96173866667 374.671146572
-3.956736 374.698671559
-3.95173333333 374.720874162
-3.94673066667 374.737419763
-3.941728 374.748102836
-3.93672533333 374.752896817
-3.93172266667 374.751982011
-3.92672 374.745734989
-3.92171733333 374.734695777
-3.91671466667 374.719480931
-3.911712 374.700616749
-3.90670933333 374.678523287
-3.90170666667 374.653679548
-3.896704 374.626716768
-3.89170133333 374.598453932
-3.88669866667 374.569722171
-3.881696 374.541045995
-3.87669333333 374.512465176
-3.87169066667 374.483513632
-3.866688 374.453398234
-3.86168533333 374.4214315
-3.85668266667 374.387499815
-3.85168 374.352155827
-3.84667733333 374.316520891
-3.84167466667 374.282066078
-3.836672 374.250252333
-3.83166933333 374.222334264
-3.82666666667 374.199257672
-3.821664 374.181372771
-3.81666133333 374.168259786
-3.81165866667 374.158868452
-3.806656 374.151805123
-3.80165333333 374.145644039
-3.79665066667 374.139290245
-3.791648 374.13214113
-3.78664533333 374.123955336
-3.78164266667 374.114596454
-3.77664 374.103964599
-3.77163733333 374.092062147
-3.76663466667 374.079044699
-3.761632 374.065215619
-3.75662933333 374.050958422
-3.75162666667 374.03654758
-3.746624 374.022096607
-3.74162133333 374.007606233
-3.73661866667 373.992929438
-3.731616 373.977652793
-3.72661333333 373.96118478
-3.72161066667 373.942992717
-3.716608 373.922869572
-3.71160533333 373.900953837
-3.70660266667 373.877577713
-3.7016 373.853183328
-3.69659733333 373.828296209
-3.69159466667 373.803486017
-3.686592 373.779308419
-3.68158933333 373.756293158
-3.67658666667 373.735063144
-3.671584 373.716302567
-3.66658133333 373.700523662
-3.66157866667 373.68792405
-3.656576 373.678318628
-3.65157333333 373.671224374
-3.64657066667 373.666084706
-3.641568 373.662408003
-3.63656533333 373.659743397
-3.63156266667 373.657626389
-3.62656 373.655614012
-3.62155733333 373.653304789
-3.61655466667 373.650405341
-3.611552 373.64673703
-3.60654933333 373.642213192
-3.60154666667 373.636840777
-3.596544 373.630787374
-3.59154133333 373.624458125
-3.58653866667 373.618492943
-3.581536 373.613645777
-3.57653333333 373.610583025
-3.57153066667 373.609733213
-3.566528 373.611161935
-3.56152533333 373.614514064
-3.55652266667 373.619065603
-3.55152 373.623953422
-3.54651733333 373.628366668
-3.54151466667 373.631619776
-3.536512 373.633320849
-3.53150933333 373.633499674
-3.52650666667 373.632579654
-3.521504 373.631166559
-3.51650133333 373.629936658
-3.51149866667 373.629564322
-3.506496 373.630558526
-3.50149333333 373.633168712
-3.49649066667 373.637404518
-3.491488 373.643091497
-3.48648533333 373.650011919
-3.48148266667 373.65806415
-3.47648 373.667279438
-3.47147733333 373.67776731
-3.46647466667 373.689572262
-3.461472 373.702539851
-3.45646933333 373.716399866
-3.45146666667 373.731018149
-3.446464 373.746500595
-3.44146133333 373.76305641
-3.43645866667 373.780853431
-3.431456 373.800035876
-3.42645333333 373.820783106
-3.42145066667 373.843170481
-3.416448 373.867007694
-3.41144533333 373.891856449
-3.40644266667 373.9170699
-3.40144 373.941845594
-3.39643733333 373.965451268
-3.39143466667 373.987491313
-3.386432 374.008027299
-3.38142933333 374.027430095
-3.37642666667 374.046129048
-3.371424 374.064453302
-3.36642133333 374.082616104
-3.36141866667 374.10065299
-3.356416 374.118281437
-3.35141333333 374.134921343
-3.34641066667 374.149964834
-3.341408 374.162973784
-3.33640533333 374.173723055
-3.33140266667 374.182255559
-3.3264 374.188902413
-3.32139733333 374.194151958
-3.31639466667 374.198512509
-3.311392 374.202506615
-3.30638933333 374.20670366
-3.30138666667 374.211621877
-3.296384 374.217596539
-3.29138133333 374.22472953
-3.28637866667 374.232997457
-3.281376 374.242465349
-3.27637333333 374.253350285
-3.27137066667 374.265771731
-3.266368 374.279574525
-3.26136533333 374.294364931
-3.25636266667 374.309663381
-3.25136 374.32512406
-3.24635733333 374.340637213
-3.24135466667 374.356235097
-3.236352 374.37204175
-3.23134933333 374.388316428
-3.22634666667 374.405381657
-3.221344 374.423460671
-3.21634133333 374.44257724
-3.21133866667 374.462504514
-3.206336 374.482761956
-3.20133333333 374.502814559
-3.19633066667 374.522376043
-3.191328 374.541556778
-3.18632533333 374.560811412
-3.18132266667 374.580796646
-3.17632 374.602167349
-3.17131733333 374.625467974
-3.16631466667 374.651145678
-3.161312 374.679538617
-3.15630933333 374.71085042
-3.15130666667 374.745075915
-3.146304 374.781917716
-3.14130133333 374.82079945
-3.13629866667 374.861037307
-3.131296 374.90205877
-3.12629333333 374.943454674
-3.12129066667 374.984909041
-3.116288 375.026148846
-3.11128533333 375.066989009
-3.10628266667 375.107330887
-3.10128 375.146991072
-3.09627733333 375.185668761
-3.09127466667 375.223174863
-3.086272 375.259686535
-3.08126933333 375.295650204
-3.07626666667 375.331463334
-3.071264 375.367312859
-3.06626133333 375.403178264
-3.06125866667 375.438865246
-3.056256 375.47408997
-3.05125333333 375.508575934
-3.04625066667 375.542069063
-3.041248 375.574352375
-3.03624533333 375.605206335
-3.03124266667 375.634364809
-3.02624 375.661495874
-3.02123733333 375.686178382
-3.01623466667 375.707986263
-3.011232 375.726645434
-3.00622933333 375.742198999
-3.00122666667 375.755014395
-2.996224 375.765523349
-2.99122133333 375.773893707
-2.98621866667 375.779984687
-2.981216 375.78366165
-2.97621333333 375.784926452
-2.97121066667 375.783792304
-2.966208 375.780365119
-2.96120533333 375.775081477
-2.95620266667 375.768655955
-2.9512 375.761690585
-2.94619733333 375.754337299
-2.94119466667 375.746452367
-2.936192 375.738002703
-2.93118933333 375.729170432
-2.92618666667 375.720185431
-2.921184 375.71119647
-2.91618133333 375.702297922
-2.91117866667 375.693538707
-2.906176 375.684879212
-2.90117333333 375.676184988
-2.89617066667 375.667273486
-2.891168 375.65798721
-2.88616533333 375.64823303
-2.88116266667 375.638019985
-2.87616 375.627449215
-2.87115733333 375.61663757
-2.86615466667 375.605664692
-2.861152 375.594630635
-2.85614933333 375.583756284
-2.85114666667 375.573218135
-2.846144 375.562913934
-2.84114133333 375.552581137
-2.83613866667 375.541931095
-2.831136 375.530711052
-2.82613333333 375.518692717
-2.82113066667 375.505517847
-2.816128 375.490699413
-2.81112533333 375.473733277
-2.80612266667 375.454111412
-2.80112 375.431424447
-2.79611733333 375.405561389
-2.79111466667 375.376801982
-2.786112 375.345704248
-2.78110933333 375.312903796
-2.77610666667 375.279023233
-2.771104 375.244459522
-2.76610133333 375.209249086
-2.76109866667 375.173340742
-2.756096 375.136930224
-2.75109333333 375.100465343
-2.74609066667 375.064461764
-2.741088 375.029445922
-2.73608533333 374.995906437
-2.73108266667 374.964197838
-2.72608 374.934544684
-2.72107733333 374.907110395
-2.71607466667 374.881995586
-2.711072 374.859165916
-2.70606933333 374.838381806
-2.70106666667 374.819205431
-2.696064 374.801210698
-2.69106133333 374.784105954
-2.68605866667 374.767626692
-2.681056 374.751521718
-2.67605333333 374.735565889
-2.67105066667 374.719517018
-2.666048 374.703202681
-2.66104533333 374.686605813
-2.65604266667 374.669826684
-2.65104 374.653050578
-2.64603733333 374.636431343
-2.64103466667 374.620045795
-2.636032 374.603986081
-2.63102933333 374.588388401
-2.62602666667 374.573428754
-2.621024 374.559311671
-2.61602133333 374.54619238
-2.61101866667 374.534080264
-2.606016 374.522789601
-2.60101333333 374.512029471
-2.59601066667 374.501531175
-2.591008 374.491172541
-2.58600533333 374.481012024
-2.58100266667 374.471152183
-2.576 374.461634972
-2.57099733333 374.452551892
-2.56599466667 374.444107494
-2.560992 374.436437769
-2.55598933333 374.42945133
-2.55098666667 374.422896626
-2.545984 374.41655146
-2.54098133333 374.410314671
-2.53597866667 374.404247609
-2.530976 374.398582775
-2.52597333333 374.393678331
-2.52097066667 374.389841243
-2.515968 374.38720243
-2.51096533333 374.385778718
-2.50596266667 374.385518172
-2.50096 374.386406674
-2.49595733333 374.38863224
-2.49095466667 374.392547805
-2.485952 374.398438362
-2.48094933333 374.406353384
-2.47594666667 374.41624264
-2.470944 374.428136389
-2.46594133333 374.442198083
-2.46093866667 374.458703194
-2.455936 374.47794977
-2.45093333333 374.500229944
-2.44593066667 374.525876979
-2.440928 374.555301255
-2.43592533333 374.588935861
-2.43092266667 374.627093177
-2.42592 374.669957101
-2.42091733333 374.717745813
-2.41591466667 374.771052104
-2.410912 374.831119998
-2.40590933333 374.899706025
-2.40090666667 374.978513516
-2.395904 375.068716965
-2.39090133333 375.170875962
-2.38589866667 375.285007291
-2.380896 375.41061713
-2.37589333333 375.546860823
-2.37089066667 375.692722018
-2.365888 375.847091073
-2.36088533333 376.008844004
-2.35588266667 376.176846015
-2.35088 376.349871437
-2.34587733333 376.52652009
-2.34087466667 376.705215486
-2.335872 376.884254914
-2.33086933333 377.061899561
-2.32586666667 377.236581498
-2.320864 377.407002847
-2.31586133333 377.571897799
-2.31085866667 377.729850395
-2.305856 377.879394367
-2.30085333333 378.01919778
-2.29585066667 378.148115156
-2.290848 378.265097538
-2.28584533333 378.369219436
-2.28084266667 378.459945542
-2.27584 378.53737398
-2.27083733333 378.602204331
-2.26583466667 378.655646905
-2.260832 378.699405506
-2.25582933333 378.735462929
-2.25082666667 378.76544984
-2.245824 378.790203213
-2.24082133333 378.809838842
-2.23581866667 378.824096894
-2.230816 378.832855563
-2.22581333333 378.8364808
-2.22081066667 378.8358722
-2.215808 378.832391132
-2.21080533333 378.827480657
-2.20580266667 378.822251397
-2.2008 378.817445437
-2.19579733333 378.81354412
-2.19079466667 378.81085238
-2.185792 378.809605801
-2.18078933333 378.809964278
-2.17578666667 378.811974319
-2.170784 378.815749832
-2.16578133333 378.821723934
-2.16077866667 378.830383917
-2.155776 378.841379917
-2.15077333333 378.852955362
-2.14577066667 378.862577488
-2.140768 378.868510048
-2.13576533333 378.870872202
-2.13076266667 378.871331048
-2.12576 378.872001435
-2.12075733333 378.874464584
-2.11575466667 378.879256401
-2.110752 378.885966809
-2.10574933333 378.893794987
-2.10074666667 378.902032462
-2.095744 378.910261638
-2.09074133333 378.91829441
-2.08573866667 378.925982701
-2.080736 378.933260721
-2.07573333333 378.940258408
-2.07073066667 378.947279168
-2.065728 378.954792103
-2.06072533333 378.963381057
-2.05572266667 378.973602739
-2.05072 378.985723273
-2.04571733333 378.99951154
-2.04071466667 379.014370711
-2.035712 379.029755545
-2.03070933333 379.045449714
-2.02570666667 379.061456426
-2.020704 379.077902602
-2.01570133333 379.094960456
-2.01069866667 379.112625127
-2.005696 379.130600506
-2.00069333333 379.148286477
-1.99569066667 379.164838211
-1.990688 379.179262973
-1.98568533333 379.190539149
-1.98068266667 379.197926878
-1.97568 379.201240163
-1.97067733333 379.200724806
-1.96567466667 379.196636706
-1.960672 379.188873264
-1.95566933333 379.177022926
-1.95066666667 379.160675592
-1.945664 379.13952148
-1.94066133333 379.113240412
-1.93565866667 379.08147818
-1.930656 379.044014931
-1.92565333333 379.000835672
-1.92065066667 378.952022654
-1.915648 378.897712383
-1.91064533333 378.838118843
-1.90564266667 378.773487747
-1.90064 378.703963935
-1.89563733333 378.629391943
-1.89063466667 378.549283373
-1.885632 378.462867534
-1.88062933333 378.369152718
-1.87562666667 378.267048511
-1.870624 378.155520606
-1.86562133333 378.03392711
-1.86061866667 377.90223748
-1.855616 377.760926486
-1.85061333333 377.610903822
-1.84561066667 377.453575977
-1.840608 377.290841022
-1.83560533333 377.124739745
-1.83060266667 376.956821895
-1.8256 376.787756239
-1.82059733333 376.61759457
-1.81559466667 376.446405426
-1.810592 376.274713036
-1.80558933333 376.103342119
-1.80058666667 375.932995878
-1.795584 375.76414558
-1.79058133333 375.59727932
-1.78557866667 375.433264361
-1.780576 375.273467491
-1.77557333333 375.119693076
-1.77057066667 374.973910655
-1.765568 374.837783812
-1.76056533333 374.712363956
-1.75556266667 374.597995065
-1.75056 374.494442854
-1.74555733333 374.401075156
-1.74055466667 374.316942328
-1.735552 374.240955026
-1.73054933333 374.172016493
-1.72554666667 374.108975216
-1.720544 374.050735756
-1.71554133333 373.996416958
-1.71053866667 373.945393658
-1.705536 373.897187939
-1.70053333333 373.851312722
-1.69553066667 373.807286723
-1.690528 373.764699978
-1.68552533333 373.723263646
-1.68052266667 373.682834809
-1.67552 373.643338046
-1.67051733333 373.604644735
-1.66551466667 373.56663874
-1.660512 373.529357931
-1.65550933333 373.492952016
-1.65050666667 373.457460341
-1.645504 373.422687821
-1.64050133333 373.388370582
-1.63549866667 373.354444688
-1.630496 373.321078587
-1.62549333333 373.288521039
-1.62049066667 373.25698373
-1.615488 373.226580984
-1.61048533333 373.197287862
-1.60548266667 373.169072778
-1.60048 373.142078473
-1.59547733333 373.116616646
-1.59047466667 373.092937555
-1.585472 373.070997038
-1.58046933333 373.050416468
-1.57546666667 373.030530619
-1.570464 373.010421604
-1.56546133333 372.989115692
-1.56045866667 372.965851556
-1.555456 372.940164914
-1.55045333333 372.911755861
-1.54545066667 372.88045955
-1.540448 372.846307646
-1.53544533333 372.809530358
-1.53044266667 372.770485572
-1.52544 372.729615468
-1.52043733333 372.68752041
-1.51543466667 372.644976888
-1.510432 372.602763402
-1.50542933333 372.56160194
-1.50042666667 372.522195298
-1.495424 372.48515408
-1.49042133333 372.450910877
-1.48541866667 372.419666586
-1.480416 372.391443799
-1.47541333333 372.366182505
-1.47041066667 372.343837827
-1.465408 372.324453662
-1.46040533333 372.308037951
-1.45540266667 372.294424527
-1.4504 372.283281541
-1.44539733333 372.274327476
-1.44039466667 372.267519134
-1.435392 372.262903479
-1.43038933333 372.260381703
-1.42538666667 372.259719644
-1.420384 372.260735127
-1.41538133333 372.263366309
-1.41037866667 372.267626273
-1.405376 372.27357088
-1.40037333333 372.281292208
-1.39537066667 372.29095891
-1.390368 372.302797596
-1.38536533333 372.317058478
-1.38036266667 372.33394071
-1.37536 372.353510017
-1.37035733333 372.375681297
-1.36535466667 372.400208367
-1.360352 372.426581077
-1.35534933333 372.454095011
-1.35034666667 372.48204921
-1.345344 372.509863612
-1.34034133333 372.53705454
-1.33533866667 372.563187036
-1.330336 372.587813833
-1.32533333333 372.610470631
-1.32033066667 372.630767891
-1.315328 372.64844694
-1.31032533333 372.663445697
-1.30532266667 372.676008481
-1.30032 372.686702162
-1.29531733333 372.696123467
-1.29031466667 372.704633695
-1.285312 372.712463193
-1.28030933333 372.719961707
-1.27530666667 372.72757235
-1.270304 372.735613391
-1.26530133333 372.744235345
-1.26029866667 372.753444426
-1.255296 372.763013466
-1.25029333333 372.77241183
-1.24529066667 372.780996718
-1.240288 372.788286945
-1.23528533333 372.794061377
-1.23028266667 372.798311316
-1.22528 372.801146323
-1.22027733333 372.802710035
-1.21527466667 372.803229093
-1.210272 372.803031947
-1.20526933333 372.802407971
-1.20026666667 372.801510363
-1.195264 372.800378998
-1.19026133333 372.799008764
-1.18525866667 372.797431627
-1.180256 372.795727065
-1.17525333333 372.793920504
-1.17025066667 372.791903313
-1.165248 372.789482602
-1.16024533333 372.786465734
-1.15524266667 372.782680492
-1.15024 372.777998955
-1.14523733333 372.772369603
-1.14023466667 372.76584683
-1.135232 372.758644046
-1.13022933333 372.751173315
-1.12522666667 372.743932456
-1.120224 372.737268912
-1.11522133333 372.731300284
-1.11021866667 372.726029404
-1.105216 372.721391853
-1.10021333333 372.717190225
-1.09521066667 372.713216152
-1.090208 372.709488652
-1.08520533333 372.706295992
-1.08020266667 372.704054195
-1.0752 372.703119496
-1.07019733333 372.703603795
-1.06519466667 372.705352516
-1.060192 372.708121741
-1.05518933333 372.711667561
-1.05018666667 372.715814376
-1.045184 372.720537249
-1.04018133333 372.725958018
-1.03517866667 372.732179069
-1.030176 372.739113009
-1.02517333333 372.746506506
-1.02017066667 372.754110092
-1.015168 372.761854168
-1.01016533333 372.769786076
-1.00516266667 372.777811254
-1.00016 372.785696534
-0.995157333333 372.793284282
-0.990154666667 372.800590175
-0.985152 372.807754974
-0.980149333333 372.814810701
-0.975146666667 372.821579632
-0.970144 372.827903375
-0.965141333333 372.833757855
-0.960138666667 372.839234001
-0.955136 372.844496394
-0.950133333333 372.849679642
-0.945130666667 372.854881181
-0.940128 372.860170051
-0.935125333333 372.865584423
-0.930122666667 372.871122722
-0.92512 372.876630999
-0.920117333333 372.881833176
-0.915114666667 372.886597084
-0.910112 372.891002179
-0.905109333333 372.895111191
-0.900106666667 372.898708745
-0.895104 372.901357586
-0.890101333333 372.90267446
-0.885098666667 372.902659019
-0.880096 372.901791533
-0.875093333333 372.900781533
-0.870090666667 372.900176685
-0.865088 372.900238604
-0.860085333333 372.901069104
-0.855082666667 372.902669335
-0.85008 372.905027768
-0.845077333333 372.908174231
-0.840074666667 372.912085161
-0.835072 372.916657235
-0.830069333333 372.921756025
-0.825066666667 372.927132322
-0.820064 372.932398022
-0.815061333333 372.937277316
-0.810058666667 372.94177717
-0.805056 372.946008551
-0.800053333333 372.949936699
-0.795050666667 372.953388733
-0.790048 372.956264159
-0.785045333333 372.9587166
-0.780042666667 372.961173072
-0.77504 372.964138312
-0.770037333333 372.96797488
-0.765034666667 372.972713328
-0.760032 372.978076577
-0.755029333333 372.983756852
-0.750026666667 372.989639167
-0.745024 372.995847647
-0.740021333333 373.002538755
-0.735018666667 373.009614422
-0.730016 373.016780538
-0.725013333333 373.023836602
-0.720010666667 373.030770092
-0.715008 373.037572988
-0.710005333333 373.04409221
-0.705002666667 373.050092954
-0.7 373.055408033
-0.694997333333 373.060069631
-0.689994666667 373.064329228
-0.684992 373.068538347
-0.679989333333 373.073029994
-0.674986666667 373.078098839
-0.669984 373.083923411
-0.664981333333 373.090523733
-0.659978666667 373.097828583
-0.654976 373.105715744
-0.649973333333 373.114032081
-0.644970666667 373.122654321
-0.639968 373.131466046
-0.634965333333 373.140295255
-0.629962666667 373.148912746
-0.62496 373.157053475
-0.619957333333 373.164479151
-0.614954666667 373.171145471
-0.609952 373.177218154
-0.604949333333 373.182876557
-0.599946666667 373.188170339
-0.594944 373.193106371
-0.589941333333 373.197817186
-0.584938666667 373.202541132
-0.579936 373.207396929
-0.574933333333 373.21231521
-0.569930666667 373.21722306
-0.564928 373.22210818
-0.559925333333 373.22695435
-0.554922666667 373.231725639
-0.54992 373.236401059
-0.544917333333 373.241048748
-0.539914666667 373.245786
-0.534912 373.250650459
-0.529909333333 373.255485641
-0.524906666667 373.259982196
-0.519904 373.263857609
-0.514901333333 373.267075286
-0.509898666667 373.26982655
-0.504896 373.272313786
-0.499893333333 373.274570626
-0.494890666667 373.276511561
-0.489888 373.278079518
-0.484885333333 373.279315339
-0.479882666667 373.280427684
-0.47488 373.281757891
-0.469877333333 373.283553472
-0.464874666667 373.285858665
-0.459872 373.288609741
-0.454869333333 373.291824983
-0.449866666667 373.295585809
-0.444864 373.29984855
-0.439861333333 373.304434183
-0.434858666667 373.309196889
-0.429856 373.314109902
-0.424853333333 373.319237549
-0.419850666667 373.324696483
-0.414848 373.330621265
-0.409845333333 373.337096347
-0.404842666667 373.344158601
-0.39984 373.351791136
-0.394837333333 373.359895643
-0.389834666667 373.368350426
-0.384832 373.377018522
-0.379829333333 373.385633342
-0.374826666667 373.393729059
-0.369824 373.400792892
-0.364821333333 373.406592479
-0.359818666667 373.411320223
-0.354816 373.415401736
-0.349813333333 373.419209116
-0.344810666667 373.422939711
-0.339808 373.426659685
-0.334805333333 373.430300647
-0.329802666667 373.433677206
-0.3248 373.436628647
-0.319797333333 373.439190931
-0.314794666667 373.441575584
-0.309792 373.444036809
-0.304789333333 373.446795176
-0.299786666667 373.449980899
-0.294784 373.453589177
-0.289781333333 373.457513325
-0.284778666667 373.461627487
-0.279776 373.46579252
-0.274773333333 373.469817586
-0.269770666667 373.473454411
-0.264768 373.476489782
-0.259765333333 373.478853515
-0.254762666667 373.480629898
-0.24976 373.48202638
-0.244757333333 373.483350593
-0.239754666667 373.485006416
-0.234752 373.487275725
-0.229749333333 373.490107066
-0.224746666667 373.493211005
-0.219744 373.496350797
-0.214741333333 373.499449447
-0.209738666667 373.502594286
-0.204736 373.505932239
-0.199733333333 373.509460432
-0.194730666667 373.512986105
-0.189728 373.516319814
-0.184725333333 373.519432
-0.179722666667 373.52237471
-0.17472 373.525174945
-0.169717333333 373.527894688
-0.164714666667 373.530670801
-0.159712 373.533613078
-0.154709333333 373.5367071
-0.149706666667 373.539854484
-0.144704 373.542923348
-0.139701333333 373.545856205
-0.134698666667 373.548787567
-0.129696 373.551959724
-0.124693333333 373.555602245
-0.119690666667 373.559816239
-0.114688 373.564498883
-0.109685333333 373.569445305
-0.104682666667 373.574503897
-0.09968 373.579668772
