（-9.30459,1.5），（-5.56759,1.5），（-3.30639,1.5），（-1.79558,1.5）
-9.99995733333 281.697542339
-9.99495466667 281.7802447
-9.989952 281.67437803
-9.98494933333 281.697585119
-9.97994666667 281.65944659
-9.974944 281.70506238
-9.96994133333 281.660553452
-9.96493866667 281.758433467
-9.959936 281.679793733
-9.95493333333 281.799329727
-9.94993066667 281.668834883
-9.944928 281.736609947
-9.93992533333 281.660211689
-9.93492266667 281.739256594
-9.92992 281.624758106
-9.92491733333 281.669574676
-9.91991466667 281.604830014
-9.914912 281.616677446
-9.90990933333 281.546107839
-9.90490666667 281.632123071
-9.899904 281.571422457
-9.89490133333 281.617843204
-9.88989866667 281.516884746
-9.884896 281.619684331
-9.87989333333 281.56558365
-9.87489066667 281.645011506
-9.869888 281.561796214
-9.86488533333 281.664329257
-9.85988266667 281.572175628
-9.85488 281.676546449
-9.84987733333 281.592404887
-9.84487466667 281.663880122
-9.839872 281.650907277
-9.83486933333 281.671865877
-9.82986666667 281.591977667
-9.824864 281.661590514
-9.81986133333 281.59033951
-9.81485866667 281.640069467
-9.809856 281.603783363
-9.80485333333 281.666134253
-9.79985066667 281.59954987
-9.794848 281.730343344
-9.78984533333 281.641042275
-9.78484266667 281.671285391
-9.77984 281.586510431
-9.77483733333 281.602894241
-9.76983466667 281.425510108
-9.764832 281.474382917
-9.75982933333 281.42450562
-9.75482666667 281.437444098
-9.749824 281.348278752
-9.74482133333 281.404692128
-9.73981866667 281.335704839
-9.734816 281.41894843
-9.72981333333 281.330091253
-9.72481066667 281.395279472
-9.719808 281.314314569
-9.71480533333 281.346633191
-9.70980266667 281.247570336
-9.7048 281.297806185
-9.69979733333 281.232181556
-9.69479466667 281.281846736
-9.689792 281.192533792
-9.68478933333 281.284707985
-9.67978666667 281.235210473
-9.674784 281.329311715
-9.66978133333 281.291267495
-9.66477866667 281.395680024
-9.659776 281.326761732
-9.65477333333 281.404179895
-9.64977066667 281.324420522
-9.644768 281.460981096
-9.63976533333 281.436540973
-9.63476266667 281.564050758
-9.62976 281.478420429
-9.62475733333 281.589108873
-9.61975466667 281.565344144
-9.614752 281.630857099
-9.60974933333 281.554580221
-9.60474666667 281.592933775
-9.599744 281.519268946
-9.59474133333 281.573193316
-9.58973866667 281.498970567
-9.584736 281.586427158
-9.57973333333 281.463733607
-9.57473066667 281.563675631
-9.569728 281.459213158
-9.56472533333 281.52754216
-9.55972266667 281.495231105
-9.55472 281.546400791
-9.54971733333 281.429060286
-9.54471466667 281.492078681
-9.539712 281.393780869
-9.53470933333 281.440042141
-9.52970666667 281.382410409
-9.524704 281.466046979
-9.51970133333 281.388564762
-9.51469866667 281.481882764
-9.509696 281.372244119
-9.50469333333 281.425163861
-9.49969066667 281.357110161
-9.494688 281.446832672
-9.48968533333 281.373663077
-9.48468266667 281.427933423
-9.47968 281.384890037
-9.47467733333 281.448051494
-9.46967466667 281.361649317
-9.464672 281.441174448
-9.45966933333 281.385741557
-9.45466666667 281.450780918
-9.449664 281.37481009
-9.44466133333 281.504102762
-9.43965866667 281.453988855
-9.434656 281.543901476
-9.42965333333 281.449281329
-9.42465066667 281.559577015
-9.419648 281.507743301
-9.41464533333 281.582951489
-9.40964266667 281.5400703
-9.40464 281.62002364
-9.39963733333 281.606619792
-9.39463466667 281.66572166
-9.389632 281.616172011
-9.38462933333 281.712446773
-9.37962666667 281.655910022
-9.374624 281.728589322
-9.36962133333 281.647042489
-9.36461866667 281.755394297
-9.359616 281.66808008
-9.35461333333 281.782766168
-9.34961066667 281.692482473
-9.344608 281.779520432
-9.33960533333 281.738718082
-9.33460266667 281.778075582
-9.3296 281.6097192
-9.32459733333 281.673281797
-9.31959466667 281.581032863
-9.314592 281.5840718
-9.30958933333 281.468527671
-9.30458666667 281.527312788
-9.299584 281.449640595
-9.29458133333 281.580833055
-9.28957866667 281.510576261
-9.284576 281.592882534
-9.27957333333 281.559760491
-9.27457066667 281.628218354
-9.269568 281.548320912
-9.26456533333 281.623547068
-9.25956266667 281.547259852
-9.25456 281.634447851
-9.24955733333 281.551897042
-9.24455466667 281.6429093
-9.239552 281.587559682
-9.23454933333 281.663754499
-9.22954666667 281.614495159
-9.224544 281.676024412
-9.21954133333 281.596740018
-9.21453866667 281.685339309
-9.209536 281.561899628
-9.20453333333 281.631902763
-9.19953066667 281.554540917
-9.194528 281.633591933
-9.18952533333 281.52496337
-9.18452266667 281.539951857
-9.17952 281.549339358
-9.17451733333 281.581481156
-9.16951466667 281.51862541
-9.164512 281.609527552
-9.15950933333 281.517302614
-9.15450666667 281.590768513
-9.149504 281.530557647
-9.14450133333 281.590580141
-9.13949866667 281.499454324
-9.134496 281.55670425
-9.12949333333 281.463926179
-9.12449066667 281.538374138
-9.119488 281.495307571
-9.11448533333 281.584020079
-9.10948266667 281.476656352
-9.10448 281.553581383
-9.09947733333 281.482570984
-9.09447466667 281.551236401
-9.089472 281.423083366
-9.08446933333 281.503789596
-9.07946666667 281.424294634
-9.074464 281.518692035
-9.06946133333 281.415274983
-9.06445866667 281.459788349
-9.059456 281.352503863
-9.05445333333 281.471217311
-9.04945066667 281.375749403
-9.044448 281.420575298
-9.03944533333 281.372423174
-9.03444266667 281.466907372
-9.02944 281.371634629
-9.02443733333 281.457543046
-9.01943466667 281.413992468
-9.014432 281.500279041
-9.00942933333 281.413421208
-9.00442666667 281.525150187
-8.999424 281.454244497
-8.99442133333 281.566649421
-8.98941866667 281.511500126
-8.984416 281.640084639
-8.97941333333 281.566178743
-8.97441066667 281.750726976
-8.969408 281.68225558
-8.96440533333 281.847790436
-8.95940266667 281.836369568
-8.9544 281.971061507
-8.94939733333 281.963410048
-8.94439466667 282.126202306
-8.939392 282.14420228
-8.93438933333 282.284079852
-8.92938666667 282.294329366
-8.924384 282.466156674
-8.91938133333 282.47126146
-8.91437866667 282.677527529
-8.909376 282.688663965
-8.90437333333 282.853775699
-8.89937066667 282.949479317
-8.894368 283.105112209
-8.88936533333 283.095615783
-8.88436266667 283.274523991
-8.87936 283.347317743
-8.87435733333 283.521067016
-8.86935466667 283.511846779
-8.864352 283.70650696
-8.85934933333 283.70425635
-8.85434666667 283.892224361
-8.849344 283.875206655
-8.84434133333 284.09187802
-8.83933866667 284.10464253
-8.834336 284.327584882
-8.82933333333 284.313928146
-8.82433066667 284.445550199
-8.819328 284.405837093
-8.81432533333 284.495755839
-8.80932266667 284.439841265
-8.80432 284.532960617
-8.79931733333 284.470620018
-8.79431466667 284.56377611
-8.789312 284.454580054
-8.78430933333 284.517839667
-8.77930666667 284.435654697
-8.774304 284.47878812
-8.76930133333 284.385457142
-8.76429866667 284.411684304
-8.759296 284.362031965
-8.75429333333 284.440815551
-8.74929066667 284.332193923
-8.744288 284.384436895
-8.73928533333 284.308296426
-8.73428266667 284.386117698
-8.72928 284.261094503
-8.72427733333 284.330834523
-8.71927466667 284.256164737
-8.714272 284.31506668
-8.70926933333 284.201821099
-8.70426666667 284.279459043
-8.699264 284.192019903
-8.69426133333 284.318398456
-8.68925866667 284.232864181
-8.684256 284.309416251
-8.67925333333 284.22933914
-8.67425066667 284.310590841
-8.669248 284.183766866
-8.66424533333 284.270423283
-8.65924266667 284.221262352
-8.65424 284.309171079
-8.64923733333 284.172050965
-8.64423466667 284.214383187
-8.639232 284.103444578
-8.63422933333 284.156609498
-8.62922666667 284.053531632
-8.624224 284.105317529
-8.61922133333 283.975442637
-8.61421866667 284.033187186
-8.609216 283.914949706
-8.60421333333 283.963738908
-8.59921066667 283.867212111
-8.594208 283.919431541
-8.58920533333 283.764272586
-8.58420266667 283.869618245
-8.5792 283.781126199
-8.57419733333 283.813009136
-8.56919466667 283.659232767
-8.564192 283.788949917
-8.55918933333 283.659423293
-8.55418666667 283.741028575
-8.549184 283.630271059
-8.54418133333 283.643120504
-8.53917866667 283.556970772
-8.534176 283.59077984
-8.52917333333 283.445259289
-8.52417066667 283.481147785
-8.519168 283.393410142
-8.51416533333 283.431603564
-8.50916266667 283.349727946
-8.50416 283.423250263
-8.49915733333 283.322927433
-8.49415466667 283.319784053
-8.489152 283.198880361
-8.48414933333 283.242094463
-8.47914666667 283.114647838
-8.474144 283.189051074
-8.46914133333 283.068655498
-8.46413866667 283.112486548
-8.459136 283.013722108
-8.45413333333 283.102023187
-8.44913066667 282.940427296
-8.444128 283.004279879
-8.43912533333 282.925002189
-8.43412266667 282.980207406
-8.42912 282.840142299
-8.42411733333 282.866500298
-8.41911466667 282.708480563
-8.414112 282.691410578
-8.40910933333 282.531419315
-8.40410666667 282.510042761
-8.399104 282.359037984
-8.39410133333 282.338588916
-8.38909866667 282.138364684
-8.384096 282.107040261
-8.37909333333 281.99005959
-8.37409066667 281.997539022
-8.369088 281.770600285
-8.36408533333 281.773889068
-8.35908266667 281.595979178
-8.35408 281.579904862
-8.34907733333 281.372241659
-8.34407466667 281.375700056
-8.339072 281.187912051
-8.33406933333 281.239840346
-8.32906666667 281.125039339
-8.324064 281.12698319
-8.31906133333 281.036241735
-8.31405866667 281.079341407
-8.309056 280.936147592
-8.30405333333 280.968107724
-8.29905066667 280.86546559
-8.294048 280.868934879
-8.28904533333 280.771632786
-8.28404266667 280.832251455
-8.27904 280.717898106
-8.27403733333 280.832571562
-8.26903466667 280.745429025
-8.264032 280.825905147
-8.25902933333 280.775351884
-8.25402666667 280.848722781
-8.249024 280.739554388
-8.24402133333 280.766904688
-8.23901866667 280.696223099
-8.234016 280.759488631
-8.22901333333 280.681333207
-8.22401066667 280.75745156
-8.219008 280.757989941
-8.21400533333 280.780876045
-8.20900266667 280.785874376
-8.204 280.838368259
-8.19899733333 280.743748534
-8.19399466667 280.811730206
-8.188992 280.700680837
-8.18398933333 280.738075192
-8.17898666667 280.70060611
-8.173984 280.751203369
-8.16898133333 280.627749187
-8.16397866667 280.719683893
-8.158976 280.657720062
-8.15397333333 280.763173985
-8.14897066667 280.642501739
-8.143968 280.735864894
-8.13896533333 280.686639266
-8.13396266667 280.793602335
-8.12896 280.724505247
-8.12395733333 280.880196336
-8.11895466667 280.849691929
-8.113952 280.973970959
-8.10894933333 280.952825335
-8.10394666667 281.010099034
-8.098944 280.957234023
-8.09394133333 281.008062522
-8.08893866667 280.881988802
-8.083936 280.989795792
-8.07893333333 280.915480703
-8.07393066667 281.007614438
-8.068928 280.915541044
-8.06392533333 281.038296928
-8.05892266667 280.954821977
-8.05392 281.074996137
-8.04891733333 281.020795389
-8.04391466667 281.048476071
-8.038912 280.997271514
-8.03390933333 281.032448072
-8.02890666667 280.936365533
-8.023904 281.014373528
-8.01890133333 280.961524522
-8.01389866667 281.018921366
-8.008896 280.900571515
-8.00389333333 280.967654008
-7.99889066667 280.860938606
-7.993888 280.934713077
-7.98888533333 280.842125627
-7.98388266667 280.961890143
-7.97888 280.87540657
-7.97387733333 280.99259541
-7.96887466667 280.880132781
-7.963872 280.972332877
-7.95886933333 280.874648976
-7.95386666667 280.909975934
-7.948864 280.818487198
-7.94386133333 280.936575032
-7.93885866667 280.84278375
-7.933856 280.877126962
-7.92885333333 280.783966004
-7.92385066667 280.871573979
-7.918848 280.806389258
-7.91384533333 280.905277929
-7.90884266667 280.825984551
-7.90384 280.91240285
-7.89883733333 280.880660231
-7.89383466667 280.960985476
-7.888832 280.841143553
-7.88382933333 280.957564671
-7.87882666667 280.921902076
-7.873824 280.999547173
-7.86882133333 280.909549087
-7.86381866667 281.017018071
-7.858816 280.906547981
-7.85381333333 281.03802191
-7.84881066667 280.98712207
-7.843808 281.075802752
-7.83880533333 281.012313694
-7.83380266667 281.130878295
-7.8288 281.070125294
-7.82379733333 281.183076681
-7.81879466667 281.218865175
-7.813792 281.274086188
-7.80878933333 281.11244277
-7.80378666667 281.237606279
-7.798784 281.186959939
-7.79378133333 281.304674787
-7.78877866667 281.170586455
-7.783776 281.319826513
-7.77877333333 281.257984629
-7.77377066667 281.380845407
-7.768768 281.284401017
-7.76376533333 281.353346681
-7.75876266667 281.280658289
-7.75376 281.317343081
-7.74875733333 281.179976654
-7.74375466667 281.21268123
-7.738752 281.148982861
-7.73374933333 281.191911099
-7.72874666667 281.098424498
-7.723744 281.239759091
-7.71874133333 281.146068616
-7.71373866667 281.237209103
-7.708736 281.168350342
-7.70373333333 281.199677422
-7.69873066667 281.155228283
-7.693728 281.235768935
-7.68872533333 281.114023088
-7.68372266667 281.150996578
-7.67872 281.116663568
-7.67371733333 281.184323009
-7.66871466667 281.094788711
-7.663712 281.189447301
-7.65870933333 281.068636251
-7.65370666667 281.145013606
-7.648704 281.078046041
-7.64370133333 281.169683547
-7.63869866667 281.078380641
-7.633696 281.132409278
-7.62869333333 281.034569052
-7.62369066667 281.098455794
-7.618688 281.030688996
-7.61368533333 281.060591677
-7.60868266667 280.964851215
-7.60368 281.021536143
-7.59867733333 280.960133511
-7.59367466667 281.041971365
-7.588672 280.955838103
-7.58366933333 281.049002397
-7.57866666667 280.962818043
-7.573664 281.037039319
-7.56866133333 280.919230893
-7.56365866667 280.986918307
-7.558656 280.848681633
-7.55365333333 280.870375044
-7.54865066667 280.750799829
-7.543648 280.78988661
-7.53864533333 280.733256319
-7.53364266667 280.823206301
-7.52864 280.681095947
-7.52363733333 280.781474516
-7.51863466667 280.667944941
-7.513632 280.707450171
-7.50862933333 280.540305407
-7.50362666667 280.624380498
-7.498624 280.496420859
-7.49362133333 280.581498107
-7.48861866667 280.438389395
-7.483616 280.488522357
-7.47861333333 280.381560059
-7.47361066667 280.431743071
-7.468608 280.334268591
-7.46360533333 280.398679222
-7.45860266667 280.287854006
-7.4536 280.357493958
-7.44859733333 280.213393671
-7.44359466667 280.327580432
-7.438592 280.221406801
-7.43358933333 280.288051705
-7.42858666667 280.175448151
-7.423584 280.211412805
-7.41858133333 280.107865251
-7.41357866667 280.208448562
-7.408576 280.092572322
-7.40357333333 280.17153376
-7.39857066667 280.108001642
-7.393568 280.193510781
-7.38856533333 280.069142712
-7.38356266667 280.16034434
-7.37856 280.040395614
-7.37355733333 280.128508794
-7.36855466667 279.98143237
-7.363552 280.095645513
-7.35854933333 279.9843298
-7.35354666667 280.046806736
-7.348544 279.953089309
-7.34354133333 280.001275522
-7.33853866667 279.948539049
-7.333536 280.018837605
-7.32853333333 279.916783536
-7.32353066667 279.957889814
-7.318528 279.928275857
-7.31352533333 279.952941599
-7.30852266667 279.812476817
-7.30352 279.90381735
-7.29851733333 279.784749305
-7.29351466667 279.871316791
-7.288512 279.77269607
-7.28350933333 279.854783456
-7.27850666667 279.747068388
-7.273504 279.880065684
-7.26850133333 279.771647353
-7.26349866667 279.847937478
-7.258496 279.778575588
-7.25349333333 279.872059608
-7.24849066667 279.744907486
-7.243488 279.843261646
-7.23848533333 279.811079567
-7.23348266667 279.89751452
-7.22848 279.792072225
-7.22347733333 279.932570878
-7.21847466667 279.866079556
-7.213472 279.968680759
-7.20846933333 279.927529378
-7.20346666667 280.025778347
-7.198464 279.986425611
-7.19346133333 280.109040805
-7.18845866667 280.036530741
-7.183456 280.142557566
-7.17845333333 280.129672918
-7.17345066667 280.244448164
-7.168448 280.172040759
-7.16344533333 280.328870616
-7.15844266667 280.264515283
-7.15344 280.366439665
-7.14843733333 280.292889807
-7.14343466667 280.439525587
-7.138432 280.352476812
-7.13342933333 280.482702723
-7.12842666667 280.356969593
-7.123424 280.45624878
-7.11842133333 280.437868926
-7.11341866667 280.524127425
-7.108416 280.449068756
-7.10341333333 280.555005605
-7.09841066667 280.461134228
-7.093408 280.556784058
-7.08840533333 280.489088997
-7.08340266667 280.567262939
-7.0784 280.462400433
-7.07339733333 280.552422201
-7.06839466667 280.422685994
-7.063392 280.516938721
-7.05838933333 280.437608075
-7.05338666667 280.529304275
-7.048384 280.443715423
-7.04338133333 280.549216163
-7.03837866667 280.505146802
-7.033376 280.6476243
-7.02837333333 280.555361464
-7.02337066667 280.691942842
-7.018368 280.642127522
-7.01336533333 280.753852209
-7.00836266667 280.682460062
-7.00336 280.797337775
-6.99835733333 280.726064948
-6.99335466667 280.855063665
-6.988352 280.780742842
-6.98334933333 280.869640055
-6.97834666667 280.793538979
-6.973344 280.862292903
-6.96834133333 280.775462838
-6.96333866667 280.828131315
-6.958336 280.758436551
-6.95333333333 280.839379242
-6.94833066667 280.684304993
-6.943328 280.814816407
-6.93832533333 280.734109139
-6.93332266667 280.866039445
-6.92832 280.786855604
-6.92331733333 280.897509976
-6.91831466667 280.861492694
-6.913312 280.967027474
-6.90830933333 280.847717625
-6.90330666667 280.90984113
-6.898304 280.846085988
-6.89330133333 280.90696227
-6.88829866667 280.78115954
-6.883296 280.915160944
-6.87829333333 280.825270002
-6.87329066667 280.936231926
-6.868288 280.842845928
-6.86328533333 280.952490808
-6.85828266667 280.860440676
-6.85328 280.942169314
-6.84827733333 280.867159593
-6.84327466667 280.883753571
-6.838272 280.820525966
-6.83326933333 280.901111992
-6.82826666667 280.764869223
-6.823264 280.895327811
-6.81826133333 280.805799213
-6.81325866667 280.877521657
-6.808256 280.775171311
-6.80325333333 280.881057104
-6.79825066667 280.785053975
-6.793248 280.917193861
-6.78824533333 280.86882887
-6.78324266667 280.974421971
-6.77824 280.931007053
-6.77323733333 281.024612711
-6.76823466667 280.903938105
-6.763232 281.023392146
-6.75822933333 280.964304747
-6.75322666667 281.11259468
-6.748224 281.010593752
-6.74322133333 281.173245446
-6.73821866667 281.084205424
-6.733216 281.198260561
-6.72821333333 281.14277393
-6.72321066667 281.259134421
-6.718208 281.196837717
-6.71320533333 281.297386795
-6.70820266667 281.262684227
-6.7032 281.382085174
-6.69819733333 281.352491337
-6.69319466667 281.471784949
-6.688192 281.358714977
-6.68318933333 281.440498123
-6.67818666667 281.396642621
-6.673184 281.479865358
-6.66818133333 281.35033343
-6.66317866667 281.455838461
-6.658176 281.32775738
-6.65317333333 281.416674124
-6.64817066667 281.276483524
-6.643168 281.311235355
-6.63816533333 281.189330799
-6.63316266667 281.290777183
-6.62816 281.168585124
-6.62315733333 281.280051611
-6.61815466667 281.223861326
-6.613152 281.324405736
-6.60814933333 281.202063347
-6.60314666667 281.341490061
-6.598144 281.224115585
-6.59314133333 281.267730342
-6.58813866667 281.123430405
-6.583136 281.241793125
-6.57813333333 281.15344405
-6.57313066667 281.242863529
-6.568128 281.1260574
-6.56312533333 281.233585224
-6.55812266667 281.166583189
-6.55312 281.238440555
-6.54811733333 281.161959498
-6.54311466667 281.24489238
-6.538112 281.177804793
-6.53310933333 281.210253528
-6.52810666667 281.089930319
-6.523104 281.217275499
-6.51810133333 281.143349237
-6.51309866667 281.207507463
-6.508096 281.150160986
-6.50309333333 281.233142937
-6.49809066667 281.18653708
-6.493088 281.289691071
-6.48808533333 281.1818878
-6.48308266667 281.241033166
-6.47808 281.155716152
-6.47307733333 281.25726858
-6.46807466667 281.129870983
-6.463072 281.206559396
-6.45806933333 281.091331649
-6.45306666667 281.189609309
-6.448064 281.036452045
-6.44306133333 281.125027845
-6.43805866667 281.030232251
-6.433056 281.078746963
-6.42805333333 280.988742814
-6.42305066667 281.015044811
-6.418048 280.9682034
-6.41304533333 281.052654634
-6.40804266667 280.948060427
-6.40304 281.008527408
-6.39803733333 280.987300759
-6.39303466667 281.048504961
-6.388032 280.935134716
-6.38302933333 281.043927187
-6.37802666667 280.930376496
-6.373024 281.046904172
-6.36802133333 280.965215584
-6.36301866667 281.004888663
-6.358016 280.91813176
-6.35301333333 281.020013057
-6.34801066667 280.969406508
-6.343008 281.027295413
-6.33800533333 280.981355403
-6.33300266667 281.056239901
-6.328 280.930600632
-6.32299733333 281.11960394
-6.31799466667 281.048321097
-6.312992 281.158408727
-6.30798933333 281.071663377
-6.30298666667 281.183612645
-6.297984 281.087448255
-6.29298133333 281.21744063
-6.28797866667 281.129588553
-6.282976 281.227410862
-6.27797333333 281.169099903
-6.27297066667 281.298613294
-6.267968 281.198726188
-6.26296533333 281.289186848
-6.25796266667 281.239846442
-6.25296 281.331107752
-6.24795733333 281.244052662
-6.24295466667 281.344399525
-6.237952 281.259508776
-6.23294933333 281.325008221
-6.22794666667 281.242656063
-6.222944 281.311551378
-6.21794133333 281.24027472
-6.21293866667 281.339122834
-6.207936 281.25168321
-6.20293333333 281.340023465
-6.19793066667 281.25209699
-6.192928 281.397732592
-6.18792533333 281.223181163
-6.18292266667 281.346278466
-6.17792 281.251737089
-6.17291733333 281.344770494
-6.16791466667 281.234368388
-6.162912 281.35079187
-6.15790933333 281.265840384
-6.15290666667 281.350878118
-6.147904 281.262788659
-6.14290133333 281.354204017
-6.13789866667 281.301207059
-6.132896 281.408151566
-6.12789333333 281.26986473
-6.12289066667 281.337747318
-6.117888 281.280824114
-6.11288533333 281.377935005
-6.10788266667 281.223871855
-6.10288 281.350022435
-6.09787733333 281.243259344
-6.09287466667 281.304180978
-6.087872 281.257012962
-6.08286933333 281.330667306
-6.07786666667 281.264477275
-6.072864 281.346142381
-6.06786133333 281.223184588
-6.06285866667 281.319681128
-6.057856 281.272245941
-6.05285333333 281.345093887
-6.04785066667 281.170286754
-6.042848 281.332792375
-6.03784533333 281.224822951
-6.03284266667 281.329374618
-6.02784 281.236754451
-6.02283733333 281.334212316
-6.01783466667 281.209630244
-6.012832 281.296971479
-6.00782933333 281.225014901
-6.00282666667 281.324849666
-5.997824 281.253110478
-5.99282133333 281.348071277
-5.98781866667 281.225213008
-5.982816 281.337784658
-5.97781333333 281.253817414
-5.97281066667 281.301385239
-5.967808 281.205023281
-5.96280533333 281.331363584
-5.95780266667 281.267626204
-5.9528 281.349877142
-5.94779733333 281.240926899
-5.94279466667 281.325667739
-5.937792 281.194368854
-5.93278933333 281.327519938
-5.92778666667 281.249053682
-5.922784 281.324055677
-5.91778133333 281.226791823
-5.91277866667 281.325271166
-5.907776 281.200071485
-5.90277333333 281.319426721
-5.89777066667 281.188268153
-5.892768 281.255386324
-5.88776533333 281.117154538
-5.88276266667 281.200262092
-5.87776 281.114080622
-5.87275733333 281.13459024
-5.86775466667 280.990574631
-5.862752 281.058377761
-5.85774933333 280.973949687
-5.85274666667 281.07246704
-5.847744 280.944933278
-5.84274133333 281.039130495
-5.83773866667 280.880250662
-5.832736 280.968194949
-5.82773333333 280.840236907
-5.82273066667 280.903199265
-5.817728 280.845633828
-5.81272533333 280.909916518
-5.80772266667 280.758800583
-5.80272 280.849679837
-5.79771733333 280.721496221
-5.79271466667 280.809120271
-5.787712 280.659772062
-5.78270933333 280.746369897
-5.77770666667 280.685624395
-5.772704 280.772927799
-5.76770133333 280.606386338
-5.76269866667 280.735512253
-5.757696 280.597480556
-5.75269333333 280.698111521
-5.74769066667 280.592204643
-5.742688 280.683845909
-5.73768533333 280.582658311
-5.73268266667 280.67195563
-5.72768 280.576193602
-5.72267733333 280.609283044
-5.71767466667 280.606745867
-5.712672 280.695965475
-5.70766933333 280.565982061
-5.70266666667 280.737843851
-5.697664 280.690304389
-5.69266133333 280.856087451
-5.68765866667 280.837937228
-5.682656 280.95322922
-5.67765333333 280.883529257
-5.67265066667 281.074378372
-5.667648 281.013436833
-5.66264533333 281.126679958
-5.65764266667 281.042733491
-5.65264 281.194152153
-5.64763733333 281.051548642
-5.64263466667 281.178052921
-5.637632 281.105785936
-5.63262933333 281.175061802
-5.62762666667 281.063244886
-5.622624 281.194546767
-5.61762133333 281.095736476
-5.61261866667 281.184601799
-5.607616 281.114972198
-5.60261333333 281.200351205
-5.59761066667 281.124485835
-5.592608 281.205099488
-5.58760533333 281.144692427
-5.58260266667 281.247327405
-5.5776 281.215077309
-5.57259733333 281.370531546
-5.56759466667 281.215956652
-5.562592 281.370708119
-5.55758933333 281.227186222
-5.55258666667 281.338897688
-5.547584 281.244626684
-5.54258133333 281.316422007
-5.53757866667 281.22974244
-5.532576 281.288860128
-5.52757333333 281.187145634
-5.52257066667 281.269775224
-5.517568 281.209591127
-5.51256533333 281.311189912
-5.50756266667 281.181483439
-5.50256 281.274401674
-5.49755733333 281.236196732
-5.49255466667 281.367394617
-5.487552 281.306563657
-5.48254933333 281.457978522
-5.47754666667 281.398079514
-5.472544 281.492355177
-5.46754133333 281.367124589
-5.46253866667 281.459084694
-5.457536 281.334604696
-5.45253333333 281.48473917
-5.44753066667 281.37492553
-5.442528 281.501263604
-5.43752533333 281.491632097
-5.43252266667 281.64147942
-5.42752 281.499320749
-5.42251733333 281.657467609
-5.41751466667 281.589800556
-5.412512 281.665351505
-5.40750933333 281.584005489
-5.40250666667 281.695252235
-5.397504 281.585940333
-5.39250133333 281.668703257
-5.38749866667 281.553441026
-5.382496 281.648583571
-5.37749333333 281.548484425
-5.37249066667 281.687733016
-5.367488 281.526536306
-5.36248533333 281.682149588
-5.35748266667 281.575862135
-5.35248 281.709297533
-5.34747733333 281.621104855
-5.34247466667 281.754098224
-5.337472 281.661079833
-5.33246933333 281.734792224
-5.32746666667 281.688544733
-5.322464 281.789774199
-5.31746133333 281.663474861
-5.31245866667 281.79387407
-5.307456 281.656096529
-5.30245333333 281.745658885
-5.29745066667 281.662173684
-5.292448 281.759424929
-5.28744533333 281.665753634
-5.28244266667 281.778837218
-5.27744 281.679860361
-5.27243733333 281.80250894
-5.26743466667 281.65980142
-5.262432 281.809078347
-5.25742933333 281.698187972
-5.25242666667 281.828685986
-5.247424 281.691551934
-5.24242133333 281.795545133
-5.23741866667 281.688799713
-5.232416 281.777689013
-5.22741333333 281.641839359
-5.22241066667 281.746226233
-5.217408 281.632401238
-5.21240533333 281.73518716
-5.20740266667 281.612758612
-5.2024 281.706935316
-5.19739733333 281.586958173
-5.19239466667 281.709485112
-5.187392 281.613189453
-5.18238933333 281.682102628
-5.17738666667 281.604868025
-5.172384 281.719250153
-5.16738133333 281.594008263
-5.16237866667 281.731427973
-5.157376 281.66261333
-5.15237333333 281.781417332
-5.14737066667 281.743244447
-5.142368 281.903456887
-5.13736533333 281.862631652
-5.13236266667 281.959229894
-5.12736 281.949005665
-5.12235733333 282.123050861
-5.11735466667 282.123142506
-5.112352 282.314292169
-5.10734933333 282.309785311
-5.10234666667 282.493626166
-5.097344 282.526536544
-5.09234133333 282.686251379
-5.08733866667 282.696484493
-5.082336 282.92682486
-5.07733333333 282.941498522
-5.07233066667 283.144934407
-5.067328 283.166126973
-5.06232533333 283.410426402
-5.05732266667 283.454357607
-5.05232 283.672129598
-5.04731733333 283.743298372
-5.04231466667 283.940089527
-5.037312 284.026961726
-5.03230933333 284.292304497
-5.02730666667 284.315929326
-5.022304 284.51677434
-5.01730133333 284.58755469
-5.01229866667 284.759627438
-5.007296 284.729344654
-5.00229333333 284.926989558
-4.99729066667 284.878637471
-4.992288 285.001156099
-4.98728533333 284.956345704
-4.98228266667 285.075114123
-4.97728 285.055211471
-4.97227733333 285.172565667
-4.96727466667 285.044120526
-4.962272 285.116367704
-4.95726933333 285.006087288
-4.95226666667 285.146631041
-4.947264 285.014268208
-4.94226133333 285.104884589
-4.93725866667 284.956995709
-4.932256 285.036510171
-4.92725333333 284.921476498
-4.92225066667 285.012655689
-4.917248 284.908614816
-4.91224533333 285.005703143
-4.90724266667 284.837248755
-4.90224 284.964051005
-4.89723733333 284.865902753
-4.89223466667 284.997359161
-4.887232 284.82520445
-4.88222933333 284.952469048
-4.87722666667 284.809299104
-4.872224 284.935616209
-4.86722133333 284.812807896
-4.86221866667 284.891695487
-4.857216 284.733113008
-4.85221333333 284.857116284
-4.84721066667 284.708485015
-4.842208 284.810781677
-4.83720533333 284.655590414
-4.83220266667 284.764057692
-4.8272 284.591201012
-4.82219733333 284.687587123
-4.81719466667 284.572688542
-4.812192 284.60896695
-4.80718933333 284.459662992
-4.80218666667 284.535325253
-4.797184 284.453713726
-4.79218133333 284.523397947
-4.78717866667 284.415740955
-4.782176 284.496201321
-4.77717333333 284.399693258
-4.77217066667 284.470453588
-4.767168 284.33463427
-4.76216533333 284.417199088
-4.75716266667 284.338598988
-4.75216 284.404235637
-4.74715733333 284.261991674
-4.74215466667 284.346630687
-4.737152 284.244036009
-4.73214933333 284.330917213
-4.72714666667 284.179791385
-4.722144 284.25223514
-4.71714133333 284.170716679
-4.71213866667 284.248284922
-4.707136 284.095719312
-4.70213333333 284.154732771
-4.69713066667 284.037791277
-4.692128 284.12237646
-4.68712533333 283.945900087
-4.68212266667 284.031800054
-4.67712 283.894131112
-4.67211733333 283.945256439
-4.66711466667 283.765181739
-4.662112 283.82820479
-4.65710933333 283.725461326
-4.65210666667 283.830303865
-4.647104 283.704904296
-4.64210133333 283.750223766
-4.63709866667 283.602626459
-4.632096 283.691560224
-4.62709333333 283.437127517
-4.62209066667 283.446740838
-4.617088 283.279941422
-4.61208533333 283.283747582
-4.60708266667 283.002148449
-4.60208 283.009117413
-4.59707733333 282.750658075
-4.59207466667 282.682597311
-4.587072 282.415883351
-4.58206933333 282.340944319
-4.57706666667 282.129493134
-4.572064 282.135301931
-4.56706133333 281.860684544
-4.56205866667 281.877740235
-4.557056 281.692493398
-4.55205333333 281.722373813
-4.54705066667 281.524978032
-4.542048 281.553930423
-4.53704533333 281.338164021
-4.53204266667 281.346282402
-4.52704 281.213358893
-4.52203733333 281.2758081
-4.51703466667 281.115667189
-4.512032 281.204621349
-4.50702933333 281.022241902
-4.50202666667 281.054341753
-4.497024 280.920982182
-4.49202133333 280.983357257
-4.48701866667 280.807151058
-4.482016 280.864206312
-4.47701333333 280.749028535
-4.47201066667 280.838956347
-4.467008 280.73741019
-4.46200533333 280.781966588
-4.45700266667 280.666183413
-4.452 280.734673796
-4.44699733333 280.611542803
-4.44199466667 280.688947082
-4.436992 280.579741463
-4.43198933333 280.65253662
-4.42698666667 280.536630347
-4.421984 280.600594483
-4.41698133333 280.468412073
-4.41197866667 280.549288907
-4.406976 280.416307342
-4.40197333333 280.511928297
-4.39697066667 280.380437727
-4.391968 280.477358505
-4.38696533333 280.358026265
-4.38196266667 280.44156217
-4.37696 280.352243348
-4.37195733333 280.456275102
-4.36695466667 280.35732001
-4.361952 280.460665532
-4.35694933333 280.382417595
-4.35194666667 280.51541466
-4.346944 280.379806465
-4.34194133333 280.526911825
-4.33693866667 280.490981498
-4.331936 280.541303713
-4.32693333333 280.499939328
-4.32193066667 280.60177134
-4.316928 280.484483582
-4.31192533333 280.617450692
-4.30692266667 280.525962086
-4.30192 280.612772597
-4.29691733333 280.54060948
-4.29191466667 280.675252217
-4.286912 280.60069147
-4.28190933333 280.711124228
-4.27690666667 280.621557321
-4.271904 280.747961827
-4.26690133333 280.634962984
-4.26189866667 280.739290041
-4.256896 280.677644911
-4.25189333333 280.768151276
-4.24689066667 280.641284878
-4.241888 280.695423502
-4.23688533333 280.588747488
-4.23188266667 280.665249249
-4.22688 280.503588981
-4.22187733333 280.547643453
-4.21687466667 280.415815932
-4.211872 280.461207899
-4.20686933333 280.230188449
-4.20186666667 280.329786887
-4.196864 280.197523274
-4.19186133333 280.218232098
-4.18685866667 280.098719568
-4.181856 280.152763789
-4.17685333333 280.01664509
-4.17185066667 280.132658756
-4.166848 280.001059772
-4.16184533333 280.04858591
-4.15684266667 279.934983816
-4.15184 280.036636504
-4.14683733333 279.895584305
-4.14183466667 279.979856874
-4.136832 279.881285339
-4.13182933333 279.935871957
-4.12682666667 279.808777894
-4.121824 279.942403643
-4.11682133333 279.840712098
-4.11181866667 279.994317924
-4.106816 279.913649154
-4.10181333333 280.052063206
-4.09681066667 280.020543207
-4.091808 280.142853075
-4.08680533333 280.039015683
-4.08180266667 280.145503439
-4.0768 280.114309908
-4.07179733333 280.279169975
-4.06679466667 280.195668569
-4.061792 280.367480497
-4.05678933333 280.286444248
-4.05178666667 280.421764491
-4.046784 280.403470568
-4.04178133333 280.50912793
-4.03677866667 280.400693466
-4.031776 280.519763618
-4.02677333333 280.409712647
-4.02177066667 280.500575112
-4.016768 280.449104597
-4.01176533333 280.566762215
-4.00676266667 280.456842056
-4.00176 280.570258155
-3.99675733333 280.49658511
-3.99175466667 280.624906252
-3.986752 280.561031355
-3.98174933333 280.653664813
-3.97674666667 280.590694879
-3.971744 280.705912669
-3.96674133333 280.60864657
-3.96173866667 280.764632808
-3.956736 280.686142381
-3.95173333333 280.756454049
-3.94673066667 280.608048941
-3.941728 280.699437097
-3.93672533333 280.615834164
-3.93172266667 280.659722567
-3.92672 280.528118654
-3.92171733333 280.614969298
-3.91671466667 280.506369384
-3.911712 280.603786076
-3.90670933333 280.508577017
-3.90170666667 280.635884239
-3.896704 280.539447553
-3.89170133333 280.673137618
-3.88669866667 280.573883873
-3.881696 280.650103233
-3.87669333333 280.606282226
-3.87169066667 280.695508972
-3.866688 280.546143963
-3.86168533333 280.5917554
-3.85668266667 280.511807474
-3.85168 280.588416446
-3.84667733333 280.507015989
-3.84167466667 280.586215409
-3.836672 280.50938146
-3.83166933333 280.628056729
-3.82666666667 280.534582198
-3.821664 280.604842583
-3.81666133333 280.561779138
-3.81165866667 280.703280714
-3.806656 280.548887772
-3.80165333333 280.652495042
-3.79665066667 280.52218071
-3.791648 280.609232836
-3.78664533333 280.468124847
-3.78164266667 280.531082156
-3.77664 280.408985714
-3.77163733333 280.524112723
-3.76663466667 280.377507664
-3.761632 280.437103611
-3.75662933333 280.342455299
-3.75162666667 280.452744453
-3.746624 280.296132774
-3.74162133333 280.429587736
-3.73661866667 280.308818765
-3.731616 280.397845871
-3.72661333333 280.314791979
-3.72161066667 280.453480699
-3.716608 280.36361807
-3.71160533333 280.431317361
-3.70660266667 280.371269107
-3.7016 280.435106669
-3.69659733333 280.312970071
-3.69159466667 280.46635452
-3.686592 280.363819661
-3.68158933333 280.473738802
-3.67658666667 280.38122338
-3.671584 280.524572226
-3.66658133333 280.39801567
-3.66157866667 280.540479322
-3.656576 280.462768166
-3.65157333333 280.550604659
-3.64657066667 280.450648535
-3.641568 280.552406378
-3.63656533333 280.494910917
-3.63156266667 280.59859401
-3.62656 280.419329806
-3.62155733333 280.495981376
-3.61655466667 280.406457936
-3.611552 280.471723872
-3.60654933333 280.340969153
-3.60154666667 280.42000191
-3.596544 280.334393293
-3.59154133333 280.425492355
-3.58653866667 280.334594188
-3.581536 280.416660093
-3.57653333333 280.346015565
-3.57153066667 280.444086533
-3.566528 280.308565881
-3.56152533333 280.399302706
-3.55652266667 280.288158428
-3.55152 280.36992459
-3.54651733333 280.263601066
-3.54151466667 280.377295553
-3.536512 280.298062578
-3.53150933333 280.399819259
-3.52650666667 280.332234725
-3.521504 280.439157882
-3.51650133333 280.389979774
-3.51149866667 280.520305542
-3.506496 280.40809225
-3.50149333333 280.532096412
-3.49649066667 280.460186636
-3.491488 280.605453964
-3.48648533333 280.493354752
-3.48148266667 280.650818523
-3.47648 280.584993821
-3.47147733333 280.729157745
-3.46647466667 280.660704579
-3.461472 280.803905938
-3.45646933333 280.787950293
-3.45146666667 280.930691209
-3.446464 280.881515166
-3.44146133333 281.017039565
-3.43645866667 280.931954806
-3.431456 281.080594611
-3.42645333333 280.996572031
-3.42145066667 281.099328796
-3.416448 280.996782233
-3.41144533333 281.10053289
-3.40644266667 280.93250587
-3.40144 281.032202175
-3.39643733333 280.939069467
-3.39143466667 281.018278918
-3.386432 280.902655431
-3.38142933333 281.014195182
-3.37642666667 280.88571587
-3.371424 280.973813109
-3.36642133333 280.861501822
-3.36141866667 280.940512027
-3.356416 280.78702448
-3.35141333333 280.912964778
-3.34641066667 280.7263025
-3.341408 280.84460175
-3.33640533333 280.700968538
-3.33140266667 280.732573301
-3.3264 280.580902195
-3.32139733333 280.660028197
-3.31639466667 280.537212556
-3.311392 280.588624122
-3.30638933333 280.501742952
-3.30138666667 280.533998789
-3.296384 280.377314615
-3.29138133333 280.493822065
-3.28637866667 280.339994188
-3.281376 280.445610577
-3.27637333333 280.387076918
-3.27137066667 280.467542539
-3.266368 280.305192559
-3.26136533333 280.414331431
-3.25636266667 280.361690936
-3.25136 280.444355252
-3.24635733333 280.34452806
-3.24135466667 280.452484702
-3.236352 280.351144098
-3.23134933333 280.514533271
-3.22634666667 280.425756709
-3.221344 280.535972397
-3.21634133333 280.500319398
-3.21133866667 280.645734206
-3.206336 280.53167469
-3.20133333333 280.687618655
-3.19633066667 280.597135004
-3.191328 280.757426103
-3.18632533333 280.664225937
-3.18132266667 280.789468795
-3.17632 280.687387146
-3.17131733333 280.828408093
-3.16631466667 280.707527967
-3.161312 280.77638168
-3.15630933333 280.683184272
-3.15130666667 280.804409571
-3.146304 280.653770385
-3.14130133333 280.80498728
-3.13629866667 280.752095808
-3.131296 280.868377925
-3.12629333333 280.783795289
-3.12129066667 280.905437575
-3.116288 280.802780325
-3.11128533333 280.914641032
-3.10628266667 280.793917014
-3.10128 280.904572364
-3.09627733333 280.840825516
-3.09127466667 280.978247611
-3.086272 280.867444718
-3.08126933333 281.048243983
-3.07626666667 281.020284528
-3.071264 281.181625409
-3.06626133333 281.134852818
-3.06125866667 281.269865821
-3.056256 281.182423489
-3.05125333333 281.289710229
-3.04625066667 281.147653629
-3.041248 281.223847372
-3.03624533333 281.096630597
-3.03124266667 281.182560557
-3.02624 281.056784478
-3.02123733333 281.137398389
-3.01623466667 281.071650597
-3.011232 281.163441981
-3.00622933333 281.037122057
-3.00122666667 281.134795426
-2.996224 281.071362463
-2.99122133333 281.174823225
-2.98621866667 281.100859876
-2.981216 281.24803198
-2.97621333333 281.107990339
-2.97121066667 281.206124957
-2.966208 281.020346987
-2.96120533333 281.139749385
-2.95620266667 281.047342134
-2.9512 281.179786724
-2.94619733333 281.054149243
-2.94119466667 281.187921425
-2.936192 281.16237823
-2.93118933333 281.228175998
-2.92618666667 281.130379422
-2.921184 281.28775024
-2.91618133333 281.175423838
-2.91117866667 281.284255963
-2.906176 281.194288733
-2.90117333333 281.340733465
-2.89617066667 281.260693699
-2.891168 281.428017651
-2.88616533333 281.301751536
-2.88116266667 281.438405745
-2.87616 281.413798905
-2.87115733333 281.533294841
-2.86615466667 281.482319774
-2.861152 281.655446818
-2.85614933333 281.578189483
-2.85114666667 281.732764521
-2.846144 281.657690025
-2.84114133333 281.819329002
-2.83613866667 281.739901361
-2.831136 281.887696592
-2.82613333333 281.794663076
-2.82113066667 281.953541428
-2.816128 281.88554355
-2.81112533333 282.039115865
-2.80612266667 281.952655804
-2.80112 282.108755309
-2.79611733333 282.078759671
-2.79111466667 282.192524159
-2.786112 282.168276153
-2.78110933333 282.304781759
-2.77610666667 282.225907809
-2.771104 282.373352371
-2.76610133333 282.216187275
-2.76109866667 282.295705138
-2.756096 282.15614512
-2.75109333333 282.218651881
-2.74609066667 282.004174893
-2.741088 282.11150945
-2.73608533333 282.012131998
-2.73108266667 282.081560188
-2.72608 281.995620088
-2.72107733333 282.113586219
-2.71607466667 282.03885215
-2.711072 282.158885289
-2.70606933333 282.020860039
-2.70106666667 282.106081516
-2.696064 282.027391432
-2.69106133333 282.127850529
-2.68605866667 281.962388162
-2.681056 282.108358991
-2.67605333333 282.005257641
-2.67105066667 282.086227883
-2.666048 281.997912043
-2.66104533333 282.05937815
-2.65604266667 281.929795053
-2.65104 282.058257299
-2.64603733333 281.891951589
-2.64103466667 281.942051375
-2.636032 281.800370362
-2.63102933333 281.84607167
-2.62602666667 281.65140347
-2.621024 281.727454572
-2.61602133333 281.558917354
-2.61101866667 281.578442978
-2.606016 281.405243965
-2.60101333333 281.457200495
-2.59601066667 281.318650724
-2.591008 281.350163911
-2.58600533333 281.153956167
-2.58100266667 281.210548995
-2.576 281.069452658
-2.57099733333 281.148884975
-2.56599466667 280.980643302
-2.560992 281.024719954
-2.55598933333 280.897149959
-2.55098666667 280.97575868
-2.545984 280.826384254
-2.54098133333 280.920021169
-2.53597866667 280.765974659
-2.530976 280.793176584
-2.52597333333 280.671135625
-2.52097066667 280.728583151
-2.515968 280.565845593
-2.51096533333 280.662469568
-2.50596266667 280.487347443
-2.50096 280.547685855
-2.49595733333 280.458737314
-2.49095466667 280.57920524
-2.485952 280.454256957
-2.48094933333 280.552436408
-2.47594666667 280.438416516
-2.470944 280.531317528
-2.46594133333 280.397533771
-2.46093866667 280.458918569
-2.455936 280.335988107
-2.45093333333 280.447308812
-2.44593066667 280.265734328
-2.440928 280.369482119
-2.43592533333 280.23048913
-2.43092266667 280.349519023
-2.42592 280.188614726
-2.42091733333 280.255554072
-2.41591466667 280.153359385
-2.410912 280.195256022
-2.40590933333 280.064588555
-2.40090666667 280.160260989
-2.395904 280.056445887
-2.39090133333 280.130892959
-2.38589866667 280.01847606
-2.380896 280.126531317
-2.37589333333 280.031161151
-2.37089066667 280.156888476
-2.365888 280.076143829
-2.36088533333 280.226044604
-2.35588266667 280.178662256
-2.35088 280.320528317
-2.34587733333 280.212763988
-2.34087466667 280.357182741
-2.335872 280.309179566
-2.33086933333 280.420922079
-2.32586666667 280.317298292
-2.320864 280.468916898
-2.31586133333 280.357155593
-2.31085866667 280.501777879
-2.305856 280.394632841
-2.30085333333 280.526742012
-2.29585066667 280.460825028
-2.290848 280.57006002
-2.28584533333 280.450891345
-2.28084266667 280.560237863
-2.27584 280.499042992
-2.27083733333 280.594683044
-2.26583466667 280.499240936
-2.260832 280.623916137
-2.25582933333 280.499071843
-2.25082666667 280.634175235
-2.245824 280.508544597
-2.24082133333 280.660462312
-2.23581866667 280.558764241
-2.230816 280.695848007
-2.22581333333 280.562590849
-2.22081066667 280.692576521
-2.215808 280.601478142
-2.21080533333 280.661780317
-2.20580266667 280.592152025
-2.2008 280.690408791
-2.19579733333 280.569869141
-2.19079466667 280.697141953
-2.185792 280.60949127
-2.18078933333 280.663372576
-2.17578666667 280.550334912
-2.170784 280.642990976
-2.16578133333 280.502499539
-2.16077866667 280.561971209
-2.155776 280.499014253
-2.15077333333 280.576562614
-2.14577066667 280.445180158
-2.140768 280.562652938
-2.13576533333 280.465733175
-2.13076266667 280.535836207
-2.12576 280.447336271
-2.12075733333 280.541867735
-2.11575466667 280.406593462
-2.110752 280.518403182
-2.10574933333 280.390806455
-2.10074666667 280.49605473
-2.095744 280.379027087
-2.09074133333 280.458252338
-2.08573866667 280.314072767
-2.080736 280.438447272
-2.07573333333 280.305974848
-2.07073066667 280.394431918
-2.065728 280.311682537
-2.06072533333 280.380881625
-2.05572266667 280.256270914
-2.05072 280.384086328
-2.04571733333 280.266924149
-2.04071466667 280.34915029
-2.035712 280.240048062
-2.03070933333 280.308127014
-2.02570666667 280.182690046
-2.020704 280.316704055
-2.01570133333 280.210674783
-2.01069866667 280.293007462
-2.005696 280.172683129
-2.00069333333 280.286018474
-1.99569066667 280.194053236
-1.990688 280.27464477
-1.98568533333 280.149472678
-1.98068266667 280.213705198
-1.97568 280.160450509
-1.97067733333 280.237984651
-1.96567466667 280.114581821
-1.960672 280.212902895
-1.95566933333 280.134893138
-1.95066666667 280.197675575
-1.945664 280.079418929
-1.94066133333 280.184511477
-1.93565866667 280.067735439
-1.930656 280.186681526
-1.92565333333 280.050175965
-1.92065066667 280.121461671
-1.915648 280.032642506
-1.91064533333 280.126675654
-1.90564266667 280.00155284
-1.90064 280.096337951
-1.89563733333 280.009974045
-1.89063466667 280.111131989
-1.885632 280.025382032
-1.88062933333 280.110730517
-1.87562666667 280.035681392
-1.870624 280.133388123
-1.86562133333 280.016588363
-1.86061866667 280.133913968
-1.855616 280.015157574
-1.85061333333 280.172926937
-1.84561066667 280.01843559
-1.840608 280.12595204
-1.83560533333 280.082657817
-1.83060266667 280.14319731
-1.8256 280.033781634
-1.82059733333 280.172657105
-1.81559466667 280.080989792
-1.810592 280.20912931
-1.80558933333 280.091711087
-1.80058666667 280.191416468
-1.795584 280.055758246
-1.79058133333 280.185522801
-1.78557866667 280.047084997
-1.780576 280.10703399
-1.77557333333 280.010564078
-1.77057066667 280.032341292
-1.765568 279.906255035
-1.76056533333 279.952124768
-1.75556266667 279.807598336
-1.75056 279.852945682
-1.74555733333 279.696140803
-1.74055466667 279.744212839
-1.735552 279.657490361
-1.73054933333 279.716671762
-1.72554666667 279.595853336
-1.720544 279.698784841
-1.71554133333 279.583249979
-1.71053866667 279.664505949
-1.705536 279.569838635
-1.70053333333 279.639557798
-1.69553066667 279.55155158
-1.690528 279.673282234
-1.68552533333 279.512833297
-1.68052266667 279.619464803
-1.67552 279.507213805
-1.67051733333 279.592593232
-1.66551466667 279.442257899
-1.660512 279.530610631
-1.65550933333 279.38575625
-1.65050666667 279.523930715
-1.645504 279.398387603
-1.64050133333 279.468054553
-1.63549866667 279.393918357
-1.630496 279.448369441
-1.62549333333 279.370904214
-1.62049066667 279.489909242
-1.615488 279.38027899
-1.61048533333 279.552392604
-1.60548266667 279.43863544
-1.60048 279.543327998
-1.59547733333 279.423448527
-1.59047466667 279.586643999
-1.585472 279.460238129
-1.58046933333 279.589883044
-1.57546666667 279.474643819
-1.570464 279.621284487
-1.56546133333 279.532076682
-1.56045866667 279.673978922
-1.555456 279.558646078
-1.55045333333 279.743717232
-1.54545066667 279.634332147
-1.540448 279.747402726
-1.53544533333 279.629615193
-1.53044266667 279.794566224
-1.52544 279.7147914
-1.52043733333 279.832671152
-1.51543466667 279.762046262
-1.510432 279.900679029
-1.50542933333 279.773760886
-1.50042666667 279.925600694
-1.495424 279.826040901
-1.49042133333 279.920593239
-1.48541866667 279.806894644
-1.480416 279.973170931
-1.47541333333 279.846400501
-1.47041066667 280.004177755
-1.465408 279.854297821
-1.46040533333 279.931136611
-1.45540266667 279.87454959
-1.4504 279.993245468
-1.44539733333 279.898930414
-1.44039466667 279.998267386
-1.435392 279.922963355
-1.43038933333 280.055655473
-1.42538666667 279.950842001
-1.420384 280.089844926
-1.41538133333 279.96566113
-1.41037866667 280.112538472
-1.405376 280.033400325
-1.40037333333 280.124297245
-1.39537066667 280.076691963
-1.390368 280.211207074
-1.38536533333 280.106933022
-1.38036266667 280.212121865
-1.37536 280.148443868
-1.37035733333 280.230093486
-1.36535466667 280.170674863
-1.360352 280.309991078
-1.35534933333 280.210080649
-1.35034666667 280.307357254
-1.345344 280.186265988
-1.34034133333 280.297305058
-1.33533866667 280.200412495
-1.330336 280.359980877
-1.32533333333 280.210810454
-1.32033066667 280.299135253
-1.315328 280.234971843
-1.31032533333 280.299184769
-1.30532266667 280.199109361
-1.30032 280.337320301
-1.29531733333 280.211655368
-1.29031466667 280.328474911
-1.285312 280.216299331
-1.28030933333 280.310708813
-1.27530666667 280.159547767
-1.270304 280.301727231
-1.26530133333 280.153936769
-1.26029866667 280.225677857
-1.255296 280.148537466
-1.25029333333 280.231831203
-1.24529066667 280.147791419
-1.240288 280.280714771
-1.23528533333 280.146824149
-1.23028266667 280.262932396
-1.22528 280.164352733
-1.22027733333 280.325007227
-1.21527466667 280.262098002
-1.210272 280.419865756
-1.20526933333 280.355380327
-1.20026666667 280.524936368
-1.195264 280.477570172
-1.19026133333 280.645055476
-1.18525866667 280.585083232
-1.180256 280.752879242
-1.17525333333 280.679167455
-1.17025066667 280.849490828
-1.165248 280.825947141
-1.16024533333 281.05318264
-1.15524266667 281.032074835
-1.15024 281.292780027
-1.14523733333 281.302228538
-1.14023466667 281.53992233
-1.135232 281.627560612
-1.13022933333 281.925512685
-1.12522666667 281.966241532
-1.120224 282.232058956
-1.11522133333 282.33532661
-1.11021866667 282.67199406
-1.105216 282.756893655
-1.10021333333 283.053151417
-1.09521066667 283.106900137
-1.090208 283.341913418
-1.08520533333 283.313192153
-1.08020266667 283.536817006
-1.0752 283.517097629
-1.07019733333 283.697264386
-1.06519466667 283.650331851
-1.060192 283.782776065
-1.05518933333 283.732511756
-1.05018666667 283.875921566
-1.045184 283.811461054
-1.04018133333 283.910817337
-1.03517866667 283.826219187
-1.030176 283.937560197
-1.02517333333 283.824619238
-1.02017066667 283.905431711
-1.015168 283.78231692
-1.01016533333 283.879961337
-1.00516266667 283.729338458
-1.00016 283.825244368
-0.995157333333 283.694992839
-0.990154666667 283.749400808
-0.985152 283.597841664
-0.980149333333 283.666247848
-0.975146666667 283.55572071
-0.970144 283.62924528
-0.965141333333 283.49323076
-0.960138666667 283.552250249
-0.955136 283.448155372
-0.950133333333 283.580711318
-0.945130666667 283.451925159
-0.940128 283.551556073
-0.935125333333 283.44905927
-0.930122666667 283.553217384
-0.92512 283.396243652
-0.920117333333 283.509522032
-0.915114666667 283.374949987
-0.910112 283.436788466
-0.905109333333 283.311573717
-0.900106666667 283.390637093
-0.895104 283.276048563
-0.890101333333 283.363452129
-0.885098666667 283.24842552
-0.880096 283.336815508
-0.875093333333 283.230935797
-0.870090666667 283.306647102
-0.865088 283.190790968
-0.860085333333 283.272031319
-0.855082666667 283.179755034
-0.85008 283.305461654
-0.845077333333 283.129517981
-0.840074666667 283.237798447
-0.835072 283.115627973
-0.830069333333 283.22810916
-0.825066666667 283.126543959
-0.820064 283.172861698
-0.815061333333 283.125145246
-0.810058666667 283.167203613
-0.805056 283.046020009
-0.800053333333 283.13476478
-0.795050666667 283.010730741
-0.790048 283.110868073
-0.785045333333 282.957482692
-0.780042666667 283.063383189
-0.77504 282.944079777
-0.770037333333 283.052766016
-0.765034666667 282.908056944
-0.760032 282.958152957
-0.755029333333 282.854248621
-0.750026666667 282.902428581
-0.745024 282.742391062
-0.740021333333 282.828581768
-0.735018666667 282.722724936
-0.730016 282.801647856
-0.725013333333 282.641681983
-0.720010666667 282.717224808
-0.715008 282.543296993
-0.710005333333 282.618725037
-0.705002666667 282.442045326
-0.7 282.482759536
-0.694997333333 282.328069232
-0.689994666667 282.298242991
-0.684992 282.119475676
-0.679989333333 282.095521358
-0.674986666667 281.86312119
-0.669984 281.824513226
-0.664981333333 281.56454362
-0.659978666667 281.543584367
-0.654976 281.260754713
-0.649973333333 281.234909654
-0.644970666667 281.011425481
-0.639968 280.959631342
-0.634965333333 280.741144541
-0.629962666667 280.748811781
-0.62496 280.544847898
-0.619957333333 280.508293789
-0.614954666667 280.309852135
-0.609952 280.316879558
-0.604949333333 280.112153683
-0.599946666667 280.123741982
-0.594944 279.908340531
-0.589941333333 279.922624768
-0.584938666667 279.68755285
-0.579936 279.7024773
-0.574933333333 279.559606168
-0.569930666667 279.633125992
-0.564928 279.476667704
-0.559925333333 279.515690936
-0.554922666667 279.404895137
-0.54992 279.425689284
-0.544917333333 279.287498826
-0.539914666667 279.384548413
-0.534912 279.24517538
-0.529909333333 279.279549509
-0.524906666667 279.155543279
-0.519904 279.182506031
-0.514901333333 279.014814107
-0.509898666667 279.101844528
-0.504896 278.987094836
-0.499893333333 279.02141596
-0.494890666667 278.902885582
-0.489888 278.976949684
-0.484885333333 278.820494978
-0.479882666667 278.899674141
-0.47488 278.798091831
-0.469877333333 278.87563191
-0.464874666667 278.737197649
-0.459872 278.809475861
-0.454869333333 278.724234225
-0.449866666667 278.804586265
-0.444864 278.670053431
-0.439861333333 278.733705511
-0.434858666667 278.625562684
-0.429856 278.72632346
-0.424853333333 278.610128359
-0.419850666667 278.699595117
-0.414848 278.632640455
-0.409845333333 278.707841872
-0.404842666667 278.58217632
-0.39984 278.713355389
-0.394837333333 278.57324903
-0.389834666667 278.690185821
-0.384832 278.553355387
-0.379829333333 278.600475101
-0.374826666667 278.523960752
-0.369824 278.634284036
-0.364821333333 278.52263648
-0.359818666667 278.627242274
-0.354816 278.539394377
-0.349813333333 278.613199924
-0.344810666667 278.522445477
-0.339808 278.602260393
-0.334805333333 278.452232238
-0.329802666667 278.577089826
-0.3248 278.447616566
-0.319797333333 278.506992458
-0.314794666667 278.399839338
-0.309792 278.488637138
-0.304789333333 278.385697076
-0.299786666667 278.457092918
-0.294784 278.394103191
-0.289781333333 278.494179375
-0.284778666667 278.332869119
-0.279776 278.436590535
-0.274773333333 278.325011094
-0.269770666667 278.414860182
-0.264768 278.29815747
-0.259765333333 278.392422372
-0.254762666667 278.262895218
-0.24976 278.394780683
-0.244757333333 278.257958549
-0.239754666667 278.326634347
-0.234752 278.290901047
-0.229749333333 278.398547703
-0.224746666667 278.240723589
-0.219744 278.384429613
-0.214741333333 278.273843742
-0.209738666667 278.410254614
-0.204736 278.283405868
-0.199733333333 278.33321116
-0.194730666667 278.265856529
-0.189728 278.393415246
-0.184725333333 278.298982377
-0.179722666667 278.350237582
-0.17472 278.300209043
-0.169717333333 278.37573303
-0.164714666667 278.269647434
-0.159712 278.340828206
-0.154709333333 278.31872551
-0.149706666667 278.422338327
-0.144704 278.298946988
-0.139701333333 278.402154481
-0.134698666667 278.284603588
-0.129696 278.417275018
-0.124693333333 278.312224785
-0.119690666667 278.399342003
-0.114688 278.336067351
-0.109685333333 278.419745359
-0.104682666667 278.315919034
-0.09968 278.434865169
-0.0946773333333 278.313320566
-0.0896746666667 278.433387597
-0.084672 278.33212726
-0.0796693333333 278.457068554
-0.0746666666667 278.28922231
-0.069664 278.414914229
-0.0646613333333 278.325516345
-0.0596586666667 278.424128669
-0.054656 278.356930091
-0.0496533333333 278.432860144
-0.0446506666667 278.332876763
-0.039648 278.468552079
-0.0346453333333 278.405430708
-0.0296426666667 278.499579719
-0.02464 278.390534939
-0.0196373333333 278.520234973
-0.0146346666667 278.422775383
-0.009632 278.551329003
-0.00462933333333 278.468375653
