（-9.8999,1.5），（-7.75876,1）
-9.99995733333 282.532552907
-9.99495466667 282.485861583
-9.989952 282.495937218
-9.98494933333 282.51011493
-9.97994666667 282.464611796
-9.974944 282.434487155
-9.96994133333 282.36609605
-9.96493866667 282.347436104
-9.959936 282.285058263
-9.95493333333 282.231941818
-9.94993066667 282.184492408
-9.944928 282.173097396
-9.93992533333 282.114149254
-9.93492266667 282.062279739
-9.92992 281.937406313
-9.92491733333 281.815160849
-9.91991466667 281.745014104
-9.914912 281.744910169
-9.90990933333 281.727017064
-9.90490666667 281.771241867
-9.899904 281.880508248
-9.89490133333 281.901011717
-9.88989866667 281.942744738
-9.884896 281.99722921
-9.87989333333 282.025719361
-9.87489066667 282.065708336
-9.869888 282.13768573
-9.86488533333 282.216159953
-9.85988266667 282.19413077
-9.85488 282.165883945
-9.84987733333 282.182993564
-9.84487466667 282.268409259
-9.839872 282.301130534
-9.83486933333 282.32157102
-9.82986666667 282.368266348
-9.824864 282.429486537
-9.81986133333 282.460746245
-9.81485866667 282.506000842
-9.809856 282.602225446
-9.80485333333 282.752516706
-9.79985066667 282.781717521
-9.794848 282.902330842
-9.78984533333 283.028876591
-9.78484266667 283.192031007
-9.77984 283.458476472
-9.77483733333 283.386990574
-9.76983466667 283.37490814
-9.764832 283.528756199
-9.75982933333 283.722716032
-9.75482666667 283.809022271
-9.749824 283.824608456
-9.74482133333 283.917730391
-9.73981866667 283.978250451
-9.734816 284.01369968
-9.72981333333 284.075707555
-9.72481066667 284.188821329
-9.719808 284.252686341
-9.71480533333 284.353528337
-9.70980266667 284.379438463
-9.7048 284.557881404
-9.69979733333 284.715649047
-9.69479466667 284.79229631
-9.689792 284.869004918
-9.68478933333 284.963311542
-9.67978666667 284.921459412
-9.674784 284.992460364
-9.66978133333 284.96498931
-9.66477866667 285.031564523
-9.659776 285.027689687
-9.65477333333 285.027248507
-9.64977066667 285.013883509
-9.644768 285.052102827
-9.63976533333 285.009397527
-9.63476266667 285.01854691
-9.62976 284.984878592
-9.62475733333 284.986529374
-9.61975466667 284.951922869
-9.614752 284.9511735
-9.60974933333 284.922842528
-9.60474666667 284.874047849
-9.599744 284.832102538
-9.59474133333 284.803141514
-9.58973866667 284.768527555
-9.584736 284.769523636
-9.57973333333 284.72211115
-9.57473066667 284.716201437
-9.569728 284.628247678
-9.56472533333 284.574687525
-9.55972266667 284.558805716
-9.55472 284.513486423
-9.54971733333 284.45103786
-9.54471466667 284.435044475
-9.539712 284.361104119
-9.53470933333 284.309922949
-9.52970666667 284.285857888
-9.524704 284.305376007
-9.51970133333 284.281701836
-9.51469866667 284.204332022
-9.509696 284.15545976
-9.50469333333 284.17216666
-9.49969066667 284.14204083
-9.494688 284.120094143
-9.48968533333 284.092977286
-9.48468266667 284.020223562
-9.47968 283.836440604
-9.47467733333 283.713095468
-9.46967466667 283.602550023
-9.464672 283.595965613
-9.45966933333 283.501463175
-9.45466666667 283.412722122
-9.449664 283.275651884
-9.44466133333 283.194324554
-9.43965866667 283.118282663
-9.434656 283.114747627
-9.42965333333 283.115686663
-9.42465066667 283.066158513
-9.419648 282.927738605
-9.41464533333 282.905674689
-9.40964266667 282.922064631
-9.40464 283.106249035
-9.39963733333 283.12334648
-9.39463466667 283.066518894
-9.389632 283.030574509
-9.38462933333 283.07630565
-9.37962666667 283.218122577
-9.374624 283.356828677
-9.36962133333 283.381630877
-9.36461866667 283.389385423
-9.359616 283.325663984
-9.35461333333 283.28396993
-9.34961066667 283.250256234
-9.344608 283.105332233
-9.33960533333 282.897935846
-9.33460266667 282.78388817
-9.3296 282.663025387
-9.32459733333 282.662789131
-9.31959466667 282.614111426
-9.314592 282.552301182
-9.30958933333 282.517069228
-9.30458666667 282.516476938
-9.299584 282.513943583
-9.29458133333 282.498350227
-9.28957866667 282.455764968
-9.284576 282.521256142
-9.27957333333 282.445664056
-9.27457066667 282.354268533
-9.269568 282.275319825
-9.26456533333 282.247650693
-9.25956266667 282.147160184
-9.25456 282.124073948
-9.24955733333 282.085366456
-9.24455466667 282.260187034
-9.239552 282.310229536
-9.23454933333 282.41385672
-9.22954666667 282.480738847
-9.224544 282.655940479
-9.21954133333 282.773872677
-9.21453866667 282.910146288
-9.209536 283.032241202
-9.20453333333 283.217185338
-9.19953066667 283.403495273
-9.194528 283.790336435
-9.18952533333 284.053760997
-9.18452266667 284.327382082
-9.17952 284.558320302
-9.17451733333 284.853419682
-9.16951466667 285.016297134
-9.164512 285.162376509
-9.15950933333 285.125557907
-9.15450666667 285.155048066
-9.149504 285.145397717
-9.14450133333 285.244902413
-9.13949866667 285.242479401
-9.134496 285.263665804
-9.12949333333 285.310210229
-9.12449066667 285.352249772
-9.119488 285.276163596
-9.11448533333 285.336812974
-9.10948266667 285.466469109
-9.10448 285.578873291
-9.09947733333 285.560590396
-9.09447466667 285.642798674
-9.089472 285.696532486
-9.08446933333 285.760149709
-9.07946666667 285.800519806
-9.074464 285.873013075
-9.06946133333 285.875239347
-9.06445866667 285.938817788
-9.059456 285.912057685
-9.05445333333 285.941290208
-9.04945066667 285.895178627
-9.044448 285.960126038
-9.03944533333 285.903919161
-9.03444266667 285.873476741
-9.02944 285.885914695
-9.02443733333 285.845655994
-9.01943466667 285.740260235
-9.014432 285.697351833
-9.00942933333 285.61947083
-9.00442666667 285.542954163
-8.999424 285.436463539
-8.99442133333 285.395695695
-8.98941866667 285.277906553
-8.984416 285.245614472
-8.97941333333 285.16941844
-8.97441066667 285.068053275
-8.969408 284.976106667
-8.96440533333 284.892428744
-8.95940266667 284.757258653
-8.9544 284.715583481
-8.94939733333 284.571015619
-8.94439466667 284.466013707
-8.939392 284.301151684
-8.93438933333 284.169277837
-8.92938666667 284.050223386
-8.924384 284.029248577
-8.91938133333 283.870770189
-8.91437866667 283.747745937
-8.909376 283.633891184
-8.90437333333 283.643401473
-8.89937066667 283.489641232
-8.894368 283.586389395
-8.88936533333 283.533822988
-8.88436266667 283.585107255
-8.87936 283.65953987
-8.87435733333 283.842306262
-8.86935466667 283.85039234
-8.864352 283.916292147
-8.85934933333 283.891831705
-8.85434666667 283.949856512
-8.849344 284.007052551
-8.84434133333 284.163241068
-8.83933866667 284.054208905
-8.834336 284.033578304
-8.82933333333 283.971489641
-8.82433066667 284.012036515
-8.819328 283.95170012
-8.81432533333 283.971410152
-8.80932266667 283.894289438
-8.80432 283.940449129
-8.79931733333 283.85193915
-8.79431466667 283.884849412
-8.789312 283.870169079
-8.78430933333 283.895542686
-8.77930666667 283.860357727
-8.774304 283.832240277
-8.76930133333 283.740873277
-8.76429866667 283.756434279
-8.759296 283.598433317
-8.75429333333 283.541871512
-8.74929066667 283.429918087
-8.744288 283.393975164
-8.73928533333 283.258510086
-8.73428266667 283.19424925
-8.72928 283.134561281
-8.72427733333 283.234834042
-8.71927466667 283.286144309
-8.714272 283.141005052
-8.70926933333 282.632939296
-8.70426666667 282.441039585
-8.699264 282.23135577
-8.69426133333 282.235437207
-8.68925866667 282.279155474
-8.684256 282.334212747
-8.67925333333 282.317130008
-8.67425066667 282.358295932
-8.669248 282.290526788
-8.66424533333 282.283341871
-8.65924266667 282.201625425
-8.65424 282.235733237
-8.64923733333 282.177945441
-8.64423466667 282.199243746
-8.639232 282.13878925
-8.63422933333 282.176211921
-8.62922666667 282.120981104
-8.624224 282.137854035
-8.61922133333 282.123266527
-8.61421866667 282.172422108
-8.609216 282.151047807
-8.60421333333 282.217226063
-8.59921066667 282.158273467
-8.594208 282.209105787
-8.58920533333 282.11961546
-8.58420266667 282.171655215
-8.5792 282.071734518
-8.57419733333 282.10337386
-8.56919466667 282.0240012
-8.564192 282.064805034
-8.55918933333 281.998906038
-8.55418666667 282.079370727
-8.549184 282.037039995
-8.54418133333 282.119293531
-8.53917866667 282.057804522
-8.534176 282.116102605
-8.52917333333 282.091826445
-8.52417066667 282.180622695
-8.519168 282.140038566
-8.51416533333 282.169920997
-8.50916266667 282.094589982
-8.50416 282.106467548
-8.49915733333 282.002661516
-8.49415466667 281.997096241
-8.489152 281.921659937
-8.48414933333 281.945497662
-8.47914666667 281.916277033
-8.474144 281.947348232
-8.46914133333 281.887214308
-8.46413866667 281.900892872
-8.459136 281.846897392
-8.45413333333 281.837575448
-8.44913066667 281.805716182
-8.444128 281.822189481
-8.43912533333 281.743309478
-8.43412266667 281.793375692
-8.42912 281.770113702
-8.42411733333 281.85167999
-8.41911466667 281.797201003
-8.414112 281.873522187
-8.40910933333 281.837343066
-8.40410666667 281.883061059
-8.399104 281.839435136
-8.39410133333 281.904000583
-8.38909866667 281.83862323
-8.384096 281.820204133
-8.37909333333 281.79030393
-8.37409066667 281.804176635
-8.369088 281.739295257
-8.36408533333 281.76560396
-8.35908266667 281.670327655
-8.35408 281.668937807
-8.34907733333 281.618602373
-8.34407466667 281.631629475
-8.339072 281.55582922
-8.33406933333 281.53131939
-8.32906666667 281.444972334
-8.324064 281.435311015
-8.31906133333 281.371747562
-8.31405866667 281.371831461
-8.309056 281.300264938
-8.30405333333 281.305575462
-8.29905066667 281.21670733
-8.294048 281.248430999
-8.28904533333 281.185875131
-8.28404266667 281.192648531
-8.27904 281.107261445
-8.27403733333 281.090558854
-8.26903466667 281.020310081
-8.264032 281.050907527
-8.25902933333 280.981522278
-8.25402666667 281.014113053
-8.249024 280.962386418
-8.24402133333 280.912352453
-8.23901866667 280.810812819
-8.234016 280.77737854
-8.22901333333 280.755318044
-8.22401066667 280.77743371
-8.219008 280.715239762
-8.21400533333 280.762581069
-8.20900266667 280.699965169
-8.204 280.779714775
-8.19899733333 280.697520198
-8.19399466667 280.751605918
-8.188992 280.668720492
-8.18398933333 280.746916207
-8.17898666667 280.711834055
-8.173984 280.736876384
-8.16898133333 280.701756661
-8.16397866667 280.735901729
-8.158976 280.664917515
-8.15397333333 280.694605733
-8.14897066667 280.611266563
-8.143968 280.632287014
-8.13896533333 280.568874645
-8.13396266667 280.649316587
-8.12896 280.583514717
-8.12395733333 280.657711654
-8.11895466667 280.589475121
-8.113952 280.684454971
-8.10894933333 280.661354857
-8.10394666667 280.766121365
-8.098944 280.750254559
-8.09394133333 280.829755917
-8.08893866667 280.796427831
-8.083936 280.883780583
-8.07893333333 280.848542159
-8.07393066667 280.889032584
-8.068928 280.857461963
-8.06392533333 280.993363592
-8.05892266667 280.883485302
-8.05392 280.94144217
-8.04891733333 280.94883429
-8.04391466667 280.956265995
-8.038912 280.819515238
-8.03390933333 280.814004349
-8.02890666667 280.623504146
-8.023904 280.594060402
-8.01890133333 280.48786089
-8.01389866667 280.506369967
-8.008896 280.429448179
-8.00389333333 280.447313889
-7.99889066667 280.434903629
-7.993888 280.481633389
-7.98888533333 280.346066069
-7.98388266667 280.380393304
-7.97888 280.279515392
-7.97387733333 280.316178445
-7.96887466667 280.242406094
-7.963872 280.274883956
-7.95886933333 280.147858242
-7.95386666667 280.142404853
-7.948864 280.0621572
-7.94386133333 280.044164243
-7.93885866667 279.910159663
-7.933856 279.938846116
-7.92885333333 279.874555619
-7.92385066667 279.875343971
-7.918848 279.76758939
-7.91384533333 279.755092265
-7.90884266667 279.696879024
-7.90384 279.717444694
-7.89883733333 279.619275096
-7.89383466667 279.608986462
-7.888832 279.558522286
-7.88382933333 279.598321168
-7.87882666667 279.512591675
-7.873824 279.528407156
-7.86882133333 279.467616525
-7.86381866667 279.517006103
-7.858816 279.428806445
-7.85381333333 279.459249847
-7.84881066667 279.394565954
-7.843808 279.448214995
-7.83880533333 279.374974444
-7.83380266667 279.385294877
-7.8288 279.338739654
-7.82379733333 279.415516052
-7.81879466667 279.388964504
-7.813792 279.46903141
-7.80878933333 279.437317534
-7.80378666667 279.489204533
-7.798784 279.382565412
-7.79378133333 279.410610794
-7.78877866667 279.335380278
-7.783776 279.379545685
-7.77877333333 279.317060331
-7.77377066667 279.348739448
-7.768768 279.317663486
-7.76376533333 279.376920422
-7.75876266667 279.287737445
-7.75376 279.320639096
-7.74875733333 279.266039928
-7.74375466667 279.329019055
-7.738752 279.274046537
-7.73374933333 279.310201831
-7.72874666667 279.27888794
-7.723744 279.329992544
-7.71874133333 279.254865998
-7.71373866667 279.328091492
-7.708736 279.240776627
-7.70373333333 279.255752368
-7.69873066667 279.085367433
-7.693728 279.106194916
-7.68872533333 279.06847593
-7.68372266667 279.055890714
-7.67872 278.996573655
-7.67371733333 278.992007132
-7.66871466667 278.953378379
-7.663712 279.042884748
-7.65870933333 278.986113676
-7.65370666667 279.073175924
-7.648704 279.031326797
-7.64370133333 279.095683576
-7.63869866667 279.019211871
-7.633696 279.019221638
-7.62869333333 279.014818084
-7.62369066667 279.124929899
-7.618688 279.12894058
-7.61368533333 279.268353632
-7.60868266667 279.159913538
-7.60368 279.31742078
-7.59867733333 279.465374613
-7.59367466667 279.666002375
-7.588672 280.006159315
-7.58366933333 280.546669841
-7.57866666667 280.857128109
-7.573664 280.904027145
-7.56866133333 280.830118103
-7.56365866667 280.733145422
-7.558656 280.593275083
-7.55365333333 280.669254524
-7.54865066667 280.715846715
-7.543648 280.818776906
-7.53864533333 280.768949581
-7.53364266667 281.130588096
-7.52864 281.008286899
-7.52363733333 281.49685241
-7.51863466667 281.572867358
-7.513632 281.712658667
-7.50862933333 281.716428595
-7.50362666667 281.833720756
-7.498624 281.783429167
-7.49362133333 281.70290783
-7.48861866667 281.680600455
-7.483616 281.839333005
-7.47861333333 282.104474929
-7.47361066667 281.761626591
-7.468608 281.668498257
-7.46360533333 281.732203684
-7.45860266667 281.499467632
-7.4536 281.377447828
-7.44859733333 281.731951926
-7.44359466667 281.835398883
-7.438592 282.305615429
-7.43358933333 282.438329692
-7.42858666667 282.747343658
-7.423584 283.885588
-7.41858133333 284.287881793
-7.41357866667 284.726033756
-7.408576 284.912864816
-7.40357333333 285.187176825
-7.39857066667 285.381383779
-7.393568 285.450175142
-7.38856533333 285.379094674
-7.38356266667 285.391994133
-7.37856 284.952428269
-7.37355733333 284.701024327
-7.36855466667 284.313530559
-7.363552 284.162081785
-7.35854933333 283.957723332
-7.35354666667 284.001221007
-7.348544 283.923107363
-7.34354133333 283.932782704
-7.33853866667 283.783290616
-7.333536 283.726255313
-7.32853333333 283.628744646
-7.32353066667 283.573901153
-7.318528 283.411018973
-7.31352533333 283.369965449
-7.30852266667 283.243399584
-7.30352 283.200371019
-7.29851733333 283.071016562
-7.29351466667 282.941161192
-7.288512 282.886207534
-7.28350933333 282.87740355
-7.27850666667 282.638450166
-7.273504 282.534492089
-7.26850133333 282.41822702
-7.26349866667 282.396684784
-7.258496 282.327234595
-7.25349333333 282.36033973
-7.24849066667 282.357210834
-7.243488 282.617485473
-7.23848533333 282.686919043
-7.23348266667 283.035345948
-7.22848 282.917989875
-7.22347733333 282.455823787
-7.21847466667 282.136173936
-7.213472 282.009197099
-7.20846933333 281.809746736
-7.20346666667 281.804677877
-7.198464 281.600783654
-7.19346133333 281.529638004
-7.18845866667 281.39477937
-7.183456 281.293789677
-7.17845333333 281.177985444
-7.17345066667 281.163854511
-7.168448 281.100751006
-7.16344533333 281.105601251
-7.15844266667 281.0868869
-7.15344 281.118788424
-7.14843733333 281.07484925
-7.14343466667 281.095462785
-7.138432 281.020719582
-7.13342933333 281.054512942
-7.12842666667 280.984243269
-7.123424 281.032401739
-7.11842133333 280.981442112
-7.11341866667 281.060276772
-7.108416 281.001289997
-7.10341333333 281.010434687
-7.09841066667 280.998991457
-7.093408 281.037378205
-7.08840533333 281.005208766
-7.08340266667 281.054390903
-7.0784 281.008233179
-7.07339733333 281.037367608
-7.06839466667 281.040195846
-7.063392 281.085292037
-7.05838933333 281.003009152
-7.05338666667 281.030326973
-7.048384 280.991623397
-7.04338133333 281.050143025
-7.03837866667 281.01256747
-7.033376 281.039531704
-7.02837333333 281.077342306
-7.02337066667 281.116668385
-7.018368 281.110183664
-7.01336533333 281.140686645
-7.00836266667 281.193723712
-7.00336 281.260526846
-6.99835733333 281.273947929
-6.99335466667 281.333528791
-6.988352 281.340762697
-6.98334933333 281.315528301
-6.97834666667 281.221365766
-6.973344 281.242607639
-6.96834133333 281.133045562
-6.96333866667 281.159317334
-6.958336 280.952784823
-6.95333333333 280.64416032
-6.94833066667 280.325376784
-6.943328 280.514917948
-6.93832533333 281.050611039
-6.93332266667 280.725508654
-6.92832 280.705094907
-6.92331733333 280.925163296
-6.91831466667 280.988074556
-6.913312 281.1716502
-6.90830933333 280.927733074
-6.90330666667 280.534574082
-6.898304 280.263864869
-6.89330133333 280.09759621
-6.88829866667 279.895909879
-6.883296 279.789143496
-6.87829333333 279.738669125
-6.87329066667 280.051469257
-6.868288 280.892359964
-6.86328533333 281.318360164
-6.85828266667 281.056995287
-6.85328 280.99450768
-6.84827733333 280.792134329
-6.84327466667 280.618247074
-6.838272 280.342228512
-6.83326933333 280.243915232
-6.82826666667 280.049340553
-6.823264 280.010449072
-6.81826133333 279.840075441
-6.81325866667 279.762198546
-6.808256 279.670906842
-6.80325333333 279.679057143
-6.79825066667 279.599574943
-6.793248 279.600630737
-6.78824533333 279.524816288
-6.78324266667 279.509804163
-6.77824 279.433926388
-6.77323733333 279.370154858
-6.76823466667 279.317978543
-6.763232 279.320353665
-6.75822933333 279.223712794
-6.75322666667 279.205612757
-6.748224 279.123442832
-6.74322133333 279.180829586
-6.73821866667 279.088881423
-6.733216 279.101273396
-6.72821333333 279.02479619
-6.72321066667 278.995890991
-6.718208 278.888546509
-6.71320533333 278.866542473
-6.70820266667 278.794253995
-6.7032 278.812348405
-6.69819733333 278.740891046
-6.69319466667 278.790277486
-6.688192 278.765972191
-6.68318933333 278.7909536
-6.67818666667 278.741383354
-6.673184 278.79650421
-6.66818133333 278.777966106
-6.66317866667 278.764593782
-6.658176 278.739329845
-6.65317333333 278.758192991
-6.64817066667 278.732707344
-6.643168 278.768855542
-6.63816533333 278.70889709
-6.63316266667 278.664775852
-6.62816 278.674424569
-6.62315733333 278.700333935
-6.61815466667 278.655455312
-6.613152 278.703637312
-6.60814933333 278.692945254
-6.60314666667 278.739521312
-6.598144 278.658434933
-6.59314133333 278.681183592
-6.58813866667 278.699263143
-6.583136 278.730882161
-6.57813333333 278.615215924
-6.57313066667 278.614245503
-6.568128 278.579860997
-6.56312533333 278.580128327
-6.55812266667 278.54098081
-6.55312 278.621258672
-6.54811733333 278.654108915
-6.54311466667 278.653504165
-6.538112 278.701225096
-6.53310933333 278.77467712
-6.52810666667 278.805425304
-6.523104 278.892400516
-6.51810133333 278.901724935
-6.51309866667 278.96757822
-6.508096 278.964217745
-6.50309333333 279.042578743
-6.49809066667 279.03533442
-6.493088 279.088217282
-6.48808533333 279.191864953
-6.48308266667 279.30223008
-6.47808 279.364584043
-6.47307733333 279.421685106
-6.46807466667 279.468928322
-6.463072 279.451070766
-6.45806933333 279.408787085
-6.45306666667 279.414356163
-6.448064 279.387355885
-6.44306133333 279.398243054
-6.43805866667 279.30342809
-6.433056 279.333622572
-6.42805333333 279.283624637
-6.42305066667 279.288300919
-6.418048 279.252474694
-6.41304533333 279.209755268
-6.40804266667 279.199087092
-6.40304 279.245161926
-6.39803733333 279.216993626
-6.39303466667 279.221216044
-6.388032 279.246192014
-6.38302933333 279.223991698
-6.37802666667 279.200085869
-6.373024 279.169149936
-6.36802133333 279.146510699
-6.36301866667 279.147951692
-6.358016 279.122040816
-6.35301333333 279.141140139
-6.34801066667 279.117365639
-6.343008 279.16565613
-6.33800533333 279.170711432
-6.33300266667 279.207196492
-6.328 279.200097311
-6.32299733333 279.22338483
-6.31799466667 279.180509369
-6.312992 279.17059632
-6.30798933333 279.240139782
-6.30298666667 279.229682299
-6.297984 279.178540737
-6.29298133333 279.151495529
-6.28797866667 279.127068093
-6.282976 279.131589976
-6.27797333333 279.115797176
-6.27297066667 279.149634108
-6.267968 279.146516409
-6.26296533333 279.072811111
-6.25796266667 278.97318693
-6.25296 278.97657506
-6.24795733333 278.999078528
-6.24295466667 278.985182442
-6.237952 278.939101912
-6.23294933333 278.96118194
-6.22794666667 279.015276382
-6.222944 279.019963259
-6.21794133333 279.010763906
-6.21293866667 279.05628614
-6.207936 279.08850859
-6.20293333333 279.143657452
-6.19793066667 279.170375814
-6.192928 279.209898676
-6.18792533333 279.152675064
-6.18292266667 279.121468206
-6.17792 279.112480145
-6.17291733333 279.098911004
-6.16791466667 279.111481467
-6.162912 279.147537227
-6.15790933333 279.209959793
-6.15290666667 279.261950255
-6.147904 279.264821717
-6.14290133333 279.299894387
-6.13789866667 279.264580078
-6.132896 279.380965003
-6.12789333333 279.28602756
-6.12289066667 279.201133706
-6.117888 279.138152695
-6.11288533333 279.117961367
-6.10788266667 279.12077397
-6.10288 279.154549309
-6.09787733333 279.15962039
-6.09287466667 279.212584515
-6.087872 279.229064069
-6.08286933333 279.263748972
-6.07786666667 279.27182204
-6.072864 279.357596168
-6.06786133333 279.387184069
-6.06285866667 279.441785684
-6.057856 279.42508754
-6.05285333333 279.390404535
-6.04785066667 279.360532934
-6.042848 279.292235816
-6.03784533333 279.299635657
-6.03284266667 279.234484962
-6.02784 279.22990264
-6.02283733333 279.174847599
-6.01783466667 279.198967462
-6.012832 279.284605395
-6.00782933333 279.292142483
-6.00282666667 279.298245419
-5.997824 279.276004722
-5.99282133333 279.270073657
-5.98781866667 279.260354961
-5.982816 279.228087988
-5.97781333333 279.203655524
-5.97281066667 279.239350111
-5.967808 279.234677849
-5.96280533333 279.239288831
-5.95780266667 279.219122475
-5.9528 279.188142729
-5.94779733333 279.212533767
-5.94279466667 279.2294874
-5.937792 279.216586059
-5.93278933333 279.206712402
-5.92778666667 279.244968095
-5.922784 279.232470794
-5.91778133333 279.179595766
-5.91277866667 279.186919592
-5.907776 279.198375211
-5.90277333333 279.191667002
-5.89777066667 279.182079822
-5.892768 279.148628669
-5.88776533333 279.171722418
-5.88276266667 279.171321488
-5.87776 279.177394017
-5.87275733333 279.172607223
-5.86775466667 279.197225632
-5.862752 279.189636465
-5.85774933333 279.136459392
-5.85274666667 279.149001954
-5.847744 279.176815404
-5.84274133333 279.144507939
-5.83773866667 279.11845675
-5.832736 279.085899635
-5.82773333333 279.115984827
-5.82273066667 279.116459837
-5.817728 279.063243838
-5.81272533333 279.028881397
-5.80772266667 278.996036086
-5.80272 278.959566158
-5.79771733333 278.917835829
-5.79271466667 278.862421994
-5.787712 278.898630964
-5.78270933333 278.912149138
-5.77770666667 278.887254969
-5.772704 278.862385393
-5.76770133333 278.828429688
-5.76269866667 278.766176353
-5.757696 278.706605838
-5.75269333333 278.651250351
-5.74769066667 278.635012723
-5.742688 278.587231308
-5.73768533333 278.533555547
-5.73268266667 278.481239872
-5.72768 278.505842896
-5.72267733333 278.433163903
-5.71767466667 278.359523631
-5.712672 278.323260437
-5.70766933333 278.318724927
-5.70266666667 278.279376295
-5.697664 278.240966271
-5.69266133333 278.203344968
-5.68765866667 278.204563412
-5.682656 278.154207053
-5.67765333333 278.116420412
-5.67265066667 278.110981313
-5.667648 278.075693933
-5.66264533333 278.041869681
-5.65764266667 278.017290009
-5.65264 277.967670844
-5.64763733333 277.948750195
-5.64263466667 277.908052938
-5.637632 277.859901023
-5.63262933333 277.846543474
-5.62762666667 277.860838808
-5.622624 277.811602486
-5.61762133333 277.762677748
-5.61261866667 277.770175172
-5.607616 277.745695515
-5.60261333333 277.719879929
-5.59761066667 277.702700429
-5.592608 277.692706067
-5.58760533333 277.739953596
-5.58260266667 277.743109179
-5.5776 277.784032775
-5.57259733333 277.81518105
-5.56759466667 277.964283175
-5.562592 277.964314162
-5.55758933333 277.971125452
-5.55258666667 277.986733484
-5.547584 277.969617801
-5.54258133333 277.924592777
-5.53757866667 277.924435625
-5.532576 277.870996611
-5.52757333333 277.824052689
-5.52257066667 277.767671596
-5.517568 277.686334613
-5.51256533333 277.677980203
-5.50756266667 277.664811972
-5.50256 277.642513613
-5.49755733333 277.652472607
-5.49255466667 277.680990093
-5.487552 277.681285124
-5.48254933333 277.660256446
-5.47754666667 277.723025865
-5.472544 277.794395128
-5.46754133333 277.864051909
-5.46253866667 277.891286596
-5.457536 277.903888873
-5.45253333333 277.931666559
-5.44753066667 277.996375404
-5.442528 278.019655057
-5.43752533333 278.060637787
-5.43252266667 278.033993308
-5.42752 278.064328599
-5.42251733333 277.991538135
-5.41751466667 278.012395207
-5.412512 277.973563005
-5.40750933333 278.00756826
-5.40250666667 277.906352484
-5.397504 277.930844301
-5.39250133333 277.997277844
-5.38749866667 278.130303359
-5.382496 278.107204026
-5.37749333333 278.027276308
-5.37249066667 277.982564024
-5.367488 277.988933665
-5.36248533333 277.945148956
-5.35748266667 277.928825406
-5.35248 277.881414397
-5.34747733333 277.881332885
-5.34247466667 277.867745561
-5.337472 277.821453389
-5.33246933333 277.806428958
-5.32746666667 277.773805595
-5.322464 277.735528617
-5.31746133333 277.691269411
-5.31245866667 277.668022903
-5.307456 277.703794159
-5.30245333333 277.669798083
-5.29745066667 277.726152166
-5.292448 277.689072314
-5.28744533333 277.744035701
-5.28244266667 277.770283418
-5.27744 277.865251373
-5.27243733333 277.978757208
-5.26743466667 278.245732704
-5.262432 278.279929577
-5.25742933333 278.331380289
-5.25242666667 278.416072857
-5.247424 278.624704276
-5.24242133333 278.89800905
-5.23741866667 279.090533928
-5.232416 279.12605607
-5.22741333333 279.148847353
-5.22241066667 278.817381701
-5.217408 278.57108401
-5.21240533333 278.781602326
-5.20740266667 278.576632801
-5.2024 278.543321074
-5.19739733333 278.722498702
-5.19239466667 278.916633588
-5.187392 278.91449266
-5.18238933333 279.10561301
-5.17738666667 279.552994381
-5.172384 279.840900984
-5.16738133333 280.125301789
-5.16237866667 280.489267108
-5.157376 280.711554607
-5.15237333333 280.923776721
-5.14737066667 280.993239488
-5.142368 281.468601458
-5.13736533333 281.566975542
-5.13236266667 281.548808996
-5.12736 281.799332048
-5.12235733333 282.077220927
-5.11735466667 282.044912608
-5.112352 281.736250801
-5.10734933333 281.706035999
-5.10234666667 281.417022043
-5.097344 281.25344541
-5.09234133333 281.090278843
-5.08733866667 280.977067541
-5.082336 280.883317863
-5.07733333333 280.789382307
-5.07233066667 280.664243502
-5.067328 280.516968932
-5.06232533333 280.327102747
-5.05732266667 280.239463614
-5.05232 280.127367183
-5.04731733333 280.171455463
-5.04231466667 280.091836874
-5.037312 280.012489494
-5.03230933333 280.072678485
-5.02730666667 280.191447237
-5.022304 280.140990652
-5.01730133333 280.129893215
-5.01229866667 280.077356958
-5.007296 280.069306907
-5.00229333333 280.051203081
-4.99729066667 279.955186533
-4.992288 279.671928792
-4.98728533333 279.466946522
-4.98228266667 279.317562036
-4.97728 279.35938424
-4.97227733333 279.328596167
-4.96727466667 279.330307353
-4.962272 279.289686818
-4.95726933333 279.353938167
-4.95226666667 279.393099465
-4.947264 279.811707777
-4.94226133333 280.162031688
-4.93725866667 280.148994707
-4.932256 280.134202215
-4.92725333333 280.158473866
-4.92225066667 280.111601801
-4.917248 279.986801407
-4.91224533333 279.87911252
-4.90724266667 279.902492966
-4.90224 279.845105929
-4.89723733333 279.882622197
-4.89223466667 279.832540964
-4.887232 279.872369449
-4.88222933333 279.828585973
-4.87722666667 279.84208685
-4.872224 279.835310971
-4.86722133333 279.902696674
-4.86221866667 279.87570957
-4.857216 279.938039962
-4.85221333333 279.973162125
-4.84721066667 280.106836546
-4.842208 280.165201841
-4.83720533333 280.30137112
-4.83220266667 280.380358788
-4.8272 280.462617921
-4.82219733333 280.606181286
-4.81719466667 280.80340398
-4.812192 280.957464621
-4.80718933333 281.068386829
-4.80218666667 281.077777664
-4.797184 281.136420987
-4.79218133333 281.210685339
-4.78717866667 281.386229373
-4.782176 281.398763976
-4.77717333333 281.452302577
-4.77217066667 281.562002955
-4.767168 281.621067122
-4.76216533333 281.581788958
-4.75716266667 281.612118049
-4.75216 281.547660515
-4.74715733333 281.582456568
-4.74215466667 281.443210903
-4.737152 281.208001647
-4.73214933333 280.905812681
-4.72714666667 280.600590718
-4.722144 280.106328251
-4.71714133333 279.895824907
-4.71213866667 279.779064203
-4.707136 279.608783144
-4.70213333333 279.03277403
-4.69713066667 278.813638356
-4.692128 278.662048271
-4.68712533333 278.588992165
-4.68212266667 278.546711265
-4.67712 278.677590509
-4.67211733333 278.865906573
-4.66711466667 278.985576148
-4.662112 279.055954246
-4.65710933333 279.075956452
-4.65210666667 279.140449039
-4.647104 279.256028749
-4.64210133333 279.259282304
-4.63709866667 279.528181216
-4.632096 279.586835742
-4.62709333333 279.210798543
-4.62209066667 279.733604608
-4.617088 279.943621843
-4.61208533333 280.948452185
-4.60708266667 280.982592202
-4.60208 281.006265433
-4.59707733333 280.932827388
-4.59207466667 280.806396471
-4.587072 280.744665404
-4.58206933333 280.55561477
-4.57706666667 280.481679212
-4.572064 280.330629218
-4.56706133333 280.301752093
-4.56205866667 280.207378048
-4.557056 280.169096037
-4.55205333333 280.108307056
-4.54705066667 280.081611211
-4.542048 280.011813959
-4.53704533333 280.007391912
-4.53204266667 279.930656848
-4.52704 279.946192492
-4.52203733333 279.806656414
-4.51703466667 279.793361374
-4.512032 279.688256648
-4.50702933333 279.712127651
-4.50202666667 279.614418208
-4.497024 279.590814853
-4.49202133333 279.521702668
-4.48701866667 279.520158927
-4.482016 279.40536094
-4.47701333333 279.397312971
-4.47201066667 279.348712232
-4.467008 279.360380173
-4.46200533333 279.280306013
-4.45700266667 279.305228338
-4.452 279.235055687
-4.44699733333 279.231533245
-4.44199466667 279.170572126
-4.436992 279.168060293
-4.43198933333 279.116533629
-4.42698666667 279.12855365
-4.421984 279.059659997
-4.41698133333 279.086456108
-4.41197866667 279.022100789
-4.406976 279.059928926
-4.40197333333 279.020853868
-4.39697066667 279.042765693
-4.391968 278.998233765
-4.38696533333 279.032476745
-4.38196266667 279.013393077
-4.37696 279.077572983
-4.37195733333 278.995285834
-4.36695466667 279.021779973
-4.361952 279.006565816
-4.35694933333 278.998887736
-4.35194666667 278.974844944
-4.346944 278.984450092
-4.34194133333 278.923752769
-4.33693866667 278.955191925
-4.331936 278.883292086
-4.32693333333 278.895441446
-4.32193066667 278.847367598
-4.316928 278.834127459
-4.31192533333 278.757619133
-4.30692266667 278.791382692
-4.30192 278.710319851
-4.29691733333 278.733175956
-4.29191466667 278.691488771
-4.286912 278.708330423
-4.28190933333 278.641044522
-4.27690666667 278.652379566
-4.271904 278.63653302
-4.26690133333 278.650147321
-4.26189866667 278.599116431
-4.256896 278.612634018
-4.25189333333 278.568211671
-4.24689066667 278.636740353
-4.241888 278.651591233
-4.23688533333 278.702768613
-4.23188266667 278.649111706
-4.22688 278.659957077
-4.22187733333 278.613710232
-4.21687466667 278.690146954
-4.211872 278.618363174
-4.20686933333 278.711669439
-4.20186666667 278.717511797
-4.196864 278.811250214
-4.19186133333 278.84823854
-4.18685866667 278.999114514
-4.181856 279.056738065
-4.17685333333 279.113113399
-4.17185066667 279.156596439
-4.166848 279.249949214
-4.16184533333 279.311384602
-4.15684266667 279.401760334
-4.15184 279.435152381
-4.14683733333 279.50661856
-4.14183466667 279.57334704
-4.136832 279.700421763
-4.13182933333 279.726768241
-4.12682666667 279.873197634
-4.121824 279.890246311
-4.11682133333 279.97948568
-4.11181866667 280.04447928
-4.106816 280.184193217
-4.10181333333 280.205832593
-4.09681066667 280.260540636
-4.091808 280.263622133
-4.08680533333 280.376954774
-4.08180266667 280.288648752
-4.0768 280.290613027
-4.07179733333 280.254272503
-4.06679466667 280.34210936
-4.061792 280.340639471
-4.05678933333 280.443463172
-4.05178666667 280.446756748
-4.046784 280.507546155
-4.04178133333 280.424427634
-4.03677866667 280.466941534
-4.031776 280.45130229
-4.02677333333 280.525788575
-4.02177066667 280.479450457
-4.016768 280.511310747
-4.01176533333 280.453174045
-4.00676266667 280.486240728
-4.00176 280.39101968
-3.99675733333 280.428177666
-3.99175466667 280.363443414
-3.986752 280.418035696
-3.98174933333 280.33959718
-3.97674666667 280.400263245
-3.971744 280.387409145
-3.96674133333 280.425295746
-3.96173866667 280.346589186
-3.956736 280.39090237
-3.95173333333 280.37396447
-3.94673066667 280.352116194
-3.941728 280.324616362
-3.93672533333 280.393059807
-3.93172266667 280.354229488
-3.92672 280.386952435
-3.92171733333 280.360769972
-3.91671466667 280.42271899
-3.911712 280.344614059
-3.90670933333 280.470327681
-3.90170666667 280.443064971
-3.896704 280.517347273
-3.89170133333 280.506550359
-3.88669866667 280.566931435
-3.881696 280.539936989
-3.87669333333 280.522914179
-3.87169066667 280.514975948
-3.866688 280.545673009
-3.86168533333 280.457986051
-3.85668266667 280.503973779
-3.85168 280.414216544
-3.84667733333 280.362524963
-3.84167466667 280.240782056
-3.836672 280.202444918
-3.83166933333 280.159319651
-3.82666666667 280.173823122
-3.821664 280.091021728
-3.81666133333 280.070942286
-3.81165866667 280.025253115
-3.806656 280.025430079
-3.80165333333 279.956963376
-3.79665066667 279.979421937
-3.791648 279.88475726
-3.78664533333 279.880421848
-3.78164266667 279.800215367
-3.77664 279.856196602
-3.77163733333 279.794426943
-3.76663466667 279.814444755
-3.761632 279.732894548
-3.75662933333 279.747915643
-3.75162666667 279.75577973
-3.746624 279.771837745
-3.74162133333 279.715384227
-3.73661866667 279.776922995
-3.731616 279.777628152
-3.72661333333 279.79700845
-3.72161066667 279.700356212
-3.716608 279.579504877
-3.71160533333 279.349732595
-3.70660266667 279.153259275
-3.7016 278.992928255
-3.69659733333 279.114801118
-3.69159466667 279.120220601
-3.686592 279.210483176
-3.68158933333 279.151177551
-3.67658666667 279.146153223
-3.671584 279.048510123
-3.66658133333 279.125617095
-3.66157866667 279.050523652
-3.656576 279.114497237
-3.65157333333 279.049182942
-3.64657066667 279.082049121
-3.641568 279.015419456
-3.63656533333 279.256435749
-3.63156266667 279.858971876
-3.62656 280.014217649
-3.62155733333 279.944503184
-3.61655466667 279.955443969
-3.611552 279.879878377
-3.60654933333 279.980839296
-3.60154666667 279.941160339
-3.596544 279.997102476
-3.59154133333 279.975463744
-3.58653866667 280.044203653
-3.581536 279.974537104
-3.57653333333 280.07189603
-3.57153066667 280.097462095
-3.566528 280.146043631
-3.56152533333 280.15148802
-3.55652266667 280.234028684
-3.55152 280.143050689
-3.54651733333 280.280473928
-3.54151466667 280.240242235
-3.536512 280.312506523
-3.53150933333 280.260031846
-3.52650666667 280.258752906
-3.521504 280.205720963
-3.51650133333 280.212192428
-3.51149866667 280.188013884
-3.506496 280.229874973
-3.50149333333 280.163170914
-3.49649066667 280.184570486
-3.491488 280.100633575
-3.48648533333 280.111703234
-3.48148266667 280.033314421
-3.47648 280.049754945
-3.47147733333 279.962595348
-3.46647466667 279.981449245
-3.461472 279.930273159
-3.45646933333 279.968326354
-3.45146666667 279.884242509
-3.446464 279.915651898
-3.44146133333 279.81028899
-3.43645866667 279.859820531
-3.431456 279.845979872
-3.42645333333 279.903172848
-3.42145066667 279.859841163
-3.416448 279.897151319
-3.41144533333 279.874121832
-3.40644266667 279.898889077
-3.40144 279.773015904
-3.39643733333 279.773902586
-3.39143466667 279.597998114
-3.386432 279.540768802
-3.38142933333 279.426133531
-3.37642666667 279.403785599
-3.371424 279.32993124
-3.36642133333 279.354997416
-3.36141866667 279.261432466
-3.356416 279.319844116
-3.35141333333 279.295807112
-3.34641066667 279.366350796
-3.341408 279.351310046
-3.33640533333 279.466815025
-3.33140266667 279.433941429
-3.3264 279.518456663
-3.32139733333 279.460325574
-3.31639466667 279.529472787
-3.311392 279.484015929
-3.30638933333 279.544626172
-3.30138666667 279.501663963
-3.296384 279.544759185
-3.29138133333 279.57782107
-3.28637866667 279.649496454
-3.281376 279.690352271
-3.27637333333 279.752555411
-3.27137066667 279.706829723
-3.266368 279.827767248
-3.26136533333 279.759667765
-3.25636266667 279.881005109
-3.25136 279.900023991
-3.24635733333 280.046124329
-3.24135466667 280.115712452
-3.236352 280.46105175
-3.23134933333 280.494454535
-3.22634666667 280.52508318
-3.221344 280.439159285
-3.21634133333 280.477247082
-3.21133866667 280.41535187
-3.206336 280.420411462
-3.20133333333 280.334671269
-3.19633066667 280.407387126
-3.191328 280.380202966
-3.18632533333 280.506500549
-3.18132266667 280.72099916
-3.17632 281.005950717
-3.17131733333 280.984720599
-3.16631466667 281.034612527
-3.161312 280.952224536
-3.15630933333 280.955958192
-3.15130666667 280.909823503
-3.146304 280.955434299
-3.14130133333 280.863794034
-3.13629866667 280.864957176
-3.131296 280.792021502
-3.12629333333 280.757253702
-3.12129066667 280.692770784
-3.116288 280.709652998
-3.11128533333 280.585857751
-3.10628266667 280.587791148
-3.10128 280.509260092
-3.09627733333 280.482232763
-3.09127466667 280.416413604
-3.086272 280.439084239
-3.08126933333 280.385834191
-3.07626666667 280.42399019
-3.071264 280.376390072
-3.06626133333 280.404613625
-3.06125866667 280.361342451
-3.056256 280.427176041
-3.05125333333 280.367612479
-3.04625066667 280.390907817
-3.041248 280.329422988
-3.03624533333 280.329356569
-3.03124266667 280.28549179
-3.02624 280.324899171
-3.02123733333 280.248360581
-3.01623466667 280.284570549
-3.011232 280.188229111
-3.00622933333 280.212469452
-3.00122666667 280.123615571
-2.996224 280.179344794
-2.99122133333 280.105314878
-2.98621866667 280.098830692
-2.981216 280.048033129
-2.97621333333 280.102740891
-2.97121066667 280.060950255
-2.966208 280.106634279
-2.96120533333 280.007564581
-2.95620266667 279.850074751
-2.9512 279.51090106
-2.94619733333 279.424758588
-2.94119466667 279.258066425
-2.936192 279.249798907
-2.93118933333 279.048591275
-2.92618666667 279.041332658
-2.921184 279.03222558
-2.91618133333 279.162425153
-2.91117866667 279.155380298
-2.906176 279.108438177
-2.90117333333 278.974943668
-2.89617066667 278.981236839
-2.891168 278.910416142
-2.88616533333 278.959534379
-2.88116266667 278.929139518
-2.87616 278.980601675
-2.87115733333 278.966702357
-2.86615466667 279.062735193
-2.861152 279.039616595
-2.85614933333 279.130183503
-2.85114666667 279.152185172
-2.846144 279.283267812
-2.84114133333 279.259221952
-2.83613866667 279.247735489
-2.831136 279.187361424
-2.82613333333 279.117269588
-2.82113066667 278.979859816
-2.816128 278.944777638
-2.81112533333 278.837221914
-2.80612266667 278.853600167
-2.80112 278.809559327
-2.79611733333 278.874129061
-2.79111466667 278.920173889
-2.786112 279.151659822
-2.78110933333 279.200077708
-2.77610666667 279.415788412
-2.771104 279.727851176
-2.76610133333 280.07716061
-2.76109866667 280.144130397
-2.756096 280.153180819
-2.75109333333 280.100565313
-2.74609066667 280.115971377
-2.741088 280.043281233
-2.73608533333 280.03825354
-2.73108266667 279.994838202
-2.72608 279.941010467
-2.72107733333 279.847980967
-2.71607466667 279.821357371
-2.711072 279.718510504
-2.70606933333 279.703692998
-2.70106666667 279.601785221
-2.696064 279.592767659
-2.69106133333 279.483286746
-2.68605866667 279.460973973
-2.681056 279.35617045
-2.67605333333 279.281937786
-2.67105066667 279.09952914
-2.666048 278.96491892
-2.66104533333 278.755884197
-2.65604266667 278.682849054
-2.65104 278.554744718
-2.64603733333 278.56709386
-2.64103466667 278.436400465
-2.636032 278.453261814
-2.63102933333 278.424630638
-2.62602666667 278.543540418
-2.621024 278.577827427
-2.61602133333 278.684224853
-2.61101866667 278.588530102
-2.606016 278.548983897
-2.60101333333 278.485624541
-2.59601066667 278.527426652
-2.591008 278.499880167
-2.58600533333 278.597308828
-2.58100266667 278.486968854
-2.576 278.478528261
-2.57099733333 278.337047601
-2.56599466667 278.383206607
-2.560992 278.498804739
-2.55598933333 278.567485963
-2.55098666667 278.630900604
-2.545984 278.723037367
-2.54098133333 278.686674528
-2.53597866667 278.707650587
-2.530976 278.688904295
-2.52597333333 278.710787062
-2.52097066667 278.667003676
-2.515968 278.682318898
-2.51096533333 278.698251598
-2.50596266667 278.788161306
-2.50096 278.743116472
-2.49595733333 278.820057588
-2.49095466667 278.760171907
-2.485952 278.83559498
-2.48094933333 278.868322311
-2.47594666667 278.935101678
-2.470944 278.920023579
-2.46594133333 278.998184112
-2.46093866667 278.915668396
-2.455936 278.978903764
-2.45093333333 279.004459413
-2.44593066667 279.057926979
-2.440928 278.997900831
-2.43592533333 279.05172134
-2.43092266667 279.05882584
-2.42592 279.065335432
-2.42091733333 279.016791062
-2.41591466667 279.019702653
-2.410912 278.981581127
-2.40590933333 279.015909785
-2.40090666667 278.957976055
-2.395904 278.997060184
-2.39090133333 278.962601335
-2.38589866667 278.965795643
-2.380896 278.902275843
-2.37589333333 278.919094812
-2.37089066667 278.868855055
-2.365888 278.828746097
-2.36088533333 278.784505979
-2.35588266667 278.816393319
-2.35088 278.744964311
-2.34587733333 278.786084178
-2.34087466667 278.698505987
-2.335872 278.775963442
-2.33086933333 278.754300009
-2.32586666667 278.775553246
-2.320864 278.696117477
-2.31586133333 278.765733356
-2.31085866667 278.762151072
-2.305856 278.85425487
-2.30085333333 278.903004759
-2.29585066667 278.941527462
-2.290848 278.953421943
-2.28584533333 278.99279881
-2.28084266667 278.967121072
-2.27584 278.996562981
-2.27083733333 279.027136878
-2.26583466667 279.046453955
-2.260832 279.042123033
-2.25582933333 279.11240572
-2.25082666667 279.070410393
-2.245824 279.045120801
-2.24082133333 278.972075294
-2.23581866667 278.927867675
-2.230816 278.860565284
-2.22581333333 278.856520318
-2.22081066667 278.786328922
-2.215808 278.766044523
-2.21080533333 278.69896896
-2.20580266667 278.706842755
-2.2008 278.660203033
-2.19579733333 278.689937283
-2.19079466667 278.674608054
-2.185792 278.740293346
-2.18078933333 278.669559477
-2.17578666667 278.686207982
-2.170784 278.638571367
-2.16578133333 278.681988312
-2.16077866667 278.701147607
-2.155776 278.710523408
-2.15077333333 278.715543582
-2.14577066667 278.719202453
-2.140768 278.703313606
-2.13576533333 278.700939327
-2.13076266667 278.659945336
-2.12576 278.633676993
-2.12075733333 278.520905207
-2.11575466667 278.531981566
-2.110752 278.578429155
-2.10574933333 278.514362575
-2.10074666667 278.462883294
-2.095744 278.807050471
-2.09074133333 279.082392185
-2.08573866667 279.209178084
-2.080736 279.435865747
-2.07573333333 279.400935767
-2.07073066667 279.353174434
-2.065728 279.31173291
-2.06072533333 279.20230324
-2.05572266667 279.111452448
-2.05072 279.012092769
-2.04571733333 278.932201161
-2.04071466667 278.776809038
-2.035712 278.67266515
-2.03070933333 278.55194414
-2.02570666667 278.511416419
-2.020704 278.405249575
-2.01570133333 278.357848861
-2.01069866667 278.260230228
-2.005696 278.216235517
-2.00069333333 278.148236613
-1.99569066667 278.12272511
-1.990688 278.054367531
-1.98568533333 278.016244746
-1.98068266667 277.938689574
-1.97568 277.8775624
-1.97067733333 277.83254414
-1.96567466667 277.777357713
-1.960672 277.707066511
-1.95566933333 277.632219582
-1.95066666667 277.415536313
-1.945664 277.387589138
-1.94066133333 277.279652008
-1.93565866667 277.286959056
-1.930656 277.285859818
-1.92565333333 277.360087459
-1.92065066667 277.489296539
-1.915648 277.616641357
-1.91064533333 277.616015687
-1.90564266667 277.589606524
-1.90064 277.64770865
-1.89563733333 277.69322124
-1.89063466667 277.654916216
-1.885632 277.755912523
-1.88062933333 277.766386953
-1.87562666667 277.822661453
-1.870624 277.870905181
-1.86562133333 277.889373169
-1.86061866667 277.892898509
-1.855616 277.95490308
-1.85061333333 277.959755107
-1.84561066667 278.010889863
-1.840608 278.001693465
-1.83560533333 278.07896429
-1.83060266667 278.106202497
-1.8256 278.046238004
-1.82059733333 277.960559677
-1.81559466667 277.883374778
-1.810592 277.823559631
-1.80558933333 277.782945593
-1.80058666667 277.728733894
-1.795584 277.694759318
-1.79058133333 277.690048553
-1.78557866667 277.643699748
-1.780576 277.628284449
-1.77557333333 277.609857057
-1.77057066667 277.621449114
-1.765568 277.615589301
-1.76056533333 277.520804703
-1.75556266667 277.581237924
-1.75056 277.599262474
-1.74555733333 277.64680908
-1.74055466667 277.634788553
-1.735552 277.690435027
-1.73054933333 277.693895216
-1.72554666667 277.74613012
-1.720544 277.752310252
-1.71554133333 277.854891828
-1.71053866667 277.935680141
-1.705536 278.015148511
-1.70053333333 277.985909843
-1.69553066667 277.787886195
-1.690528 277.706954902
-1.68552533333 277.680068424
-1.68052266667 277.668212222
-1.67552 277.647323946
-1.67051733333 277.640368157
-1.66551466667 277.630847596
-1.660512 277.566576636
-1.65550933333 277.629697881
-1.65050666667 277.571729026
-1.645504 277.450849279
-1.64050133333 277.388908455
-1.63549866667 277.391536818
-1.630496 277.397128372
-1.62549333333 277.443394996
-1.62049066667 277.440305194
-1.615488 277.495480541
-1.61048533333 277.449331804
-1.60548266667 277.44672043
-1.60048 277.309597368
-1.59547733333 277.123208841
-1.59047466667 277.065990015
-1.585472 277.176734657
-1.58046933333 277.41360453
-1.57546666667 277.632696427
-1.570464 277.620773143
-1.56546133333 277.906697493
-1.56045866667 278.10644747
-1.555456 278.071779669
-1.55045333333 277.916338862
-1.54545066667 277.804153265
-1.540448 277.627223091
-1.53544533333 277.657213803
-1.53044266667 277.744421045
-1.52544 277.758352533
-1.52043733333 277.697840032
-1.51543466667 277.664393887
-1.510432 277.603298785
-1.50542933333 277.500515056
-1.50042666667 277.44847318
-1.495424 277.444520398
-1.49042133333 277.426057735
-1.48541866667 277.434124123
-1.480416 277.391566534
-1.47541333333 277.379972332
-1.47041066667 277.347848325
-1.465408 277.327983501
-1.46040533333 277.305888179
-1.45540266667 277.29885239
-1.4504 277.269500009
-1.44539733333 277.257815033
-1.44039466667 277.247187406
-1.435392 277.22036248
-1.43038933333 277.203971078
-1.42538666667 277.204071548
-1.420384 277.182453842
-1.41538133333 277.192939449
-1.41037866667 277.21578592
-1.405376 277.211110609
-1.40037333333 277.164497937
-1.39537066667 277.204832942
-1.390368 277.184935613
-1.38536533333 277.156823928
-1.38036266667 277.139142632
-1.37536 277.172253881
-1.37035733333 277.150095889
-1.36535466667 277.105446335
-1.360352 277.08184139
-1.35534933333 277.099868745
-1.35034666667 277.099875993
-1.345344 277.121931837
-1.34034133333 277.076646729
-1.33533866667 277.087074353
-1.330336 277.162744983
-1.32533333333 277.18889611
-1.32033066667 277.116083864
-1.315328 277.13980082
-1.31032533333 277.178317062
-1.30532266667 277.138782531
-1.30032 277.154579091
-1.29531733333 277.127155558
-1.29031466667 277.130027571
-1.285312 277.091235596
-1.28030933333 277.084100024
-1.27530666667 277.055969517
-1.270304 277.073706986
-1.26530133333 277.086322953
-1.26029866667 277.193932902
-1.255296 277.370296796
-1.25029333333 277.635805201
-1.24529066667 277.910478215
-1.240288 278.060932307
-1.23528533333 277.974001687
-1.23028266667 277.938243513
-1.22528 277.925211153
-1.22027733333 277.974181626
-1.21527466667 278.153657638
-1.210272 278.501040619
-1.20526933333 278.748233035
-1.20026666667 279.168056253
-1.195264 279.438592947
-1.19026133333 279.112203575
-1.18525866667 278.282803729
-1.180256 277.853937031
-1.17525333333 277.686378813
-1.17025066667 277.54728856
-1.165248 277.497838769
-1.16024533333 277.263349327
-1.15524266667 277.053445026
-1.15024 276.999074462
-1.14523733333 276.895839505
-1.14023466667 276.870002921
-1.135232 277.035915312
-1.13022933333 277.421470286
-1.12522666667 277.98574606
-1.120224 278.335656605
-1.11522133333 278.387383136
-1.11021866667 278.38103453
-1.105216 278.31418982
-1.10021333333 278.216519659
-1.09521066667 278.137661077
-1.090208 278.126633896
-1.08520533333 278.007439928
-1.08020266667 277.916152925
-1.0752 277.740237071
-1.07019733333 277.580551164
-1.06519466667 277.354348782
-1.060192 277.206302328
-1.05518933333 277.119232051
-1.05018666667 277.046592925
-1.045184 277.162155242
-1.04018133333 277.174564044
-1.03517866667 277.114910515
-1.030176 276.978103419
-1.02517333333 276.929694406
-1.02017066667 276.973077405
-1.015168 277.077383234
-1.01016533333 277.313283569
-1.00516266667 277.982460374
-1.00016 278.254416274
-0.995157333333 278.218656862
-0.990154666667 277.405555491
-0.985152 277.121648582
-0.980149333333 277.33554055
-0.975146666667 278.006424764
-0.970144 278.162435809
-0.965141333333 278.148307237
-0.960138666667 278.172909846
-0.955136 278.192413383
-0.950133333333 278.225394019
-0.945130666667 278.333835452
-0.940128 278.416973027
-0.935125333333 278.395857237
-0.930122666667 278.397086926
-0.92512 278.422901682
-0.920117333333 278.453544177
-0.915114666667 278.420828406
-0.910112 278.497964068
-0.905109333333 278.504208642
-0.900106666667 278.483628274
-0.895104 278.50413929
-0.890101333333 278.484534209
-0.885098666667 278.461924049
-0.880096 278.416518477
-0.875093333333 278.407004218
-0.870090666667 278.444448689
-0.865088 278.447780379
-0.860085333333 278.514197735
-0.855082666667 278.518239668
-0.85008 278.569483704
-0.845077333333 278.533001224
-0.840074666667 278.595626189
-0.835072 278.602957988
-0.830069333333 278.630832725
-0.825066666667 278.614260308
-0.820064 278.64097532
-0.815061333333 278.645042392
-0.810058666667 278.716258436
-0.805056 278.705886096
-0.800053333333 278.710225982
-0.795050666667 278.718896592
-0.790048 278.773809466
-0.785045333333 278.724691708
-0.780042666667 278.720093163
-0.77504 278.717360731
-0.770037333333 278.737456365
-0.765034666667 278.725869455
-0.760032 278.682397229
-0.755029333333 278.703798712
-0.750026666667 278.728268474
-0.745024 278.695335167
-0.740021333333 278.654685696
-0.735018666667 278.620587537
-0.730016 278.626717513
-0.725013333333 278.63407001
-0.720010666667 278.602659976
-0.715008 278.445563487
-0.710005333333 278.481974549
-0.705002666667 278.404929486
-0.7 278.150386995
-0.694997333333 277.995708542
-0.689994666667 277.841636239
-0.684992 277.713719621
-0.679989333333 277.661696275
-0.674986666667 277.6435791
-0.669984 277.617954314
-0.664981333333 277.394337352
-0.659978666667 277.371485192
-0.654976 277.35570916
-0.649973333333 277.427238187
-0.644970666667 278.135680032
-0.639968 278.426523509
-0.634965333333 278.307786765
-0.629962666667 278.253942672
-0.62496 278.22818026
-0.619957333333 278.546333528
-0.614954666667 279.28541525
-0.609952 280.291173427
-0.604949333333 281.206079121
-0.599946666667 281.175093342
-0.594944 281.007597662
-0.589941333333 280.960601993
-0.584938666667 280.698326822
-0.579936 280.527210287
-0.574933333333 280.125783692
-0.569930666667 280.108576201
-0.564928 279.958784794
-0.559925333333 279.820629273
-0.554922666667 279.641539751
-0.54992 279.655149898
-0.544917333333 279.833000576
-0.539914666667 279.352196624
-0.534912 278.938452002
-0.529909333333 279.112289985
-0.524906666667 278.993145743
-0.519904 278.86056576
-0.514901333333 278.882187223
-0.509898666667 278.980439121
-0.504896 279.012620038
-0.499893333333 279.082117285
-0.494890666667 279.1598443
-0.489888 279.235506635
-0.484885333333 279.24491182
-0.479882666667 279.287735384
-0.47488 279.358467712
-0.469877333333 279.439652928
-0.464874666667 279.497024382
-0.459872 279.465438267
-0.454869333333 279.474292981
-0.449866666667 279.265278141
-0.444864 279.612488017
-0.439861333333 279.725264247
-0.434858666667 279.746158564
-0.429856 279.785052957
-0.424853333333 279.767363358
-0.419850666667 279.779787991
-0.414848 279.498814006
-0.409845333333 279.731722897
-0.404842666667 279.888586176
-0.39984 279.904629188
-0.394837333333 279.91418383
-0.389834666667 279.370455133
-0.384832 279.321303244
-0.379829333333 279.355415644
-0.374826666667 279.284678875
-0.369824 279.22324763
-0.364821333333 279.209982144
-0.359818666667 279.268512607
-0.354816 279.358044717
-0.349813333333 279.579835219
-0.344810666667 279.750052425
-0.339808 279.935390596
-0.334805333333 279.712413723
-0.329802666667 279.861006877
-0.3248 280.202688881
-0.319797333333 280.272604424
-0.314794666667 280.300954605
-0.309792 280.463973918
-0.304789333333 280.417958355
-0.299786666667 280.370177427
-0.294784 280.457795963
-0.289781333333 280.527857261
-0.284778666667 280.554564275
-0.279776 280.594919129
-0.274773333333 280.576628117
-0.269770666667 280.608920008
-0.264768 280.674366903
-0.259765333333 280.704571915
-0.254762666667 280.796672366
-0.24976 280.849681819
-0.244757333333 280.818140774
-0.239754666667 280.853352562
-0.234752 280.831133018
-0.229749333333 280.910861319
-0.224746666667 280.884192586
-0.219744 280.874342069
-0.214741333333 280.868739968
-0.209738666667 280.904757134
-0.204736 280.894279038
-0.199733333333 280.901662328
-0.194730666667 280.85065522
-0.189728 280.909128352
-0.184725333333 280.852411607
-0.179722666667 280.883277186
-0.17472 280.860712668
-0.169717333333 280.885243467
-0.164714666667 280.808244515
-0.159712 280.808513288
-0.154709333333 280.72601482
-0.149706666667 280.742911725
-0.144704 280.66012075
-0.139701333333 280.652688465
-0.134698666667 280.576301924
-0.129696 280.515595602
-0.124693333333 280.497354828
-0.119690666667 280.497003735
-0.114688 280.512464442
-0.109685333333 280.595318024
-0.104682666667 280.593882802
-0.09968 280.660748378
-0.0946773333333 280.706281149
-0.0896746666667 280.784061455
-0.084672 280.768402705
-0.0796693333333 280.791046409
-0.0746666666667 280.796322493
-0.069664 280.81775609
-0.0646613333333 280.836370257
-0.0596586666667 280.884724337
-0.054656 280.864391705
-0.0496533333333 280.874678903
-0.0446506666667 280.840578336
-0.039648 280.831600642
-0.0346453333333 280.802159094
-0.0296426666667 280.782253988
-0.02464 280.728375879
-0.0196373333333 280.505665545
-0.0146346666667 280.207766057
-0.009632 280.119035693
-0.00462933333333 280.031331759
