（-8.48415,1.5），（-6.26297,1.5），（-2,1.5）
-9.99995733333 279.56032761
-9.99495466667 279.60711984
-9.989952 279.689399415
-9.98494933333 279.691768751
-9.97994666667 279.74393386
-9.974944 279.768739717
-9.96994133333 279.726766869
-9.96493866667 279.767331977
-9.959936 279.779205087
-9.95493333333 279.718800962
-9.94993066667 279.827318413
-9.944928 279.767745454
-9.93992533333 279.811968428
-9.93492266667 279.795507969
-9.92992 279.816065476
-9.92491733333 279.782309673
-9.91991466667 279.842544294
-9.914912 279.783040486
-9.90990933333 279.83159888
-9.90490666667 279.77401153
-9.899904 279.806470319
-9.89490133333 279.737264186
-9.88989866667 279.749814797
-9.884896 279.721207853
-9.87989333333 279.77353232
-9.87489066667 279.742869733
-9.869888 279.73281997
-9.86488533333 279.696980955
-9.85988266667 279.723574941
-9.85488 279.644066955
-9.84987733333 279.693216611
-9.84487466667 279.645272614
-9.839872 279.623665799
-9.83486933333 279.574258615
-9.82986666667 279.549276462
-9.824864 279.496190051
-9.81986133333 279.533718277
-9.81485866667 279.406916055
-9.809856 279.404578984
-9.80485333333 279.386336836
-9.79985066667 279.401262381
-9.794848 279.364241996
-9.78984533333 279.34738917
-9.78484266667 279.330226314
-9.77984 279.370077794
-9.77483733333 279.303461876
-9.76983466667 279.358082199
-9.764832 279.324202094
-9.75982933333 279.352927013
-9.75482666667 279.289224142
-9.749824 279.323516279
-9.74482133333 279.335500609
-9.73981866667 279.326602369
-9.734816 279.300246306
-9.72981333333 279.320882361
-9.72481066667 279.279333837
-9.719808 279.302550127
-9.71480533333 279.257147845
-9.70980266667 279.289287425
-9.7048 279.278390044
-9.69979733333 279.288264995
-9.69479466667 279.228862918
-9.689792 279.233634576
-9.68478933333 279.251772672
-9.67978666667 279.244999224
-9.674784 279.211605928
-9.66978133333 279.205660782
-9.66477866667 279.156948066
-9.659776 279.14986962
-9.65477333333 279.163021786
-9.64977066667 279.138625362
-9.644768 279.116950495
-9.63976533333 279.152164497
-9.63476266667 279.083591189
-9.62976 279.098302986
-9.62475733333 279.053996868
-9.61975466667 279.076338737
-9.614752 279.028084617
-9.60974933333 279.05776765
-9.60474666667 279.027758933
-9.599744 279.054623281
-9.59474133333 278.984389323
-9.58973866667 279.031642365
-9.584736 279.034147077
-9.57973333333 279.106835418
-9.57473066667 279.051331035
-9.569728 279.113955685
-9.56472533333 279.097886988
-9.55972266667 279.174477579
-9.55472 279.128753345
-9.54971733333 279.198057105
-9.54471466667 279.207816313
-9.539712 279.268662384
-9.53470933333 279.215475709
-9.52970666667 279.284112295
-9.524704 279.272378708
-9.51970133333 279.326234107
-9.51469866667 279.296494927
-9.509696 279.348088606
-9.50469333333 279.382640522
-9.49969066667 279.436761319
-9.494688 279.374669205
-9.48968533333 279.467659752
-9.48468266667 279.401164074
-9.47968 279.470681141
-9.47467733333 279.385404852
-9.46967466667 279.438126556
-9.464672 279.43286447
-9.45966933333 279.482167976
-9.45466666667 279.411171941
-9.449664 279.487822399
-9.44466133333 279.512245656
-9.43965866667 279.556462146
-9.434656 279.556300061
-9.42965333333 279.61233543
-9.42465066667 279.586798338
-9.419648 279.592778807
-9.41464533333 279.588495144
-9.40964266667 279.605075776
-9.40464 279.596936659
-9.39963733333 279.639684796
-9.39463466667 279.581212284
-9.389632 279.596220011
-9.38462933333 279.575517078
-9.37962666667 279.590972706
-9.374624 279.562691239
-9.36962133333 279.565881243
-9.36461866667 279.523362809
-9.359616 279.568613666
-9.35461333333 279.477474042
-9.34961066667 279.567880425
-9.344608 279.501764282
-9.33960533333 279.541105473
-9.33460266667 279.48020175
-9.3296 279.532681892
-9.32459733333 279.478864682
-9.31959466667 279.53243798
-9.314592 279.44299481
-9.30958933333 279.497852525
-9.30458666667 279.410833341
-9.299584 279.419525009
-9.29458133333 279.351647899
-9.28957866667 279.37264987
-9.284576 279.308284155
-9.27957333333 279.309311684
-9.27457066667 279.242734176
-9.269568 279.261741658
-9.26456533333 279.247360695
-9.25956266667 279.266242767
-9.25456 279.180101669
-9.24955733333 279.243559738
-9.24455466667 279.201925814
-9.239552 279.21666685
-9.23454933333 279.186499746
-9.22954666667 279.194534393
-9.224544 279.160769215
-9.21954133333 279.191747654
-9.21453866667 279.121491759
-9.209536 279.154766895
-9.20453333333 279.082852434
-9.19953066667 279.146875252
-9.194528 279.035294476
-9.18952533333 279.085183505
-9.18452266667 279.035090444
-9.17952 279.089081635
-9.17451733333 278.992879449
-9.16951466667 279.072348276
-9.164512 279.017207555
-9.15950933333 279.003579224
-9.15450666667 278.954718917
-9.149504 278.935819987
-9.14450133333 278.863610145
-9.13949866667 278.898869853
-9.134496 278.793997755
-9.12949333333 278.819503565
-9.12449066667 278.75657332
-9.119488 278.832921175
-9.11448533333 278.729875355
-9.10948266667 278.813888057
-9.10448 278.785273169
-9.09947733333 278.806388131
-9.09447466667 278.785016971
-9.089472 278.791758552
-9.08446933333 278.809030241
-9.07946666667 278.867075685
-9.074464 278.779114788
-9.06946133333 278.868961267
-9.06445866667 278.820916081
-9.059456 278.909951223
-9.05445333333 278.852775839
-9.04945066667 278.912871518
-9.044448 278.894240579
-9.03944533333 278.988656501
-9.03444266667 278.902494259
-9.02944 278.983381083
-9.02443733333 278.956921571
-9.01943466667 279.010863341
-9.014432 278.961405259
-9.00942933333 279.018737057
-9.00442666667 278.992265442
-8.999424 279.072031803
-8.99442133333 279.020251949
-8.98941866667 279.09883637
-8.984416 279.065511122
-8.97941333333 279.099931974
-8.97441066667 279.025840267
-8.969408 279.075556515
-8.96440533333 279.027852611
-8.95940266667 279.128985635
-8.9544 279.111568312
-8.94939733333 279.154041335
-8.94439466667 279.210810503
-8.939392 279.262805041
-8.93438933333 279.180160089
-8.92938666667 279.283904903
-8.924384 279.23954029
-8.91938133333 279.227965376
-8.91437866667 279.199045725
-8.909376 279.218334159
-8.90437333333 279.144823594
-8.89937066667 279.204629252
-8.894368 279.105766664
-8.88936533333 279.157028729
-8.88436266667 279.077449145
-8.87936 279.132543181
-8.87435733333 279.066195325
-8.86935466667 279.128380548
-8.864352 279.094615417
-8.85934933333 279.135247528
-8.85434666667 279.088109346
-8.849344 279.055283681
-8.84434133333 279.045874679
-8.83933866667 279.117459237
-8.834336 279.032693998
-8.82933333333 279.078886594
-8.82433066667 279.051760566
-8.819328 279.04901416
-8.81432533333 278.991846881
-8.80932266667 279.048740809
-8.80432 278.9869953
-8.79931733333 279.014934705
-8.79431466667 278.950441789
-8.789312 278.988314632
-8.78430933333 278.927056412
-8.77930666667 278.991484431
-8.774304 278.910317914
-8.76930133333 278.910040633
-8.76429866667 278.882725023
-8.759296 278.932234438
-8.75429333333 278.852940377
-8.74929066667 278.890915503
-8.744288 278.836270848
-8.73928533333 278.912377139
-8.73428266667 278.847187579
-8.72928 278.875925872
-8.72427733333 278.84572093
-8.71927466667 278.877708859
-8.714272 278.811473675
-8.70926933333 278.851592596
-8.70426666667 278.769205051
-8.699264 278.814746856
-8.69426133333 278.756010221
-8.68925866667 278.792777316
-8.684256 278.747284993
-8.67925333333 278.822399579
-8.67425066667 278.782335817
-8.669248 278.815051881
-8.66424533333 278.796111576
-8.65924266667 278.827191348
-8.65424 278.724322345
-8.64923733333 278.784558215
-8.64423466667 278.732836982
-8.639232 278.769195093
-8.63422933333 278.706941075
-8.62922666667 278.77797216
-8.624224 278.727347207
-8.61922133333 278.797921796
-8.61421866667 278.728977832
-8.609216 278.818517685
-8.60421333333 278.758435423
-8.59921066667 278.796646321
-8.594208 278.76604601
-8.58920533333 278.769480393
-8.58420266667 278.740493837
-8.5792 278.789903245
-8.57419733333 278.689039711
-8.56919466667 278.797755645
-8.564192 278.722343075
-8.55918933333 278.790326626
-8.55418666667 278.720854548
-8.549184 278.769789952
-8.54418133333 278.707649766
-8.53917866667 278.787873318
-8.534176 278.735867597
-8.52917333333 278.823529433
-8.52417066667 278.801588944
-8.519168 278.882488803
-8.51416533333 278.821931757
-8.50916266667 278.905176087
-8.50416 278.898060556
-8.49915733333 278.947273043
-8.49415466667 278.911646597
-8.489152 278.976684893
-8.48414933333 278.956692597
-8.47914666667 279.071931668
-8.474144 279.006589578
-8.46914133333 279.101321492
-8.46413866667 279.064304905
-8.459136 279.104221852
-8.45413333333 279.134210417
-8.44913066667 279.183968801
-8.444128 279.166427238
-8.43912533333 279.246477614
-8.43412266667 279.172911801
-8.42912 279.202487599
-8.42411733333 279.179346035
-8.41911466667 279.18928388
-8.414112 279.152130612
-8.40910933333 279.243229275
-8.40410666667 279.222201842
-8.399104 279.304934749
-8.39410133333 279.311816307
-8.38909866667 279.395756367
-8.384096 279.435158656
-8.37909333333 279.515060886
-8.37409066667 279.429859993
-8.369088 279.497731426
-8.36408533333 279.494020038
-8.35908266667 279.582084284
-8.35408 279.516028076
-8.34907733333 279.602389737
-8.34407466667 279.559582032
-8.339072 279.665858948
-8.33406933333 279.595725348
-8.32906666667 279.673793252
-8.324064 279.64267503
-8.31906133333 279.662685843
-8.31405866667 279.584014154
-8.309056 279.616961002
-8.30405333333 279.597610949
-8.29905066667 279.630929945
-8.294048 279.534493396
-8.28904533333 279.5934387
-8.28404266667 279.536757107
-8.27904 279.553537357
-8.27403733333 279.530606974
-8.26903466667 279.551436751
-8.264032 279.472524817
-8.25902933333 279.610800518
-8.25402666667 279.524226987
-8.249024 279.595503276
-8.24402133333 279.56720284
-8.23901866667 279.623023798
-8.234016 279.565245347
-8.22901333333 279.57640954
-8.22401066667 279.580183532
-8.219008 279.624415812
-8.21400533333 279.564176014
-8.20900266667 279.610791818
-8.204 279.59713687
-8.19899733333 279.636396621
-8.19399466667 279.577240739
-8.188992 279.640717517
-8.18398933333 279.605808932
-8.17898666667 279.691406805
-8.173984 279.638940761
-8.16898133333 279.706000216
-8.16397866667 279.658770714
-8.158976 279.73264939
-8.15397333333 279.662572477
-8.14897066667 279.759038808
-8.143968 279.718225816
-8.13896533333 279.830679171
-8.13396266667 279.754894427
-8.12896 279.806360196
-8.12395733333 279.80761574
-8.11895466667 279.90095209
-8.113952 279.796695766
-8.10894933333 279.9193338
-8.10394666667 279.883332331
-8.098944 279.904517454
-8.09394133333 279.895091108
-8.08893866667 280.022626438
-8.083936 280.009221794
-8.07893333333 280.113155055
-8.07393066667 280.048023887
-8.068928 280.104204329
-8.06392533333 280.116125402
-8.05892266667 280.209581375
-8.05392 280.176528824
-8.04891733333 280.312226255
-8.04391466667 280.308033057
-8.038912 280.439501277
-8.03390933333 280.431643871
-8.02890666667 280.541804359
-8.023904 280.596669171
-8.01890133333 280.699068795
-8.01389866667 280.735798137
-8.008896 280.926022358
-8.00389333333 280.952492223
-7.99889066667 281.138516958
-7.993888 281.163388797
-7.98888533333 281.318563665
-7.98388266667 281.365474595
-7.97888 281.567351195
-7.97387733333 281.576069746
-7.96887466667 281.729396388
-7.963872 281.820282713
-7.95886933333 282.010015669
-7.95386666667 282.02840776
-7.948864 282.214079278
-7.94386133333 282.253031435
-7.93885866667 282.422154975
-7.933856 282.435049244
-7.92885333333 282.595468281
-7.92385066667 282.585907631
-7.918848 282.700974653
-7.91384533333 282.729221183
-7.90884266667 282.848012088
-7.90384 282.809784971
-7.89883733333 282.910892277
-7.89383466667 282.819296162
-7.888832 282.907535883
-7.88382933333 282.846294517
-7.87882666667 282.868648044
-7.873824 282.794264061
-7.86882133333 282.781676002
-7.86381866667 282.738434362
-7.858816 282.777415709
-7.85381333333 282.702455956
-7.84881066667 282.757577413
-7.843808 282.694226901
-7.83880533333 282.724716575
-7.83380266667 282.654600112
-7.8288 282.719898899
-7.82379733333 282.676638328
-7.81879466667 282.738500849
-7.813792 282.701296674
-7.80878933333 282.716971935
-7.80378666667 282.661899764
-7.798784 282.759432085
-7.79378133333 282.690077615
-7.78877866667 282.748734605
-7.783776 282.707793117
-7.77877333333 282.745608014
-7.77377066667 282.645372439
-7.768768 282.714621847
-7.76376533333 282.606157336
-7.75876266667 282.680413676
-7.75376 282.509236565
-7.74875733333 282.624883731
-7.74375466667 282.541831507
-7.738752 282.606495134
-7.73374933333 282.535889715
-7.72874666667 282.611444697
-7.723744 282.545590849
-7.71874133333 282.62754464
-7.71373866667 282.542554695
-7.708736 282.637104906
-7.70373333333 282.56694859
-7.69873066667 282.616516079
-7.693728 282.524856279
-7.68872533333 282.587429648
-7.68372266667 282.523443149
-7.67872 282.57210295
-7.67371733333 282.481186382
-7.66871466667 282.546682848
-7.663712 282.46935173
-7.65870933333 282.501932568
-7.65370666667 282.433273157
-7.648704 282.504078149
-7.64370133333 282.402094665
-7.63869866667 282.450000018
-7.633696 282.351062979
-7.62869333333 282.395257774
-7.62369066667 282.317722836
-7.618688 282.41086499
-7.61368533333 282.270607677
-7.60868266667 282.332948451
-7.60368 282.293513362
-7.59867733333 282.271515288
-7.59367466667 282.103345622
-7.588672 282.111656171
-7.58366933333 281.986993267
-7.57866666667 282.053529849
-7.573664 281.892620304
-7.56866133333 281.958710735
-7.56365866667 281.853639912
-7.558656 281.90080759
-7.55365333333 281.82679112
-7.54865066667 281.856361878
-7.543648 281.755495078
-7.53864533333 281.771469683
-7.53364266667 281.683726248
-7.52864 281.667795817
-7.52363733333 281.588633046
-7.51863466667 281.640835598
-7.513632 281.496956609
-7.50862933333 281.50749871
-7.50362666667 281.396904063
-7.498624 281.350121269
-7.49362133333 281.211335861
-7.48861866667 281.226379384
-7.483616 281.042699412
-7.47861333333 281.041223196
-7.47361066667 280.817238681
-7.468608 280.743951477
-7.46360533333 280.605690253
-7.45860266667 280.509346066
-7.4536 280.31711479
-7.44859733333 280.264433666
-7.44359466667 280.104077654
-7.438592 280.072242922
-7.43358933333 279.856290051
-7.42858666667 279.874087715
-7.423584 279.739001007
-7.41858133333 279.72860821
-7.41357866667 279.529851137
-7.408576 279.576395344
-7.40357333333 279.461798912
-7.39857066667 279.51523123
-7.393568 279.400621064
-7.38856533333 279.414769087
-7.38356266667 279.347033367
-7.37856 279.409482178
-7.37355733333 279.255263395
-7.36855466667 279.374468697
-7.363552 279.321238247
-7.35854933333 279.422229853
-7.35354666667 279.354872712
-7.348544 279.411568915
-7.34354133333 279.381564063
-7.33853866667 279.454370388
-7.333536 279.325677128
-7.32853333333 279.440029613
-7.32353066667 279.372857599
-7.318528 279.459925256
-7.31352533333 279.332741869
-7.30852266667 279.543990495
-7.30352 279.412946592
-7.29851733333 279.493093447
-7.29351466667 279.387447757
-7.288512 279.442886938
-7.28350933333 279.376331835
-7.27850666667 279.414792372
-7.273504 279.365975268
-7.26850133333 279.410626719
-7.26349866667 279.368301986
-7.258496 279.480291918
-7.25349333333 279.364825003
-7.24849066667 279.48242821
-7.243488 279.459538411
-7.23848533333 279.504200286
-7.23348266667 279.398010773
-7.22848 279.46751722
-7.22347733333 279.419490568
-7.21847466667 279.451737638
-7.213472 279.379402957
-7.20846933333 279.452699905
-7.20346666667 279.378252698
-7.198464 279.477881121
-7.19346133333 279.385366539
-7.18845866667 279.44736496
-7.183456 279.426849919
-7.17845333333 279.486748717
-7.17345066667 279.40181315
-7.168448 279.503777941
-7.16344533333 279.425007004
-7.15844266667 279.529686795
-7.15344 279.382638411
-7.14843733333 279.476587855
-7.14343466667 279.395404466
-7.138432 279.440417308
-7.13342933333 279.379152828
-7.12842666667 279.463266617
-7.123424 279.386492754
-7.11842133333 279.476439953
-7.11341866667 279.389398667
-7.108416 279.419217926
-7.10341333333 279.340932112
-7.09841066667 279.355121463
-7.093408 279.23805583
-7.08840533333 279.295491274
-7.08340266667 279.215373711
-7.0784 279.264971353
-7.07339733333 279.168614223
-7.06839466667 279.196261821
-7.063392 279.13381149
-7.05838933333 279.156811063
-7.05338666667 279.01344455
-7.048384 279.061743742
-7.04338133333 278.970443335
-7.03837866667 278.984313972
-7.033376 278.909942389
-7.02837333333 278.91991748
-7.02337066667 278.824952117
-7.018368 278.868222434
-7.01336533333 278.733859609
-7.00836266667 278.788244094
-7.00336 278.723322476
-6.99835733333 278.771726658
-6.99335466667 278.655271322
-6.988352 278.720846493
-6.98334933333 278.645542306
-6.97834666667 278.733644534
-6.973344 278.582033178
-6.96834133333 278.683719534
-6.96333866667 278.586412347
-6.958336 278.677339119
-6.95333333333 278.568576732
-6.94833066667 278.650884043
-6.943328 278.525925178
-6.93832533333 278.661085344
-6.93332266667 278.521725138
-6.92832 278.601240673
-6.92331733333 278.571174966
-6.91831466667 278.660123819
-6.913312 278.59676007
-6.90830933333 278.678597223
-6.90330666667 278.594207728
-6.898304 278.692601719
-6.89330133333 278.597038907
-6.88829866667 278.708748605
-6.883296 278.666382197
-6.87829333333 278.713712045
-6.87329066667 278.665897363
-6.868288 278.749165757
-6.86328533333 278.66553565
-6.85828266667 278.785325941
-6.85328 278.729611759
-6.84827733333 278.833063011
-6.84327466667 278.768033708
-6.838272 278.881586372
-6.83326933333 278.760179844
-6.82826666667 278.878696561
-6.823264 278.798530175
-6.81826133333 278.903906449
-6.81325866667 278.83934961
-6.808256 278.908242969
-6.80325333333 278.890946759
-6.79825066667 279.012078537
-6.793248 278.890916108
-6.78824533333 278.997303099
-6.78324266667 278.983258524
-6.77824 278.99931844
-6.77323733333 278.923811384
-6.76823466667 278.958771234
-6.763232 278.87228427
-6.75822933333 278.947287852
-6.75322666667 278.81683877
-6.748224 278.818481803
-6.74322133333 278.719391288
-6.73821866667 278.735246857
-6.733216 278.585373468
-6.72821333333 278.600875531
-6.72321066667 278.491900526
-6.718208 278.582582781
-6.71320533333 278.49985645
-6.70820266667 278.580481426
-6.7032 278.551440941
-6.69819733333 278.643806185
-6.69319466667 278.553982475
-6.688192 278.644851734
-6.68318933333 278.62080649
-6.67818666667 278.711461357
-6.673184 278.646986229
-6.66818133333 278.711133227
-6.66317866667 278.634001559
-6.658176 278.725720293
-6.65317333333 278.587056714
-6.64817066667 278.65528673
-6.643168 278.635913527
-6.63816533333 278.677864134
-6.63316266667 278.566043457
-6.62816 278.678413057
-6.62315733333 278.561976751
-6.61815466667 278.689132075
-6.613152 278.576128623
-6.60814933333 278.692302375
-6.60314666667 278.650940002
-6.598144 278.705233004
-6.59314133333 278.669067773
-6.58813866667 278.748336286
-6.583136 278.724069805
-6.57813333333 278.772237691
-6.57313066667 278.704795816
-6.568128 278.799948521
-6.56312533333 278.769376188
-6.55812266667 278.822237578
-6.55312 278.701439332
-6.54811733333 278.82425871
-6.54311466667 278.77573679
-6.538112 278.878350205
-6.53310933333 278.795002341
-6.52810666667 278.918006809
-6.523104 278.831892097
-6.51810133333 278.925541356
-6.51309866667 278.828356466
-6.508096 278.915944446
-6.50309333333 278.886966947
-6.49809066667 278.926372299
-6.493088 278.861064689
-6.48808533333 278.959437073
-6.48308266667 278.863089817
-6.47808 279.009192761
-6.47307733333 278.886996693
-6.46807466667 278.992569097
-6.463072 278.911901233
-6.45806933333 278.981620182
-6.45306666667 278.928328441
-6.448064 279.038681692
-6.44306133333 278.980005011
-6.43805866667 279.090166379
-6.433056 278.963060356
-6.42805333333 279.063016025
-6.42305066667 279.032931107
-6.418048 279.084530482
-6.41304533333 279.037019666
-6.40804266667 279.146839381
-6.40304 279.111120138
-6.39803733333 279.20717968
-6.39303466667 279.146630105
-6.388032 279.243905189
-6.38302933333 279.209558688
-6.37802666667 279.327990016
-6.373024 279.249877462
-6.36802133333 279.356575975
-6.36301866667 279.308490474
-6.358016 279.443638255
-6.35301333333 279.377349798
-6.34801066667 279.537214516
-6.343008 279.463958439
-6.33800533333 279.562608223
-6.33300266667 279.477457891
-6.328 279.591193102
-6.32299733333 279.51935218
-6.31799466667 279.575392125
-6.312992 279.506982329
-6.30798933333 279.601720883
-6.30298666667 279.464011312
-6.297984 279.537480309
-6.29298133333 279.406884755
-6.28797866667 279.426928156
-6.282976 279.340359879
-6.27797333333 279.362657839
-6.27297066667 279.257405544
-6.267968 279.341089955
-6.26296533333 279.303204387
-6.25796266667 279.365775213
-6.25296 279.277277189
-6.24795733333 279.376671762
-6.24295466667 279.304466597
-6.237952 279.373570167
-6.23294933333 279.291683709
-6.22794666667 279.35144045
-6.222944 279.305207695
-6.21794133333 279.357042188
-6.21293866667 279.250577081
-6.207936 279.298618649
-6.20293333333 279.236002544
-6.19793066667 279.311094281
-6.192928 279.14948058
-6.18792533333 279.227176458
-6.18292266667 279.168074899
-6.17792 279.218388575
-6.17291733333 279.155022171
-6.16791466667 279.274098323
-6.162912 279.183537924
-6.15790933333 279.301473685
-6.15290666667 279.151314071
-6.147904 279.250018319
-6.14290133333 279.182734903
-6.13789866667 279.269356746
-6.132896 279.15992638
-6.12789333333 279.25228101
-6.12289066667 279.17728829
-6.117888 279.282308571
-6.11288533333 279.204361213
-6.10788266667 279.261450344
-6.10288 279.182158917
-6.09787733333 279.221691739
-6.09287466667 279.143433034
-6.087872 279.242267671
-6.08286933333 279.154635818
-6.07786666667 279.26119428
-6.072864 279.167050386
-6.06786133333 279.254794126
-6.06285866667 279.204023865
-6.057856 279.2660494
-6.05285333333 279.196946664
-6.04785066667 279.255284751
-6.042848 279.166031707
-6.03784533333 279.254061787
-6.03284266667 279.147833669
-6.02784 279.25058707
-6.02283733333 279.168505558
-6.01783466667 279.25974622
-6.012832 279.170673443
-6.00782933333 279.263535744
-6.00282666667 279.230956238
-5.997824 279.2896629
-5.99282133333 279.204016586
-5.98781866667 279.308285664
-5.982816 279.19821905
-5.97781333333 279.31099408
-5.97281066667 279.189926147
-5.967808 279.252049726
-5.96280533333 279.204535558
-5.95780266667 279.255139045
-5.9528 279.140632216
-5.94779733333 279.247110792
-5.94279466667 279.138573337
-5.937792 279.246877844
-5.93278933333 279.133042713
-5.92778666667 279.197078512
-5.922784 279.125164708
-5.91778133333 279.170018835
-5.91277866667 279.107475412
-5.907776 279.187757673
-5.90277333333 279.072748826
-5.89777066667 279.188145648
-5.892768 279.032964983
-5.88776533333 279.104438278
-5.88276266667 279.050979258
-5.87776 279.141376514
-5.87275733333 279.068729796
-5.86775466667 279.179973451
-5.862752 279.147235095
-5.85774933333 279.188197369
-5.85274666667 279.146348386
-5.847744 279.225287493
-5.84274133333 279.202903947
-5.83773866667 279.310096382
-5.832736 279.244584471
-5.82773333333 279.346154199
-5.82273066667 279.284324833
-5.817728 279.391897129
-5.81272533333 279.360149559
-5.80772266667 279.494230279
-5.80272 279.449889848
-5.79771733333 279.59746103
-5.79271466667 279.5366116
-5.787712 279.707748516
-5.78270933333 279.730989332
-5.77770666667 279.862112604
-5.772704 279.871991005
-5.76770133333 280.019537986
-5.76269866667 280.058750987
-5.757696 280.286099566
-5.75269333333 280.290824327
-5.74769066667 280.494797586
-5.742688 280.514677481
-5.73768533333 280.705683045
-5.73268266667 280.712239792
-5.72768 280.91834709
-5.72267733333 280.988775321
-5.71767466667 281.195003841
-5.712672 281.18840521
-5.70766933333 281.389949186
-5.70266666667 281.499164706
-5.697664 281.699515864
-5.69266133333 281.719327024
-5.68765866667 281.910683414
-5.682656 281.949994351
-5.67765333333 282.109012092
-5.67265066667 282.083654331
-5.667648 282.22450113
-5.66264533333 282.251979543
-5.65764266667 282.392172723
-5.65264 282.350400408
-5.64763733333 282.447654473
-5.64263466667 282.346969129
-5.637632 282.49532795
-5.63262933333 282.402597998
-5.62762666667 282.48229505
-5.622624 282.397474306
-5.61762133333 282.461712147
-5.61261866667 282.323321614
-5.607616 282.395495208
-5.60261333333 282.28517406
-5.59761066667 282.35760167
-5.592608 282.232897118
-5.58760533333 282.316866633
-5.58260266667 282.23604
-5.5776 282.30902121
-5.57259733333 282.194696167
-5.56759466667 282.264487808
-5.562592 282.165721737
-5.55758933333 282.248760255
-5.55258666667 282.181677202
-5.547584 282.266352693
-5.54258133333 282.184526507
-5.53757866667 282.328159354
-5.532576 282.175781532
-5.52757333333 282.289727818
-5.52257066667 282.206867972
-5.517568 282.305622912
-5.51256533333 282.188830952
-5.50756266667 282.300070955
-5.50256 282.178396526
-5.49755733333 282.274999509
-5.49255466667 282.15819431
-5.487552 282.275704799
-5.48254933333 282.171519046
-5.47754666667 282.264913277
-5.472544 282.144338535
-5.46754133333 282.251737885
-5.46253866667 282.122718547
-5.457536 282.225647846
-5.45253333333 282.107803283
-5.44753066667 282.176719866
-5.442528 282.158352909
-5.43752533333 282.178437797
-5.43252266667 282.079923483
-5.42752 282.205991274
-5.42251733333 282.109745055
-5.41751466667 282.208551046
-5.412512 282.092618965
-5.40750933333 282.15927282
-5.40250666667 282.084370222
-5.397504 282.163092295
-5.39250133333 282.065717038
-5.38749866667 282.166448335
-5.382496 282.06917043
-5.37749333333 282.099985336
-5.37249066667 282.013970516
-5.367488 282.034851011
-5.36248533333 281.967703457
-5.35748266667 282.009903832
-5.35248 281.869997107
-5.34747733333 281.965875973
-5.34247466667 281.84534307
-5.337472 281.890000625
-5.33246933333 281.709115448
-5.32746666667 281.81427071
-5.322464 281.607388488
-5.31746133333 281.628000486
-5.31245866667 281.390754739
-5.307456 281.345577077
-5.30245333333 281.193243045
-5.29745066667 281.189270641
-5.292448 280.998041091
-5.28744533333 280.996032111
-5.28244266667 280.817213104
-5.27744 280.847160518
-5.27243733333 280.672947238
-5.26743466667 280.640712725
-5.262432 280.489652914
-5.25742933333 280.420423591
-5.25242666667 280.174957064
-5.247424 280.182906706
-5.24242133333 280.02713102
-5.23741866667 280.070629003
-5.232416 279.924980158
-5.22741333333 279.966934022
-5.22241066667 279.800325205
-5.217408 279.840614079
-5.21240533333 279.662677545
-5.20740266667 279.654921252
-5.2024 279.524689368
-5.19739733333 279.539013328
-5.19239466667 279.36573384
-5.187392 279.441067957
-5.18238933333 279.31334274
-5.17738666667 279.419856124
-5.172384 279.272425523
-5.16738133333 279.367273657
-5.16237866667 279.245261081
-5.157376 279.331682135
-5.15237333333 279.19256828
-5.14737066667 279.302129357
-5.142368 279.189524659
-5.13736533333 279.259947328
-5.13236266667 279.152656581
-5.12736 279.232459016
-5.12235733333 279.145399167
-5.11735466667 279.184307053
-5.112352 279.068837239
-5.10734933333 279.140870317
-5.10234666667 279.051669249
-5.097344 279.137241003
-5.09234133333 279.044482638
-5.08733866667 279.094962564
-5.082336 279.064229587
-5.07733333333 279.153183029
-5.07233066667 279.018316758
-5.067328 279.100408059
-5.06232533333 279.056061596
-5.05732266667 279.143393447
-5.05232 279.06389632
-5.04731733333 279.162173437
-5.04231466667 279.09370194
-5.037312 279.230885558
-5.03230933333 279.142052581
-5.02730666667 279.214011516
-5.022304 279.147927452
-5.01730133333 279.238287899
-5.01229866667 279.105403139
-5.007296 279.211430021
-5.00229333333 279.129717479
-4.99729066667 279.239780367
-4.992288 279.163506011
-4.98728533333 279.271509493
-4.98228266667 279.214426928
-4.97728 279.323188102
-4.97227733333 279.208868942
-4.96727466667 279.332686068
-4.962272 279.206398006
-4.95726933333 279.329394197
-4.95226666667 279.178027163
-4.947264 279.228102035
-4.94226133333 279.150138572
-4.93725866667 279.219313839
-4.932256 279.076835738
-4.92725333333 279.14802422
-4.92225066667 279.039091123
-4.917248 279.10854197
-4.91224533333 279.022617408
-4.90724266667 279.112744239
-4.90224 279.008871609
-4.89723733333 279.08939759
-4.89223466667 278.915278397
-4.887232 278.984460426
-4.88222933333 278.87571025
-4.87722666667 278.973330895
-4.872224 278.865936654
-4.86722133333 278.96760645
-4.86221866667 278.852423389
-4.857216 278.949533448
-4.85221333333 278.814315751
-4.84721066667 278.881222293
-4.842208 278.810556119
-4.83720533333 278.89292036
-4.83220266667 278.792421255
-4.8272 278.894306539
-4.82219733333 278.816430152
-4.81719466667 278.929751145
-4.812192 278.791563902
-4.80718933333 278.905658392
-4.80218666667 278.811157215
-4.797184 278.840655672
-4.79218133333 278.804035932
-4.78717866667 278.93921915
-4.782176 278.836123239
-4.77717333333 278.947694792
-4.77217066667 278.821141719
-4.767168 278.927069763
-4.76216533333 278.879264326
-4.75716266667 278.976968907
-4.75216 278.928009046
-4.74715733333 278.991499333
-4.74215466667 278.922303336
-4.737152 278.989438757
-4.73214933333 278.822339056
-4.72714666667 278.903677835
-4.722144 278.782784092
-4.71714133333 278.862359044
-4.71213866667 278.777515027
-4.707136 278.847371374
-4.70213333333 278.77410442
-4.69713066667 278.935467401
-4.692128 278.863559224
-4.68712533333 278.989351569
-4.68212266667 278.916464453
-4.67712 279.033459445
-4.67211733333 278.960725092
-4.66711466667 279.064739923
-4.662112 278.966730886
-4.65710933333 279.077217127
-4.65210666667 278.951199842
-4.647104 279.060275226
-4.64210133333 278.995304549
-4.63709866667 279.112332461
-4.632096 279.030053422
-4.62709333333 279.119008559
-4.62209066667 279.067435873
-4.617088 279.196051977
-4.61208533333 279.102006698
-4.60708266667 279.26195395
-4.60208 279.215877402
-4.59707733333 279.324352249
-4.59207466667 279.241699405
-4.587072 279.34473534
-4.58206933333 279.294522583
-4.57706666667 279.426029018
-4.572064 279.303029018
-4.56706133333 279.408861158
-4.56205866667 279.343552938
-4.557056 279.457426116
-4.55205333333 279.404522699
-4.54705066667 279.511311527
-4.542048 279.441052156
-4.53704533333 279.553478828
-4.53204266667 279.430578362
-4.52704 279.514100486
-4.52203733333 279.465068695
-4.51703466667 279.54225306
-4.512032 279.473418514
-4.50702933333 279.541191249
-4.50202666667 279.441780282
-4.497024 279.553638989
-4.49202133333 279.440056478
-4.48701866667 279.485816347
-4.482016 279.385853643
-4.47701333333 279.461491705
-4.47201066667 279.308072184
-4.467008 279.406071998
-4.46200533333 279.266441175
-4.45700266667 279.388133594
-4.452 279.252492148
-4.44699733333 279.31672073
-4.44199466667 279.229109627
-4.436992 279.315991172
-4.43198933333 279.222257949
-4.42698666667 279.293752238
-4.421984 279.207082437
-4.41698133333 279.311746432
-4.41197866667 279.187555883
-4.406976 279.320358349
-4.40197333333 279.223930058
-4.39697066667 279.306547314
-4.391968 279.16696077
-4.38696533333 279.283498525
-4.38196266667 279.146110738
-4.37696 279.225997873
-4.37195733333 279.077267289
-4.36695466667 279.16322805
-4.361952 279.024069289
-4.35694933333 279.119697298
-4.35194666667 279.007365186
-4.346944 279.093862146
-4.34194133333 279.006992629
-4.33693866667 279.135819591
-4.331936 279.181294579
-4.32693333333 279.28750331
-4.32193066667 279.169304907
-4.316928 279.277282817
-4.31192533333 279.147207476
-4.30692266667 279.22067673
-4.30192 279.139908566
-4.29691733333 279.221826743
-4.29191466667 279.093370093
-4.286912 279.201502657
-4.28190933333 279.121293375
-4.27690666667 279.245506678
-4.271904 279.125666256
-4.26690133333 279.200548389
-4.26189866667 279.111815707
-4.256896 279.204644857
-4.25189333333 279.097794449
-4.24689066667 279.207809365
-4.241888 279.131147491
-4.23688533333 279.258041007
-4.23188266667 279.15180646
-4.22688 279.24368781
-4.22187733333 279.214345119
-4.21687466667 279.326332086
-4.211872 279.207274918
-4.20686933333 279.333039791
-4.20186666667 279.261911727
-4.196864 279.375590301
-4.19186133333 279.279448543
-4.18685866667 279.414200711
-4.181856 279.33663421
-4.17685333333 279.447806144
-4.17185066667 279.354799679
-4.166848 279.456590629
-4.16184533333 279.395448419
-4.15684266667 279.468689951
-4.15184 279.340024156
-4.14683733333 279.43308713
-4.14183466667 279.314144304
-4.136832 279.401326871
-4.13182933333 279.269924779
-4.12682666667 279.345277988
-4.121824 279.261704712
-4.11682133333 279.342749547
-4.11181866667 279.227415396
-4.106816 279.342986461
-4.10181333333 279.281306224
-4.09681066667 279.341209341
-4.091808 279.20932718
-4.08680533333 279.170163572
-4.08180266667 279.092326206
-4.0768 279.176171189
-4.07179733333 279.056871378
-4.06679466667 279.178177073
-4.061792 279.08085271
-4.05678933333 279.168066109
-4.05178666667 279.085547666
-4.046784 279.160703676
-4.04178133333 279.068917944
-4.03677866667 279.219860747
-4.031776 279.095801947
-4.02677333333 279.162834152
-4.02177066667 279.097321006
-4.016768 279.198218157
-4.01176533333 279.093912
-4.00676266667 279.199430264
-4.00176 279.104248302
-3.99675733333 279.222885538
-3.99175466667 279.15288132
-3.986752 279.228268476
-3.98174933333 279.181958488
-3.97674666667 279.278282282
-3.971744 279.17921007
-3.96674133333 279.320126463
-3.96173866667 279.243650542
-3.956736 279.393160879
-3.95173333333 279.286236454
-3.94673066667 279.399462252
-3.941728 279.35055593
-3.93672533333 279.530394755
-3.93172266667 279.411901625
-3.92672 279.55761195
-3.92171733333 279.450909668
-3.91671466667 279.572755477
-3.911712 279.483097373
-3.90670933333 279.564405807
-3.90170666667 279.45866908
-3.896704 279.568958972
-3.89170133333 279.415393087
-3.88669866667 279.55185233
-3.881696 279.407522221
-3.87669333333 279.521699542
-3.87169066667 279.440056001
-3.866688 279.577088254
-3.86168533333 279.501218519
-3.85668266667 279.590423856
-3.85168 279.4840808
-3.84667733333 279.612584899
-3.84167466667 279.493653269
-3.836672 279.635988161
-3.83166933333 279.525043798
-3.82666666667 279.637688025
-3.821664 279.503910232
-3.81666133333 279.599658264
-3.81165866667 279.484866283
-3.806656 279.596625627
-3.80165333333 279.528344
-3.79665066667 279.659916493
-3.791648 279.581480235
-3.78664533333 279.691086134
-3.78164266667 279.577526293
-3.77664 279.691369656
-3.77163733333 279.615027589
-3.76663466667 279.653626181
-3.761632 279.643430921
-3.75662933333 279.70793424
-3.75162666667 279.57662261
-3.746624 279.70349283
-3.74162133333 279.557798516
-3.73661866667 279.693418883
-3.731616 279.568487406
-3.72661333333 279.657705611
-3.72161066667 279.576323565
-3.716608 279.701700884
-3.71160533333 279.581457466
-3.70660266667 279.716758211
-3.7016 279.589710749
-3.69659733333 279.740807693
-3.69159466667 279.669721873
-3.686592 279.766632806
-3.68158933333 279.741567144
-3.67658666667 279.836984024
-3.671584 279.761316487
-3.66658133333 279.918882961
-3.66157866667 279.832182291
-3.656576 280.015730191
-3.65157333333 279.908095981
-3.64657066667 280.042692228
-3.641568 279.996002332
-3.63656533333 280.126641433
-3.63156266667 280.052217726
-3.62656 280.171342335
-3.62155733333 280.112389995
-3.61655466667 280.237825781
-3.611552 280.131981316
-3.60654933333 280.273675568
-3.60154666667 280.193398153
-3.596544 280.321652368
-3.59154133333 280.223282463
-3.58653866667 280.279073334
-3.581536 280.191187305
-3.57653333333 280.257170099
-3.57153066667 280.112941993
-3.566528 280.197269024
-3.56152533333 280.134381987
-3.55652266667 280.216749884
-3.55152 280.110889319
-3.54651733333 280.262069443
-3.54151466667 280.206548803
-3.536512 280.307849949
-3.53150933333 280.182033668
-3.52650666667 280.283936417
-3.521504 280.173507739
-3.51650133333 280.25372119
-3.51149866667 280.138464044
-3.506496 280.208265259
-3.50149333333 280.077303785
-3.49649066667 280.158309759
-3.491488 279.997652195
-3.48648533333 280.085795128
-3.48148266667 279.985253968
-3.47648 280.054009046
-3.47147733333 279.90170026
-3.46647466667 280.041101966
-3.461472 279.926356713
-3.45646933333 280.05459897
-3.45146666667 279.950309216
-3.446464 280.073846492
-3.44146133333 280.003326645
-3.43645866667 280.080801655
-3.431456 279.979367551
-3.42645333333 280.064429153
-3.42145066667 279.95844694
-3.416448 280.080454065
-3.41144533333 279.964832159
-3.40644266667 280.057600811
-3.40144 279.996469934
-3.39643733333 280.087031697
-3.39143466667 279.962609978
-3.386432 280.172694117
-3.38142933333 280.06064407
-3.37642666667 280.234974864
-3.371424 280.191635091
-3.36642133333 280.291592939
-3.36141866667 280.247201585
-3.356416 280.358630361
-3.35141333333 280.195530613
-3.34641066667 280.30833427
-3.341408 280.1551166
-3.33640533333 280.273616155
-3.33140266667 280.164292578
-3.3264 280.287371407
-3.32139733333 280.210147935
-3.31639466667 280.308870884
-3.311392 280.187680836
-3.30638933333 280.28325837
-3.30138666667 280.220030491
-3.296384 280.312436947
-3.29138133333 280.157592772
-3.28637866667 280.226698663
-3.281376 280.110892139
-3.27637333333 280.195666321
-3.27137066667 280.060562546
-3.266368 280.169494742
-3.26136533333 280.05276212
-3.25636266667 280.12940419
-3.25136 280.008265935
-3.24635733333 280.096085203
-3.24135466667 279.952549714
-3.236352 280.08860567
-3.23134933333 279.965661088
-3.22634666667 280.022209578
-3.221344 279.943739295
-3.21634133333 280.034588269
-3.21133866667 279.892650079
-3.206336 280.01960543
-3.20133333333 279.899134994
-3.19633066667 280.00230466
-3.191328 279.865040863
-3.18632533333 279.967172083
-3.18132266667 279.834473452
-3.17632 279.973246172
-3.17131733333 279.824068595
-3.16631466667 279.956257398
-3.161312 279.870074141
-3.15630933333 279.951886507
-3.15130666667 279.818696401
-3.146304 279.909559643
-3.14130133333 279.815409488
-3.13629866667 279.942441406
-3.131296 279.816689081
-3.12629333333 279.920110672
-3.12129066667 279.851091314
-3.116288 279.931276268
-3.11128533333 279.809017032
-3.10628266667 279.949121817
-3.10128 279.817207963
-3.09627733333 279.911402317
-3.09127466667 279.777897161
-3.086272 279.845554926
-3.08126933333 279.804413084
-3.07626666667 279.880500645
-3.071264 279.757455039
-3.06626133333 279.869583194
-3.06125866667 279.740723024
-3.056256 279.868824224
-3.05125333333 279.781394318
-3.04625066667 279.825804708
-3.041248 279.764465951
-3.03624533333 279.862419064
-3.03124266667 279.700430507
-3.02624 279.851622136
-3.02123733333 279.750382677
-3.01623466667 279.841738558
-3.011232 279.737355789
-3.00622933333 279.853425251
-3.00122666667 279.758992354
-2.996224 279.88888582
-2.99122133333 279.75362012
-2.98621866667 279.845694926
-2.981216 279.728509276
-2.97621333333 279.84113817
-2.97121066667 279.682751536
-2.966208 279.751701335
-2.96120533333 279.623972728
-2.95620266667 279.719921205
-2.9512 279.568453762
-2.94619733333 279.700535737
-2.94119466667 279.594142285
-2.936192 279.652659103
-2.93118933333 279.550668886
-2.92618666667 279.676798425
-2.921184 279.581423865
-2.91618133333 279.68596336
-2.91117866667 279.582816962
-2.906176 279.73738105
-2.90117333333 279.69831949
-2.89617066667 279.800412594
-2.891168 279.726605928
-2.88616533333 279.876043614
-2.88116266667 279.805449037
-2.87616 279.955693427
-2.87115733333 279.839194382
-2.86615466667 279.911698549
-2.861152 279.810237752
-2.85614933333 279.915453825
-2.85114666667 279.713552481
-2.846144 279.906563649
-2.84114133333 279.800837857
-2.83613866667 279.908292403
-2.831136 279.793598808
-2.82613333333 279.883746037
-2.82113066667 279.790358575
-2.816128 279.938157952
-2.81112533333 279.824325432
-2.80612266667 279.968385448
-2.80112 279.866048904
-2.79611733333 279.985481533
-2.79111466667 279.877338841
-2.786112 279.971264633
-2.78110933333 279.89706629
-2.77610666667 279.995999076
-2.771104 279.845753711
-2.76610133333 279.956037382
-2.76109866667 279.871044051
-2.756096 279.978770854
-2.75109333333 279.856707092
-2.74609066667 279.979133867
-2.741088 279.907416567
-2.73608533333 280.041918636
-2.73108266667 279.961027651
-2.72608 280.053084346
-2.72107733333 279.969309905
-2.71607466667 280.05025162
-2.711072 279.929742747
-2.70606933333 280.042608162
-2.70106666667 279.938476604
-2.696064 280.044473035
-2.69106133333 279.952348543
-2.68605866667 280.042544356
-2.681056 279.937781128
-2.67605333333 280.053461213
-2.67105066667 279.922489794
-2.666048 280.048543002
-2.66104533333 279.945664766
-2.65604266667 280.057474947
-2.65104 279.997706093
-2.64603733333 280.086582528
-2.64103466667 280.021088945
-2.636032 280.173961698
-2.63102933333 280.03768507
-2.62602666667 280.18339188
-2.621024 280.104994263
-2.61602133333 280.191967473
-2.61101866667 280.090471861
-2.606016 280.231633969
-2.60101333333 280.122305286
-2.59601066667 280.251184137
-2.591008 280.145120523
-2.58600533333 280.253735023
-2.58100266667 280.199440839
-2.576 280.303872276
-2.57099733333 280.219930873
-2.56599466667 280.342273622
-2.560992 280.227753929
-2.55598933333 280.33412941
-2.55098666667 280.258613854
-2.545984 280.371156694
-2.54098133333 280.290841772
-2.53597866667 280.410626928
-2.530976 280.285748898
-2.52597333333 280.414979713
-2.52097066667 280.29682557
-2.515968 280.386691202
-2.51096533333 280.25287317
-2.50596266667 280.299756921
-2.50096 280.201132336
-2.49595733333 280.297500813
-2.49095466667 280.152972441
-2.485952 280.256430692
-2.48094933333 280.168849576
-2.47594666667 280.287742223
-2.470944 280.180276072
-2.46594133333 280.261905977
-2.46093866667 280.162409763
-2.455936 280.252135609
-2.45093333333 280.115459584
-2.44593066667 280.237176473
-2.440928 280.117914393
-2.43592533333 280.227530937
-2.43092266667 280.081637758
-2.42592 280.181291673
-2.42091733333 280.079184773
-2.41591466667 280.199067418
-2.410912 280.041896096
-2.40590933333 280.10208118
-2.40090666667 280.011389955
-2.395904 280.104178174
-2.39090133333 279.951101136
-2.38589866667 280.066901532
-2.380896 279.953853271
-2.37589333333 280.062351309
-2.37089066667 279.952082501
-2.365888 280.038668733
-2.36088533333 279.979576075
-2.35588266667 280.076675557
-2.35088 279.915032439
-2.34587733333 280.044449592
-2.34087466667 279.959759547
-2.335872 280.055760618
-2.33086933333 279.936862596
-2.32586666667 280.026565649
-2.320864 279.912210317
-2.31586133333 280.011577815
-2.31085866667 279.856946798
-2.305856 280.005988968
-2.30085333333 279.857662032
-2.29585066667 279.915694648
-2.290848 279.783877022
-2.28584533333 279.889131142
-2.28084266667 279.766725992
-2.27584 279.871595543
-2.27083733333 279.739464481
-2.26583466667 279.816991516
-2.260832 279.691566307
-2.25582933333 279.775055595
-2.25082666667 279.669668832
-2.245824 279.782323731
-2.24082133333 279.672813717
-2.23581866667 279.807160516
-2.230816 279.645427972
-2.22581333333 279.748248487
-2.22081066667 279.684913015
-2.215808 279.758812977
-2.21080533333 279.649726262
-2.20580266667 279.783286741
-2.2008 279.64602725
-2.19579733333 279.7534732
-2.19079466667 279.667535706
-2.185792 279.735702111
-2.18078933333 279.660176453
-2.17578666667 279.780333915
-2.170784 279.627420608
-2.16578133333 279.746153225
-2.16077866667 279.669814094
-2.155776 279.749360216
-2.15077333333 279.69887154
-2.14577066667 279.784104339
-2.140768 279.687186145
-2.13576533333 279.826650674
-2.13076266667 279.695814143
-2.12576 279.84734182
-2.12075733333 279.733723076
-2.11575466667 279.830167591
-2.110752 279.712540891
-2.10574933333 279.788709129
-2.10074666667 279.699766594
-2.095744 279.813838326
-2.09074133333 279.638522698
-2.08573866667 279.751942722
-2.080736 279.60382185
-2.07573333333 279.697032599
-2.07073066667 279.579893576
-2.065728 279.650262508
-2.06072533333 279.546595164
-2.05572266667 279.657126399
-2.05072 279.499967408
-2.04571733333 279.620669102
-2.04071466667 279.502439903
-2.035712 279.620257505
-2.03070933333 279.48802833
-2.02570666667 279.625402589
-2.020704 279.504329156
-2.01570133333 279.595127425
-2.01069866667 279.507867707
-2.005696 279.581085087
-2.00069333333 279.50722808
-1.99569066667 279.614624555
-1.990688 279.46554625
-1.98568533333 279.587415564
-1.98068266667 279.501794237
-1.97568 279.630599978
-1.97067733333 279.50650785
-1.96567466667 279.597971142
-1.960672 279.489099247
-1.95566933333 279.607415637
-1.95066666667 279.443396624
-1.945664 279.566101107
-1.94066133333 279.483734229
-1.93565866667 279.565753969
-1.930656 279.443968582
-1.92565333333 279.566899578
-1.92065066667 279.456150836
-1.915648 279.573748295
-1.91064533333 279.44393637
-1.90564266667 279.539118136
-1.90064 279.460868053
-1.89563733333 279.534115029
-1.89063466667 279.410934921
-1.885632 279.526775809
-1.88062933333 279.418368775
-1.87562666667 279.538908126
-1.870624 279.423530194
-1.86562133333 279.497162783
-1.86061866667 279.445800531
-1.855616 279.526069329
-1.85061333333 279.373462066
-1.84561066667 279.535523799
-1.840608 279.418176593
-1.83560533333 279.511025705
-1.83060266667 279.403407646
-1.8256 279.487510757
-1.82059733333 279.401405289
-1.81559466667 279.532647157
-1.810592 279.389440054
-1.80558933333 279.523811923
-1.80058666667 279.417858735
-1.795584 279.525023999
-1.79058133333 279.404746689
-1.78557866667 279.503544896
-1.780576 279.422810549
-1.77557333333 279.522667977
-1.77057066667 279.385418801
-1.765568 279.510822933
-1.76056533333 279.403885114
-1.75556266667 279.513390569
-1.75056 279.400926654
-1.74555733333 279.544418535
-1.74055466667 279.427850227
-1.735552 279.582616889
-1.73054933333 279.456066734
-1.72554666667 279.572472081
-1.720544 279.468378877
-1.71554133333 279.583417997
-1.71053866667 279.465288396
-1.705536 279.609595231
-1.70053333333 279.532643905
-1.69553066667 279.709486137
-1.690528 279.593159379
-1.68552533333 279.745949732
-1.68052266667 279.724269702
-1.67552 279.901864351
-1.67051733333 279.818182436
-1.66551466667 280.007897493
-1.660512 279.981636288
-1.65550933333 280.198399938
-1.65050666667 280.205926884
-1.645504 280.424780794
-1.64050133333 280.45610333
-1.63549866667 280.674238382
-1.630496 280.619319238
-1.62549333333 280.844779243
-1.62049066667 280.866576164
-1.615488 281.094078067
-1.61048533333 281.145945825
-1.60548266667 281.40472792
-1.60048 281.42431444
-1.59547733333 281.705335723
-1.59047466667 281.708182916
-1.585472 282.025915291
-1.58046933333 282.035707349
-1.57546666667 282.285664729
-1.570464 282.239819273
-1.56546133333 282.397398965
-1.56045866667 282.388406895
-1.555456 282.56296736
-1.55045333333 282.494906466
-1.54545066667 282.677272077
-1.540448 282.613299361
-1.53544533333 282.754199432
-1.53044266667 282.687837198
-1.52544 282.794566176
-1.52043733333 282.689301694
-1.51543466667 282.865229307
-1.510432 282.689564902
-1.50542933333 282.81411633
-1.50042666667 282.746280558
-1.495424 282.856573436
-1.49042133333 282.715888797
-1.48541866667 282.877366652
-1.480416 282.74215305
-1.47541333333 282.874182126
-1.47041066667 282.775178089
-1.465408 282.826952058
-1.46040533333 282.686824729
-1.45540266667 282.784511171
-1.4504 282.611889278
-1.44539733333 282.720995183
-1.44039466667 282.584204524
-1.435392 282.690482449
-1.43038933333 282.570831011
-1.42538666667 282.656465222
-1.420384 282.584209216
-1.41538133333 282.712892488
-1.41037866667 282.571800434
-1.405376 282.737989086
-1.40037333333 282.650112388
-1.39537066667 282.741986238
-1.390368 282.637328999
-1.38536533333 282.694186805
-1.38036266667 282.61192642
-1.37536 282.740475362
-1.37035733333 282.620071257
-1.36535466667 282.715681819
-1.360352 282.613733222
-1.35534933333 282.67832421
-1.35034666667 282.581458679
-1.345344 282.676378232
-1.34034133333 282.557558715
-1.33533866667 282.719387924
-1.330336 282.536749936
-1.32533333333 282.641371353
-1.32033066667 282.530886836
-1.315328 282.640423145
-1.31032533333 282.481800909
-1.30532266667 282.579241053
-1.30032 282.448888828
-1.29531733333 282.557805326
-1.29031466667 282.445333082
-1.285312 282.54433022
-1.28030933333 282.421084669
-1.27530666667 282.497710045
-1.270304 282.324631533
-1.26530133333 282.451341022
-1.26029866667 282.300717459
-1.255296 282.439173751
-1.25029333333 282.308012522
-1.24529066667 282.391802288
-1.240288 282.324196132
-1.23528533333 282.453265785
-1.23028266667 282.333093844
-1.22528 282.475859203
-1.22027733333 282.373266674
-1.21527466667 282.465901509
-1.210272 282.360445266
-1.20526933333 282.460527539
-1.20026666667 282.405982883
-1.195264 282.572818931
-1.19026133333 282.440341003
-1.18525866667 282.580082718
-1.180256 282.473035526
-1.17525333333 282.587624406
-1.17025066667 282.49825427
-1.165248 282.602896923
-1.16024533333 282.504814634
-1.15524266667 282.606797812
-1.15024 282.454157313
-1.14523733333 282.517809732
-1.14023466667 282.369230594
-1.135232 282.476340606
-1.13022933333 282.284512739
-1.12522666667 282.367638234
-1.120224 282.190088679
-1.11522133333 282.234320796
-1.11021866667 282.042900903
-1.105216 282.081611247
-1.10021333333 281.885189442
-1.09521066667 281.899820578
-1.090208 281.67695144
-1.08520533333 281.666965776
-1.08020266667 281.447243318
-1.0752 281.413851228
-1.07019733333 281.187681644
-1.06519466667 281.144886802
-1.060192 280.926604787
-1.05518933333 280.873011213
-1.05018666667 280.625514984
-1.045184 280.620799342
-1.04018133333 280.366280271
-1.03517866667 280.365481064
-1.030176 280.156556999
-1.02517333333 280.155871992
-1.02017066667 279.959741146
-1.015168 280.01392919
-1.01016533333 279.807986339
-1.00516266667 279.889705178
-1.00016 279.713723097
-0.995157333333 279.807550424
-0.990154666667 279.640502321
-0.985152 279.741427017
-0.980149333333 279.613150359
-0.975146666667 279.728485118
-0.970144 279.552304821
-0.965141333333 279.631355877
-0.960138666667 279.51144883
-0.955136 279.602232418
-0.950133333333 279.454641642
-0.945130666667 279.520312919
-0.940128 279.413571971
-0.935125333333 279.471209997
-0.930122666667 279.327706062
-0.92512 279.434124088
-0.920117333333 279.319358295
-0.915114666667 279.427402628
-0.910112 279.261981909
-0.905109333333 279.384770215
-0.900106666667 279.237382606
-0.895104 279.330334916
-0.890101333333 279.24188385
-0.885098666667 279.340421534
-0.880096 279.204995677
-0.875093333333 279.325898582
-0.870090666667 279.184727121
-0.865088 279.271315817
-0.860085333333 279.163782091
-0.855082666667 279.252691886
-0.85008 279.058239878
-0.845077333333 279.146553646
-0.840074666667 279.064071758
-0.835072 279.156088496
-0.830069333333 279.00477423
-0.825066666667 279.120446124
-0.820064 278.992136625
-0.815061333333 279.06131455
-0.810058666667 278.977356349
-0.805056 279.042782875
-0.800053333333 278.927201064
-0.795050666667 279.038766301
-0.790048 278.888221704
-0.785045333333 278.986394313
-0.780042666667 278.876188023
-0.77504 278.999608833
-0.770037333333 278.842926198
-0.765034666667 278.9259712
-0.760032 278.787472068
-0.755029333333 278.902454487
-0.750026666667 278.753477278
-0.745024 278.90550319
-0.740021333333 278.805878442
-0.735018666667 278.892433393
-0.730016 278.774309548
-0.725013333333 278.847277771
-0.720010666667 278.783000086
-0.715008 278.889421323
-0.710005333333 278.777262258
-0.705002666667 278.845601981
-0.7 278.755266948
-0.694997333333 278.853953686
-0.689994666667 278.74576943
-0.684992 278.844679288
-0.679989333333 278.791307875
-0.674986666667 278.911125782
-0.669984 278.769441819
-0.664981333333 278.8579191
-0.659978666667 278.77737806
-0.654976 278.94302728
-0.649973333333 278.755336897
-0.644970666667 278.878715249
-0.639968 278.777436144
-0.634965333333 278.866654601
-0.629962666667 278.785375348
-0.62496 278.86532988
-0.619957333333 278.783759209
-0.614954666667 278.899021974
-0.609952 278.769441959
-0.604949333333 278.855308333
-0.599946666667 278.757150416
-0.594944 278.837909372
-0.589941333333 278.750980253
-0.584938666667 278.85238099
-0.579936 278.713211472
-0.574933333333 278.839760047
-0.569930666667 278.671320163
-0.564928 278.818947606
-0.559925333333 278.686437819
-0.554922666667 278.768274456
-0.54992 278.692471857
-0.544917333333 278.763965215
-0.539914666667 278.694853887
-0.534912 278.805906418
-0.529909333333 278.653569344
-0.524906666667 278.770509568
-0.519904 278.655688485
-0.514901333333 278.757188123
-0.509898666667 278.653448015
-0.504896 278.745897268
-0.499893333333 278.641045792
-0.494890666667 278.746351153
-0.489888 278.637010227
-0.484885333333 278.723248139
-0.479882666667 278.62161029
-0.47488 278.747351695
-0.469877333333 278.592140976
-0.464874666667 278.724967831
-0.459872 278.617272142
-0.454869333333 278.730272262
-0.449866666667 278.631586271
-0.444864 278.727947964
-0.439861333333 278.628911327
-0.434858666667 278.750352681
-0.429856 278.614707088
-0.424853333333 278.725674535
-0.419850666667 278.622490247
-0.414848 278.729215564
-0.409845333333 278.618877757
-0.404842666667 278.717586785
-0.39984 278.630020808
-0.394837333333 278.72736217
-0.389834666667 278.590044972
-0.384832 278.715891711
-0.379829333333 278.655601491
-0.374826666667 278.719063456
-0.369824 278.619925327
-0.364821333333 278.732761653
-0.359818666667 278.625384759
-0.354816 278.761892584
-0.349813333333 278.652982536
-0.344810666667 278.761005419
-0.339808 278.658523205
-0.334805333333 278.763609541
-0.329802666667 278.640771473
-0.3248 278.800249622
-0.319797333333 278.66846844
-0.314794666667 278.781698219
-0.309792 278.69008289
-0.304789333333 278.76325967
-0.299786666667 278.688595723
-0.294784 278.812202677
-0.289781333333 278.667270431
-0.284778666667 278.826858979
-0.279776 278.702020497
-0.274773333333 278.803361074
-0.269770666667 278.717556731
-0.264768 278.829964004
-0.259765333333 278.69270602
-0.254762666667 278.828622875
-0.24976 278.690396953
-0.244757333333 278.844402181
-0.239754666667 278.727826306
-0.234752 278.81607878
-0.229749333333 278.716694237
-0.224746666667 278.813543117
-0.219744 278.698567624
-0.214741333333 278.816941758
-0.209738666667 278.69515046
-0.204736 278.805286556
-0.199733333333 278.683607727
-0.194730666667 278.807506701
-0.189728 278.667956351
-0.184725333333 278.761012732
-0.179722666667 278.634978666
-0.17472 278.79529847
-0.169717333333 278.671527241
-0.164714666667 278.786267037
-0.159712 278.687983513
-0.154709333333 278.793837354
-0.149706666667 278.646848317
-0.144704 278.73110078
-0.139701333333 278.620974199
-0.134698666667 278.727334508
-0.129696 278.587187497
-0.124693333333 278.685125271
-0.119690666667 278.557006403
-0.114688 278.649297178
-0.109685333333 278.554047598
-0.104682666667 278.668866056
-0.09968 278.556850609
-0.0946773333333 278.661627563
-0.0896746666667 278.554542276
-0.084672 278.649804295
-0.0796693333333 278.520719848
-0.0746666666667 278.658679905
-0.069664 278.525432652
-0.0646613333333 278.617729627
-0.0596586666667 278.534493272
-0.054656 278.685695534
-0.0496533333333 278.536147564
-0.0446506666667 278.649787675
-0.039648 278.55414663
-0.0346453333333 278.655958462
-0.0296426666667 278.520388932
-0.02464 278.661192127
-0.0196373333333 278.545013405
-0.0146346666667 278.60857779
-0.009632 278.489930706
-0.00462933333333 278.579536086
