（-8.5,1.5），（-5.2,1.5），（-1.52,1.5）
-9.99995733333 278.068637126
-9.99495466667 278.112434218
-9.989952 278.096037164
-9.98494933333 278.090948869
-9.97994666667 278.111475948
-9.974944 278.16013746
-9.96994133333 278.11080347
-9.96493866667 278.147175437
-9.959936 278.134933823
-9.95493333333 278.135924898
-9.94993066667 278.148405755
-9.944928 278.189457642
-9.93992533333 278.144583457
-9.93492266667 278.207574519
-9.92992 278.215044672
-9.92491733333 278.228663668
-9.91991466667 278.215630854
-9.914912 278.262823955
-9.90990933333 278.241163664
-9.90490666667 278.340314424
-9.899904 278.370969797
-9.89490133333 278.437272345
-9.88989866667 278.444590168
-9.884896 278.510294142
-9.87989333333 278.526243126
-9.87489066667 278.584436286
-9.869888 278.636407966
-9.86488533333 278.681524139
-9.85988266667 278.723774918
-9.85488 278.867110017
-9.84987733333 278.88457689
-9.84487466667 278.974700018
-9.839872 279.01582026
-9.83486933333 279.172897364
-9.82986666667 279.207362721
-9.824864 279.320057584
-9.81986133333 279.368653181
-9.81485866667 279.497760404
-9.809856 279.576701191
-9.80485333333 279.724947179
-9.79985066667 279.798858223
-9.794848 279.939420572
-9.78984533333 279.994338921
-9.78484266667 280.098310416
-9.77984 280.198140329
-9.77483733333 280.32161384
-9.76983466667 280.391982793
-9.764832 280.454043556
-9.75982933333 280.474462254
-9.75482666667 280.588731483
-9.749824 280.551482621
-9.74482133333 280.617546394
-9.73981866667 280.611019526
-9.734816 280.687281831
-9.72981333333 280.636556877
-9.72481066667 280.6693499
-9.719808 280.610675913
-9.71480533333 280.639111092
-9.70980266667 280.553308275
-9.7048 280.560950637
-9.69979733333 280.465262218
-9.69479466667 280.500901518
-9.689792 280.393785553
-9.68478933333 280.436636547
-9.67978666667 280.380738921
-9.674784 280.415551662
-9.66978133333 280.319507511
-9.66477866667 280.351959134
-9.659776 280.261198614
-9.65477333333 280.280799183
-9.64977066667 280.238187468
-9.644768 280.230371337
-9.63976533333 280.210410994
-9.63476266667 280.295093317
-9.62976 280.241953461
-9.62475733333 280.277597486
-9.61975466667 280.263347717
-9.614752 280.293675034
-9.60974933333 280.224705083
-9.60474666667 280.300736601
-9.599744 280.220536534
-9.59474133333 280.266253495
-9.58973866667 280.157684253
-9.584736 280.192467426
-9.57973333333 280.146976121
-9.57473066667 280.209787231
-9.569728 280.119265439
-9.56472533333 280.179632097
-9.55972266667 280.13069422
-9.55472 280.203249118
-9.54971733333 280.137134481
-9.54471466667 280.19111069
-9.539712 280.139809877
-9.53470933333 280.169264517
-9.52970666667 280.142935505
-9.524704 280.151418333
-9.51970133333 280.072923822
-9.51469866667 280.14225399
-9.509696 280.099479073
-9.50469333333 280.143515732
-9.49969066667 280.068710653
-9.494688 280.091804
-9.48968533333 280.00815894
-9.48468266667 280.053359885
-9.47968 279.982767788
-9.47467733333 280.026364163
-9.46967466667 279.988391721
-9.464672 280.026480902
-9.45966933333 279.918295487
-9.45466666667 279.977972282
-9.449664 279.887131336
-9.44466133333 279.935330863
-9.43965866667 279.877135856
-9.434656 279.865257779
-9.42965333333 279.772096929
-9.42465066667 279.806300395
-9.419648 279.688201058
-9.41464533333 279.726392673
-9.40964266667 279.682886637
-9.40464 279.620680464
-9.39963733333 279.506981389
-9.39463466667 279.558149873
-9.389632 279.428179188
-9.38462933333 279.480144334
-9.37962666667 279.428732884
-9.374624 279.404929935
-9.36962133333 279.354805545
-9.36461866667 279.389209884
-9.359616 279.310235176
-9.35461333333 279.343240605
-9.34961066667 279.249748055
-9.344608 279.254363683
-9.33960533333 279.148485921
-9.33460266667 279.173891175
-9.3296 279.043964463
-9.32459733333 279.121453617
-9.31959466667 278.996615388
-9.314592 278.988682337
-9.30958933333 278.880801667
-9.30458666667 278.831507717
-9.299584 278.722556566
-9.29458133333 278.705157609
-9.28957866667 278.574887284
-9.284576 278.555546952
-9.27957333333 278.397066023
-9.27457066667 278.394516472
-9.269568 278.204317197
-9.26456533333 278.144534271
-9.25956266667 277.958330731
-9.25456 277.935178843
-9.24955733333 277.773069641
-9.24455466667 277.750722969
-9.239552 277.596707314
-9.23454933333 277.650648322
-9.22954666667 277.491455008
-9.224544 277.495153955
-9.21954133333 277.429185377
-9.21453866667 277.476299186
-9.209536 277.377080553
-9.20453333333 277.426223554
-9.19953066667 277.327620432
-9.194528 277.383127444
-9.18952533333 277.281814986
-9.18452266667 277.352160047
-9.17952 277.261002492
-9.17451733333 277.355959681
-9.16951466667 277.265797385
-9.164512 277.281325354
-9.15950933333 277.224474882
-9.15450666667 277.307558943
-9.149504 277.229817034
-9.14450133333 277.309333671
-9.13949866667 277.229972049
-9.134496 277.25231055
-9.12949333333 277.184315688
-9.12449066667 277.225944052
-9.119488 277.131833089
-9.11448533333 277.25865467
-9.10948266667 277.168645226
-9.10448 277.263305453
-9.09947733333 277.221147875
-9.09447466667 277.295905794
-9.089472 277.246415748
-9.08446933333 277.385160857
-9.07946666667 277.288755617
-9.074464 277.380236604
-9.06946133333 277.252997029
-9.06445866667 277.313906357
-9.059456 277.253538997
-9.05445333333 277.296725988
-9.04945066667 277.214401583
-9.044448 277.2943341
-9.03944533333 277.18629211
-9.03444266667 277.255270369
-9.02944 277.160546093
-9.02443733333 277.215264157
-9.01943466667 277.065958902
-9.014432 277.111651241
-9.00942933333 276.981326506
-9.00442666667 277.014445269
-8.999424 276.847995858
-8.99442133333 276.935358929
-8.98941866667 276.769955625
-8.984416 276.851972046
-8.97941333333 276.777210653
-8.97441066667 276.838032968
-8.969408 276.81804451
-8.96440533333 276.876926954
-8.95940266667 276.794213555
-8.9544 276.931027227
-8.94939733333 276.859923402
-8.94439466667 276.964307776
-8.939392 276.848879488
-8.93438933333 276.959463499
-8.92938666667 276.872791771
-8.924384 276.936338703
-8.91938133333 276.881132468
-8.91437866667 276.953254922
-8.909376 276.857561842
-8.90437333333 276.956352631
-8.89937066667 276.82855652
-8.894368 276.913501504
-8.88936533333 276.867170911
-8.88436266667 276.983168989
-8.87936 276.858287298
-8.87435733333 276.97136576
-8.86935466667 276.834137944
-8.864352 276.899676988
-8.85934933333 276.813050861
-8.85434666667 276.894896351
-8.849344 276.804214038
-8.84434133333 276.902018536
-8.83933866667 276.779322743
-8.834336 276.882307351
-8.82933333333 276.79366812
-8.82433066667 276.86592368
-8.819328 276.793660104
-8.81432533333 276.882345831
-8.80932266667 276.788329994
-8.80432 276.844942169
-8.79931733333 276.790874564
-8.79431466667 276.860475461
-8.789312 276.761078938
-8.78430933333 276.865570261
-8.77930666667 276.77280252
-8.774304 276.867120356
-8.76930133333 276.783442332
-8.76429866667 276.901656518
-8.759296 276.835665341
-8.75429333333 276.939194692
-8.74929066667 276.8974742
-8.744288 277.002742488
-8.73928533333 276.899751932
-8.73428266667 277.02968569
-8.72928 276.930429227
-8.72427733333 277.022518347
-8.71927466667 276.93626834
-8.714272 277.070921235
-8.70926933333 276.957867336
-8.70426666667 277.104211267
-8.699264 277.021435856
-8.69426133333 277.10676618
-8.68925866667 277.037428313
-8.684256 277.15063598
-8.67925333333 277.084365345
-8.67425066667 277.21092277
-8.669248 277.137087133
-8.66424533333 277.256763118
-8.65924266667 277.16378866
-8.65424 277.334901
-8.64923733333 277.230256673
-8.64423466667 277.358843953
-8.639232 277.286777525
-8.63422933333 277.404357961
-8.62922666667 277.31770082
-8.624224 277.423247858
-8.61922133333 277.386963305
-8.61421866667 277.500020897
-8.609216 277.429255772
-8.60421333333 277.562111005
-8.59921066667 277.453361742
-8.594208 277.598599601
-8.58920533333 277.480101163
-8.58420266667 277.592832063
-8.5792 277.545470119
-8.57419733333 277.627827449
-8.56919466667 277.543746281
-8.564192 277.644018929
-8.55918933333 277.560633677
-8.55418666667 277.62256483
-8.549184 277.511459305
-8.54418133333 277.580001785
-8.53917866667 277.43644353
-8.534176 277.574204912
-8.52917333333 277.437000423
-8.52417066667 277.547711453
-8.519168 277.507252541
-8.51416533333 277.557673776
-8.50916266667 277.462234931
-8.50416 277.559843135
-8.49915733333 277.444938546
-8.49415466667 277.498818632
-8.489152 277.374577913
-8.48414933333 277.445000063
-8.47914666667 277.318137498
-8.474144 277.43598509
-8.46914133333 277.268359219
-8.46413866667 277.360483983
-8.459136 277.266664252
-8.45413333333 277.305917545
-8.44913066667 277.205896029
-8.444128 277.278044161
-8.43912533333 277.163521291
-8.43412266667 277.276435595
-8.42912 277.110457738
-8.42411733333 277.198244147
-8.41911466667 277.086085344
-8.414112 277.17905041
-8.40910933333 277.027238812
-8.40410666667 277.093251227
-8.399104 276.974929258
-8.39410133333 277.030691756
-8.38909866667 276.931109045
-8.384096 277.017348307
-8.37909333333 276.896743507
-8.37409066667 277.022713519
-8.369088 276.907924435
-8.36408533333 276.984734623
-8.35908266667 276.891194921
-8.35408 277.023817171
-8.34907733333 276.889455047
-8.34407466667 276.973814182
-8.339072 276.862548206
-8.33406933333 276.941879823
-8.32906666667 276.840240433
-8.324064 276.936177431
-8.31906133333 276.790876257
-8.31405866667 276.934561161
-8.309056 276.794819652
-8.30405333333 276.895394257
-8.29905066667 276.824287468
-8.294048 276.927783235
-8.28904533333 276.77008032
-8.28404266667 276.931119124
-8.27904 276.834542623
-8.27403733333 276.911693859
-8.26903466667 276.809369947
-8.264032 276.867081483
-8.25902933333 276.78191925
-8.25402666667 276.878708309
-8.249024 276.751477054
-8.24402133333 276.864382275
-8.23901866667 276.781294141
-8.234016 276.867478377
-8.22901333333 276.742290097
-8.22401066667 276.909640677
-8.219008 276.816795567
-8.21400533333 276.938975109
-8.20900266667 276.851133296
-8.204 276.956790112
-8.19899733333 276.859850553
-8.19399466667 276.999823872
-8.188992 276.895493561
-8.18398933333 276.984298299
-8.17898666667 276.918629247
-8.173984 277.030472796
-8.16898133333 276.954937553
-8.16397866667 277.074838648
-8.158976 276.957849383
-8.15397333333 277.098583158
-8.14897066667 277.01181614
-8.143968 277.131036664
-8.13896533333 277.022694176
-8.13396266667 277.1932318
-8.12896 277.068122985
-8.12395733333 277.21639883
-8.11895466667 277.097673595
-8.113952 277.186015745
-8.10894933333 277.075066075
-8.10394666667 277.222434002
-8.098944 277.094130027
-8.09394133333 277.174018323
-8.08893866667 277.097814207
-8.083936 277.242227762
-8.07893333333 277.119883157
-8.07393066667 277.250561741
-8.068928 277.131197345
-8.06392533333 277.268624288
-8.05892266667 277.173464447
-8.05392 277.27698878
-8.04891733333 277.158240621
-8.04391466667 277.320810274
-8.038912 277.200366366
-8.03390933333 277.360205301
-8.02890666667 277.218074678
-8.023904 277.367164789
-8.01890133333 277.288095971
-8.01389866667 277.376287986
-8.008896 277.317129495
-8.00389333333 277.446682549
-7.99889066667 277.394969414
-7.993888 277.519238333
-7.98888533333 277.439312449
-7.98388266667 277.594450797
-7.97888 277.545645539
-7.97387733333 277.696392753
-7.96887466667 277.656769833
-7.963872 277.79271623
-7.95886933333 277.820070701
-7.95386666667 277.923515197
-7.948864 277.891572546
-7.94386133333 278.101402688
-7.93885866667 278.110283165
-7.933856 278.338223599
-7.92885333333 278.31444903
-7.92385066667 278.539502497
-7.918848 278.549249201
-7.91384533333 278.777216786
-7.90884266667 278.776989185
-7.90384 279.009081955
-7.89883733333 279.041732622
-7.89383466667 279.226260352
-7.888832 279.188364713
-7.88382933333 279.443932769
-7.87882666667 279.43434094
-7.873824 279.703496784
-7.86882133333 279.69804307
-7.86381866667 279.910790489
-7.858816 279.868700005
-7.85381333333 280.07956829
-7.84881066667 279.959539727
-7.843808 280.179261933
-7.83880533333 280.144613185
-7.83380266667 280.262548527
-7.8288 280.184156548
-7.82379733333 280.349113861
-7.81879466667 280.214098127
-7.813792 280.388004341
-7.80878933333 280.235158727
-7.80378666667 280.374222056
-7.798784 280.292237363
-7.79378133333 280.381566914
-7.78877866667 280.236474938
-7.783776 280.293656205
-7.77877333333 280.216351771
-7.77377066667 280.247087065
-7.768768 280.136989878
-7.76376533333 280.236276507
-7.75876266667 280.107922155
-7.75376 280.22030665
-7.74875733333 280.125478864
-7.74375466667 280.206567236
-7.738752 280.061447777
-7.73374933333 280.137184594
-7.72874666667 279.923396155
-7.723744 280.054891316
-7.71874133333 279.928676897
-7.71373866667 280.015081452
-7.708736 279.85897631
-7.70373333333 279.999068316
-7.69873066667 279.821251555
-7.693728 279.933125437
-7.68872533333 279.794978293
-7.68372266667 279.855721376
-7.67872 279.783745059
-7.67371733333 279.845066487
-7.66871466667 279.727331753
-7.663712 279.82114829
-7.65870933333 279.72488632
-7.65370666667 279.830316306
-7.648704 279.686177685
-7.64370133333 279.761596769
-7.63869866667 279.650291033
-7.633696 279.76125754
-7.62869333333 279.630213588
-7.62369066667 279.732680758
-7.618688 279.632444819
-7.61368533333 279.681566048
-7.60868266667 279.548579742
-7.60368 279.632590321
-7.59867733333 279.546747788
-7.59367466667 279.639932801
-7.588672 279.530430414
-7.58366933333 279.606149028
-7.57866666667 279.516782302
-7.573664 279.624160903
-7.56866133333 279.464521726
-7.56365866667 279.554012049
-7.558656 279.469185702
-7.55365333333 279.526935572
-7.54865066667 279.411674469
-7.543648 279.507051765
-7.53864533333 279.327566839
-7.53364266667 279.430097587
-7.52864 279.274632516
-7.52363733333 279.330809595
-7.51863466667 279.211901016
-7.513632 279.27377148
-7.50862933333 279.149553638
-7.50362666667 279.194849449
-7.498624 279.112044321
-7.49362133333 279.13279638
-7.48861866667 278.999097882
-7.483616 279.052331532
-7.47861333333 278.853296248
-7.47361066667 278.92776139
-7.468608 278.773955304
-7.46360533333 278.81938514
-7.45860266667 278.730754277
-7.4536 278.775916884
-7.44859733333 278.582692479
-7.44359466667 278.600698019
-7.438592 278.4830573
-7.43358933333 278.487470523
-7.42858666667 278.358199428
-7.423584 278.389483457
-7.41858133333 278.248327392
-7.41357866667 278.279584271
-7.408576 278.105863652
-7.40357333333 278.117891467
-7.39857066667 277.981140431
-7.393568 277.980147544
-7.38856533333 277.797321832
-7.38356266667 277.823429458
-7.37856 277.717652758
-7.37355733333 277.726910626
-7.36855466667 277.593724614
-7.363552 277.647281445
-7.35854933333 277.49740092
-7.35354666667 277.529221192
-7.348544 277.368266066
-7.34354133333 277.400572172
-7.33853866667 277.271801329
-7.333536 277.453866121
-7.32853333333 277.112924561
-7.32353066667 277.196087293
-7.318528 277.060352112
-7.31352533333 277.130637507
-7.30852266667 276.970334649
-7.30352 277.016550418
-7.29851733333 276.937046424
-7.29351466667 276.956259302
-7.288512 276.828462203
-7.28350933333 276.86926952
-7.27850666667 276.78066082
-7.273504 276.832568062
-7.26850133333 276.674966618
-7.26349866667 276.77688846
-7.258496 276.651599903
-7.25349333333 276.723670273
-7.24849066667 276.641244963
-7.243488 276.684461118
-7.23848533333 276.611837093
-7.23348266667 276.670923889
-7.22848 276.567404775
-7.22347733333 276.627519166
-7.21847466667 276.555384108
-7.213472 276.643012864
-7.20846933333 276.541704582
-7.20346666667 276.637025825
-7.198464 276.571889854
-7.19346133333 276.655218288
-7.18845866667 276.614576205
-7.183456 276.65747699
-7.17845333333 276.64554646
-7.17345066667 276.736288374
-7.168448 276.646482077
-7.16344533333 276.790790679
-7.15844266667 276.721280306
-7.15344 276.789884397
-7.14843733333 276.691690099
-7.14343466667 276.794506515
-7.138432 276.743969408
-7.13342933333 276.870772765
-7.12842666667 276.834386963
-7.123424 276.943302842
-7.11842133333 276.918658995
-7.11341866667 276.976540897
-7.108416 276.859266725
-7.10341333333 276.95124362
-7.09841066667 276.872898853
-7.093408 276.895301894
-7.08840533333 276.826010873
-7.08340266667 276.847026641
-7.0784 276.794584542
-7.07339733333 276.854482724
-7.06839466667 276.755881095
-7.063392 276.79134158
-7.05838933333 276.747455323
-7.05338666667 276.747329241
-7.048384 276.682234308
-7.04338133333 276.725968435
-7.03837866667 276.643172385
-7.033376 276.701873226
-7.02837333333 276.602528473
-7.02337066667 276.676214465
-7.018368 276.655149827
-7.01336533333 276.694527726
-7.00836266667 276.608178691
-7.00336 276.668795807
-6.99835733333 276.596356058
-6.99335466667 276.649004909
-6.988352 276.599927838
-6.98334933333 276.637348692
-6.97834666667 276.589223405
-6.973344 276.704228287
-6.96834133333 276.613554706
-6.96333866667 276.689699768
-6.958336 276.715533998
-6.95333333333 276.784581119
-6.94833066667 276.731247359
-6.943328 276.827746419
-6.93832533333 276.831772048
-6.93332266667 276.908717583
-6.92832 276.863212667
-6.92331733333 276.934674656
-6.91831466667 276.867178392
-6.913312 276.952401491
-6.90830933333 276.896880325
-6.90330666667 276.913839496
-6.898304 276.906873746
-6.89330133333 276.936392038
-6.88829866667 276.867536929
-6.883296 276.92571974
-6.87829333333 276.86892701
-6.87329066667 276.91556208
-6.868288 276.845787659
-6.86328533333 276.891414865
-6.85828266667 276.841065588
-6.85328 276.913699618
-6.84827733333 276.832767286
-6.84327466667 276.899506896
-6.838272 276.89187069
-6.83326933333 276.947157598
-6.82826666667 276.821987011
-6.823264 276.927653166
-6.81826133333 276.883757551
-6.81325866667 276.932977842
-6.808256 276.903581148
-6.80325333333 276.944923415
-6.79825066667 276.925057372
-6.793248 276.923633052
-6.78824533333 276.853742904
-6.78324266667 276.939123076
-6.77824 276.90055314
-6.77323733333 276.960222323
-6.76823466667 276.910103887
-6.763232 276.945275352
-6.75822933333 276.906187079
-6.75322666667 276.966265533
-6.748224 276.922791201
-6.74322133333 276.955170452
-6.73821866667 276.895462698
-6.733216 276.951665619
-6.72821333333 276.926167008
-6.72321066667 276.969347155
-6.718208 276.982407635
-6.71320533333 277.037608206
-6.70820266667 276.975332828
-6.7032 277.016755368
-6.69819733333 276.964396833
-6.69319466667 277.037970098
-6.688192 276.995899612
-6.68318933333 277.04704468
-6.67818666667 277.065962632
-6.673184 277.097094203
-6.66818133333 277.066682488
-6.66317866667 277.142723697
-6.658176 277.165078314
-6.65317333333 277.208233881
-6.64817066667 277.16962448
-6.643168 277.234466748
-6.63816533333 277.220983933
-6.63316266667 277.306383238
-6.62816 277.232548725
-6.62315733333 277.301333629
-6.61815466667 277.290861059
-6.613152 277.333631802
-6.60814933333 277.307673238
-6.60314666667 277.366493171
-6.598144 277.324553404
-6.59314133333 277.347184798
-6.58813866667 277.324172173
-6.583136 277.304585206
-6.57813333333 277.236008906
-6.57313066667 277.268646599
-6.568128 277.219787002
-6.56312533333 277.248860755
-6.55812266667 277.275754926
-6.55312 277.284693814
-6.54811733333 277.251700618
-6.54311466667 277.306533063
-6.538112 277.265714896
-6.53310933333 277.32488201
-6.52810666667 277.300260229
-6.523104 277.288624016
-6.51810133333 277.274996712
-6.51309866667 277.292270938
-6.508096 277.252110345
-6.50309333333 277.267427741
-6.49809066667 277.23343373
-6.493088 277.252783271
-6.48808533333 277.208774923
-6.48308266667 277.263922382
-6.47808 277.232367936
-6.47307733333 277.272980058
-6.46807466667 277.266645028
-6.463072 277.242640537
-6.45806933333 277.301682796
-6.45306666667 277.287264445
-6.448064 277.242148166
-6.44306133333 277.268755349
-6.43805866667 277.257061956
-6.433056 277.280770039
-6.42805333333 277.238165015
-6.42305066667 277.237750439
-6.418048 277.235064021
-6.41304533333 277.217761654
-6.40804266667 277.247541149
-6.40304 277.221635659
-6.39803733333 277.270607458
-6.39303466667 277.269326925
-6.388032 277.282471679
-6.38302933333 277.294159113
-6.37802666667 277.271977183
-6.373024 277.27191008
-6.36802133333 277.24333054
-6.36301866667 277.21335952
-6.358016 277.243797105
-6.35301333333 277.198882691
-6.34801066667 277.196803198
-6.343008 277.188191181
-6.33800533333 277.208965914
-6.33300266667 277.173152052
-6.328 277.164931615
-6.32299733333 277.188606913
-6.31799466667 277.143861435
-6.312992 277.135988023
-6.30798933333 277.076361832
-6.30298666667 277.068870837
-6.297984 277.072780491
-6.29298133333 277.046591303
-6.28797866667 276.979814659
-6.282976 276.95370217
-6.27797333333 276.913053317
-6.27297066667 276.860345902
-6.267968 276.774236225
-6.26296533333 276.762965152
-6.25796266667 276.731920334
-6.25296 276.701792863
-6.24795733333 276.636413592
-6.24295466667 276.616821729
-6.237952 276.586130142
-6.23294933333 276.570694487
-6.22794666667 276.501742735
-6.222944 276.498177501
-6.21794133333 276.497877126
-6.21293866667 276.457880645
-6.207936 276.430956633
-6.20293333333 276.411228878
-6.19793066667 276.380259712
-6.192928 276.343325967
-6.18792533333 276.371657148
-6.18292266667 276.321305875
-6.17792 276.348097942
-6.17291733333 276.333659353
-6.16791466667 276.293040129
-6.162912 276.27046264
-6.15790933333 276.269574164
-6.15290666667 276.282085579
-6.147904 276.284499173
-6.14290133333 276.277644571
-6.13789866667 276.28250829
-6.132896 276.289187188
-6.12789333333 276.310879306
-6.12289066667 276.29309478
-6.117888 276.33245511
-6.11288533333 276.345723144
-6.10788266667 276.355194555
-6.10288 276.392607645
-6.09787733333 276.388738153
-6.09287466667 276.420850534
-6.087872 276.470064242
-6.08286933333 276.449362319
-6.07786666667 276.531721966
-6.072864 276.541388131
-6.06786133333 276.549997342
-6.06285866667 276.558676793
-6.057856 276.588461153
-6.05285333333 276.584085321
-6.04785066667 276.573806507
-6.042848 276.613663802
-6.03784533333 276.637212537
-6.03284266667 276.661201418
-6.02784 276.706197507
-6.02283733333 276.728505228
-6.01783466667 276.770412544
-6.012832 276.801633038
-6.00782933333 276.779472722
-6.00282666667 276.821482675
-5.997824 276.859516724
-5.99282133333 276.798905162
-5.98781866667 276.788943319
-5.982816 276.773449237
-5.97781333333 276.744277298
-5.97281066667 276.7538801
-5.967808 276.819190482
-5.96280533333 276.778075904
-5.95780266667 276.814756402
-5.9528 276.790380322
-5.94779733333 276.765485727
-5.94279466667 276.788852833
-5.937792 276.800929657
-5.93278933333 276.785522391
-5.92778666667 276.788703538
-5.922784 276.794220138
-5.91778133333 276.832566218
-5.91277866667 276.828946214
-5.907776 276.879440881
-5.90277333333 276.850678525
-5.89777066667 276.933127648
-5.892768 276.990534986
-5.88776533333 276.998052215
-5.88276266667 277.029338752
-5.87776 277.085467184
-5.87275733333 277.066368851
-5.86775466667 277.100878713
-5.862752 277.07746005
-5.85774933333 277.141221396
-5.85274666667 277.153381042
-5.847744 277.175322501
-5.84274133333 277.160218063
-5.83773866667 277.204030697
-5.832736 277.185004416
-5.82773333333 277.188898027
-5.82273066667 277.21634782
-5.817728 277.262109396
-5.81272533333 277.244654647
-5.80772266667 277.311636916
-5.80272 277.274083733
-5.79771733333 277.339422281
-5.79271466667 277.327902776
-5.787712 277.384311276
-5.78270933333 277.355347699
-5.77770666667 277.378967145
-5.772704 277.350039026
-5.76770133333 277.386780804
-5.76269866667 277.394494601
-5.757696 277.427536029
-5.75269333333 277.440960278
-5.74769066667 277.502147854
-5.742688 277.480945704
-5.73768533333 277.547903691
-5.73268266667 277.510495967
-5.72768 277.537764711
-5.72267733333 277.479710763
-5.71767466667 277.530608196
-5.712672 277.524570249
-5.70766933333 277.538773262
-5.70266666667 277.499100429
-5.697664 277.540087671
-5.69266133333 277.530061309
-5.68765866667 277.580640191
-5.682656 277.534042224
-5.67765333333 277.613058455
-5.67265066667 277.57449912
-5.667648 277.575113987
-5.66264533333 277.557512117
-5.65764266667 277.593489622
-5.65264 277.558726423
-5.64763733333 277.635858972
-5.64263466667 277.59664692
-5.637632 277.641063914
-5.63262933333 277.643113344
-5.62762666667 277.690434146
-5.622624 277.676369498
-5.61762133333 277.729558864
-5.61261866667 277.741028841
-5.607616 277.776668083
-5.60261333333 277.763047169
-5.59761066667 277.80689116
-5.592608 277.780148498
-5.58760533333 277.855880097
-5.58260266667 277.807639514
-5.5776 277.92398502
-5.57259733333 277.886291089
-5.56759466667 277.910126269
-5.562592 277.919449126
-5.55758933333 277.976527008
-5.55258666667 277.934378023
-5.547584 278.01829636
-5.54258133333 277.954560699
-5.53757866667 277.981344944
-5.532576 277.967419714
-5.52757333333 277.987958359
-5.52257066667 277.929068229
-5.517568 277.974241337
-5.51256533333 277.905813365
-5.50756266667 277.965749195
-5.50256 277.919714388
-5.49755733333 277.974832934
-5.49255466667 277.894831651
-5.487552 277.932293031
-5.48254933333 277.817456722
-5.47754666667 277.804858305
-5.472544 277.734242437
-5.46754133333 277.737569259
-5.46253866667 277.697681368
-5.457536 277.762247056
-5.45253333333 277.686293183
-5.44753066667 277.707397074
-5.442528 277.656657555
-5.43752533333 277.676541505
-5.43252266667 277.634300747
-5.42752 277.628601423
-5.42251733333 277.568149355
-5.41751466667 277.573769322
-5.412512 277.493847793
-5.40750933333 277.48745585
-5.40250666667 277.425366767
-5.397504 277.459312697
-5.39250133333 277.407054571
-5.38749866667 277.435889265
-5.382496 277.378624527
-5.37749333333 277.421614396
-5.37249066667 277.345161981
-5.367488 277.392758576
-5.36248533333 277.299391619
-5.35748266667 277.357755169
-5.35248 277.296130929
-5.34747733333 277.272434874
-5.34247466667 277.215956445
-5.337472 277.266219477
-5.33246933333 277.167042535
-5.32746666667 277.167367977
-5.322464 277.142342273
-5.31746133333 277.187930264
-5.31245866667 277.118639807
-5.307456 277.178510186
-5.30245333333 277.091464894
-5.29745066667 277.161574013
-5.292448 277.080990876
-5.28744533333 277.09541431
-5.28244266667 277.050706157
-5.27744 277.089223114
-5.27243733333 277.048662281
-5.26743466667 277.076041001
-5.262432 277.030356941
-5.25742933333 277.094928563
-5.25242666667 277.063656155
-5.247424 277.116127409
-5.24242133333 277.040903599
-5.23741866667 277.144355204
-5.232416 277.075946117
-5.22741333333 277.093272046
-5.22241066667 277.052600057
-5.217408 277.125521844
-5.21240533333 277.054557927
-5.20740266667 277.16256072
-5.2024 277.076470939
-5.19739733333 277.167812988
-5.19239466667 277.077834536
-5.187392 277.108441401
-5.18238933333 277.025478008
-5.17738666667 277.122001609
-5.172384 277.079166939
-5.16738133333 277.151836697
-5.16237866667 277.116941505
-5.157376 277.22329584
-5.15237333333 277.142562014
-5.14737066667 277.239287402
-5.142368 277.173807715
-5.13736533333 277.267932406
-5.13236266667 277.252381735
-5.12736 277.331323605
-5.12235733333 277.276726094
-5.11735466667 277.347574362
-5.112352 277.336689639
-5.10734933333 277.437651495
-5.10234666667 277.366424247
-5.097344 277.473719102
-5.09234133333 277.405498075
-5.08733866667 277.479390631
-5.082336 277.406884483
-5.07733333333 277.516178266
-5.07233066667 277.457563565
-5.067328 277.545518559
-5.06232533333 277.456596265
-5.05732266667 277.575260257
-5.05232 277.477605303
-5.04731733333 277.56676628
-5.04231466667 277.491683949
-5.037312 277.560324378
-5.03230933333 277.500066523
-5.02730666667 277.55213044
-5.022304 277.550713722
-5.01730133333 277.576019657
-5.01229866667 277.470377738
-5.007296 277.560187009
-5.00229333333 277.471626154
-4.99729066667 277.51253824
-4.992288 277.423031981
-4.98728533333 277.511810022
-4.98228266667 277.401708953
-4.97728 277.483695169
-4.97227733333 277.389561026
-4.96727466667 277.450486638
-4.962272 277.409125681
-4.95726933333 277.480152054
-4.95226666667 277.370929795
-4.947264 277.45039168
-4.94226133333 277.377362783
-4.93725866667 277.453351493
-4.932256 277.38274438
-4.92725333333 277.48110481
-4.92225066667 277.36866881
-4.917248 277.491833683
-4.91224533333 277.411249448
-4.90724266667 277.437029243
-4.90224 277.398476149
-4.89723733333 277.470258344
-4.89223466667 277.362110376
-4.887232 277.441530227
-4.88222933333 277.356958605
-4.87722666667 277.482307743
-4.872224 277.425227744
-4.86722133333 277.519791146
-4.86221866667 277.436988211
-4.857216 277.518375611
-4.85221333333 277.488820173
-4.84721066667 277.548732637
-4.842208 277.515027008
-4.83720533333 277.626340479
-4.83220266667 277.55515642
-4.8272 277.723423029
-4.82219733333 277.674840239
-4.81719466667 277.870840508
-4.812192 277.828270146
-4.80718933333 277.959975452
-4.80218666667 277.989794011
-4.797184 278.146182389
-4.79218133333 278.141979393
-4.78717866667 278.288901897
-4.782176 278.300939235
-4.77717333333 278.492291852
-4.77217066667 278.503720077
-4.767168 278.72539875
-4.76216533333 278.726479679
-4.75716266667 278.938826185
-4.75216 278.968628407
-4.74715733333 279.157932801
-4.74215466667 279.140104986
-4.737152 279.367148295
-4.73214933333 279.35563194
-4.72714666667 279.593452522
-4.722144 279.6138178
-4.71714133333 279.808348446
-4.71213866667 279.795494694
-4.707136 279.97995851
-4.70213333333 279.908167836
-4.69713066667 280.075529435
-4.692128 280.056328021
-4.68712533333 280.181718822
-4.68212266667 280.148830081
-4.67712 280.265829089
-4.67211733333 280.142600164
-4.66711466667 280.277718812
-4.662112 280.167506361
-4.65710933333 280.278607505
-4.65210666667 280.213345705
-4.647104 280.280338334
-4.64210133333 280.179790879
-4.63709866667 280.293464917
-4.632096 280.184080089
-4.62709333333 280.232631379
-4.62209066667 280.142002555
-4.617088 280.216454018
-4.61208533333 280.095843927
-4.60708266667 280.19384206
-4.60208 280.056570813
-4.59707733333 280.127676512
-4.59207466667 280.012102716
-4.587072 280.101398407
-4.58206933333 280.008341236
-4.57706666667 280.091932182
-4.572064 279.993775542
-4.56706133333 280.084414984
-4.56205866667 280.008654541
-4.557056 280.139896105
-4.55205333333 280.038132182
-4.54705066667 280.136756018
-4.542048 279.99062936
-4.53704533333 280.09922257
-4.53204266667 279.958529536
-4.52704 280.027629424
-4.52203733333 279.924613771
-4.51703466667 280.044188176
-4.512032 279.95215572
-4.50702933333 280.036174979
-4.50202666667 279.894664455
-4.497024 280.001846996
-4.49202133333 279.894624834
-4.48701866667 279.981275113
-4.482016 279.875698818
-4.47701333333 279.990376054
-4.47201066667 279.884031295
-4.467008 279.937446017
-4.46200533333 279.871732905
-4.45700266667 279.970371626
-4.452 279.836519697
-4.44699733333 279.966792018
-4.44199466667 279.832345269
-4.436992 279.954146646
-4.43198933333 279.817982866
-4.42698666667 279.878483005
-4.421984 279.751133635
-4.41698133333 279.853441709
-4.41197866667 279.699675269
-4.406976 279.778577114
-4.40197333333 279.645525027
-4.39697066667 279.756076804
-4.391968 279.598361569
-4.38696533333 279.689846787
-4.38196266667 279.55144163
-4.37696 279.623057686
-4.37195733333 279.544887516
-4.36695466667 279.595035084
-4.361952 279.482525778
-4.35694933333 279.559276714
-4.35194666667 279.396957666
-4.346944 279.436853925
-4.34194133333 279.304421541
-4.33693866667 279.386455627
-4.331936 279.20181313
-4.32693333333 279.239747288
-4.32193066667 279.077555744
-4.316928 279.115943118
-4.31192533333 278.946215546
-4.30692266667 278.987891525
-4.30192 278.792341375
-4.29691733333 278.795676748
-4.29191466667 278.582152057
-4.286912 278.594773715
-4.28190933333 278.377810297
-4.27690666667 278.403853758
-4.271904 278.193992551
-4.26690133333 278.202217913
-4.26189866667 278.007234271
-4.256896 278.091738584
-4.25189333333 277.908168567
-4.24689066667 277.947894287
-4.241888 277.787137816
-4.23688533333 277.833019698
-4.23188266667 277.658086162
-4.22688 277.741538579
-4.22187733333 277.570848036
-4.21687466667 277.584100376
-4.211872 277.439328371
-4.20686933333 277.461453962
-4.20186666667 277.313230351
-4.196864 277.384796674
-4.19186133333 277.220906751
-4.18685866667 277.2723697
-4.181856 277.153963145
-4.17685333333 277.228142868
-4.17185066667 277.077971675
-4.166848 277.179165868
-4.16184533333 277.032728065
-4.15684266667 277.137273274
-4.15184 277.037125268
-4.14683733333 277.077159981
-4.14183466667 276.969850268
-4.136832 277.090387751
-4.13182933333 276.913606178
-4.12682666667 276.990481638
-4.121824 276.872433013
-4.11682133333 276.954318315
-4.11181866667 276.81885699
-4.106816 276.870126158
-4.10181333333 276.780278034
-4.09681066667 276.906472584
-4.091808 276.766952204
-4.08680533333 276.865377079
-4.08180266667 276.769032971
-4.0768 276.803571107
-4.07179733333 276.700886938
-4.06679466667 276.792395776
-4.061792 276.63317038
-4.05678933333 276.7326405
-4.05178666667 276.603887759
-4.046784 276.723230157
-4.04178133333 276.612998788
-4.03677866667 276.691048016
-4.031776 276.511438432
-4.02677333333 276.654011697
-4.02177066667 276.524052215
-4.016768 276.6479248
-4.01176533333 276.506948506
-4.00676266667 276.589179454
-4.00176 276.47702451
-3.99675733333 276.580389602
-3.99175466667 276.464557717
-3.986752 276.544517372
-3.98174933333 276.452333847
-3.97674666667 276.564920114
-3.971744 276.411714026
-3.96674133333 276.512400616
-3.96173866667 276.404229762
-3.956736 276.508899568
-3.95173333333 276.416377874
-3.94673066667 276.52895811
-3.941728 276.431588876
-3.93672533333 276.568526345
-3.93172266667 276.454195361
-3.92672 276.565537397
-3.92171733333 276.480431409
-3.91671466667 276.638793195
-3.911712 276.538490194
-3.90670933333 276.720002089
-3.90170666667 276.588715034
-3.896704 276.762892547
-3.89170133333 276.655693482
-3.88669866667 276.804143954
-3.881696 276.725170081
-3.87669333333 276.865812793
-3.87169066667 276.764097504
-3.866688 276.906265294
-3.86168533333 276.841106769
-3.85668266667 276.993088258
-3.85168 276.900687135
-3.84667733333 277.041782853
-3.84167466667 276.969169182
-3.836672 277.124537618
-3.83166933333 277.042581841
-3.82666666667 277.128468808
-3.821664 277.054248588
-3.81666133333 277.159297756
-3.81165866667 277.028922922
-3.806656 277.21857938
-3.80165333333 277.10911618
-3.79665066667 277.224376337
-3.791648 277.159855094
-3.78664533333 277.22776269
-3.78164266667 277.148657734
-3.77664 277.271057829
-3.77163733333 277.201943683
-3.76663466667 277.285663907
-3.761632 277.193158968
-3.75662933333 277.291070288
-3.75162666667 277.123148761
-3.746624 277.240827507
-3.74162133333 277.115276802
-3.73661866667 277.224842527
-3.731616 277.078044979
-3.72661333333 277.141398059
-3.72161066667 277.017929699
-3.716608 277.116356188
-3.71160533333 276.956294085
-3.70660266667 276.998942383
-3.7016 276.850222356
-3.69659733333 276.939091843
-3.69159466667 276.779546353
-3.686592 276.85892411
-3.68158933333 276.755277206
-3.67658666667 276.853849837
-3.671584 276.748112725
-3.66658133333 276.814967885
-3.66157866667 276.740683057
-3.656576 276.868143894
-3.65157333333 276.75112697
-3.64657066667 276.879614511
-3.641568 276.781817811
-3.63656533333 276.86964804
-3.63156266667 276.779041985
-3.62656 276.869378253
-3.62155733333 276.742470562
-3.61655466667 276.868677807
-3.611552 276.714157875
-3.60654933333 276.783777784
-3.60154666667 276.727704467
-3.596544 276.818860144
-3.59154133333 276.706465807
-3.58653866667 276.823678583
-3.581536 276.702100297
-3.57653333333 276.776454707
-3.57153066667 276.713499297
-3.566528 276.752001647
-3.56152533333 276.652776903
-3.55652266667 276.746829039
-3.55152 276.610236426
-3.54651733333 276.710985746
-3.54151466667 276.601146984
-3.536512 276.702167521
-3.53150933333 276.539027244
-3.52650666667 276.669277068
-3.521504 276.558994582
-3.51650133333 276.601545605
-3.51149866667 276.538329203
-3.506496 276.591551723
-3.50149333333 276.493658821
-3.49649066667 276.574872385
-3.491488 276.455515439
-3.48648533333 276.567264661
-3.48148266667 276.451284333
-3.47648 276.561753155
-3.47147733333 276.467019084
-3.46647466667 276.560359243
-3.461472 276.477778323
-3.45646933333 276.582704651
-3.45146666667 276.445160959
-3.446464 276.530305228
-3.44146133333 276.489532803
-3.43645866667 276.586049522
-3.431456 276.477143338
-3.42645333333 276.612960109
-3.42145066667 276.521351113
-3.416448 276.647249135
-3.41144533333 276.531541487
-3.40644266667 276.655051082
-3.40144 276.58789343
-3.39643733333 276.694461543
-3.39143466667 276.583833331
-3.386432 276.728374161
-3.38142933333 276.638785465
-3.37642666667 276.765895295
-3.371424 276.628184715
-3.36642133333 276.774570591
-3.36141866667 276.645069664
-3.356416 276.741830956
-3.35141333333 276.695332469
-3.34641066667 276.752363333
-3.341408 276.672429527
-3.33640533333 276.769229982
-3.33140266667 276.638228623
-3.3264 276.690597235
-3.32139733333 276.625113308
-3.31639466667 276.702337539
-3.311392 276.614673576
-3.30638933333 276.685186354
-3.30138666667 276.605604386
-3.296384 276.69295704
-3.29138133333 276.595960544
-3.28637866667 276.624276141
-3.281376 276.532535323
-3.27637333333 276.615739589
-3.27137066667 276.462414528
-3.266368 276.543225011
-3.26136533333 276.444084305
-3.25636266667 276.555873399
-3.25136 276.448789203
-3.24635733333 276.492947171
-3.24135466667 276.442117372
-3.236352 276.536311852
-3.23134933333 276.425234052
-3.22634666667 276.504992708
-3.221344 276.423337322
-3.21634133333 276.551685865
-3.21133866667 276.395511009
-3.206336 276.509242225
-3.20133333333 276.477738183
-3.19633066667 276.534329592
-3.191328 276.443568024
-3.18632533333 276.516477703
-3.18132266667 276.460655708
-3.17632 276.552189424
-3.17131733333 276.473342309
-3.16631466667 276.58568134
-3.161312 276.530727282
-3.15630933333 276.594756736
-3.15130666667 276.558671307
-3.146304 276.70930046
-3.14130133333 276.68034649
-3.13629866667 276.808290444
-3.131296 276.71734588
-3.12629333333 276.82060217
-3.12129066667 276.796115521
-3.116288 276.869099711
-3.11128533333 276.768807534
-3.10628266667 276.849219276
-3.10128 276.776964996
-3.09627733333 276.81868385
-3.09127466667 276.739868788
-3.086272 276.866109824
-3.08126933333 276.79471833
-3.07626666667 276.888370433
-3.071264 276.8394437
-3.06626133333 276.893829778
-3.06125866667 276.868576118
-3.056256 276.970764117
-3.05125333333 276.862574193
-3.04625066667 276.964723033
-3.041248 276.870227355
-3.03624533333 276.977723569
-3.03124266667 276.900108556
-3.02624 276.971845673
-3.02123733333 276.917860465
-3.01623466667 276.954845679
-3.011232 276.852140628
-3.00622933333 276.973066819
-3.00122666667 276.914131163
-2.996224 276.962796303
-2.99122133333 276.896784456
-2.98621866667 276.968909092
-2.981216 276.914874009
-2.97621333333 276.955877475
-2.97121066667 276.87688433
-2.966208 276.934926808
-2.96120533333 276.865908167
-2.95620266667 276.938084516
-2.9512 276.851702073
-2.94619733333 276.957916993
-2.94119466667 276.907812542
-2.936192 276.991352326
-2.93118933333 276.917342198
-2.92618666667 276.9767649
-2.921184 276.918407636
-2.91618133333 277.010167785
-2.91117866667 276.967440691
-2.906176 277.009893015
-2.90117333333 277.018809401
-2.89617066667 277.114714946
-2.891168 277.018180159
-2.88616533333 277.121964944
-2.88116266667 277.065426676
-2.87616 277.166352175
-2.87115733333 277.09924727
-2.86615466667 277.185647814
-2.861152 277.128122997
-2.85614933333 277.258920993
-2.85114666667 277.178867864
-2.846144 277.26233222
-2.84114133333 277.259061769
-2.83613866667 277.323568237
-2.831136 277.25102883
-2.82613333333 277.339464543
-2.82113066667 277.31074755
-2.816128 277.414886687
-2.81112533333 277.322911955
-2.80612266667 277.410349366
-2.80112 277.376836546
-2.79611733333 277.450170869
-2.79111466667 277.378814234
-2.786112 277.443593531
-2.78110933333 277.363138024
-2.77610666667 277.394955973
-2.771104 277.31365947
-2.76610133333 277.348179534
-2.76109866667 277.280326089
-2.756096 277.349525133
-2.75109333333 277.266831566
-2.74609066667 277.318931129
-2.741088 277.283545452
-2.73608533333 277.353444868
-2.73108266667 277.280849002
-2.72608 277.309603049
-2.72107733333 277.240982639
-2.71607466667 277.287226718
-2.711072 277.178691927
-2.70606933333 277.252876914
-2.70106666667 277.177697964
-2.696064 277.251975557
-2.69106133333 277.149579893
-2.68605866667 277.191268087
-2.681056 277.147349431
-2.67605333333 277.225032464
-2.67105066667 277.128239262
-2.666048 277.202227004
-2.66104533333 277.128921662
-2.65604266667 277.124781592
-2.65104 277.086558766
-2.64603733333 277.115978997
-2.64103466667 277.105857474
-2.636032 277.179411311
-2.63102933333 277.071807412
-2.62602666667 277.143713218
-2.621024 277.099797614
-2.61602133333 277.137273354
-2.61101866667 277.077833708
-2.606016 277.116400369
-2.60101333333 277.062322085
-2.59601066667 277.126048022
-2.591008 277.079483483
-2.58600533333 277.095200614
-2.58100266667 277.064145934
-2.576 277.110899918
-2.57099733333 277.045354057
-2.56599466667 277.083649714
-2.560992 277.059118533
-2.55598933333 277.070807429
-2.55098666667 277.033199522
-2.545984 277.083283936
-2.54098133333 277.062563637
-2.53597866667 277.135912566
-2.530976 277.097712664
-2.52597333333 277.20076995
-2.52097066667 277.216952961
-2.515968 277.294830183
-2.51096533333 277.267071806
-2.50596266667 277.32469643
-2.50096 277.288895792
-2.49595733333 277.333101704
-2.49095466667 277.313971008
-2.485952 277.341863714
-2.48094933333 277.359539786
-2.47594666667 277.456920207
-2.470944 277.398048455
-2.46594133333 277.490971812
-2.46093866667 277.472499165
-2.455936 277.553633064
-2.45093333333 277.541303699
-2.44593066667 277.601017451
-2.440928 277.588044522
-2.43592533333 277.677051958
-2.43092266667 277.600029206
-2.42592 277.640912916
-2.42091733333 277.618021214
-2.41591466667 277.681939036
-2.410912 277.65224841
-2.40590933333 277.713745296
-2.40090666667 277.711871503
-2.395904 277.743984645
-2.39090133333 277.730959893
-2.38589866667 277.779855447
-2.380896 277.774952628
-2.37589333333 277.830310295
-2.37089066667 277.789379772
-2.365888 277.834820029
-2.36088533333 277.811308677
-2.35588266667 277.846483838
-2.35088 277.806967045
-2.34587733333 277.877852912
-2.34087466667 277.877027345
-2.335872 277.921773158
-2.33086933333 277.895862853
-2.32586666667 277.938030529
-2.320864 277.929466122
-2.31586133333 277.975164181
-2.31085866667 277.919466823
-2.305856 278.000589325
-2.30085333333 278.006066314
-2.29585066667 278.041020836
-2.290848 278.019625824
-2.28584533333 278.064266635
-2.28084266667 278.02720485
-2.27584 278.080559555
-2.27083733333 277.997485295
-2.26583466667 278.0037226
-2.260832 277.989613179
-2.25582933333 278.013043904
-2.25082666667 277.911802779
-2.245824 277.903139449
-2.24082133333 277.8056783
-2.23581866667 277.812571546
-2.230816 277.745609131
-2.22581333333 277.697791058
-2.22081066667 277.623510462
-2.215808 277.67632974
-2.21080533333 277.566360061
-2.20580266667 277.559656489
-2.2008 277.547117755
-2.19579733333 277.514336131
-2.19079466667 277.436853779
-2.185792 277.409207012
-2.18078933333 277.343917799
-2.17578666667 277.311560846
-2.170784 277.261114085
-2.16578133333 277.257441191
-2.16077866667 277.226242728
-2.155776 277.227583683
-2.15077333333 277.211772123
-2.14577066667 277.22642263
-2.140768 277.232540392
-2.13576533333 277.243779725
-2.13076266667 277.219788563
-2.12576 277.245052665
-2.12075733333 277.241919456
-2.11575466667 277.276983604
-2.110752 277.281624371
-2.10574933333 277.31356353
-2.10074666667 277.372477135
-2.095744 277.445072971
-2.09074133333 277.455467378
-2.08573866667 277.48361387
-2.080736 277.488241365
-2.07573333333 277.54490098
-2.07073066667 277.546965696
-2.065728 277.531112434
-2.06072533333 277.56753522
-2.05572266667 277.596460038
-2.05072 277.560021766
-2.04571733333 277.6004154
-2.04071466667 277.584101205
-2.035712 277.602281839
-2.03070933333 277.58648703
-2.02570666667 277.575495221
-2.020704 277.556180168
-2.01570133333 277.527960003
-2.01069866667 277.480130675
-2.005696 277.425992084
-2.00069333333 277.396900695
-1.99569066667 277.357139703
-1.990688 277.277986283
-1.98568533333 277.233615591
-1.98068266667 277.156851998
-1.97568 277.117572386
-1.97067733333 277.03702283
-1.96567466667 276.984213461
-1.960672 276.926808109
-1.95566933333 276.913763386
-1.95066666667 276.872674671
-1.945664 276.892736126
-1.94066133333 276.889783794
-1.93565866667 276.882513382
-1.930656 276.849184575
-1.92565333333 276.863027911
-1.92065066667 276.874461475
-1.915648 276.825680622
-1.91064533333 276.814361056
-1.90564266667 276.778750283
-1.90064 276.800833914
-1.89563733333 276.80803984
-1.89063466667 276.781335295
-1.885632 276.757084668
-1.88062933333 276.789153887
-1.87562666667 276.750461654
-1.870624 276.745196288
-1.86562133333 276.738680169
-1.86061866667 276.721350839
-1.855616 276.699729966
-1.85061333333 276.655047891
-1.84561066667 276.641583098
-1.840608 276.676155542
-1.83560533333 276.684582895
-1.83060266667 276.663396598
-1.8256 276.66284921
-1.82059733333 276.687319995
-1.81559466667 276.688794127
-1.810592 276.738605075
-1.80558933333 276.722452067
-1.80058666667 276.768928707
-1.795584 276.796865595
-1.79058133333 276.846712647
-1.78557866667 276.88171403
-1.780576 276.910644134
-1.77557333333 276.894735489
-1.77057066667 276.889326024
-1.765568 276.894270021
-1.76056533333 276.890617512
-1.75556266667 276.866548301
-1.75056 276.86474049
-1.74555733333 276.854034952
-1.74055466667 276.901852688
-1.735552 276.860816616
-1.73054933333 276.844111524
-1.72554666667 276.854238926
-1.720544 276.889252049
-1.71554133333 276.879982196
-1.71053866667 276.929940839
-1.705536 276.905008238
-1.70053333333 276.978669392
-1.69553066667 276.993605892
-1.690528 277.051499924
-1.68552533333 277.059676689
-1.68052266667 277.11985546
-1.67552 277.12706499
-1.67051733333 277.150683552
-1.66551466667 277.187719374
-1.660512 277.265417184
-1.65550933333 277.237703287
-1.65050666667 277.353215917
-1.645504 277.338416441
-1.64050133333 277.416721186
-1.63549866667 277.457899221
-1.630496 277.464973983
-1.62549333333 277.484296918
-1.62049066667 277.548865573
-1.615488 277.536570166
-1.61048533333 277.558280038
-1.60548266667 277.556735172
-1.60048 277.620514427
-1.59547733333 277.622196064
-1.59047466667 277.67580353
-1.585472 277.674513076
-1.58046933333 277.726818182
-1.57546666667 277.757809053
-1.570464 277.769321857
-1.56546133333 277.795184384
-1.56045866667 277.845428573
-1.555456 277.799361146
-1.55045333333 277.849166336
-1.54545066667 277.812551326
-1.540448 277.88553528
-1.53544533333 277.851802973
-1.53044266667 277.877142758
-1.52544 277.874906636
-1.52043733333 277.941215961
-1.51543466667 277.902673938
-1.510432 277.93017943
-1.50542933333 277.910702965
-1.50042666667 277.963702169
-1.495424 277.922475633
-1.49042133333 277.95828909
-1.48541866667 277.920206288
-1.480416 277.967145495
-1.47541333333 277.931861866
-1.47041066667 277.949177918
-1.465408 277.878628652
-1.46040533333 277.923166253
-1.45540266667 277.853917169
-1.4504 277.875264987
-1.44539733333 277.843162192
-1.44039466667 277.838507041
-1.435392 277.77662169
-1.43038933333 277.836374646
-1.42538666667 277.751080799
-1.420384 277.810970309
-1.41538133333 277.762075602
-1.41037866667 277.771808311
-1.405376 277.720336977
-1.40037333333 277.748354965
-1.39537066667 277.662510462
-1.390368 277.74035518
-1.38536533333 277.654011634
-1.38036266667 277.691249945
-1.37536 277.649462923
-1.37035733333 277.709692911
-1.36535466667 277.637263547
-1.360352 277.690920249
-1.35534933333 277.642096383
-1.35034666667 277.673642393
-1.345344 277.628226441
-1.34034133333 277.660584022
-1.33533866667 277.578862772
-1.330336 277.653999648
-1.32533333333 277.571158515
-1.32033066667 277.603049295
-1.315328 277.54365019
-1.31032533333 277.526470561
-1.30532266667 277.499137303
-1.30032 277.549761453
-1.29531733333 277.499044754
-1.29031466667 277.480801624
-1.285312 277.434550166
-1.28030933333 277.454842383
-1.27530666667 277.3520007
-1.270304 277.370363588
-1.26530133333 277.250431875
-1.26029866667 277.284908021
-1.255296 277.241137255
-1.25029333333 277.274420519
-1.24529066667 277.21060586
-1.240288 277.268726693
-1.23528533333 277.181227568
-1.23028266667 277.217019096
-1.22528 277.162372379
-1.22027733333 277.189841895
-1.21527466667 277.160477661
-1.210272 277.191924164
-1.20526933333 277.140456896
-1.20026666667 277.175449116
-1.195264 277.140177156
-1.19026133333 277.175716231
-1.18525866667 277.106589032
-1.180256 277.188955849
-1.17525333333 277.07895989
-1.17025066667 277.136825457
-1.165248 277.090525274
-1.16024533333 277.143636231
-1.15524266667 277.099563214
-1.15024 277.121077843
-1.14523733333 277.095906214
-1.14023466667 277.12951133
-1.135232 277.081578461
-1.13022933333 277.1346789
-1.12522666667 277.098827381
-1.120224 277.119882376
-1.11522133333 277.067147351
-1.11021866667 277.111975931
-1.105216 277.06514092
-1.10021333333 277.134539149
-1.09521066667 277.075577156
-1.090208 277.141796878
-1.08520533333 277.09246042
-1.08020266667 277.191697443
-1.0752 277.067777299
-1.07019733333 277.156581912
-1.06519466667 277.08006358
-1.060192 277.130548908
-1.05518933333 277.095126159
-1.05018666667 277.139043779
-1.045184 277.070334724
-1.04018133333 277.116186876
-1.03517866667 277.037701585
-1.030176 277.1015132
-1.02517333333 276.973267017
-1.02017066667 277.062021724
-1.015168 276.979223562
-1.01016533333 277.065530113
-1.00516266667 276.993647692
-1.00016 277.063656358
-0.995157333333 277.006770276
-0.990154666667 277.035303448
-0.985152 276.979031869
-0.980149333333 277.072312619
-0.975146666667 276.994577677
-0.970144 277.064972144
-0.965141333333 276.991488108
-0.960138666667 277.036655345
-0.955136 276.969914961
-0.950133333333 277.051059971
-0.945130666667 276.970706553
-0.940128 277.022813679
-0.935125333333 276.950884301
-0.930122666667 276.992376732
-0.92512 276.932204032
-0.920117333333 276.997054828
-0.915114666667 276.915656653
-0.910112 277.032622505
-0.905109333333 276.940119507
-0.900106666667 276.995746953
-0.895104 276.931276803
-0.890101333333 277.001734996
-0.885098666667 276.935746036
-0.880096 277.023834642
-0.875093333333 276.924906416
-0.870090666667 276.984612925
-0.865088 276.922968867
-0.860085333333 276.977985781
-0.855082666667 276.923543138
-0.85008 276.977337354
-0.845077333333 276.89753199
-0.840074666667 276.970977572
-0.835072 276.963057009
-0.830069333333 276.997436152
-0.825066666667 276.918640746
-0.820064 277.041020542
-0.815061333333 276.93351078
-0.810058666667 277.040225522
-0.805056 276.995861648
-0.800053333333 277.090939013
-0.795050666667 277.057447889
-0.790048 277.146185688
-0.785045333333 277.152788245
-0.780042666667 277.286738061
-0.77504 277.28918853
-0.770037333333 277.417019334
-0.765034666667 277.40149033
-0.760032 277.54226524
-0.755029333333 277.511287708
-0.750026666667 277.685328365
-0.745024 277.727495462
-0.740021333333 277.91609963
-0.735018666667 277.954602937
-0.730016 278.114306599
-0.725013333333 278.177045068
-0.720010666667 278.390984818
-0.715008 278.443232665
-0.710005333333 278.665899571
-0.705002666667 278.744551631
-0.7 279.016067214
-0.694997333333 279.066970658
-0.689994666667 279.325003805
-0.684992 279.336014827
-0.679989333333 279.559731127
-0.674986666667 279.571369269
-0.669984 279.728898803
-0.664981333333 279.766878873
-0.659978666667 279.950309639
-0.654976 279.923178899
-0.649973333333 280.099230303
-0.644970666667 280.072789384
-0.639968 280.177743985
-0.634965333333 280.111597271
-0.629962666667 280.231228258
-0.62496 280.121713439
-0.619957333333 280.27887369
-0.614954666667 280.145026954
-0.609952 280.235441874
-0.604949333333 280.148029856
-0.599946666667 280.225068757
-0.594944 280.118874179
-0.589941333333 280.188970996
-0.584938666667 280.11400244
-0.579936 280.152928685
-0.574933333333 280.025267952
-0.569930666667 280.064899141
-0.564928 279.927836796
-0.559925333333 280.020072384
-0.554922666667 279.877551707
-0.54992 280.008367981
-0.544917333333 279.884972307
-0.539914666667 279.98225253
-0.534912 279.869935533
-0.529909333333 279.933046453
-0.524906666667 279.855871696
-0.519904 279.94266355
-0.514901333333 279.805728202
-0.509898666667 279.900961691
-0.504896 279.810592468
-0.499893333333 279.861981673
-0.494890666667 279.735137848
-0.489888 279.823320954
-0.484885333333 279.716819122
-0.479882666667 279.791644214
-0.47488 279.68776313
-0.469877333333 279.742589576
-0.464874666667 279.665884268
-0.459872 279.784044166
-0.454869333333 279.652257606
-0.449866666667 279.727950529
-0.444864 279.658756857
-0.439861333333 279.774711944
-0.434858666667 279.689723182
-0.429856 279.77918062
-0.424853333333 279.68172451
-0.419850666667 279.756228697
-0.414848 279.690754141
-0.409845333333 279.759606303
-0.404842666667 279.706385137
-0.39984 279.825150097
-0.394837333333 279.668592278
-0.389834666667 279.79902279
-0.384832 279.707653771
-0.379829333333 279.760292664
-0.374826666667 279.663520951
-0.369824 279.736235542
-0.364821333333 279.623589914
-0.359818666667 279.743745258
-0.354816 279.604617015
-0.349813333333 279.679985702
-0.344810666667 279.582797004
-0.339808 279.678743706
-0.334805333333 279.521390909
-0.329802666667 279.601473787
-0.3248 279.486661031
-0.319797333333 279.545585628
-0.314794666667 279.438905024
-0.309792 279.46276994
-0.304789333333 279.363778167
-0.299786666667 279.441745897
-0.294784 279.242700455
-0.289781333333 279.273266276
-0.284778666667 279.141103738
-0.279776 279.150491259
-0.274773333333 278.987258495
-0.269770666667 279.009355756
-0.264768 278.819564084
-0.259765333333 278.829766418
-0.254762666667 278.650610225
-0.24976 278.650100421
-0.244757333333 278.492058395
-0.239754666667 278.535018077
-0.234752 278.277860874
-0.229749333333 278.336486319
-0.224746666667 278.114639224
-0.219744 278.098655133
-0.214741333333 277.86284499
-0.209738666667 277.849283153
-0.204736 277.651275467
-0.199733333333 277.665823639
-0.194730666667 277.423844724
-0.189728 277.437669421
-0.184725333333 277.206992409
-0.179722666667 277.262701764
-0.17472 277.028062622
-0.169717333333 277.00368747
-0.164714666667 276.884858669
-0.159712 276.909398802
-0.154709333333 276.735948748
-0.149706666667 276.7686218
-0.144704 276.624297511
-0.139701333333 276.722331141
-0.134698666667 276.540301195
-0.129696 276.639369128
-0.124693333333 276.528043184
-0.119690666667 276.599918205
-0.114688 276.500816111
-0.109685333333 276.578389318
-0.104682666667 276.442806134
-0.09968 276.549783043
-0.0946773333333 276.399013554
-0.0896746666667 276.494798239
-0.084672 276.386453893
-0.0796693333333 276.478212815
-0.0746666666667 276.33401779
-0.069664 276.444713986
-0.0646613333333 276.310725649
-0.0596586666667 276.387902536
-0.054656 276.282959181
-0.0496533333333 276.385984071
-0.0446506666667 276.25715976
-0.039648 276.356315378
-0.0346453333333 276.244890092
-0.0296426666667 276.361548791
-0.02464 276.255734025
-0.0196373333333 276.350534113
-0.0146346666667 276.223585506
-0.009632 276.303261567
-0.00462933333333 276.196038893
