（-9.48969,1.5），（-5.04231,1.5），（-1.85061,1.5）
-9.99995733333 368.942168161
-9.99495466667 368.961052932
-9.989952 368.979118023
-9.98494933333 368.996706078
-9.97994666667 369.014265671
-9.974944 369.032168298
-9.96994133333 369.050440287
-9.96493866667 369.06861425
-9.959936 369.085869946
-9.95493333333 369.101401078
-9.94993066667 369.114679024
-9.944928 369.125492424
-9.93992533333 369.133818551
-9.93492266667 369.139721057
-9.92992 369.143313727
-9.92491733333 369.14464701
-9.91991466667 369.143569215
-9.914912 369.139881775
-9.90990933333 369.133586478
-9.90490666667 369.124968426
-9.899904 369.114775398
-9.89490133333 369.104354217
-9.88989866667 369.095497842
-9.884896 369.090192982
-9.87989333333 369.090304439
-9.87489066667 369.097320816
-9.869888 369.112127463
-9.86488533333 369.134864346
-9.85988266667 369.165006295
-9.85488 369.201501485
-9.84987733333 369.242828909
-9.84487466667 369.287113092
-9.839872 369.332441235
-9.83486933333 369.377176536
-9.82986666667 369.420002547
-9.824864 369.459809246
-9.81986133333 369.495738485
-9.81485866667 369.527164779
-9.809856 369.553533113
-9.80485333333 369.5742818
-9.79985066667 369.588859176
-9.794848 369.596807602
-9.78984533333 369.597831469
-9.78484266667 369.591885657
-9.77984 369.579300093
-9.77483733333 369.560852445
-9.76983466667 369.537681518
-9.764832 369.511244465
-9.75982933333 369.483276238
-9.75482666667 369.455536288
-9.749824 369.429567101
-9.74482133333 369.406521513
-9.73981866667 369.387045024
-9.734816 369.37125653
-9.72981333333 369.358888156
-9.72481066667 369.349453963
-9.719808 369.342355442
-9.71480533333 369.336909106
-9.70980266667 369.33229529
-9.7048 369.327592827
-9.69979733333 369.322032039
-9.69479466667 369.315245287
-9.689792 369.307321904
-9.68478933333 369.298694629
-9.67978666667 369.289937705
-9.674784 369.281511051
-9.66978133333 369.273687652
-9.66477866667 369.2666902
-9.659776 369.260814845
-9.65477333333 369.256339868
-9.64977066667 369.25337307
-9.644768 369.251837549
-9.63976533333 369.251541795
-9.63476266667 369.252320541
-9.62976 369.254130413
-9.62475733333 369.257015881
-9.61975466667 369.261074177
-9.614752 369.266377386
-9.60974933333 369.27292299
-9.60474666667 369.280625196
-9.599744 369.289340552
-9.59474133333 369.298847454
-9.58973866667 369.308774059
-9.584736 369.318442517
-9.57973333333 369.326734138
-9.57473066667 369.332163856
-9.569728 369.333293313
-9.56472533333 369.329352075
-9.55972266667 369.320562988
-9.55472 369.30794806
-9.54971733333 369.292766498
-9.54471466667 369.276024799
-9.539712 369.258236005
-9.53470933333 369.239357942
-9.52970666667 369.219023945
-9.524704 369.196871481
-9.51970133333 369.172868315
-9.51469866667 369.147614259
-9.509696 369.122273249
-9.50469333333 369.09811299
-9.49969066667 369.076017127
-9.494688 369.056368271
-9.48968533333 369.03924869
-9.48468266667 369.024504242
-9.47968 369.011677724
-9.47467733333 369.000196305
-9.46967466667 368.989650366
-9.464672 368.979785591
-9.45966933333 368.970297711
-9.45466666667 368.960775769
-9.449664 368.950828675
-9.44466133333 368.940334685
-9.43965866667 368.929548393
-9.434656 368.919029775
-9.42965333333 368.9093728
-9.42465066667 368.900776441
-9.419648 368.892765184
-9.41464533333 368.884278048
-9.40964266667 368.87397258
-9.40464 368.86045045
-9.39963733333 368.842507942
-9.39463466667 368.819527836
-9.389632 368.791799475
-9.38462933333 368.760431839
-9.37962666667 368.727071751
-9.374624 368.693524578
-9.36962133333 368.661351588
-9.36461866667 368.631706755
-9.359616 368.605335003
-9.35461333333 368.582592801
-9.34961066667 368.563450643
-9.344608 368.547659374
-9.33960533333 368.534926897
-9.33460266667 368.525024912
-9.3296 368.517916659
-9.32459733333 368.513747181
-9.31959466667 368.512686528
-9.314592 368.514790385
-9.30958933333 368.519866869
-9.30458666667 368.527478987
-9.299584 368.537167983
-9.29458133333 368.548656864
-9.28957866667 368.561819062
-9.284576 368.57653242
-9.27957333333 368.592675334
-9.27457066667 368.61015707
-9.269568 368.628860659
-9.26456533333 368.648598824
-9.25956266667 368.669186668
-9.25456 368.690475367
-9.24955733333 368.712368006
-9.24455466667 368.734912767
-9.239552 368.758277051
-9.23454933333 368.782456912
-9.22954666667 368.807167373
-9.224544 368.832033719
-9.21954133333 368.856822138
-9.21453866667 368.881480372
-9.209536 368.905998516
-9.20453333333 368.9303456
-9.19953066667 368.954378901
-9.194528 368.977817246
-9.18952533333 369.000373204
-9.18452266667 369.02186012
-9.17952 369.042167587
-9.17451733333 369.061222587
-9.16951466667 369.079005504
-9.164512 369.095660311
-9.15950933333 369.111610868
-9.15450666667 369.12753999
-9.149504 369.144318286
-9.14450133333 369.163014253
-9.13949866667 369.184952847
-9.134496 369.211624551
-9.12949333333 369.244541189
-9.12449066667 369.285228028
-9.119488 369.335236434
-9.11448533333 369.396100287
-9.10948266667 369.469230084
-9.10448 369.555885152
-9.09947733333 369.657148855
-9.09447466667 369.773686956
-9.089472 369.905455898
-9.08446933333 370.051509785
-9.07946666667 370.209984628
-9.074464 370.378272572
-9.06946133333 370.553458697
-9.06445866667 370.732868255
-9.059456 370.914474458
-9.05445333333 371.097002534
-9.04945066667 371.279649432
-9.044448 371.461716651
-9.03944533333 371.642441219
-9.03444266667 371.820863756
-9.02944 371.995818175
-9.02443733333 372.166269604
-9.01943466667 372.331642194
-9.014432 372.491720964
-9.00942933333 372.646404828
-9.00442666667 372.795544236
-8.999424 372.938844136
-8.99442133333 373.075793014
-8.98941866667 373.205611728
-8.984416 373.327251368
-8.97941333333 373.439428348
-8.97441066667 373.540790626
-8.969408 373.630109936
-8.96440533333 373.706361065
-8.95940266667 373.768667832
-8.9544 373.816183138
-8.94939733333 373.847970545
-8.94439466667 373.863144544
-8.939392 373.861352142
-8.93438933333 373.843202145
-8.92938666667 373.810241738
-8.924384 373.764578714
-8.91938133333 373.708590134
-8.91437866667 373.644983761
-8.909376 373.576820746
-8.90437333333 373.507432604
-8.89937066667 373.440230715
-8.894368 373.378219308
-8.88936533333 373.323270116
-8.88436266667 373.275619636
-8.87936 373.234119488
-8.87435733333 373.197212357
-8.86935466667 373.163806929
-8.864352 373.133402143
-8.85934933333 373.105783229
-8.85434666667 373.080872747
-8.849344 373.058640078
-8.84434133333 373.038827614
-8.83933866667 373.020928732
-8.834336 373.004606576
-8.82933333333 372.989956677
-8.82433066667 372.977316695
-8.819328 372.966905713
-8.81432533333 372.958619161
-8.80932266667 372.952102521
-8.80432 372.947058799
-8.79931733333 372.943414388
-8.79431466667 372.941240517
-8.789312 372.940725841
-8.78430933333 372.942255034
-8.77930666667 372.946262202
-8.774304 372.952912877
-8.76930133333 372.962056819
-8.76429866667 372.973283863
-8.759296 372.985905187
-8.75429333333 372.999133523
-8.74929066667 373.012365913
-8.744288 373.025252906
-8.73928533333 373.037637625
-8.73428266667 373.04949386
-8.72928 373.060767004
-8.72427733333 373.071182351
-8.71927466667 373.080148033
-8.714272 373.086894651
-8.70926933333 373.09075268
-8.70426666667 373.091300081
-8.699264 373.088390244
-8.69426133333 373.08211025
-8.68925866667 373.072580552
-8.684256 373.05974043
-8.67925333333 373.043333994
-8.67425066667 373.023067816
-8.669248 372.998601878
-8.66424533333 372.969493792
-8.65924266667 372.935195562
-8.65424 372.894987744
-8.64923733333 372.847945492
-8.64423466667 372.793132475
-8.639232 372.729941234
-8.63422933333 372.65827931
-8.62922666667 372.578702637
-8.624224 372.492413812
-8.61922133333 372.400855553
-8.61421866667 372.305329372
-8.609216 372.206938378
-8.60421333333 372.106775059
-8.59921066667 372.006063895
-8.594208 371.906123543
-8.58920533333 371.808264581
-8.58420266667 371.713933557
-8.5792 371.624864322
-8.57419733333 371.54295964
-8.56919466667 371.470042047
-8.564192 371.407381929
-8.55918933333 371.355228494
-8.55418666667 371.312486019
-8.549184 371.276794851
-8.54418133333 371.245095215
-8.53917866667 371.214365966
-8.534176 371.182283585
-8.52917333333 371.147327964
-8.52417066667 371.10843045
-8.519168 371.064634999
-8.51416533333 371.015101798
-8.50916266667 370.959409228
-8.50416 370.897777631
-8.49915733333 370.831110271
-8.49415466667 370.760902442
-8.489152 370.688861712
-8.48414933333 370.616375107
-8.47914666667 370.544102804
-8.474144 370.471733472
-8.46914133333 370.398120549
-8.46413866667 370.321864278
-8.459136 370.242015574
-8.45413333333 370.158556001
-8.44913066667 370.072414189
-8.444128 369.98509157
-8.43912533333 369.898293085
-8.43412266667 369.813796513
-8.42912 369.733257322
-8.42411733333 369.657981747
-8.41911466667 369.588831917
-8.414112 369.526202887
-8.40910933333 369.470039164
-8.40410666667 369.419925402
-8.399104 369.375385615
-8.39410133333 369.336013752
-8.38909866667 369.301324812
-8.384096 369.270582479
-8.37909333333 369.242861866
-8.37409066667 369.217270037
-8.369088 369.193085912
-8.36408533333 369.169684731
-8.35908266667 369.14643359
-8.35408 369.122813567
-8.34907733333 369.098469695
-8.34407466667 369.073127049
-8.339072 369.046513195
-8.33406933333 369.018286197
-8.32906666667 368.987952526
-8.324064 368.954818588
-8.31906133333 368.917998959
-8.31405866667 368.876345636
-8.309056 368.828399344
-8.30405333333 368.772737159
-8.29905066667 368.708476085
-8.294048 368.63537406
-8.28904533333 368.553589384
-8.28404266667 368.463555031
-8.27904 368.366020679
-8.27403733333 368.261905235
-8.26903466667 368.151999353
-8.264032 368.036805294
-8.25902933333 367.916594323
-8.25402666667 367.791629026
-8.249024 367.662313806
-8.24402133333 367.529110302
-8.23901866667 367.392447967
-8.234016 367.252766201
-8.22901333333 367.110667884
-8.22401066667 366.966948561
-8.219008 366.822278745
-8.21400533333 366.676786373
-8.20900266667 366.529964878
-8.204 366.381295966
-8.19899733333 366.231227737
-8.19399466667 366.081680064
-8.188992 365.935675481
-8.18398933333 365.796412464
-8.17898666667 365.666420459
-8.173984 365.547077868
-8.16898133333 365.438563245
-8.16397866667 365.340284983
-8.158976 365.251445355
-8.15397333333 365.171385792
-8.14897066667 365.099711771
-8.143968 365.036330508
-8.13896533333 364.981449798
-8.13396266667 364.935474405
-8.12896 364.898717242
-8.12395733333 364.871271158
-8.11895466667 364.8532081
-8.113952 364.844747663
-8.10894933333 364.846143917
-8.10394666667 364.857561383
-8.098944 364.87917663
-8.09394133333 364.911378095
-8.08893866667 364.954795618
-8.083936 365.010250503
-8.07893333333 365.078579227
-8.07393066667 365.160238764
-8.068928 365.255010554
-8.06392533333 365.361981318
-8.05892266667 365.479658502
-8.05392 365.606152224
-8.04891733333 365.739220552
-8.04391466667 365.876245866
-8.038912 366.014516845
-8.03390933333 366.151706891
-8.02890666667 366.28622524
-8.023904 366.417426585
-8.01890133333 366.545499644
-8.01389866667 366.670955384
-8.008896 366.794268426
-8.00389333333 366.915782261
-7.99889066667 367.035706239
-7.993888 367.154101548
-7.98888533333 367.270838522
-7.98388266667 367.385587479
-7.97888 367.497991615
-7.97387733333 367.607910843
-7.96887466667 367.715360016
-7.963872 367.820315152
-7.95886933333 367.922656575
-7.95386666667 368.022131428
-7.948864 368.118254102
-7.94386133333 368.210232685
-7.93885866667 368.297117867
-7.933856 368.378070481
-7.92885333333 368.452398072
-7.92385066667 368.519521686
-7.918848 368.57894795
-7.91384533333 368.63023588
-7.90884266667 368.672954728
-7.90384 368.706607554
-7.89883733333 368.730764917
-7.89383466667 368.74531779
-7.888832 368.750665639
-7.88382933333 368.747834251
-7.87882666667 368.738302791
-7.873824 368.723543333
-7.86882133333 368.704722197
-7.86381866667 368.682621731
-7.858816 368.657745192
-7.85381333333 368.630697149
-7.84881066667 368.60259258
-7.843808 368.575300925
-7.83880533333 368.551430892
-7.83380266667 368.533819993
-7.8288 368.524725503
-7.82379733333 368.525395068
-7.81879466667 368.536022082
-7.813792 368.555916694
-7.80878933333 368.583846168
-7.80378666667 368.618290366
-7.798784 368.657502279
-7.79378133333 368.699436088
-7.78877866667 368.741773987
-7.783776 368.782127491
-7.77877333333 368.818257363
-7.77377066667 368.848242747
-7.768768 368.870774063
-7.76376533333 368.88547383
-7.75876266667 368.892817062
-7.75376 368.893754677
-7.74875733333 368.889498645
-7.74375466667 368.881387351
-7.738752 368.870675086
-7.73374933333 368.858384848
-7.72874666667 368.845255174
-7.723744 368.831822395
-7.71874133333 368.818667255
-7.71373866667 368.806645962
-7.708736 368.796894509
-7.70373333333 368.790576499
-7.69873066667 368.788543179
-7.693728 368.791166126
-7.68872533333 368.798401607
-7.68372266667 368.809963827
-7.67872 368.825480722
-7.67371733333 368.844577261
-7.66871466667 368.866738037
-7.663712 368.890938296
-7.65870933333 368.915474515
-7.65370666667 368.938262045
-7.648704 368.957494121
-7.64370133333 368.972219346
-7.63869866667 368.982474953
-7.633696 368.988911499
-7.62869333333 368.992285295
-7.62369066667 368.993291927
-7.618688 368.99265968
-7.61368533333 368.991005484
-7.60868266667 368.988587294
-7.60368 368.985219842
-7.59867733333 368.980239779
-7.59367466667 368.972597096
-7.588672 368.961307248
-7.58366933333 368.94596885
-7.57866666667 368.926844706
-7.573664 368.904552104
-7.56866133333 368.879778372
-7.56365866667 368.853221603
-7.558656 368.825531175
-7.55365333333 368.797212896
-7.54865066667 368.768765487
-7.543648 368.740885344
-7.53864533333 368.714431628
-7.53364266667 368.690282724
-7.52864 368.669280209
-7.52363733333 368.652283991
-7.51863466667 368.640336153
-7.513632 368.634641195
-7.50862933333 368.636259988
-7.50362666667 368.645771975
-7.498624 368.663154054
-7.49362133333 368.687846286
-7.48861866667 368.718783567
-7.483616 368.75446043
-7.47861333333 368.793053695
-7.47361066667 368.832551181
-7.468608 368.871090434
-7.46360533333 368.907346244
-7.45860266667 368.940661532
-7.4536 368.970839085
-7.44859733333 368.99759064
-7.44359466667 369.020169943
-7.438592 369.037533537
-7.43358933333 369.048793342
-7.42858666667 369.053547867
-7.423584 369.05186586
-7.41858133333 369.044012438
-7.41357866667 369.030131127
-7.408576 369.010151119
-7.40357333333 368.984000936
-7.39857066667 368.951897118
-7.393568 368.914621083
-7.38856533333 368.873734145
-7.38356266667 368.83144241
-7.37856 368.790120657
-7.37355733333 368.751903865
-7.36855466667 368.71854682
-7.363552 368.691223841
-7.35854933333 368.670409808
-7.35354666667 368.656114091
-7.348544 368.648157968
-7.34354133333 368.6463072
-7.33853866667 368.650470224
-7.333536 368.660852799
-7.32853333333 368.677882309
-7.32353066667 368.702076777
-7.318528 368.734010738
-7.31352533333 368.774222324
-7.30852266667 368.823036602
-7.30352 368.880306632
-7.29851733333 368.945112524
-7.29351466667 369.015802861
-7.288512 369.090379882
-7.28350933333 369.166982108
-7.27850666667 369.244158629
-7.273504 369.320839002
-7.26850133333 369.396301214
-7.26349866667 369.470295461
-7.258496 369.54303656
-7.25349333333 369.614808081
-7.24849066667 369.68548924
-7.243488 369.7544896
-7.23848533333 369.821010241
-7.23348266667 369.884209417
-7.22848 369.94331128
-7.22347733333 369.997805584
-7.21847466667 370.047634251
-7.213472 370.093118758
-7.20846933333 370.13472189
-7.20346666667 370.173009924
-7.198464 370.208837157
-7.19346133333 370.243407049
-7.18845866667 370.277916856
-7.183456 370.312979012
-7.17845333333 370.348246015
-7.17345066667 370.382487649
-7.168448 370.414175714
-7.16344533333 370.442374253
-7.15844266667 370.467549645
-7.15344 370.491708915
-7.14843733333 370.51745291
-7.14343466667 370.546390901
-7.138432 370.578120243
-7.13342933333 370.610291443
-7.12842666667 370.639471757
-7.123424 370.662236139
-7.11842133333 370.676056449
-7.11341866667 370.679784214
-7.108416 370.673710446
-7.10341333333 370.659294939
-7.09841066667 370.6386854
-7.093408 370.614251396
-7.08840533333 370.588247644
-7.08340266667 370.562677811
-7.0784 370.539345716
-7.07339733333 370.519866739
-7.06839466667 370.505476599
-7.063392 370.496911895
-7.05838933333 370.494484052
-7.05338666667 370.498111146
-7.048384 370.507390242
-7.04338133333 370.5217148
-7.03837866667 370.540280158
-7.033376 370.562012184
-7.02837333333 370.585589592
-7.02337066667 370.609648675
-7.018368 370.633068778
-7.01336533333 370.655163245
-7.00836266667 370.675641765
-7.00336 370.694614102
-6.99835733333 370.712643351
-6.99335466667 370.730556152
-6.988352 370.749176588
-6.98334933333 370.769284396
-6.97834666667 370.791589172
-6.973344 370.816476268
-6.96834133333 370.843793606
-6.96333866667 370.872887864
-6.958336 370.902834654
-6.95333333333 370.932712789
-6.94833066667 370.96179917
-6.943328 370.989563547
-6.93832533333 371.015571067
-6.93332266667 371.039572525
-6.92832 371.061736107
-6.92331733333 371.08259164
-6.91831466667 371.102598939
-6.913312 371.121767327
-6.90830933333 371.139706116
-6.90330666667 371.155821257
-6.898304 371.169510247
-6.89330133333 371.180334115
-6.88829866667 371.188073277
-6.883296 371.192792392
-6.87829333333 371.19480216
-6.87329066667 371.194461097
-6.868288 371.191960081
-6.86328533333 371.187138717
-6.85828266667 371.179472996
-6.85328 371.168305929
-6.84827733333 371.153138479
-6.84327466667 371.133882268
-6.838272 371.110955963
-6.83326933333 371.085266478
-6.82826666667 371.058049391
-6.823264 371.030618601
-6.81826133333 371.004144335
-6.81325866667 370.979576584
-6.808256 370.957572752
-6.80325333333 370.938277884
-6.79825066667 370.921316965
-6.793248 370.906128633
-6.78824533333 370.892380642
-6.78324266667 370.880128738
-6.77824 370.86978256
-6.77323733333 370.862142007
-6.76823466667 370.858256805
-6.763232 370.859191175
-6.75822933333 370.865964074
-6.75322666667 370.879525422
-6.748224 370.900595635
-6.74322133333 370.929399041
-6.73821866667 370.965446417
-6.733216 371.007463314
-6.72821333333 371.053547412
-6.72321066667 371.101515673
-6.718208 371.149374286
-6.71320533333 371.195656823
-6.70820266667 371.239333483
-6.7032 371.279521347
-6.69819733333 371.315272186
-6.69319466667 371.345728043
-6.688192 371.370568428
-6.68318933333 371.390160639
-6.67818666667 371.405430546
-6.673184 371.417659964
-6.66818133333 371.428096805
-6.66317866667 371.437495714
-6.658176 371.445957983
-6.65317333333 371.453154797
-6.64817066667 371.458728835
-6.643168 371.46270734
-6.63816533333 371.465571015
-6.63316266667 371.467867573
-6.62816 371.469679822
-6.62315733333 371.470546848
-6.61815466667 371.469943436
-6.613152 371.46763791
-6.60814933333 371.463659209
-6.60314666667 371.458129988
-6.598144 371.451224225
-6.59314133333 371.443206962
-6.58813866667 371.434334581
-6.583136 371.424698876
-6.57813333333 371.414184083
-6.57313066667 371.402563593
-6.568128 371.389644622
-6.56312533333 371.37541287
-6.55812266667 371.360107124
-6.55312 371.344186607
-6.54811733333 371.328228542
-6.54311466667 371.312926266
-6.538112 371.299094612
-6.53310933333 371.287459077
-6.52810666667 371.278443715
-6.523104 371.272190854
-6.51810133333 371.268650032
-6.51309866667 371.267626873
-6.508096 371.268844177
-6.50309333333 371.271941677
-6.49809066667 371.276449845
-6.493088 371.281888105
-6.48808533333 371.287967838
-6.48308266667 371.294809385
-6.47808 371.302994302
-6.47307733333 371.313332337
-6.46807466667 371.326513267
-6.463072 371.342943959
-6.45806933333 371.362709925
-6.45306666667 371.385552837
-6.448064 371.410826703
-6.44306133333 371.437561906
-6.43805866667 371.464791158
-6.433056 371.491935805
-6.42805333333 371.518892302
-6.42305066667 371.545836765
-6.418048 371.572894212
-6.41304533333 371.599864451
-6.40804266667 371.626229844
-6.40304 371.651461882
-6.39803733333 371.675455777
-6.39303466667 371.698738532
-6.388032 371.722195036
-6.38302933333 371.746663403
-6.37802666667 371.772709597
-6.373024 371.800577207
-6.36802133333 371.830212447
-6.36301866667 371.861293901
-6.358016 371.893274036
-6.35301333333 371.925433292
-6.34801066667 371.956976758
-6.343008 371.987110734
-6.33800533333 372.015089176
-6.33300266667 372.040271894
-6.328 372.062169992
-6.32299733333 372.080387417
-6.31799466667 372.094579145
-6.312992 372.104564219
-6.30798933333 372.110459803
-6.30298666667 372.11263547
-6.297984 372.111750309
-6.29298133333 372.108760411
-6.28797866667 372.104423441
-6.282976 372.098699266
-6.27797333333 372.090733613
-6.27297066667 372.079443465
-6.267968 372.064024527
-6.26296533333 372.04410725
-6.25796266667 372.019721512
-6.25296 371.991176149
-6.24795733333 371.95880681
-6.24295466667 371.922792073
-6.237952 371.883135089
-6.23294933333 371.839686476
-6.22794666667 371.792302323
-6.222944 371.741164767
-6.21794133333 371.687209039
-6.21293866667 371.632319599
-6.207936 371.578806828
-6.20293333333 371.528500572
-6.19793066667 371.482131894
-6.192928 371.439312623
-6.18792533333 371.399020412
-6.18292266667 371.360329982
-6.17792 371.322868319
-6.17291733333 371.286689246
-6.16791466667 371.25191977
-6.162912 371.218648837
-6.15790933333 371.186889538
-6.15290666667 371.15646869
-6.147904 371.127051461
-6.14290133333 371.098391383
-6.13789866667 371.070522952
-6.132896 371.043550836
-6.12789333333 371.017468358
-6.12289066667 370.992277674
-6.117888 370.968159477
-6.11288533333 370.945584665
-6.10788266667 370.925288953
-6.10288 370.908040537
-6.09787733333 370.894322582
-6.09287466667 370.884158
-6.087872 370.877175879
-6.08286933333 370.872702805
-6.07786666667 370.869881311
-6.072864 370.867893104
-6.06786133333 370.86617948
-6.06285866667 370.864524395
-6.057856 370.863030941
-6.05285333333 370.862000675
-6.04785066667 370.861690671
-6.042848 370.862085039
-6.03784533333 370.862856641
-6.03284266667 370.863565746
-6.02784 370.863908232
-6.02283733333 370.863812953
-6.01783466667 370.86339252
-6.012832 370.86292853
-6.00782933333 370.862870816
-6.00282666667 370.8637118
-5.997824 370.865893415
-5.99282133333 370.869738925
-5.98781866667 370.875304691
-5.982816 370.882118698
-5.97781333333 370.889126181
-5.97281066667 370.894997048
-5.967808 370.898662185
-5.96280533333 370.899827033
-5.95780266667 370.899015722
-5.9528 370.897169038
-5.94779733333 370.895014083
-5.94279466667 370.892595196
-5.937792 370.88927682
-5.93278933333 370.88407282
-5.92778666667 370.876137728
-5.922784 370.865260118
-5.91778133333 370.852014126
-5.91277866667 370.837590046
-5.907776 370.823491326
-5.90277333333 370.811136152
-5.89777066667 370.801376614
-5.892768 370.794290646
-5.88776533333 370.789272455
-5.88276266667 370.785270914
-5.87776 370.78110958
-5.87275733333 370.775870697
-5.86775466667 370.769155437
-5.862752 370.761072965
-5.85774933333 370.752069441
-5.85274666667 370.742921325
-5.847744 370.734772938
-5.84274133333 370.72896543
-5.83773866667 370.726735989
-5.832736 370.728991208
-5.82773333333 370.73615072
-5.82273066667 370.748108652
-5.817728 370.764465343
-5.81272533333 370.784760864
-5.80772266667 370.808421113
-5.80272 370.834689329
-5.79771733333 370.862548738
-5.79271466667 370.890469911
-5.787712 370.916243789
-5.78270933333 370.937244398
-5.77770666667 370.950925751
-5.772704 370.955364318
-5.76770133333 370.94974968
-5.76269866667 370.934538097
-5.757696 370.911161642
-5.75269333333 370.881331896
-5.74769066667 370.846388123
-5.742688 370.807165755
-5.73768533333 370.764066596
-5.73268266667 370.717196509
-5.72768 370.666756828
-5.72267733333 370.613582399
-5.71767466667 370.559350759
-5.712672 370.506261075
-5.70766933333 370.456323772
-5.70266666667 370.410702135
-5.697664 370.369426108
-5.69266133333 370.331555378
-5.68765866667 370.295688451
-5.682656 370.260499104
-5.67765333333 370.225171168
-5.67265066667 370.18963398
-5.667648 370.154370854
-5.66264533333 370.120049968
-5.65764266667 370.087211302
-5.65264 370.05623038
-5.64763733333 370.027489087
-5.64263466667 370.001434693
-5.637632 369.97851482
-5.63262933333 369.959185549
-5.62762666667 369.943974217
-5.622624 369.933338871
-5.61762133333 369.927495906
-5.61261866667 369.926451467
-5.607616 369.930045041
-5.60261333333 369.937911547
-5.59761066667 369.949498016
-5.592608 369.964128705
-5.58760533333 369.981030904
-5.58260266667 369.99934792
-5.5776 370.018180367
-5.57259733333 370.036717932
-5.56759466667 370.054381681
-5.562592 370.07093874
-5.55758933333 370.08643511
-5.55258666667 370.100860717
-5.547584 370.113890664
-5.54258133333 370.124888415
-5.53757866667 370.132982505
-5.532576 370.137221076
-5.52757333333 370.136940787
-5.52257066667 370.132198941
-5.517568 370.123973099
-5.51256533333 370.113858649
-5.50756266667 370.103351259
-5.50256 370.093132423
-5.49755733333 370.082829967
-5.49255466667 370.071447329
-5.487552 370.058018169
-5.48254933333 370.042054857
-5.47754666667 370.023631315
-5.472544 370.003223928
-5.46754133333 369.981452419
-5.46253866667 369.958823385
-5.457536 369.935622811
-5.45253333333 369.911998835
-5.44753066667 369.888139254
-5.442528 369.864326662
-5.43752533333 369.840833982
-5.43252266667 369.817951389
-5.42752 369.796095303
-5.42251733333 369.775701524
-5.41751466667 369.757137334
-5.412512 369.740877533
-5.40750933333 369.727718758
-5.40250666667 369.718497939
-5.397504 369.713668092
-5.39250133333 369.713319644
-5.38749866667 369.717377448
-5.382496 369.725670422
-5.37749333333 369.737892182
-5.37249066667 369.753413126
-5.367488 369.770993388
-5.36248533333 369.788451682
-5.35748266667 369.802609816
-5.35248 369.809815839
-5.34747733333 369.806758154
-5.34247466667 369.791263259
-5.337472 369.762791471
-5.33246933333 369.722387974
-5.32746666667 369.67219654
-5.322464 369.614805619
-5.31746133333 369.552562217
-5.31245866667 369.487093395
-5.307456 369.419168148
-5.30245333333 369.348832436
-5.29745066667 369.275804642
-5.292448 369.200070102
-5.28744533333 369.122504262
-5.28244266667 369.045190074
-5.27744 368.971174785
-5.27243733333 368.903656787
-5.26743466667 368.84496397
-5.262432 368.796158209
-5.25742933333 368.757314497
-5.25242666667 368.727923438
-5.247424 368.707198482
-5.24242133333 368.694228121
-5.23741866667 368.687919969
-5.232416 368.686941863
-5.22741333333 368.689784473
-5.22241066667 368.694921111
-5.217408 368.701037687
-5.21240533333 368.707357212
-5.20740266667 368.713955223
-5.2024 368.721737858
-5.19739733333 368.732010616
-5.19239466667 368.746065803
-5.187392 368.764985018
-5.18238933333 368.789444985
-5.17738666667 368.819406575
-5.172384 368.853947535
-5.16738133333 368.891456682
-5.16237866667 368.929975505
-5.157376 368.967601491
-5.15237333333 369.002903646
-5.14737066667 369.035084657
-5.142368 369.063843625
-5.13736533333 369.089087965
-5.13236266667 369.110813546
-5.12736 369.129190991
-5.12235733333 369.144608277
-5.11735466667 369.157695678
-5.112352 369.169335946
-5.10734933333 369.180552422
-5.10234666667 369.192253123
-5.097344 369.205072249
-5.09234133333 369.219387058
-5.08733866667 369.235276039
-5.082336 369.252424956
-5.07733333333 369.270096782
-5.07233066667 369.287282253
-5.067328 369.303087645
-5.06232533333 369.317117723
-5.05732266667 369.329594474
-5.05232 369.341232294
-5.04731733333 369.352813168
-5.04231466667 369.364686289
-5.037312 369.376583969
-5.03230933333 369.387788978
-5.02730666667 369.397462904
-5.022304 369.405047757
-5.01730133333 369.410611854
-5.01229866667 369.414968381
-5.007296 369.419383983
-5.00229333333 369.425078513
-4.99729066667 369.432800561
-4.992288 369.442668413
-4.98728533333 369.454410539
-4.98228266667 369.467704343
-4.97728 369.482171727
-4.97227733333 369.497334692
-4.96727466667 369.512740108
-4.962272 369.528127993
-4.95726933333 369.543610418
-4.95226666667 369.559879596
-4.947264 369.578191624
-4.94226133333 369.599826399
-4.93725866667 369.625560886
-4.932256 369.655518092
-4.92725333333 369.689251562
-4.92225066667 369.726091672
-4.917248 369.765559877
-4.91224533333 369.807451936
-4.90724266667 369.85165753
-4.90224 369.897813096
-4.89723733333 369.944960236
-4.89223466667 369.991370817
-4.887232 370.034672567
-4.88222933333 370.072415076
-4.87722666667 370.102747264
-4.872224 370.124911241
-4.86722133333 370.139331782
-4.86221866667 370.147308658
-4.857216 370.150511537
-4.85221333333 370.150598154
-4.84721066667 370.149057405
-4.842208 370.146984935
-4.83720533333 370.14489813
-4.83220266667 370.142758279
-4.8272 370.140215851
-4.82219733333 370.136821791
-4.81719466667 370.132090865
-4.812192 370.125736122
-4.80718933333 370.117972067
-4.80218666667 370.10954439
-4.797184 370.101535849
-4.79218133333 370.095051249
-4.78717866667 370.090922823
-4.782176 370.089520298
-4.77717333333 370.090723316
-4.77217066667 370.094069218
-4.767168 370.098912127
-4.76216533333 370.104557318
-4.75716266667 370.110406545
-4.75216 370.116163595
-4.74715733333 370.121924763
-4.74215466667 370.128092504
-4.737152 370.135151344
-4.73214933333 370.143542865
-4.72714666667 370.15364783
-4.722144 370.165636353
-4.71714133333 370.179478103
-4.71213866667 370.195074196
-4.707136 370.21225793
-4.70213333333 370.230728283
-4.69713066667 370.250037559
-4.692128 370.26970014
-4.68712533333 370.289315274
-4.68212266667 370.308708468
-4.67712 370.327893721
-4.67211733333 370.346886233
-4.66711466667 370.365693881
-4.662112 370.384293796
-4.65710933333 370.402533422
-4.65210666667 370.420079088
-4.647104 370.436459925
-4.64210133333 370.45123534
-4.63709866667 370.464205421
-4.632096 370.475520085
-4.62709333333 370.485622456
-4.62209066667 370.49496257
-4.617088 370.503659014
-4.61208533333 370.511428265
-4.60708266667 370.517799277
-4.60208 370.522338272
-4.59707733333 370.524746253
-4.59207466667 370.524958382
-4.587072 370.523327694
-4.58206933333 370.520578173
-4.57706666667 370.517431252
-4.572064 370.51429667
-4.56706133333 370.511255089
-4.56205866667 370.508237746
-4.557056 370.505174145
-4.55205333333 370.502106983
-4.54705066667 370.499283956
-4.542048 370.497203564
-4.53704533333 370.496511225
-4.53204266667 370.49775096
-4.52704 370.501334212
-4.52203733333 370.507642224
-4.51703466667 370.517004349
-4.512032 370.529702472
-4.50702933333 370.5460812
-4.50202666667 370.56670527
-4.497024 370.592347014
-4.49202133333 370.623813751
-4.48701866667 370.661856858
-4.482016 370.707270937
-4.47701333333 370.761021227
-4.47201066667 370.824298762
-4.467008 370.898406998
-4.46200533333 370.984598689
-4.45700266667 371.08397215
-4.452 371.197309157
-4.44699733333 371.324920893
-4.44199466667 371.466572491
-4.436992 371.621354809
-4.43198933333 371.787698032
-4.42698666667 371.963599514
-4.421984 372.146890629
-4.41698133333 372.335444518
-4.41197866667 372.527327197
-4.406976 372.72084409
-4.40197333333 372.914332566
-4.39697066667 373.10593531
-4.391968 373.293696182
-4.38696533333 373.475684224
-4.38196266667 373.650156807
-4.37696 373.815792211
-4.37195733333 373.971660261
-4.36695466667 374.11698533
-4.361952 374.251062257
-4.35694933333 374.373246876
-4.35194666667 374.482969913
-4.346944 374.579860144
-4.34194133333 374.663813852
-4.33693866667 374.734884881
-4.331936 374.793056202
-4.32693333333 374.837987973
-4.32193066667 374.868902581
-4.316928 374.884815645
-4.31192533333 374.885149462
-4.30692266667 374.870301313
-4.30192 374.841638649
-4.29691733333 374.80107161
-4.29191466667 374.750797413
-4.286912 374.693351209
-4.28190933333 374.631774333
-4.27690666667 374.569685034
-4.271904 374.510853565
-4.26690133333 374.458342064
-4.26189866667 374.413849803
-4.256896 374.377586064
-4.25189333333 374.348651925
-4.24689066667 374.325723768
-4.241888 374.30773079
-4.23688533333 374.294159567
-4.23188266667 374.284775729
-4.22688 374.27918759
-4.22187733333 374.27671703
-4.21687466667 374.276365712
-4.211872 374.276830878
-4.20686933333 374.276842924
-4.20186666667 374.275585151
-4.196864 374.272702649
-4.19186133333 374.268101723
-4.18685866667 374.261882822
-4.181856 374.254389578
-4.17685333333 374.246245969
-4.17185066667 374.238060402
-4.166848 374.230023789
-4.16184533333 374.2219634
-4.15684266667 374.213683526
-4.15184 374.205104981
-4.14683733333 374.19625173
-4.14183466667 374.187178651
-4.136832 374.177838989
-4.13182933333 374.167975743
-4.12682666667 374.157292213
-4.121824 374.145685624
-4.11682133333 374.133227794
-4.11181866667 374.119991487
-4.106816 374.105945488
-4.10181333333 374.09088278
-4.09681066667 374.074383518
-4.091808 374.055961071
-4.08680533333 374.035286666
-4.08180266667 374.012327827
-4.0768 373.987392722
-4.07179733333 373.960981803
-4.06679466667 373.933450483
-4.061792 373.904783221
-4.05678933333 373.87452738
-4.05178666667 373.841850691
-4.046784 373.805661776
-4.04178133333 373.764892454
-4.03677866667 373.718937053
-4.031776 373.667843247
-4.02677333333 373.612205555
-4.02177066667 373.552828408
-4.016768 373.490369828
-4.01176533333 373.425147176
-4.00676266667 373.356996108
-4.00176 373.285225254
-3.99675733333 373.208540897
-3.99175466667 373.124952851
-3.986752 373.032000367
-3.98174933333 372.927529695
-3.97674666667 372.810729269
-3.971744 372.682774564
-3.96674133333 372.546671192
-3.96173866667 372.406342627
-3.956736 372.265538278
-3.95173333333 372.127199391
-3.94673066667 371.99338927
-3.941728 371.865283505
-3.93672533333 371.743143646
-3.93172266667 371.626579642
-3.92672 371.51506962
-3.92171733333 371.408375445
-3.91671466667 371.306549386
-3.911712 371.209581099
-3.90670933333 371.117009633
-3.90170666667 371.027668263
-3.896704 370.939738329
-3.89170133333 370.851182382
-3.88669866667 370.760275951
-3.881696 370.666126748
-3.87669333333 370.568882412
-3.87169066667 370.469521883
-3.866688 370.369382713
-3.86168533333 370.269778898
-3.85668266667 370.171836387
-3.85168 370.076544566
-3.84667733333 369.984929927
-3.84167466667 369.89827788
-3.836672 369.818214924
-3.83166933333 369.746448869
-3.82666666667 369.684352528
-3.821664 369.632620867
-3.81666133333 369.590954734
-3.81165866667 369.558022289
-3.806656 369.531889926
-3.80165333333 369.510561394
-3.79665066667 369.492282707
-3.791648 369.475548103
-3.78664533333 369.459112834
-3.78164266667 369.442188788
-3.77664 369.424667239
-3.77163733333 369.407193497
-3.76663466667 369.390954781
-3.761632 369.377324676
-3.75662933333 369.367620037
-3.75162666667 369.362945925
-3.746624 369.363965041
-3.74162133333 369.370798065
-3.73661866667 369.383166093
-3.731616 369.400442238
-3.72661333333 369.421689366
-3.72161066667 369.445707035
-3.716608 369.471114462
-3.71160533333 369.4966229
-3.70660266667 369.521306973
-3.7016 369.544681391
-3.69659733333 369.566691862
-3.69159466667 369.587486433
-3.686592 369.607004453
-3.68158933333 369.624729377
-3.67658666667 369.639645384
-3.671584 369.650405796
-3.66658133333 369.655816225
-3.66157866667 369.655392115
-3.656576 369.649637254
-3.65157333333 369.640021372
-3.64657066667 369.628554012
-3.641568 369.617130313
-3.63656533333 369.606960278
-3.63156266667 369.598217709
-3.62656 369.590149836
-3.62155733333 369.581681459
-3.61655466667 369.572142186
-3.611552 369.561554957
-3.60654933333 369.550440599
-3.60154666667 369.539515378
-3.596544 369.52945687
-3.59154133333 369.520745718
-3.58653866667 369.513709751
-3.581536 369.508646352
-3.57653333333 369.50582569
-3.57153066667 369.505338126
-3.566528 369.507015895
-3.56152533333 369.510386051
-3.55652266667 369.514556921
-3.55152 369.518133789
-3.54651733333 369.51923948
-3.54151466667 369.515710382
-3.536512 369.505365621
-3.53150933333 369.486272301
-3.52650666667 369.457150021
-3.521504 369.417708891
-3.51650133333 369.368664564
-3.51149866667 369.311522924
-3.506496 369.248332823
-3.50149333333 369.181248943
-3.49649066667 369.112077495
-3.491488 369.042164363
-3.48648533333 368.972517844
-3.48148266667 368.903926228
-3.47648 368.837218218
-3.47147733333 368.773465834
-3.46647466667 368.713899231
-3.461472 368.659723331
-3.45646933333 368.612080505
-3.45146666667 368.571927883
-3.446464 368.53982835
-3.44146133333 368.515854418
-3.43645866667 368.499568537
-3.431456 368.490078732
-3.42645333333 368.486153359
-3.42145066667 368.486349168
-3.416448 368.489254151
-3.41144533333 368.493812336
-3.40644266667 368.499485634
-3.40144 368.506091813
-3.39643733333 368.513466553
-3.39143466667 368.52127844
-3.386432 368.529031904
-3.38142933333 368.536154121
-3.37642666667 368.54219749
-3.371424 368.547043996
-3.36642133333 368.550899418
-3.36141866667 368.554134847
-3.356416 368.557223178
-3.35141333333 368.560788009
-3.34641066667 368.565491767
-3.341408 368.571859106
-3.33640533333 368.580214811
-3.33140266667 368.590698292
-3.3264 368.603390478
-3.32139733333 368.61852997
-3.31639466667 368.636536615
-3.311392 368.657780306
-3.30638933333 368.682418287
-3.30138666667 368.710435654
-3.296384 368.741773301
-3.29138133333 368.776286696
-3.28637866667 368.813507082
-3.281376 368.852598861
-3.27637333333 368.892598634
-3.27137066667 368.932651238
-3.266368 368.972134006
-3.26136533333 369.010693079
-3.25636266667 369.048229828
-3.25136 369.084786459
-3.24635733333 369.120446357
-3.24135466667 369.15541301
-3.236352 369.189984516
-3.23134933333 369.224468688
-3.22634666667 369.259201524
-3.221344 369.294470998
-3.21634133333 369.330307882
-3.21133866667 369.366356279
-3.206336 369.401987257
-3.20133333333 369.436517088
-3.19633066667 369.46943378
-3.191328 369.50047942
-3.18632533333 369.529538081
-3.18132266667 369.556383313
-3.17632 369.58051275
-3.17131733333 369.601364877
-3.16631466667 369.618520345
-3.161312 369.631733606
-3.15630933333 369.641136245
-3.15130666667 369.647449992
-3.146304 369.651734475
-3.14130133333 369.655056651
-3.13629866667 369.658280166
-3.131296 369.66180912
-3.12629333333 369.665495584
-3.12129066667 369.668974904
-3.116288 369.672211954
-3.11128533333 369.675717366
-3.10628266667 369.680362379
-3.10128 369.686970359
-3.09627733333 369.695984592
-3.09127466667 369.707403194
-3.086272 369.720998873
-3.08126933333 369.736550439
-3.07626666667 369.753803814
-3.071264 369.772220104
-3.06626133333 369.79076143
-3.06125866667 369.807791998
-3.056256 369.82129111
-3.05125333333 369.829326731
-3.04625066667 369.830598896
-3.041248 369.824872759
-3.03624533333 369.813025418
-3.03124266667 369.796496784
-3.02624 369.776589267
-3.02123733333 369.753984056
-3.01623466667 369.728547394
-3.011232 369.699665245
-3.00622933333 369.667124049
-3.00122666667 369.63177996
-2.996224 369.595370129
-2.99122133333 369.559862019
-2.98621866667 369.527013
-2.981216 369.498425698
-2.97621333333 369.475740897
-2.97121066667 369.460485113
-2.966208 369.453504496
-2.96120533333 369.4544234
-2.95620266667 369.461544931
-2.9512 369.472285504
-2.94619733333 369.484016775
-2.94119466667 369.494894822
-2.936192 369.504301058
-2.93118933333 369.51274572
-2.92618666667 369.521302383
-2.921184 369.530949033
-2.91618133333 369.542244909
-2.91117866667 369.555326105
-2.906176 369.570089541
-2.90117333333 369.586336204
-2.89617066667 369.603824156
-2.891168 369.622301694
-2.88616533333 369.641537373
-2.88116266667 369.661279509
-2.87616 369.681247715
-2.87115733333 369.701287495
-2.86615466667 369.721340123
-2.861152 369.741119507
-2.85614933333 369.759992156
-2.85114666667 369.777339976
-2.846144 369.79297662
-2.84114133333 369.807217739
-2.83613866667 369.820701438
-2.831136 369.834147241
-2.82613333333 369.848190227
-2.82113066667 369.86327275
-2.816128 369.879606012
-2.81112533333 369.897054608
-2.80612266667 369.915093633
-2.80112 369.933070796
-2.79611733333 369.950474399
-2.79111466667 369.966931154
-2.786112 369.98209379
-2.78110933333 369.99562354
-2.77610666667 370.00727727
-2.771104 370.017019488
-2.76610133333 370.025161884
-2.76109866667 370.032352648
-2.756096 370.039193074
-2.75109333333 370.045759096
-2.74609066667 370.051299492
-2.741088 370.054274033
-2.73608533333 370.052938959
-2.73108266667 370.046122351
-2.72608 370.033696281
-2.72107733333 370.016595357
-2.71607466667 369.996497678
-2.711072 369.975415581
-2.70606933333 369.955323967
-2.70106666667 369.938036973
-2.696064 369.925238133
-2.69106133333 369.918332412
-2.68605866667 369.918270584
-2.681056 369.925504113
-2.67605333333 369.939892459
-2.67105066667 369.960675093
-2.666048 369.986591081
-2.66104533333 370.016119003
-2.65604266667 370.047736083
-2.65104 370.080034167
-2.64603733333 370.111744273
-2.64103466667 370.141602461
-2.636032 370.168221023
-2.63102933333 370.190300696
-2.62602666667 370.20699943
-2.621024 370.218231953
-2.61602133333 370.224763327
-2.61101866667 370.228122361
-2.606016 370.230226792
-2.60101333333 370.232656521
-2.59601066667 370.236212128
-2.591008 370.241058708
-2.58600533333 370.247143876
-2.58100266667 370.254703832
-2.576 370.264488282
-2.57099733333 370.277417783
-2.56599466667 370.294046985
-2.560992 370.314395845
-2.55598933333 370.338103744
-2.55098666667 370.364552671
-2.545984 370.393066722
-2.54098133333 370.423127053
-2.53597866667 370.454270012
-2.530976 370.486069285
-2.52597333333 370.518376129
-2.52097066667 370.551320812
-2.515968 370.585006711
-2.51096533333 370.619332871
-2.50596266667 370.654083533
-2.50096 370.689032095
-2.49595733333 370.724068984
-2.49095466667 370.759179177
-2.485952 370.794265562
-2.48094933333 370.82912464
-2.47594666667 370.863451633
-2.470944 370.896870653
-2.46594133333 370.928961074
-2.46093866667 370.959273679
-2.455936 370.987321395
-2.45093333333 371.012700247
-2.44593066667 371.035335203
-2.440928 371.055593744
-2.43592533333 371.07418003
-2.43092266667 371.091902789
-2.42592 371.109370403
-2.42091733333 371.126722673
-2.41591466667 371.143664847
-2.410912 371.159794188
-2.40590933333 371.174784243
-2.40090666667 371.188320142
-2.395904 371.199927593
-2.39090133333 371.208907555
-2.38589866667 371.214544714
-2.380896 371.216373713
-2.37589333333 371.21432239
-2.37089066667 371.208840187
-2.365888 371.200930709
-2.36088533333 371.191955786
-2.35588266667 371.183218692
-2.35088 371.175496833
-2.34587733333 371.16877784
-2.34087466667 371.162315383
-2.335872 371.15507063
-2.33086933333 371.14642597
-2.32586666667 371.136574421
-2.320864 371.126447309
-2.31586133333 371.117281106
-2.31085866667 371.110028494
-2.305856 371.104950019
-2.30085333333 371.101570889
-2.29585066667 371.099072182
-2.290848 371.09664893
-2.28584533333 371.093582742
-2.28084266667 371.089275281
-2.27584 371.083248187
-2.27083733333 371.075078573
-2.26583466667 371.06441967
-2.260832 371.051079326
-2.25582933333 371.035006046
-2.25082666667 371.016120096
-2.245824 370.99420915
-2.24082133333 370.969115741
-2.23581866667 370.940932708
-2.230816 370.910023978
-2.22581333333 370.876959032
-2.22081066667 370.842401849
-2.215808 370.807090668
-2.21080533333 370.77177196
-2.20580266667 370.737157507
-2.2008 370.703869955
-2.19579733333 370.672326524
-2.19079466667 370.642681405
-2.185792 370.61475341
-2.18078933333 370.587967139
-2.17578666667 370.561538346
-2.170784 370.534802814
-2.16578133333 370.507493916
-2.16077866667 370.479845488
-2.155776 370.45248137
-2.15077333333 370.426094349
-2.14577066667 370.401019323
-2.140768 370.376843291
-2.13576533333 370.352252087
-2.13076266667 370.325474434
-2.12576 370.295107076
-2.12075733333 370.260552059
-2.11575466667 370.221876257
-2.110752 370.179429767
-2.10574933333 370.1334961
-2.10074666667 370.08410884
-2.095744 370.031074877
-2.09074133333 369.97419797
-2.08573866667 369.913511652
-2.080736 369.849481708
-2.07573333333 369.783144232
-2.07073066667 369.71596843
-2.065728 369.649485361
-2.06072533333 369.584893067
-2.05572266667 369.522861933
-2.05072 369.46361976
-2.04571733333 369.407151786
-2.04071466667 369.353395155
-2.035712 369.302500218
-2.03070933333 369.255029692
-2.02570666667 369.211964756
-2.020704 369.174555529
-2.01570133333 369.144021201
-2.01069866667 369.121231941
-2.005696 369.106573588
-2.00069333333 369.099969175
-1.99569066667 369.100831841
-1.990688 369.108190144
-1.98568533333 369.121076451
-1.98068266667 369.138791199
-1.97568 369.160903579
-1.97067733333 369.187187486
-1.96567466667 369.217581859
-1.960672 369.252049753
-1.95566933333 369.290348725
-1.95066666667 369.331918098
-1.945664 369.375875458
-1.94066133333 369.420989161
-1.93565866667 369.465658238
-1.930656 369.508074855
-1.92565333333 369.546542901
-1.92065066667 369.579826142
-1.915648 369.607372955
-1.91064533333 369.629429586
-1.90564266667 369.647028426
-1.90064 369.661633144
-1.89563733333 369.674583185
-1.89063466667 369.686574172
-1.885632 369.697376766
-1.88062933333 369.705958004
-1.87562666667 369.710879387
-1.870624 369.710829192
-1.86562133333 369.705114668
-1.86061866667 369.693919425
-1.855616 369.67823804
-1.85061333333 369.659654583
-1.84561066667 369.639930599
-1.840608 369.620340969
-1.83560533333 369.601259825
-1.83060266667 369.582393891
-1.8256 369.563291365
-1.82059733333 369.543537719
-1.81559466667 369.522856611
-1.810592 369.501402738
-1.80558933333 369.479927659
-1.80058666667 369.459706839
-1.795584 369.442406037
-1.79058133333 369.429900996
-1.78557866667 369.423908493
-1.780576 369.42559332
-1.77557333333 369.435489746
-1.77057066667 369.45370286
-1.765568 369.479955914
-1.76056533333 369.513398122
-1.75556266667 369.552541997
-1.75056 369.595290911
-1.74555733333 369.63889166
-1.74055466667 369.680076187
-1.735552 369.715647273
-1.73054933333 369.743248396
-1.72554666667 369.761815204
-1.720544 369.771526569
-1.71554133333 369.773426679
-1.71053866667 369.768929203
-1.705536 369.759505988
-1.70053333333 369.746660519
-1.69553066667 369.731947986
-1.690528 369.717086756
-1.68552533333 369.704095902
-1.68052266667 369.695084752
-1.67552 369.691754672
-1.67051733333 369.694992172
-1.66551466667 369.704720321
-1.660512 369.72000942
-1.65550933333 369.73951239
-1.65050666667 369.762051529
-1.645504 369.78701747
-1.64050133333 369.814437743
-1.63549866667 369.844773367
-1.630496 369.878586551
-1.62549333333 369.916268325
-1.62049066667 369.957963961
-1.615488 370.00349279
-1.61048533333 370.052249972
-1.60548266667 370.103314298
-1.60048 370.155704865
-1.59547733333 370.208628204
-1.59047466667 370.261562556
-1.585472 370.314159342
-1.58046933333 370.366170266
-1.57546666667 370.417338294
-1.570464 370.467272879
-1.56546133333 370.51546139
-1.56045866667 370.561500029
-1.555456 370.60519878
-1.55045333333 370.646447214
-1.54545066667 370.685240262
-1.540448 370.721716094
-1.53544533333 370.75598429
-1.53044266667 370.788003954
-1.52544 370.817678064
-1.52043733333 370.844985352
-1.51543466667 370.869990111
-1.510432 370.892707791
-1.50542933333 370.912999908
-1.50042666667 370.930586815
-1.495424 370.945168645
-1.49042133333 370.956472403
-1.48541866667 370.964159334
-1.480416 370.967828766
-1.47541333333 370.967071093
-1.47041066667 370.961652755
-1.465408 370.951807126
-1.46040533333 370.938268975
-1.45540266667 370.921987895
-1.4504 370.903791284
-1.44539733333 370.884348864
-1.44039466667 370.864351688
-1.435392 370.844441226
-1.43038933333 370.825078376
-1.42538666667 370.806483231
-1.420384 370.788524945
-1.41538133333 370.7706863
-1.41037866667 370.752293978
-1.405376 370.732902743
-1.40037333333 370.712593589
-1.39537066667 370.691907704
-1.390368 370.671551888
-1.38536533333 370.652162992
-1.38036266667 370.634164415
-1.37536 370.617735767
-1.37035733333 370.602835669
-1.36535466667 370.589310243
-1.360352 370.577109124
-1.35534933333 370.566289548
-1.35034666667 370.556776831
-1.345344 370.548243519
-1.34034133333 370.540179456
-1.33533866667 370.532164963
-1.330336 370.524224188
-1.32533333333 370.516824426
-1.32033066667 370.510532275
-1.315328 370.505831875
-1.31032533333 370.503174844
-1.30532266667 370.503075508
-1.30032 370.50606885
-1.29531733333 370.512561174
-1.29031466667 370.522793135
-1.285312 370.536813252
-1.28030933333 370.554511977
-1.27530666667 370.575993094
-1.270304 370.602030796
-1.26530133333 370.63408985
-1.26029866667 370.673866355
-1.255296 370.722944738
-1.25029333333 370.782762071
-1.24529066667 370.854603112
-1.240288 370.939539408
-1.23528533333 371.03833924
-1.23028266667 371.151391086
-1.22528 371.278816022
-1.22027733333 371.420586856
-1.21527466667 371.576350483
-1.210272 371.745098978
-1.20526933333 371.925100849
-1.20026666667 372.114030299
-1.195264 372.30916395
-1.19026133333 372.507706943
-1.18525866667 372.707076992
-1.180256 372.905078858
-1.17525333333 373.100071622
-1.17025066667 373.290894476
-1.165248 373.476525578
-1.16024533333 373.655879947
-1.15524266667 373.827741817
-1.15024 373.99056343
-1.14523733333 374.142492125
-1.14023466667 374.281709125
-1.135232 374.406747991
-1.13022933333 374.516786061
-1.12522666667 374.611826859
-1.120224 374.692581415
-1.11522133333 374.76021162
-1.11021866667 374.815891444
-1.105216 374.860240306
-1.10021333333 374.892991535
-1.09521066667 374.913114016
-1.090208 374.91950346
-1.08520533333 374.911732476
-1.08020266667 374.890359417
-1.0752 374.856901747
-1.07019733333 374.813742377
-1.06519466667 374.763917699
-1.060192 374.710862653
-1.05518933333 374.658025912
-1.05018666667 374.608212839
-1.045184 374.56304674
-1.04018133333 374.523129201
-1.03517866667 374.488536391
-1.030176 374.458965629
-1.02517333333 374.433725618
-1.02017066667 374.411901433
-1.015168 374.392692968
-1.01016533333 374.375816562
-1.00516266667 374.361693706
-1.00016 374.351129141
-0.995157333333 374.34473537
-0.990154666667 374.342569104
-0.985152 374.344063831
-0.980149333333 374.348042409
-0.975146666667 374.35270025
-0.970144 374.356104176
-0.965141333333 374.357299683
-0.960138666667 374.356948988
-0.955136 374.356835215
-0.950133333333 374.3587308
-0.945130666667 374.363502604
-0.940128 374.37090648
-0.935125333333 374.379896658
-0.930122666667 374.389022952
-0.92512 374.396852798
-0.920117333333 374.402243198
-0.915114666667 374.404378263
-0.910112 374.402643643
-0.905109333333 374.396653648
-0.900106666667 374.386417444
-0.895104 374.372338629
-0.890101333333 374.354951856
-0.885098666667 374.334625247
-0.880096 374.31148882
-0.875093333333 374.285565073
-0.870090666667 374.256976984
-0.865088 374.226131489
-0.860085333333 374.193709168
-0.855082666667 374.160419093
-0.85008 374.126744089
-0.845077333333 374.092806341
-0.840074666667 374.05828193
-0.835072 374.022425197
-0.830069333333 373.984206706
-0.825066666667 373.942657435
-0.820064 373.8971443
-0.815061333333 373.847291436
-0.810058666667 373.792828514
-0.805056 373.733361228
-0.800053333333 373.668169573
-0.795050666667 373.596158858
-0.790048 373.515910009
-0.785045333333 373.425843682
-0.780042666667 373.324606491
-0.77504 373.211676485
-0.770037333333 373.087869992
-0.765034666667 372.955401175
-0.760032 372.817587429
-0.755029333333 372.678351633
-0.750026666667 372.541706761
-0.745024 372.411309638
-0.740021333333 372.289986227
-0.735018666667 372.179127224
-0.730016 372.078311034
-0.725013333333 371.985668201
-0.720010666667 371.898728906
-0.715008 371.815347713
-0.710005333333 371.734340355
-0.705002666667 371.655567346
-0.7 371.579672133
-0.694997333333 371.507595386
-0.689994666667 371.439954147
-0.684992 371.376645079
-0.679989333333 371.317004375
-0.674986666667 371.260309859
-0.669984 371.20609375
-0.664981333333 371.154294013
-0.659978666667 371.105141221
-0.654976 371.058800307
-0.649973333333 371.014979608
-0.644970666667 370.972806617
-0.639968 370.931022204
-0.634965333333 370.888370797
-0.629962666667 370.843892803
-0.62496 370.796992944
-0.619957333333 370.747496917
-0.614954666667 370.695718617
-0.609952 370.642397847
-0.604949333333 370.588547757
-0.599946666667 370.535354962
-0.594944 370.484133101
-0.589941333333 370.436256308
-0.584938666667 370.392992355
-0.579936 370.355232255
-0.574933333333 370.323391303
-0.569930666667 370.297494454
-0.564928 370.277281036
-0.559925333333 370.262205561
-0.554922666667 370.251497457
-0.54992 370.244323732
-0.544917333333 370.239984913
-0.539914666667 370.238008643
-0.534912 370.238037431
-0.529909333333 370.239651972
-0.524906666667 370.242410861
-0.519904 370.245995332
-0.514901333333 370.25031465
-0.509898666667 370.255511828
-0.504896 370.261834713
-0.499893333333 370.269478935
-0.494890666667 370.27846047
-0.489888 370.288498011
-0.484885333333 370.298974103
-0.479882666667 370.30909242
-0.47488 370.318042867
-0.469877333333 370.325032025
-0.464874666667 370.329395005
-0.459872 370.330790794
-0.454869333333 370.32922753
-0.449866666667 370.324918458
-0.444864 370.31812427
-0.439861333333 370.309108738
-0.434858666667 370.298210608
-0.429856 370.285978533
-0.424853333333 370.273132917
-0.419850666667 370.260281028
-0.414848 370.247540589
-0.409845333333 370.234443286
-0.404842666667 370.220315854
-0.39984 370.204712505
-0.394837333333 370.18760139
-0.389834666667 370.16934094
-0.384832 370.150453677
-0.379829333333 370.131279481
-0.374826666667 370.111803784
-0.369824 370.091824342
-0.364821333333 370.071251423
-0.359818666667 370.050289438
-0.354816 370.029328035
-0.349813333333 370.008757501
-0.344810666667 369.988897792
-0.339808 369.969904706
-0.334805333333 369.951617717
-0.329802666667 369.933537208
-0.3248 369.915002471
-0.319797333333 369.895472748
-0.314794666667 369.874735099
-0.309792 369.852943562
-0.304789333333 369.830491764
-0.299786666667 369.807845904
-0.294784 369.785485908
-0.289781333333 369.763758596
-0.284778666667 369.742785447
-0.279776 369.722662905
-0.274773333333 369.703607508
-0.269770666667 369.685937933
-0.264768 369.67001565
-0.259765333333 369.656086495
-0.254762666667 369.644145924
-0.24976 369.63393709
-0.244757333333 369.625050251
-0.239754666667 369.61702632
-0.234752 369.60942436
-0.229749333333 369.601810583
-0.224746666667 369.593704335
-0.219744 369.584617546
-0.214741333333 369.574192261
-0.209738666667 369.562214055
-0.204736 369.548572203
-0.199733333333 369.533288696
-0.194730666667 369.516632556
-0.189728 369.499280309
-0.184725333333 369.482116499
-0.179722666667 369.465625089
-0.17472 369.449625607
-0.169717333333 369.433684867
-0.164714666667 369.417651008
-0.159712 369.401758087
-0.154709333333 369.386326565
-0.149706666667 369.371507951
-0.144704 369.357267408
-0.139701333333 369.343471821
-0.134698666667 369.329904474
-0.129696 369.316319066
-0.124693333333 369.302536308
-0.119690666667 369.288558747
-0.114688 369.274618899
-0.109685333333 369.261072834
-0.104682666667 369.248197873
-0.09968 369.236062328
