（-9.06446,1.5），（-7.10842,1.5），（-2.03071,1.5）
-9.99995733333 368.574684199
-9.99495466667 368.572253166
-9.989952 368.569649039
-9.98494933333 368.566795165
-9.97994666667 368.564033451
-9.974944 368.562180983
-9.96994133333 368.562351509
-9.96493866667 368.565705791
-9.959936 368.573182655
-9.95493333333 368.585272305
-9.94993066667 368.601994328
-9.944928 368.623048493
-9.93992533333 368.648066504
-9.93492266667 368.676889832
-9.92992 368.709516158
-9.92491733333 368.745807232
-9.91991466667 368.785270153
-9.914912 368.826960172
-9.90990933333 368.869614899
-9.90490666667 368.912045472
-9.899904 368.953523318
-9.89490133333 368.993818033
-9.88989866667 369.033031183
-9.884896 369.071413466
-9.87989333333 369.109133418
-9.87489066667 369.146213666
-9.869888 369.182693479
-9.86488533333 369.218646117
-9.85988266667 369.254043307
-9.85488 369.288788647
-9.84987733333 369.322828966
-9.84487466667 369.356224418
-9.839872 369.389176038
-9.83486933333 369.422012916
-9.82986666667 369.454931247
-9.824864 369.487648563
-9.81986133333 369.519323639
-9.81485866667 369.548771023
-9.809856 369.574774803
-9.80485333333 369.59625349
-9.79985066667 369.612463984
-9.794848 369.623213447
-9.78984533333 369.628766408
-9.78484266667 369.629593019
-9.77984 369.626166867
-9.77483733333 369.618693278
-9.76983466667 369.60687259
-9.764832 369.590004562
-9.75982933333 369.567384391
-9.75482666667 369.538553928
-9.749824 369.503287976
-9.74482133333 369.461607979
-9.73981866667 369.413853236
-9.734816 369.360834707
-9.72981333333 369.304013709
-9.72481066667 369.245489546
-9.719808 369.18781742
-9.71480533333 369.133543549
-9.70980266667 369.084494732
-9.7048 369.041254393
-9.69979733333 369.003148673
-9.69479466667 368.968718218
-9.689792 368.93641016
-9.68478933333 368.905326928
-9.67978666667 368.875636251
-9.674784 368.848206633
-9.66978133333 368.823856243
-9.66477866667 368.802874387
-9.659776 368.78502366
-9.65477333333 368.76980113
-9.64977066667 368.756736958
-9.644768 368.745598057
-9.63976533333 368.736349907
-9.63476266667 368.729010929
-9.62976 368.723434961
-9.62475733333 368.719253812
-9.61975466667 368.715939762
-9.614752 368.712875878
-9.60974933333 368.709515032
-9.60474666667 368.705651741
-9.599744 368.701597054
-9.59474133333 368.698129907
-9.58973866667 368.696257903
-9.584736 368.696877015
-9.57973333333 368.700464953
-9.57473066667 368.706940706
-9.569728 368.715807013
-9.56472533333 368.726448087
-9.55972266667 368.738312102
-9.55472 368.751101993
-9.54971733333 368.764782966
-9.54471466667 368.77939089
-9.539712 368.794966086
-9.53470933333 368.811618324
-9.52970666667 368.829599569
-9.524704 368.849155882
-9.51970133333 368.870184932
-9.51469866667 368.891962321
-9.509696 368.913149977
-9.50469333333 368.932088871
-9.49969066667 368.947323452
-9.494688 368.958115861
-9.48968533333 368.964573076
-9.48468266667 368.967341196
-9.47968 368.967066877
-9.47467733333 368.963926936
-9.46967466667 368.957546352
-9.464672 368.947454078
-9.45966933333 368.933565229
-9.45466666667 368.916361168
-9.449664 368.896807485
-9.44466133333 368.876124676
-9.43965866667 368.855589158
-9.434656 368.836396021
-9.42965333333 368.819493104
-9.42465066667 368.80544575
-9.419648 368.794287672
-9.41464533333 368.785560025
-9.40964266667 368.778714929
-9.40464 368.773550951
-9.39963733333 368.770257764
-9.39463466667 368.769181755
-9.389632 368.770538837
-9.38462933333 368.774297841
-9.37962666667 368.780160357
-9.374624 368.787624607
-9.36962133333 368.796180218
-9.36461866667 368.805498895
-9.359616 368.815461648
-9.35461333333 368.826037388
-9.34961066667 368.837154735
-9.344608 368.848736679
-9.33960533333 368.86060586
-9.33460266667 368.872216044
-9.3296 368.882567384
-9.32459733333 368.890407855
-9.31959466667 368.894546551
-9.314592 368.894094187
-9.30958933333 368.888514971
-9.30458666667 368.877562495
-9.299584 368.861239192
-9.29458133333 368.839818621
-9.28957866667 368.813963722
-9.284576 368.784618241
-9.27957333333 368.752843026
-9.27457066667 368.719813639
-9.269568 368.686822078
-9.26456533333 368.65511664
-9.25956266667 368.625753298
-9.25456 368.599628711
-9.24955733333 368.57746241
-9.24455466667 368.559598736
-9.239552 368.54583999
-9.23454933333 368.535383512
-9.22954666667 368.527048115
-9.224544 368.519828546
-9.21954133333 368.513452416
-9.21453866667 368.508517071
-9.209536 368.506030455
-9.20453333333 368.50673695
-9.19953066667 368.510703218
-9.194528 368.517330733
-9.18952533333 368.525647714
-9.18452266667 368.534746563
-9.17952 368.544103873
-9.17451733333 368.553694217
-9.16951466667 368.563866396
-9.164512 368.575058105
-9.15950933333 368.587576665
-9.15450666667 368.601562116
-9.149504 368.617065546
-9.14450133333 368.634170661
-9.13949866667 368.652919748
-9.134496 368.673027307
-9.12949333333 368.693811365
-9.12449066667 368.71433404
-9.119488 368.733509461
-9.11448533333 368.750189243
-9.10948266667 368.763369918
-9.10448 368.772561386
-9.09947733333 368.777914948
-9.09447466667 368.779988002
-9.089472 368.779351963
-9.08446933333 368.776455585
-9.07946666667 368.771717028
-9.074464 368.765535865
-9.06946133333 368.758231806
-9.06445866667 368.750091891
-9.059456 368.741584302
-9.05445333333 368.73345938
-9.04945066667 368.726564496
-9.044448 368.721556514
-9.03944533333 368.718661064
-9.03444266667 368.717496273
-9.02944 368.717188226
-9.02443733333 368.716813007
-9.01943466667 368.715695944
-9.014432 368.71342664
-9.00942933333 368.709729797
-9.00442666667 368.704373588
-8.999424 368.697384043
-8.99442133333 368.689458962
-8.98941866667 368.682046964
-8.984416 368.676848867
-8.97941333333 368.675127901
-8.97441066667 368.677235077
-8.969408 368.682596241
-8.96440533333 368.690096624
-8.95940266667 368.698456153
-8.9544 368.706606785
-8.94939733333 368.713988012
-8.94439466667 368.720546481
-8.939392 368.726501238
-8.93438933333 368.732157795
-8.92938666667 368.737873908
-8.924384 368.744030605
-8.91938133333 368.751069587
-8.91437866667 368.759546981
-8.909376 368.770082043
-8.90437333333 368.783078475
-8.89937066667 368.798383399
-8.894368 368.815212937
-8.88936533333 368.832332575
-8.88436266667 368.848396114
-8.87936 368.862394131
-8.87435733333 368.873901756
-8.86935466667 368.882968148
-8.864352 368.889791179
-8.85934933333 368.894453113
-8.85434666667 368.896870487
-8.849344 368.896921415
-8.84434133333 368.894521964
-8.83933866667 368.889706202
-8.834336 368.882726178
-8.82933333333 368.874104487
-8.82433066667 368.864820698
-8.819328 368.856405944
-8.81432533333 368.850555275
-8.80932266667 368.848365368
-8.80432 368.84975877
-8.79931733333 368.853528225
-8.79431466667 368.858138732
-8.789312 368.862863407
-8.78430933333 368.868385259
-8.77930666667 368.876536921
-8.774304 368.889480098
-8.76930133333 368.908922367
-8.76429866667 368.935647878
-8.759296 368.969347925
-8.75429333333 369.008861748
-8.74929066667 369.052670223
-8.744288 369.099260526
-8.73928533333 369.147219246
-8.73428266667 369.195284824
-8.72928 369.242438706
-8.72427733333 369.288014026
-8.71927466667 369.331887752
-8.714272 369.374552044
-8.70926933333 369.416934195
-8.70426666667 369.460024561
-8.699264 369.504548824
-8.69426133333 369.550899338
-8.68925866667 369.599233044
-8.684256 369.649492825
-8.67925333333 369.701495595
-8.67425066667 369.755213227
-8.669248 369.811020207
-8.66424533333 369.86972172
-8.65924266667 369.932410009
-8.65424 370.000252308
-8.64923733333 370.074318928
-8.64423466667 370.155607281
-8.639232 370.245167592
-8.63422933333 370.343981273
-8.62922666667 370.452664496
-8.624224 370.571326941
-8.61922133333 370.699640399
-8.61421866667 370.836927221
-8.609216 370.982146451
-8.60421333333 371.133919404
-8.59921066667 371.290686808
-8.594208 371.45081293
-8.58920533333 371.612725137
-8.58420266667 371.775085525
-8.5792 371.936719142
-8.57419733333 372.09620808
-8.56919466667 372.251570774
-8.564192 372.400490044
-8.55918933333 372.540868776
-8.55418666667 372.671251497
-8.549184 372.790789082
-8.54418133333 372.898918264
-8.53917866667 372.995094699
-8.534176 373.078675993
-8.52917333333 373.148988014
-8.52417066667 373.205252702
-8.519168 373.246169909
-8.51416533333 373.269651855
-8.50916266667 373.273575301
-8.50416 373.257177431
-8.49915733333 373.221943315
-8.49415466667 373.171622711
-8.489152 373.11120391
-8.48414933333 373.045432496
-8.47914666667 372.977856498
-8.474144 372.910658426
-8.46914133333 372.845187456
-8.46413866667 372.782872064
-8.459136 372.725721796
-8.45413333333 372.67582588
-8.44913066667 372.634142447
-8.444128 372.599882601
-8.43912533333 372.571139329
-8.43412266667 372.545923842
-8.42912 372.522889179
-8.42411733333 372.501634102
-8.41911466667 372.482448883
-8.414112 372.465859523
-8.40910933333 372.452397604
-8.40410666667 372.442407267
-8.399104 372.435816901
-8.39410133333 372.432210038
-8.38909866667 372.431233042
-8.384096 372.432998734
-8.37909333333 372.438079234
-8.37409066667 372.447060179
-8.369088 372.459896717
-8.36408533333 372.47561391
-8.35908266667 372.492831228
-8.35408 372.510603877
-8.34907733333 372.528765523
-8.34407466667 372.548065733
-8.339072 372.570293133
-8.33406933333 372.59767355
-8.32906666667 372.631660078
-8.324064 372.672160802
-8.31906133333 372.717550741
-8.31405866667 372.765185415
-8.309056 372.812105109
-8.30405333333 372.855908999
-8.29905066667 372.895506225
-8.294048 372.931273776
-8.28904533333 372.964511602
-8.28404266667 372.996630673
-8.27904 373.028609371
-8.27403733333 373.06101387
-8.26903466667 373.094093762
-8.264032 373.127870857
-8.25902933333 373.162359129
-8.25402666667 373.19763365
-8.249024 373.233645647
-8.24402133333 373.269987469
-8.23901866667 373.305789724
-8.234016 373.339849941
-8.22901333333 373.371003372
-8.22401066667 373.398630972
-8.219008 373.422806658
-8.21400533333 373.443933929
-8.20900266667 373.462229631
-8.204 373.477327877
-8.19899733333 373.488114331
-8.19399466667 373.492834861
-8.188992 373.489514366
-8.18398933333 373.476503555
-8.17898666667 373.452619092
-8.173984 373.416522187
-8.16898133333 373.365954448
-8.16397866667 373.297516169
-8.158976 373.206959374
-8.15397333333 373.090077566
-8.14897066667 372.944053422
-8.143968 372.768615982
-8.13896533333 372.566561697
-8.13396266667 372.34344988
-8.12896 372.106493815
-8.12395733333 371.863294522
-8.11895466667 371.620821615
-8.113952 371.384694055
-8.10894933333 371.158944342
-8.10394666667 370.946206927
-8.098944 370.747880258
-8.09394133333 370.56414887
-8.08893866667 370.394281475
-8.083936 370.237101346
-8.07893333333 370.09141677
-8.07393066667 369.956383623
-8.068928 369.831884579
-8.06392533333 369.718884237
-8.05892266667 369.61931668
-8.05392 369.535381638
-8.04891733333 369.468726373
-8.04391466667 369.419851034
-8.038912 369.387769194
-8.03390933333 369.370143603
-8.02890666667 369.363911901
-8.023904 369.365898032
-8.01890133333 369.373184322
-8.01389866667 369.383332538
-8.008896 369.394530077
-8.00389333333 369.405546475
-7.99889066667 369.415539808
-7.993888 369.423821736
-7.98888533333 369.429674369
-7.98388266667 369.432373935
-7.97888 369.431318024
-7.97387733333 369.426058898
-7.96887466667 369.416252024
-7.963872 369.401675542
-7.95886933333 369.382417537
-7.95386666667 369.359087491
-7.948864 369.332674674
-7.94386133333 369.30429068
-7.93885866667 369.275124371
-7.933856 369.246498745
-7.92885333333 369.21987672
-7.92385066667 369.196612175
-7.918848 369.177658249
-7.91384533333 369.163561848
-7.90884266667 369.154626605
-7.90384 369.150944895
-7.89883733333 369.152285031
-7.89383466667 369.157960451
-7.888832 369.166744991
-7.88382933333 369.176997671
-7.87882666667 369.186986072
-7.873824 369.195167233
-7.86882133333 369.200283046
-7.86381866667 369.201444746
-7.858816 369.198268362
-7.85381333333 369.19085244
-7.84881066667 369.179560471
-7.843808 369.164817754
-7.83880533333 369.147099566
-7.83380266667 369.127068608
-7.8288 369.105556116
-7.82379733333 369.083383322
-7.81879466667 369.061179164
-7.813792 369.039299573
-7.80878933333 369.017779219
-7.80378666667 368.996301621
-7.798784 368.974307584
-7.79378133333 368.951216424
-7.78877866667 368.926875477
-7.783776 368.902078976
-7.77877333333 368.878581469
-7.77377066667 368.858394766
-7.768768 368.842843372
-7.76376533333 368.83206824
-7.75876266667 368.825278163
-7.75376 368.821492793
-7.74875733333 368.820329205
-7.74375466667 368.822363143
-7.738752 368.828712677
-7.73374933333 368.84033896
-7.72874666667 368.857586169
-7.723744 368.88007698
-7.71874133333 368.906895693
-7.71373866667 368.936789223
-7.708736 368.968397115
-7.70373333333 369.000537301
-7.69873066667 369.032440909
-7.693728 369.063899752
-7.68872533333 369.0951953
-7.68372266667 369.126802076
-7.67872 369.15898233
-7.67371733333 369.191530744
-7.66871466667 369.223832554
-7.663712 369.255040754
-7.65870933333 369.284215734
-7.65370666667 369.310469092
-7.648704 369.333067377
-7.64370133333 369.351463712
-7.63869866667 369.365355643
-7.633696 369.374800223
-7.62869333333 369.380088961
-7.62369066667 369.381529618
-7.618688 369.379424964
-7.61368533333 369.374260518
-7.60868266667 369.366899469
-7.60368 369.358542411
-7.59867733333 369.350332837
-7.59367466667 369.342865455
-7.588672 369.335906216
-7.58366933333 369.328593382
-7.57866666667 369.320063679
-7.573664 369.309924047
-7.56866133333 369.298337064
-7.56365866667 369.28587434
-7.558656 369.273311104
-7.55365333333 369.261473194
-7.54865066667 369.251021656
-7.543648 369.242254721
-7.53864533333 369.23514125
-7.53364266667 369.229429885
-7.52864 369.224776799
-7.52363733333 369.220916847
-7.51863466667 369.217753811
-7.513632 369.215313475
-7.50862933333 369.213644522
-7.50362666667 369.212755438
-7.498624 369.212566478
-7.49362133333 369.212864685
-7.48861866667 369.213262897
-7.483616 369.213156203
-7.47861333333 369.211816834
-7.47361066667 369.208560904
-7.468608 369.202944876
-7.46360533333 369.194824513
-7.45860266667 369.184238727
-7.4536 369.171354779
-7.44859733333 369.156576661
-7.44359466667 369.140550899
-7.438592 369.123858656
-7.43358933333 369.10680505
-7.42858666667 369.089589392
-7.423584 369.072538927
-7.41858133333 369.056047843
-7.41357866667 369.040417538
-7.408576 369.025749113
-7.40357333333 369.01192374
-7.39857066667 368.998557741
-7.393568 368.985138418
-7.38856533333 368.9713351
-7.38356266667 368.957044892
-7.37856 368.942233538
-7.37355733333 368.92693476
-7.36855466667 368.911408674
-7.363552 368.896209249
-7.35854933333 368.882113115
-7.35354666667 368.869977172
-7.348544 368.860475398
-7.34354133333 368.853914411
-7.33853866667 368.85024306
-7.333536 368.849137458
-7.32853333333 368.850225936
-7.32353066667 368.853227885
-7.318528 368.85795514
-7.31352533333 368.864289899
-7.30852266667 368.872098528
-7.30352 368.881151275
-7.29851733333 368.891182188
-7.29351466667 368.902020954
-7.288512 368.913596275
-7.28350933333 368.925807489
-7.27850666667 368.938618898
-7.273504 368.952173587
-7.26850133333 368.966772425
-7.26349866667 368.982832172
-7.258496 369.000832557
-7.25349333333 369.021272718
-7.24849066667 369.044604634
-7.243488 369.07106649
-7.23848533333 369.100564156
-7.23348266667 369.132543114
-7.22848 369.166064133
-7.22347733333 369.200218609
-7.21847466667 369.234313763
-7.213472 369.267801806
-7.20846933333 369.300253069
-7.20346666667 369.331313776
-7.198464 369.36066939
-7.19346133333 369.388049366
-7.18845866667 369.413306349
-7.183456 369.436447902
-7.17845333333 369.457513336
-7.17345066667 369.476438629
-7.168448 369.493011594
-7.16344533333 369.506938974
-7.15844266667 369.517929604
-7.15344 369.525754433
-7.14843733333 369.530296131
-7.14343466667 369.531524616
-7.138432 369.529506773
-7.13342933333 369.524556203
-7.12842666667 369.517346753
-7.123424 369.508781285
-7.11842133333 369.499661494
-7.11341866667 369.49047481
-7.108416 369.481401677
-7.10341333333 369.472449133
-7.09841066667 369.463605137
-7.093408 369.454965969
-7.08840533333 369.446789642
-7.08340266667 369.439463254
-7.0784 369.433403042
-7.07339733333 369.429068696
-7.06839466667 369.426894031
-7.063392 369.42703337
-7.05838933333 369.42922188
-7.05338666667 369.43285412
-7.048384 369.437258424
-7.04338133333 369.442013712
-7.03837866667 369.447061307
-7.033376 369.452573965
-7.02837333333 369.45867227
-7.02337066667 369.465214402
-7.018368 369.471809722
-7.01336533333 369.478041078
-7.00836266667 369.48366714
-7.00336 369.488633119
-6.99835733333 369.492904239
-6.99335466667 369.496379586
-6.988352 369.499052958
-6.98334933333 369.501147481
-6.97834666667 369.503062173
-6.973344 369.505203976
-6.96834133333 369.507899117
-6.96333866667 369.511237964
-6.958336 369.51496999
-6.95333333333 369.518647117
-6.94833066667 369.521888646
-6.943328 369.524656775
-6.93832533333 369.527477026
-6.93332266667 369.531317225
-6.92832 369.537052649
-6.92331733333 369.544938134
-6.91831466667 369.554424763
-6.913312 369.564462179
-6.90830933333 369.574069761
-6.90330666667 369.582743454
-6.898304 369.590513219
-6.89330133333 369.597698539
-6.88829866667 369.604614923
-6.883296 369.61135194
-6.87829333333 369.617734815
-6.87329066667 369.623530124
-6.868288 369.628678785
-6.86328533333 369.633362049
-6.85828266667 369.637972454
-6.85328 369.643097792
-6.84827733333 369.649502492
-6.84327466667 369.658042601
-6.838272 369.669320783
-6.83326933333 369.683334098
-6.82826666667 369.699448689
-6.823264 369.716587899
-6.81826133333 369.733619664
-6.81325866667 369.749874886
-6.808256 369.765410629
-6.80325333333 369.780788886
-6.79825066667 369.796699057
-6.793248 369.813762073
-6.78824533333 369.832483869
-6.78324266667 369.853173029
-6.77824 369.875856265
-6.77323733333 369.900279517
-6.76823466667 369.925904939
-6.763232 369.951982923
-6.75822933333 369.977761721
-6.75322666667 370.002666628
-6.748224 370.026355906
-6.74322133333 370.048709565
-6.73821866667 370.069695175
-6.733216 370.089188189
-6.72821333333 370.107037202
-6.72321066667 370.12332786
-6.718208 370.138438855
-6.71320533333 370.152758063
-6.70820266667 370.166411467
-6.7032 370.179230266
-6.69819733333 370.191052323
-6.69319466667 370.202072689
-6.688192 370.212746826
-6.68318933333 370.223511679
-6.67818666667 370.234734431
-6.673184 370.246793703
-6.66818133333 370.260189838
-6.66317866667 370.275651322
-6.658176 370.294099702
-6.65317333333 370.316521636
-6.64817066667 370.343908591
-6.643168 370.377197924
-6.63816533333 370.417118703
-6.63316266667 370.464107248
-6.62816 370.518370064
-6.62315733333 370.579983122
-6.61815466667 370.648991432
-6.613152 370.72546714
-6.60814933333 370.809568521
-6.60314666667 370.901580611
-6.598144 371.001835092
-6.59314133333 371.110585018
-6.58813866667 371.227912006
-6.583136 371.353796968
-6.57813333333 371.488355803
-6.57313066667 371.631758436
-6.568128 371.783941859
-6.56312533333 371.944424164
-6.55812266667 372.112050556
-6.55312 372.284905012
-6.54811733333 372.460578305
-6.54311466667 372.6365901
-6.538112 372.810774206
-6.53310933333 372.981520235
-6.52810666667 373.147828635
-6.523104 373.309134005
-6.51810133333 373.465089083
-6.51309866667 373.615401376
-6.508096 373.759752426
-6.50309333333 373.89767217
-6.49809066667 374.028534953
-6.493088 374.151780779
-6.48808533333 374.266925655
-6.48308266667 374.373317385
-6.47808 374.470040228
-6.47307733333 374.556257461
-6.46807466667 374.631727222
-6.463072 374.696970236
-6.45806933333 374.752870958
-6.45306666667 374.799819329
-6.448064 374.836978023
-6.44306133333 374.862342053
-6.43805866667 374.873792432
-6.433056 374.870408046
-6.42805333333 374.853174225
-6.42305066667 374.82480346
-6.418048 374.788882829
-6.41304533333 374.748844418
-6.40804266667 374.707366354
-6.40304 374.666444338
-6.39803733333 374.627758539
-6.39303466667 374.592749394
-6.388032 374.562118856
-6.38302933333 374.535351237
-6.37802666667 374.511314377
-6.373024 374.489571484
-6.36802133333 374.470848606
-6.36301866667 374.456273139
-6.358016 374.44649894
-6.35301333333 374.441295838
-6.34801066667 374.439653119
-6.343008 374.440413603
-6.33800533333 374.443015262
-6.33300266667 374.4475497
-6.328 374.454324364
-6.32299733333 374.463646934
-6.31799466667 374.475696074
-6.312992 374.490252705
-6.30798933333 374.506562638
-6.30298666667 374.523452641
-6.297984 374.539574689
-6.29298133333 374.553659612
-6.28797866667 374.564938013
-6.282976 374.573521201
-6.27797333333 374.580465322
-6.27297066667 374.587503921
-6.267968 374.596315218
-6.26296533333 374.607813715
-6.25796266667 374.621960918
-6.25296 374.638040462
-6.24795733333 374.655097902
-6.24295466667 374.67231311
-6.237952 374.689219653
-6.23294933333 374.705687354
-6.22794666667 374.721741642
-6.222944 374.737277976
-6.21794133333 374.751876494
-6.21293866667 374.764928558
-6.207936 374.775878669
-6.20293333333 374.784321972
-6.19793066667 374.789868513
-6.192928 374.791858349
-6.18792533333 374.789286377
-6.18292266667 374.781093847
-6.17792 374.766542342
-6.17291733333 374.745220841
-6.16791466667 374.716724413
-6.162912 374.680475323
-6.15790933333 374.635711752
-6.15290666667 374.581312676
-6.147904 374.515853416
-6.14290133333 374.437892105
-6.13789866667 374.346304904
-6.132896 374.24077687
-6.12789333333 374.122371877
-6.12289066667 373.993816284
-6.117888 373.859099808
-6.11288533333 373.722512905
-6.10788266667 373.587643893
-6.10288 373.456835332
-6.09787733333 373.331227276
-6.09287466667 373.211205072
-6.087872 373.09682934
-6.08286933333 372.987974105
-6.07786666667 372.884304806
-6.072864 372.785236787
-6.06786133333 372.690154844
-6.06285866667 372.598638274
-6.057856 372.510375837
-6.05285333333 372.425005813
-6.04785066667 372.342067835
-6.042848 372.261170063
-6.03784533333 372.182343492
-6.03284266667 372.106152802
-6.02784 372.033323966
-6.02283733333 371.964338089
-6.01783466667 371.899285151
-6.012832 371.837921132
-6.00782933333 371.779765425
-6.00282666667 371.724186664
-5.997824 371.670686177
-5.99282133333 371.619072125
-5.98781866667 371.569347236
-5.982816 371.521475808
-5.97781333333 371.475270739
-5.97281066667 371.430551038
-5.967808 371.387254465
-5.96280533333 371.345545435
-5.95780266667 371.305929966
-5.9528 371.26907887
-5.94779733333 371.235541639
-5.94279466667 371.205549074
-5.937792 371.179015884
-5.93278933333 371.155705231
-5.92778666667 371.135327939
-5.922784 371.117479958
-5.91778133333 371.101576181
-5.91277866667 371.086891833
-5.907776 371.072708295
-5.90277333333 371.058492072
-5.89777066667 371.04398652
-5.892768 371.029192704
-5.88776533333 371.01427473
-5.88276266667 370.999482905
-5.87776 370.98499725
-5.87275733333 370.97067414
-5.86775466667 370.956000288
-5.862752 370.940388336
-5.85774933333 370.923377654
-5.85274666667 370.904522285
-5.847744 370.883317878
-5.84274133333 370.859257089
-5.83773866667 370.831849634
-5.832736 370.800667336
-5.82773333333 370.765405105
-5.82273066667 370.725906025
-5.817728 370.682205866
-5.81272533333 370.634665489
-5.80772266667 370.583926341
-5.80272 370.530721886
-5.79771733333 370.475779365
-5.79271466667 370.419817021
-5.787712 370.363491698
-5.78270933333 370.307246346
-5.77770666667 370.2512223
-5.772704 370.19542237
-5.76770133333 370.139982454
-5.76269866667 370.085192741
-5.757696 370.031338336
-5.75269333333 369.978688271
-5.74769066667 369.927670381
-5.742688 369.878919722
-5.73768533333 369.833098592
-5.73268266667 369.790729297
-5.72768 369.752022122
-5.72267733333 369.716764381
-5.71767466667 369.684460791
-5.712672 369.65460991
-5.70766933333 369.626902914
-5.70266666667 369.601253557
-5.697664 369.577722809
-5.69266133333 369.556439009
-5.68765866667 369.53746097
-5.682656 369.520655215
-5.67765333333 369.505758496
-5.67265066667 369.492518064
-5.667648 369.480806783
-5.66264533333 369.47065377
-5.65764266667 369.462234289
-5.65264 369.455927154
-5.64763733333 369.452135067
-5.64263466667 369.450952698
-5.637632 369.45199337
-5.63262933333 369.454410177
-5.62762666667 369.457254466
-5.622624 369.4598957
-5.61762133333 369.462102502
-5.61261866667 369.463640669
-5.607616 369.463761708
-5.60261333333 369.461247416
-5.59761066667 369.45496277
-5.592608 369.44438449
-5.58760533333 369.429736917
-5.58260266667 369.411731616
-5.5776 369.391225678
-5.57259733333 369.3689828
-5.56759466667 369.345558731
-5.562592 369.321259029
-5.55758933333 369.296155344
-5.55258666667 369.270174366
-5.547584 369.243280519
-5.54258133333 369.215669569
-5.53757866667 369.187762784
-5.532576 369.160001726
-5.52757333333 369.132722835
-5.52257066667 369.106196861
-5.517568 369.080753533
-5.51256533333 369.056952797
-5.50756266667 369.03566144
-5.50256 369.017898293
-5.49755733333 369.004582618
-5.49255466667 368.996223454
-5.487552 368.992689096
-5.48254933333 368.993293717
-5.47754666667 368.997164956
-5.472544 369.003576708
-5.46754133333 369.012077902
-5.46253866667 369.022419519
-5.457536 369.034444618
-5.45253333333 369.048061946
-5.44753066667 369.063171871
-5.442528 369.07943108
-5.43752533333 369.096183486
-5.43252266667 369.11272401
-5.42752 369.128608677
-5.42251733333 369.143684804
-5.41751466667 369.15788144
-5.412512 369.171151044
-5.40750933333 369.183447524
-5.40250666667 369.194740777
-5.397504 369.205208386
-5.39250133333 369.21543381
-5.38749866667 369.226423793
-5.382496 369.239467578
-5.37749333333 369.255872395
-5.37249066667 369.276610726
-5.367488 369.302010807
-5.36248533333 369.331716997
-5.35748266667 369.364957075
-5.35248 369.400857652
-5.34747733333 369.438452312
-5.34247466667 369.476768287
-5.337472 369.515058981
-5.33246933333 369.552891843
-5.32746666667 369.590243173
-5.322464 369.627529501
-5.31746133333 369.66536086
-5.31245866667 369.704236045
-5.307456 369.744427489
-5.30245333333 369.785894755
-5.29745066667 369.828258913
-5.292448 369.870927257
-5.28744533333 369.913216641
-5.28244266667 369.954359866
-5.27744 369.993558806
-5.27243733333 370.030140804
-5.26743466667 370.063683778
-5.262432 370.094073542
-5.25742933333 370.121466393
-5.25242666667 370.146207864
-5.247424 370.168770534
-5.24242133333 370.189614575
-5.23741866667 370.209008415
-5.232416 370.226969306
-5.22741333333 370.243411671
-5.22241066667 370.25837298
-5.217408 370.272197999
-5.21240533333 370.285577338
-5.20740266667 370.29929747
-5.2024 370.313736847
-5.19739733333 370.328505625
-5.19239466667 370.342537869
-5.187392 370.354570542
-5.18238933333 370.363563908
-5.17738666667 370.368828444
-5.172384 370.370001502
-5.16738133333 370.366988764
-5.16237866667 370.359921282
-5.157376 370.349158215
-5.15237333333 370.335251036
-5.14737066667 370.318818666
-5.142368 370.300369424
-5.13736533333 370.280218833
-5.13236266667 370.258638765
-5.12736 370.236029558
-5.12235733333 370.212982024
-5.11735466667 370.190248338
-5.112352 370.168526463
-5.10734933333 370.148221674
-5.10234666667 370.129386253
-5.097344 370.111688679
-5.09234133333 370.094462478
-5.08733866667 370.076816968
-5.082336 370.057852692
-5.07733333333 370.036816739
-5.07233066667 370.013197488
-5.067328 369.986890708
-5.06232533333 369.958178469
-5.05732266667 369.927490226
-5.05232 369.895169214
-5.04731733333 369.861354968
-5.04231466667 369.826016844
-5.037312 369.789046292
-5.03230933333 369.750362667
-5.02730666667 369.709908393
-5.022304 369.667574452
-5.01730133333 369.623318878
-5.01229866667 369.577341382
-5.007296 369.530056192
-5.00229333333 369.481940271
-4.99729066667 369.433476309
-4.992288 369.385179171
-4.98728533333 369.337509967
-4.98228266667 369.29080625
-4.97728 369.245362467
-4.97227733333 369.20142337
-4.96727466667 369.158937964
-4.962272 369.117493447
-4.95726933333 369.076613019
-4.95226666667 369.036098128
-4.947264 368.99614435
-4.94226133333 368.957224753
-4.93725866667 368.919914731
-4.932256 368.884771921
-4.92725333333 368.852230694
-4.92225066667 368.822574573
-4.917248 368.796003416
-4.91224533333 368.772762096
-4.90724266667 368.7531236
-4.90224 368.737250282
-4.89723733333 368.725165507
-4.89223466667 368.716790196
-4.887232 368.711928361
-4.88222933333 368.710290911
-4.87722666667 368.711619438
-4.872224 368.715574709
-4.86722133333 368.721516942
-4.86221866667 368.728603534
-4.857216 368.736019725
-4.85221333333 368.742970296
-4.84721066667 368.748624786
-4.842208 368.752216596
-4.83720533333 368.753196043
-4.83220266667 368.75126626
-4.8272 368.7462855
-4.82219733333 368.738260528
-4.81719466667 368.727367543
-4.812192 368.713813155
-4.80718933333 368.697802638
-4.80218666667 368.679608663
-4.797184 368.659592723
-4.79218133333 368.638304647
-4.78717866667 368.616517934
-4.782176 368.595036363
-4.77717333333 368.574452013
-4.77217066667 368.555104188
-4.767168 368.537208145
-4.76216533333 368.520906645
-4.75716266667 368.506272356
-4.75216 368.493377434
-4.74715733333 368.482422982
-4.74215466667 368.473778204
-4.737152 368.467839851
-4.73214933333 368.464890148
-4.72714666667 368.465091792
-4.722144 368.468433046
-4.71714133333 368.47472241
-4.71213866667 368.483674176
-4.707136 368.49490921
-4.70213333333 368.507890213
-4.69713066667 368.52178072
-4.692128 368.535404907
-4.68712533333 368.547403289
-4.68212266667 368.556470717
-4.67712 368.561751051
-4.67211733333 368.563253575
-4.66711466667 368.561993975
-4.662112 368.559788106
-4.65710933333 368.558946147
-4.65210666667 368.56189849
-4.647104 368.570659585
-4.64210133333 368.586317647
-4.63709866667 368.608782858
-4.632096 368.636940701
-4.62709333333 368.669133946
-4.62209066667 368.703618736
-4.617088 368.73896387
-4.61208533333 368.774250238
-4.60708266667 368.809018406
-4.60208 368.8431113
-4.59707733333 368.876614445
-4.59207466667 368.909897175
-4.587072 368.94348515
-4.58206933333 368.977819403
-4.57706666667 369.013129069
-4.572064 369.049386358
-4.56706133333 369.086318238
-4.56205866667 369.123574274
-4.557056 369.160975546
-4.55205333333 369.198658841
-4.54705066667 369.236916081
-4.542048 369.275821424
-4.53704533333 369.315071787
-4.53204266667 369.354172925
-4.52704 369.392738872
-4.52203733333 369.430636245
-4.51703466667 369.467758264
-4.512032 369.503734658
-4.50702933333 369.537981478
-4.50202666667 369.570046647
-4.497024 369.600004486
-4.49202133333 369.628490173
-4.48701866667 369.656391165
-4.482016 369.684461446
-4.47701333333 369.713049912
-4.47201066667 369.74197251
-4.467008 369.770627105
-4.46200533333 369.79839273
-4.45700266667 369.824903123
-4.452 369.850135635
-4.44699733333 369.874289635
-4.44199466667 369.897470004
-4.436992 369.919481594
-4.43198933333 369.939894743
-4.42698666667 369.958334161
-4.421984 369.974665048
-4.41698133333 369.989037172
-4.41197866667 370.001848612
-4.406976 370.013656834
-4.40197333333 370.024981913
-4.39697066667 370.036040262
-4.391968 370.046628048
-4.38696533333 370.0561625
-4.38196266667 370.063817695
-4.37696 370.068861953
-4.37195733333 370.071049314
-4.36695466667 370.070837805
-4.361952 370.069342985
-4.35694933333 370.067988686
-4.35194666667 370.068060644
-4.346944 370.070320984
-4.34194133333 370.074829738
-4.33693866667 370.080963827
-4.331936 370.087470383
-4.32693333333 370.092690151
-4.32193066667 370.095103021
-4.316928 370.093931347
-4.31192533333 370.089518164
-4.30692266667 370.083039282
-4.30192 370.075742416
-4.29691733333 370.068419903
-4.29191466667 370.061223755
-4.286912 370.053813245
-4.28190933333 370.045747853
-4.27690666667 370.036868877
-4.271904 370.027418564
-4.26690133333 370.017954556
-4.26189866667 370.009277316
-4.256896 370.002381675
-4.25189333333 369.998348699
-4.24689066667 369.998239405
-4.241888 370.002893166
-4.23688533333 370.012777869
-4.23188266667 370.027987124
-4.22688 370.048293497
-4.22187733333 370.073297653
-4.21687466667 370.102571712
-4.211872 370.135585213
-4.20686933333 370.171633393
-4.20186666667 370.209828477
-4.196864 370.249009138
-4.19186133333 370.287758082
-4.18685866667 370.324705951
-4.181856 370.358799017
-4.17685333333 370.389318477
-4.17185066667 370.415955778
-4.166848 370.438923541
-4.16184533333 370.458859392
-4.15684266667 370.476457837
-4.15184 370.492224721
-4.14683733333 370.506410666
-4.14183466667 370.518830647
-4.136832 370.528790819
-4.13182933333 370.53534097
-4.12682666667 370.537685155
-4.121824 370.53539501
-4.11682133333 370.528481032
-4.11181866667 370.517367648
-4.106816 370.502704544
-4.10181333333 370.48511929
-4.09681066667 370.465108748
-4.091808 370.443220618
-4.08680533333 370.420245741
-4.08180266667 370.397215998
-4.0768 370.375374295
-4.07179733333 370.356141134
-4.06679466667 370.340777118
-4.061792 370.329901952
-4.05678933333 370.323414151
-4.05178666667 370.320716663
-4.046784 370.320931033
-4.04178133333 370.323226691
-4.03677866667 370.327163191
-4.031776 370.332714819
-4.02677333333 370.340062906
-4.02177066667 370.349423986
-4.016768 370.360986981
-4.01176533333 370.374831574
-4.00676266667 370.390915007
-4.00176 370.409259126
-3.99675733333 370.43002817
-3.99175466667 370.453328198
-3.986752 370.479015717
-3.98174933333 370.506686383
-3.97674666667 370.535794389
-3.971744 370.565818837
-3.96674133333 370.596415589
-3.96173866667 370.627485622
-3.956736 370.659081987
-3.95173333333 370.691262868
-3.94673066667 370.723873685
-3.941728 370.756438735
-3.93672533333 370.788319466
-3.93172266667 370.819014803
-3.92672 370.84825504
-3.92171733333 370.875911447
-3.91671466667 370.901984323
-3.911712 370.926615556
-3.90670933333 370.950053687
-3.90170666667 370.972440104
-3.896704 370.993665939
-3.89170133333 371.013524882
-3.88669866667 371.031900895
-3.881696 371.048857826
-3.87669333333 371.064639736
-3.87169066667 371.079565626
-3.866688 371.093853696
-3.86168533333 371.107444077
-3.85668266667 371.120022934
-3.85168 371.131265122
-3.84667733333 371.140905184
-3.84167466667 371.148582204
-3.836672 371.153879038
-3.83166933333 371.156681745
-3.82666666667 371.157405644
-3.821664 371.156864127
-3.81666133333 371.156000063
-3.81165866667 371.155574296
-3.806656 371.155837756
-3.80165333333 371.156321547
-3.79665066667 371.15599519
-3.791648 371.153786332
-3.78664533333 371.149031139
-3.78164266667 371.141541717
-3.77664 371.131520212
-3.77163733333 371.119380833
-3.76663466667 371.105555906
-3.761632 371.090446319
-3.75662933333 371.07446595
-3.75162666667 371.058040846
-3.746624 371.041606446
-3.74162133333 371.025563408
-3.73661866667 371.010168848
-3.731616 370.995483881
-3.72661333333 370.98141922
-3.72161066667 370.967795821
-3.716608 370.954245051
-3.71160533333 370.940169499
-3.70660266667 370.925048287
-3.7016 370.908924724
-3.69659733333 370.892408787
-3.69159466667 370.876099433
-3.686592 370.860152523
-3.68158933333 370.844237672
-3.67658666667 370.82767947
-3.671584 370.809742553
-3.66658133333 370.78987881
-3.66157866667 370.767756753
-3.656576 370.743238237
-3.65157333333 370.71644876
-3.64657066667 370.687947301
-3.641568 370.658662055
-3.63656533333 370.629562841
-3.63156266667 370.60138582
-3.62656 370.574401974
-3.62155733333 370.548448379
-3.61655466667 370.523280646
-3.611552 370.498913962
-3.60654933333 370.475583879
-3.60154666667 370.453396584
-3.596544 370.432015812
-3.59154133333 370.410660196
-3.58653866667 370.388339107
-3.581536 370.364065211
-3.57653333333 370.337008311
-3.57153066667 370.306608246
-3.566528 370.272592502
-3.56152533333 370.235014387
-3.55652266667 370.194302981
-3.55152 370.151163057
-3.54651733333 370.106229355
-3.54151466667 370.059845106
-3.536512 370.012229286
-3.53150933333 369.963682192
-3.52650666667 369.914797581
-3.521504 369.86648266
-3.51650133333 369.81965855
-3.51149866667 369.77483108
-3.506496 369.731976785
-3.50149333333 369.690865742
-3.49649066667 369.65138987
-3.491488 369.613544173
-3.48648533333 369.577273358
-3.48148266667 369.542393629
-3.47648 369.508619211
-3.47147733333 369.475725875
-3.46647466667 369.44379704
-3.461472 369.413289558
-3.45646933333 369.384930431
-3.45146666667 369.359581238
-3.446464 369.338064815
-3.44146133333 369.321010799
-3.43645866667 369.308710111
-3.431456 369.300982702
-3.42645333333 369.297122712
-3.42145066667 369.295914361
-3.416448 369.295778834
-3.41144533333 369.295057271
-3.40644266667 369.292385579
-3.40144 369.286893552
-3.39643733333 369.278161545
-3.39143466667 369.26604265
-3.386432 369.250598036
-3.38142933333 369.232066606
-3.37642666667 369.210774357
-3.371424 369.187100596
-3.36642133333 369.161328527
-3.36141866667 369.133402074
-3.356416 369.102885048
-3.35141333333 369.069212776
-3.34641066667 369.03199317
-3.341408 368.991275861
-3.33640533333 368.947737954
-3.33140266667 368.902814463
-3.3264 368.858724068
-3.32139733333 368.818243293
-3.31639466667 368.784150194
-3.311392 368.75871681
-3.30638933333 368.743485266
-3.30138666667 368.739203981
-3.296384 368.745943091
-3.29138133333 368.763378727
-3.28637866667 368.791031332
-3.281376 368.828264678
-3.27637333333 368.874401075
-3.27137066667 368.928899784
-3.266368 368.99118033
-3.26136533333 369.06036704
-3.25636266667 369.135188085
-3.25136 369.213849118
-3.24635733333 369.293989288
-3.24135466667 369.372937617
-3.236352 369.448117434
-3.23134933333 369.517402824
-3.22634666667 369.579307929
-3.221344 369.63309265
-3.21634133333 369.678729963
-3.21133866667 369.716642893
-3.206336 369.747371498
-3.20133333333 369.771341871
-3.19633066667 369.788873722
-3.191328 369.800260387
-3.18632533333 369.805806868
-3.18132266667 369.805864555
-3.17632 369.800807796
-3.17131733333 369.791030562
-3.16631466667 369.776998703
-3.161312 369.759137227
-3.15630933333 369.737704508
-3.15130666667 369.712774296
-3.146304 369.684312549
-3.14130133333 369.652285804
-3.13629866667 369.616714571
-3.131296 369.577714556
-3.12629333333 369.535561642
-3.12129066667 369.490699357
-3.116288 369.443772433
-3.11128533333 369.395624005
-3.10628266667 369.34721663
-3.10128 369.299475185
-3.09627733333 369.253164291
-3.09127466667 369.20880117
-3.086272 369.166761796
-3.08126933333 369.12745387
-3.07626666667 369.091254142
-3.071264 369.058406806
-3.06626133333 369.029083721
-3.06125866667 369.003561938
-3.056256 368.982519005
-3.05125333333 368.967135571
-3.04625066667 368.958591571
-3.041248 368.957137746
-3.03624533333 368.961534057
-3.03124266667 368.969228405
-3.02624 368.976990038
-3.02123733333 368.981716457
-3.01623466667 368.981208799
-3.011232 368.974555891
-3.00622933333 368.961966113
-3.00122666667 368.944329525
-2.996224 368.922906202
-2.99122133333 368.899076707
-2.98621866667 368.874021709
-2.981216 368.84846653
-2.97621333333 368.822729648
-2.97121066667 368.797113119
-2.966208 368.772162433
-2.96120533333 368.748643729
-2.95620266667 368.727369172
-2.9512 368.708955607
-2.94619733333 368.693669925
-2.94119466667 368.681479026
-2.936192 368.672181759
-2.93118933333 368.66548007
-2.92618666667 368.660987001
-2.921184 368.658228674
-2.91618133333 368.656559611
-2.91117866667 368.65518895
-2.906176 368.65347707
-2.90117333333 368.651110739
-2.89617066667 368.648048991
-2.891168 368.644392815
-2.88616533333 368.640316137
-2.88116266667 368.636085214
-2.87616 368.632124044
-2.87115733333 368.628901978
-2.86615466667 368.626715721
-2.861152 368.625620536
-2.85614933333 368.625489125
-2.85114666667 368.626083975
-2.846144 368.627130498
-2.84114133333 368.628376097
-2.83613866667 368.62956041
-2.831136 368.630517465
-2.82613333333 368.631440945
-2.82113066667 368.633015594
-2.816128 368.636308857
-2.81112533333 368.642413426
-2.80612266667 368.652084814
-2.80112 368.665624008
-2.79611733333 368.682934929
-2.79111466667 368.703596616
-2.786112 368.726927716
-2.78110933333 368.752138856
-2.77610666667 368.778413703
-2.771104 368.804918788
-2.76610133333 368.830880339
-2.76109866667 368.855769352
-2.756096 368.879539925
-2.75109333333 368.90280155
-2.74609066667 368.926725146
-2.741088 368.9526921
-2.73608533333 368.981792253
-2.73108266667 369.014453477
-2.72608 369.050475462
-2.72107733333 369.089332052
-2.71607466667 369.130299057
-2.711072 369.172445998
-2.70606933333 369.214716722
-2.70106666667 369.256085941
-2.696064 369.295873328
-2.69106133333 369.33397576
-2.68605866667 369.370831637
-2.681056 369.407211413
-2.67605333333 369.444001517
-2.67105066667 369.482080607
-2.666048 369.522202519
-2.66104533333 369.564763142
-2.65604266667 369.609669217
-2.65104 369.656514025
-2.64603733333 369.704742716
-2.64103466667 369.753856285
-2.636032 369.803506418
-2.63102933333 369.853304598
-2.62602666667 369.902763518
-2.621024 369.951483559
-2.61602133333 369.999227673
-2.61101866667 370.045761862
-2.606016 370.090765083
-2.60101333333 370.133839458
-2.59601066667 370.174466028
-2.591008 370.212041614
-2.58600533333 370.246024294
-2.58100266667 370.27605648
-2.576 370.302003519
-2.57099733333 370.323903778
-2.56599466667 370.341886316
-2.560992 370.356146821
-2.55598933333 370.366935387
-2.55098666667 370.37460237
-2.545984 370.379593554
-2.54098133333 370.382357026
-2.53597866667 370.383267084
-2.530976 370.382491924
-2.52597333333 370.37993902
-2.52097066667 370.375328592
-2.515968 370.368401726
-2.51096533333 370.359057892
-2.50596266667 370.347429156
-2.50096 370.333925598
-2.49595733333 370.319160356
-2.49095466667 370.303737675
-2.485952 370.287914663
-2.48094933333 370.271479892
-2.47594666667 370.254041971
-2.470944 370.235390085
-2.46594133333 370.215741349
-2.46093866667 370.19582263
-2.455936 370.176693596
-2.45093333333 370.15932505
-2.44593066667 370.144195374
-2.440928 370.131134492
-2.43592533333 370.119501899
-2.43092266667 370.108500524
-2.42592 370.09737635
-2.42091733333 370.085695971
-2.41591466667 370.073621495
-2.410912 370.061697256
-2.40590933333 370.050131893
-2.40090666667 370.038292463
-2.395904 370.024884159
-2.39090133333 370.00849316
-2.38589866667 369.988139023
-2.380896 369.963521849
-2.37589333333 369.934977382
-2.37089066667 369.903238186
-2.365888 369.869168582
-2.36088533333 369.833535792
-2.35588266667 369.796850715
-2.35088 369.759453359
-2.34587733333 369.721605587
-2.34087466667 369.683539996
-2.335872 369.64555401
-2.33086933333 369.607902754
-2.32586666667 369.570623132
-2.320864 369.533443399
-2.31586133333 369.495734555
-2.31085866667 369.456580145
-2.305856 369.414937553
-2.30085333333 369.369790505
-2.29585066667 369.320410988
-2.290848 369.266606917
-2.28584533333 369.20878227
-2.28084266667 369.147835824
-2.27584 369.084909072
-2.27083733333 369.021106702
-2.26583466667 368.95738123
-2.260832 368.894545862
-2.25582933333 368.833256967
-2.25082666667 368.774060135
-2.245824 368.717505832
-2.24082133333 368.664099227
-2.23581866667 368.614121003
-2.230816 368.567529015
-2.22581333333 368.52394317
-2.22081066667 368.482846282
-2.215808 368.443962338
-2.21080533333 368.407516488
-2.20580266667 368.374113703
-2.2008 368.344411852
-2.19579733333 368.319031442
-2.19079466667 368.298619804
-2.185792 368.283835899
-2.18078933333 368.275289943
-2.17578666667 368.273375378
-2.170784 368.278093431
-2.16578133333 368.289054712
-2.16077866667 368.305583444
-2.155776 368.326925285
-2.15077333333 368.352339217
-2.14577066667 368.38107344
-2.140768 368.412389673
-2.13576533333 368.445688697
-2.13076266667 368.480660807
-2.12576 368.517175505
-2.12075733333 368.554938353
-2.11575466667 368.593297807
-2.110752 368.631390092
-2.10574933333 368.668328264
-2.10074666667 368.703357925
-2.095744 368.736213954
-2.09074133333 368.767269921
-2.08573866667 368.797111493
-2.080736 368.82615571
-2.07573333333 368.854703477
-2.07073066667 368.883090075
-2.065728 368.911724312
-2.06072533333 368.940979423
-2.05572266667 368.971090648
-2.05072 369.002079713
-2.04571733333 369.033782228
-2.04071466667 369.066108942
-2.035712 369.099398373
-2.03070933333 369.13447979
-2.02570666667 369.172352974
-2.020704 369.2136987
-2.01570133333 369.258652543
-2.01069866667 369.306982391
-2.005696 369.358275301
-2.00069333333 369.411941433
-1.99569066667 369.467239722
-1.990688 369.523469416
-1.98568533333 369.580327639
-1.98068266667 369.638092883
-1.97568 369.697437196
-1.97067733333 369.758960345
-1.96567466667 369.822828062
-1.960672 369.888676477
-1.95566933333 369.955820909
-1.95066666667 370.023422511
-1.945664 370.090522458
-1.94066133333 370.156201368
-1.93565866667 370.219806558
-1.930656 370.281014575
-1.92565333333 370.339770226
-1.92065066667 370.396244641
-1.915648 370.450741909
-1.91064533333 370.503522611
-1.90564266667 370.554602249
-1.90064 370.603661653
-1.89563733333 370.650158978
-1.89063466667 370.693674643
-1.885632 370.734134048
-1.88062933333 370.771789083
-1.87562666667 370.807048163
-1.870624 370.840318643
-1.86562133333 370.871964418
-1.86061866667 370.902239442
-1.855616 370.931146865
-1.85061333333 370.958440186
-1.84561066667 370.983834554
-1.840608 371.007196679
-1.83560533333 371.028500272
-1.83060266667 371.047722752
-1.8256 371.06483041
-1.82059733333 371.07979824
-1.81559466667 371.092626317
-1.810592 371.103244226
-1.80558933333 371.11152788
-1.80058666667 371.117453454
-1.795584 371.121224108
-1.79058133333 371.123309304
-1.78557866667 371.124252155
-1.780576 371.124488218
-1.77557333333 371.124249168
-1.77057066667 371.12356638
-1.765568 371.122527209
-1.76056533333 371.121509304
-1.75556266667 371.120941569
-1.75056 371.120807901
-1.74555733333 371.120344283
-1.74055466667 371.118295132
-1.735552 371.113505372
-1.73054933333 371.105460558
-1.72554666667 371.094433755
-1.720544 371.081135329
-1.71554133333 371.066328495
-1.71053866667 371.050739286
-1.705536 371.035028343
-1.70053333333 371.019669835
-1.69553066667 371.004839684
-1.690528 370.990421559
-1.68552533333 370.976148772
-1.68052266667 370.961824681
-1.67552 370.947479506
-1.67051733333 370.933326341
-1.66551466667 370.919635959
-1.660512 370.906630088
-1.65550933333 370.894372567
-1.65050666667 370.882789377
-1.645504 370.871673155
-1.64050133333 370.860652925
-1.63549866667 370.8494317
-1.630496 370.837937297
-1.62549333333 370.826197742
-1.62049066667 370.814283006
-1.615488 370.802431343
-1.61048533333 370.791057894
-1.60548266667 370.780482177
-1.60048 370.770736718
-1.59547733333 370.761604181
-1.59047466667 370.752752166
-1.585472 370.743930914
-1.58046933333 370.735096473
-1.57546666667 370.72643287
-1.570464 370.718203768
-1.56546133333 370.710602799
-1.56045866667 370.703799264
-1.555456 370.698016999
-1.55045333333 370.693487154
-1.54545066667 370.690369768
-1.540448 370.688723322
-1.53544533333 370.688586686
-1.53044266667 370.690088933
-1.52544 370.69354196
-1.52043733333 370.699606362
-1.51543466667 370.709289595
-1.510432 370.72362382
-1.50542933333 370.743418143
-1.50042666667 370.769305758
-1.495424 370.801755169
-1.49042133333 370.841007364
-1.48541866667 370.887204219
-1.480416 370.940582829
-1.47541333333 371.001698728
-1.47041066667 371.071655306
-1.465408 371.152100264
-1.46040533333 371.244852001
-1.45540266667 371.35139883
-1.4504 371.472540026
-1.44539733333 371.608260602
-1.44039466667 371.757872215
-1.435392 371.920313316
-1.43038933333 372.09428356
-1.42538666667 372.278254647
-1.420384 372.470427407
-1.41538133333 372.668575427
-1.41037866667 372.87006398
-1.405376 373.072091725
-1.40037333333 373.271952872
-1.39537066667 373.467185839
-1.390368 373.655713025
-1.38536533333 373.83595778
-1.38036266667 374.006738369
-1.37536 374.167147429
-1.37035733333 374.316553474
-1.36535466667 374.454416489
-1.360352 374.580005374
-1.35534933333 374.692403674
-1.35034666667 374.790891772
-1.345344 374.87531828
-1.34034133333 374.946199488
-1.33533866667 375.004563805
-1.330336 375.051780474
-1.32533333333 375.089454485
-1.32033066667 375.11939129
-1.315328 375.143483423
-1.31032533333 375.163442976
-1.30532266667 375.180520547
-1.30032 375.195366546
-1.29531733333 375.207920799
-1.29031466667 375.217209064
-1.285312 375.221384268
-1.28030933333 375.218427093
-1.27530666667 375.207180096
-1.270304 375.187974179
-1.26530133333 375.162560696
-1.26029866667 375.133593316
-1.255296 375.103888091
-1.25029333333 375.075835908
-1.24529066667 375.051204506
-1.240288 375.031120353
-1.23528533333 375.016334967
-1.23028266667 375.007705905
-1.22528 375.0060923
-1.22027733333 375.011523664
-1.21527466667 375.022684637
-1.210272 375.037340942
-1.20526933333 375.053164836
-1.20026666667 375.068374776
-1.195264 375.082075707
-1.19026133333 375.094246694
-1.18525866667 375.105557389
-1.180256 375.117119563
-1.17525333333 375.130160138
-1.17025066667 375.145689036
-1.165248 375.164232368
-1.16024533333 375.185840832
-1.15524266667 375.210346427
-1.15024 375.237475504
-1.14523733333 375.266757597
-1.14023466667 375.297418511
-1.135232 375.328336303
-1.13022933333 375.358150858
-1.12522666667 375.385568324
-1.120224 375.409802908
-1.11522133333 375.430926446
-1.11021866667 375.449749893
-1.105216 375.46716728
-1.10021333333 375.4835575
-1.09521066667 375.498682945
-1.090208 375.512047641
-1.08520533333 375.523284592
-1.08020266667 375.532314271
-1.0752 375.539307116
-1.07019733333 375.544506891
-1.06519466667 375.547995065
-1.060192 375.549511798
-1.05518933333 375.548581583
-1.05018666667 375.544792892
-1.045184 375.5380404
-1.04018133333 375.528648765
-1.03517866667 375.51713984
-1.030176 375.503877217
-1.02517333333 375.488912112
-1.02017066667 375.472111385
-1.015168 375.453144708
-1.01016533333 375.431416114
-1.00516266667 375.406111351
-1.00016 375.376328091
-0.995157333333 375.34125533
-0.990154666667 375.300318971
-0.985152 375.253327713
-0.980149333333 375.200557054
-0.975146666667 375.142539897
-0.970144 375.079756497
-0.965141333333 375.01251438
-0.960138666667 374.940889307
-0.955136 374.86459095
-0.950133333333 374.783041642
-0.945130666667 374.695695862
-0.940128 374.602311779
-0.935125333333 374.502930035
-0.930122666667 374.397746332
-0.92512 374.287049655
-0.920117333333 374.17107291
-0.915114666667 374.049987012
-0.910112 373.9239427
-0.905109333333 373.792950943
-0.900106666667 373.656832274
-0.895104 373.515388275
-0.890101333333 373.368548329
-0.885098666667 373.216556932
-0.880096 373.060195157
-0.875093333333 372.900625389
-0.870090666667 372.73892419
-0.865088 372.575576891
-0.860085333333 372.410342621
-0.855082666667 372.242819983
-0.85008 372.073252737
-0.845077333333 371.902963475
-0.840074666667 371.734221369
-0.835072 371.569691953
-0.830069333333 371.411705842
-0.825066666667 371.261662864
-0.820064 371.11994689
-0.815061333333 370.986261296
-0.810058666667 370.859930358
-0.805056 370.740212683
-0.800053333333 370.626651346
-0.795050666667 370.519150011
-0.790048 370.41779376
-0.785045333333 370.322597007
-0.780042666667 370.233248176
-0.77504 370.1490941
-0.770037333333 370.069346276
-0.765034666667 369.993361091
-0.760032 369.920689848
-0.755029333333 369.851080594
-0.750026666667 369.784428249
-0.745024 369.720516133
-0.740021333333 369.659043831
-0.735018666667 369.599899019
-0.730016 369.543216666
-0.725013333333 369.489235925
-0.720010666667 369.438129071
-0.715008 369.389962553
-0.710005333333 369.344842899
-0.705002666667 369.302947582
-0.7 369.264398311
-0.694997333333 369.2291843
-0.689994666667 369.197402307
-0.684992 369.169413164
-0.679989333333 369.14573409
-0.674986666667 369.12698117
-0.669984 369.113748718
-0.664981333333 369.106374986
-0.659978666667 369.104797452
-0.654976 369.108531471
-0.649973333333 369.116788596
-0.644970666667 369.128629699
-0.639968 369.143009659
-0.634965333333 369.158756071
-0.629962666667 369.17469599
-0.62496 369.189856355
-0.619957333333 369.203484244
-0.614954666667 369.214946251
-0.609952 369.223807597
-0.604949333333 369.229921552
-0.599946666667 369.233399107
-0.594944 369.234517381
-0.589941333333 369.233553037
-0.584938666667 369.230666037
-0.579936 369.226054889
-0.574933333333 369.220136949
-0.569930666667 369.21348439
-0.564928 369.206694824
-0.559925333333 369.200313888
-0.554922666667 369.194797474
-0.54992 369.190429093
-0.544917333333 369.187275841
-0.539914666667 369.185236563
-0.534912 369.184167669
-0.529909333333 369.18399835
-0.524906666667 369.184732231
-0.519904 369.186310368
-0.514901333333 369.188574281
-0.509898666667 369.191358114
-0.504896 369.194565189
-0.499893333333 369.1982154
-0.494890666667 369.202451871
-0.489888 369.207484005
-0.484885333333 369.21355694
-0.479882666667 369.221005052
-0.47488 369.230262584
-0.469877333333 369.241594653
-0.464874666667 369.254820121
-0.459872 369.269316041
-0.454869333333 369.284278419
-0.449866666667 369.299050114
-0.444864 369.313247015
-0.439861333333 369.326721857
-0.434858666667 369.33946914
-0.429856 369.351617947
-0.424853333333 369.363422473
-0.419850666667 369.375061722
-0.414848 369.386454643
-0.409845333333 369.397214861
-0.404842666667 369.40680836
-0.39984 369.41476451
-0.394837333333 369.420890035
-0.389834666667 369.425449194
-0.384832 369.429081315
-0.379829333333 369.432412145
-0.374826666667 369.43573296
-0.369824 369.439052655
-0.364821333333 369.442289558
-0.359818666667 369.445388426
-0.354816 369.448360935
-0.349813333333 369.451208503
-0.344810666667 369.453867882
-0.339808 369.456194867
-0.334805333333 369.458057319
-0.329802666667 369.459475261
-0.3248 369.460590616
-0.319797333333 369.461647031
-0.314794666667 369.463002656
-0.309792 369.465080062
-0.304789333333 369.468266886
-0.299786666667 369.472784481
-0.294784 369.478662889
-0.289781333333 369.485890252
-0.284778666667 369.494429551
-0.279776 369.504131502
-0.274773333333 369.514808308
-0.269770666667 369.526346397
-0.264768 369.538557034
-0.259765333333 369.550931698
-0.254762666667 369.562827044
-0.24976 369.573874388
-0.244757333333 369.58414764
-0.239754666667 369.594060406
-0.234752 369.604160837
-0.229749333333 369.614921452
-0.224746666667 369.626538253
-0.219744 369.638779865
-0.214741333333 369.651145054
-0.209738666667 369.663149113
-0.204736 369.674474219
-0.199733333333 369.684996528
-0.194730666667 369.694746801
-0.189728 369.703790241
-0.184725333333 369.712102055
-0.179722666667 369.719690305
-0.17472 369.7267508
-0.169717333333 369.733689102
-0.164714666667 369.741054614
-0.159712 369.749320671
-0.154709333333 369.758754499
-0.149706666667 369.769434574
-0.144704 369.781218057
-0.139701333333 369.793780392
-0.134698666667 369.806696915
-0.129696 369.819573365
-0.124693333333 369.832151036
-0.119690666667 369.844318016
-0.114688 369.856058602
-0.109685333333 369.867456143
-0.104682666667 369.87875908
-0.09968 369.890274362
