（-9.49969,1.5），（-6.90331,1.5），（-1.90064,1.5）
-9.99995733333 291.857867978
-9.99495466667 291.858625628
-9.989952 291.857841452
-9.98494933333 291.854532011
-9.97994666667 291.848700914
-9.974944 291.841064557
-9.96994133333 291.832271122
-9.96493866667 291.822437598
-9.959936 291.811485991
-9.95493333333 291.79948174
-9.94993066667 291.786429513
-9.944928 291.771915175
-9.93992533333 291.755707129
-9.93492266667 291.738641664
-9.92992 291.721905586
-9.92491733333 291.705787688
-9.91991466667 291.690003941
-9.914912 291.674681078
-9.90990933333 291.660200927
-9.90490666667 291.646315313
-9.899904 291.632323057
-9.89490133333 291.618225226
-9.88989866667 291.604857509
-9.884896 291.592349168
-9.87989333333 291.579036256
-9.87489066667 291.562798451
-9.869888 291.542845914
-9.86488533333 291.519490502
-9.85988266667 291.493381357
-9.85488 291.465156602
-9.84987733333 291.43531972
-9.84487466667 291.403984202
-9.839872 291.371099113
-9.83486933333 291.337036229
-9.82986666667 291.303159404
-9.824864 291.271338014
-9.81986133333 291.242940803
-9.81485866667 291.218244837
-9.809856 291.196951594
-9.80485333333 291.179076286
-9.79985066667 291.165049937
-9.794848 291.155052879
-9.78984533333 291.148553058
-9.78484266667 291.144439746
-9.77984 291.141885995
-9.77483733333 291.140918667
-9.76983466667 291.142029584
-9.764832 291.14518416
-9.75982933333 291.149412885
-9.75482666667 291.153563236
-9.749824 291.157054158
-9.74482133333 291.159809543
-9.73981866667 291.161840518
-9.734816 291.163168671
-9.72981333333 291.163956023
-9.72481066667 291.164186352
-9.719808 291.163690258
-9.71480533333 291.162670612
-9.70980266667 291.161675877
-9.7048 291.161057567
-9.69979733333 291.16109908
-9.69479466667 291.162487266
-9.689792 291.165964429
-9.68478933333 291.171194202
-9.67978666667 291.176664467
-9.674784 291.180638621
-9.66978133333 291.18195264
-9.66477866667 291.180396878
-9.659776 291.176758767
-9.65477333333 291.172353891
-9.64977066667 291.168495272
-9.644768 291.165750587
-9.63976533333 291.163770601
-9.63476266667 291.16179963
-9.62976 291.159245144
-9.62475733333 291.155897266
-9.61975466667 291.152117788
-9.614752 291.148826167
-9.60974933333 291.146847585
-9.60474666667 291.14624044
-9.599744 291.146857664
-9.59474133333 291.149049188
-9.58973866667 291.153115664
-9.584736 291.158380359
-9.57973333333 291.163738996
-9.57473066667 291.168466383
-9.569728 291.172671779
-9.56472533333 291.17714025
-9.55972266667 291.182585131
-9.55472 291.18913049
-9.54971733333 291.196680709
-9.54471466667 291.205442837
-9.539712 291.216250298
-9.53470933333 291.230099523
-9.52970666667 291.247399442
-9.524704 291.267834956
-9.51970133333 291.290758174
-9.51469866667 291.315524691
-9.509696 291.341093163
-9.50469333333 291.365687166
-9.49969066667 291.387292136
-9.494688 291.404237256
-9.48968533333 291.415546615
-9.48468266667 291.421157904
-9.47968 291.421908554
-9.47467733333 291.419110555
-9.46967466667 291.413945926
-9.464672 291.40732112
-9.45966933333 291.40022199
-9.45466666667 291.393708421
-9.449664 291.388704325
-9.44466133333 291.385727822
-9.43965866667 291.385027571
-9.434656 291.386936962
-9.42965333333 291.391645738
-9.42465066667 291.398859232
-9.419648 291.408001897
-9.41464533333 291.418609399
-9.40964266667 291.430658742
-9.40464 291.444421629
-9.39963733333 291.460168024
-9.39463466667 291.478107317
-9.389632 291.498035621
-9.38462933333 291.519309474
-9.37962666667 291.541488314
-9.374624 291.564657121
-9.36962133333 291.589048294
-9.36461866667 291.614671293
-9.359616 291.641031067
-9.35461333333 291.667051442
-9.34961066667 291.690919456
-9.344608 291.709859305
-9.33960533333 291.721103346
-9.33460266667 291.723417297
-9.3296 291.717517417
-9.32459733333 291.70541299
-9.31959466667 291.689654389
-9.314592 291.672764193
-9.30958933333 291.656955768
-9.30458666667 291.643859709
-9.299584 291.634071396
-9.29458133333 291.627590029
-9.28957866667 291.624776593
-9.284576 291.626152554
-9.27957333333 291.631860211
-9.27457066667 291.641670288
-9.269568 291.655371951
-9.26456533333 291.672224803
-9.25956266667 291.690719533
-9.25456 291.709398518
-9.24955733333 291.727326808
-9.24455466667 291.74409349
-9.239552 291.760056523
-9.23454933333 291.775926294
-9.22954666667 291.792019058
-9.224544 291.807931775
-9.21954133333 291.823204291
-9.21453866667 291.837962246
-9.209536 291.85278217
-9.20453333333 291.867811732
-9.19953066667 291.882308809
-9.194528 291.895132773
-9.18952533333 291.905490309
-9.18452266667 291.913243893
-9.17952 291.918795454
-9.17451733333 291.922668035
-9.16951466667 291.925089826
-9.164512 291.925977331
-9.15950933333 291.925512188
-9.15450666667 291.924445951
-9.149504 291.923622491
-9.14450133333 291.923371007
-9.13949866667 291.923275987
-9.134496 291.922550579
-9.12949333333 291.920565923
-9.12449066667 291.917246441
-9.119488 291.913065874
-9.11448533333 291.908357676
-9.10948266667 291.902778008
-9.10448 291.895689186
-9.09947733333 291.887350453
-9.09447466667 291.878854858
-9.089472 291.870954227
-9.08446933333 291.863471151
-9.07946666667 291.855544519
-9.074464 291.846326095
-9.06946133333 291.835430101
-9.06445866667 291.82280262
-9.059456 291.808382945
-9.05445333333 291.791667439
-9.04945066667 291.771871334
-9.044448 291.748786053
-9.03944533333 291.723403316
-9.03444266667 291.697465772
-9.02944 291.67226761
-9.02443733333 291.647888825
-9.01943466667 291.623808849
-9.014432 291.599556022
-9.00942933333 291.574801578
-9.00442666667 291.549258526
-8.999424 291.523059503
-8.99442133333 291.497048407
-8.98941866667 291.472207504
-8.984416 291.448814851
-8.97941333333 291.426320286
-8.97441066667 291.403708947
-8.969408 291.379634118
-8.96440533333 291.35223808
-8.95940266667 291.31982625
-8.9544 291.281977048
-8.94939733333 291.23995489
-8.94439466667 291.19620561
-8.939392 291.153710936
-8.93438933333 291.11471832
-8.92938666667 291.079647787
-8.924384 291.047076904
-8.91938133333 291.014598911
-8.91437866667 290.979967236
-8.909376 290.941909661
-8.90437333333 290.900192233
-8.89937066667 290.855413049
-8.894368 290.808922467
-8.88936533333 290.762296318
-8.88436266667 290.716685278
-8.87936 290.672988867
-8.87435733333 290.631995199
-8.86935466667 290.593907832
-8.864352 290.558436218
-8.85934933333 290.525388147
-8.85434666667 290.494584759
-8.849344 290.46493854
-8.84434133333 290.434440113
-8.83933866667 290.401543317
-8.834336 290.366412385
-8.82933333333 290.330611477
-8.82433066667 290.295596136
-8.819328 290.261907114
-8.81432533333 290.229393849
-8.80932266667 290.197878595
-8.80432 290.167647528
-8.79931733333 290.139813938
-8.79431466667 290.115956811
-8.789312 290.09694681
-8.78430933333 290.082115993
-8.77930666667 290.069677996
-8.774304 290.058085992
-8.76930133333 290.046807541
-8.76429866667 290.035849419
-8.759296 290.025299908
-8.75429333333 290.015546098
-8.74929066667 290.007307259
-8.744288 290.001133503
-8.73928533333 289.997278458
-8.73428266667 289.99581081
-8.72928 289.996550612
-8.72427733333 289.999212341
-8.71927466667 290.003601946
-8.714272 290.009640267
-8.70926933333 290.017341559
-8.70426666667 290.026759699
-8.699264 290.037754932
-8.69426133333 290.049978307
-8.68925866667 290.063580457
-8.684256 290.079477815
-8.67925333333 290.098809595
-8.67425066667 290.122282752
-8.669248 290.149734825
-8.66424533333 290.180147066
-8.65924266667 290.212301619
-8.65424 290.245314664
-8.64923733333 290.278583984
-8.64423466667 290.311267159
-8.639232 290.342466771
-8.63422933333 290.371817003
-8.62922666667 290.399373247
-8.624224 290.425129734
-8.61922133333 290.449328019
-8.61421866667 290.472497485
-8.609216 290.494833216
-8.60421333333 290.516004946
-8.59921066667 290.535719716
-8.594208 290.554082726
-8.58920533333 290.571410628
-8.58420266667 290.587947907
-8.5792 290.603724046
-8.57419733333 290.618695044
-8.56919466667 290.632979955
-8.564192 290.646784619
-8.55918933333 290.660349479
-8.55418666667 290.673864104
-8.549184 290.687146478
-8.54418133333 290.699362234
-8.53917866667 290.709989344
-8.534176 290.719771759
-8.52917333333 290.729975524
-8.52417066667 290.740613939
-8.519168 290.750258771
-8.51416533333 290.757390671
-8.50916266667 290.761743748
-8.50416 290.764268288
-8.49915733333 290.766089381
-8.49415466667 290.767897417
-8.489152 290.769797749
-8.48414933333 290.771337721
-8.47914666667 290.772118053
-8.474144 290.772305803
-8.46914133333 290.772436999
-8.46413866667 290.773034492
-8.459136 290.77446098
-8.45413333333 290.777110194
-8.44913066667 290.781212966
-8.444128 290.786406453
-8.43912533333 290.792077347
-8.43412266667 290.797897398
-8.42912 290.80371248
-8.42411733333 290.80929571
-8.41911466667 290.814506436
-8.414112 290.819580695
-8.40910933333 290.824959101
-8.40410666667 290.830563217
-8.399104 290.835797683
-8.39410133333 290.840815099
-8.38909866667 290.846722045
-8.384096 290.854485454
-8.37909333333 290.864461758
-8.37409066667 290.876632857
-8.369088 290.890405333
-8.36408533333 290.904871448
-8.35908266667 290.920040155
-8.35408 290.936959962
-8.34907733333 290.956169989
-8.34407466667 290.976922085
-8.339072 290.998278203
-8.33406933333 291.019987182
-8.32906666667 291.042071058
-8.324064 291.064308815
-8.31906133333 291.086412365
-8.31405866667 291.10841485
-8.309056 291.13066636
-8.30405333333 291.153385057
-8.29905066667 291.176606746
-8.294048 291.200648118
-8.28904533333 291.226019578
-8.28404266667 291.252470719
-8.27904 291.278904423
-8.27403733333 291.304497451
-8.26903466667 291.329317732
-8.264032 291.353619913
-8.25902933333 291.377136465
-8.25402666667 291.398950467
-8.249024 291.418032542
-8.24402133333 291.433716216
-8.23901866667 291.445856986
-8.234016 291.45496798
-8.22901333333 291.462075415
-8.22401066667 291.46805974
-8.219008 291.473607818
-8.21400533333 291.47948159
-8.20900266667 291.486647501
-8.204 291.49586234
-8.19899733333 291.507299183
-8.19399466667 291.52054408
-8.188992 291.53486885
-8.18398933333 291.549451383
-8.17898666667 291.563586138
-8.173984 291.577009514
-8.16898133333 291.589755744
-8.16397866667 291.601557662
-8.158976 291.611817825
-8.15397333333 291.620342859
-8.14897066667 291.627340507
-8.143968 291.632834192
-8.13896533333 291.636708845
-8.13396266667 291.63909642
-8.12896 291.640493659
-8.12395733333 291.64160311
-8.11895466667 291.643397528
-8.113952 291.647218
-8.10894933333 291.654225984
-8.10394666667 291.664529679
-8.098944 291.67712006
-8.09394133333 291.690771537
-8.08893866667 291.704842323
-8.083936 291.719256537
-8.07893333333 291.733937251
-8.07393066667 291.748395281
-8.068928 291.762097411
-8.06392533333 291.775050578
-8.05892266667 291.787830517
-8.05392 291.801292675
-8.04891733333 291.815795987
-8.04391466667 291.830563258
-8.038912 291.844479174
-8.03390933333 291.857465708
-8.02890666667 291.87043364
-8.023904 291.883906114
-8.01890133333 291.897422553
-8.01389866667 291.910156537
-8.008896 291.921512311
-8.00389333333 291.931210214
-7.99889066667 291.939115619
-7.993888 291.945204834
-7.98888533333 291.949466029
-7.98388266667 291.952102629
-7.97888 291.953773238
-7.97387733333 291.955543267
-7.96887466667 291.958421349
-7.963872 291.962661717
-7.95886933333 291.967985011
-7.95386666667 291.974218952
-7.948864 291.98122643
-7.94386133333 291.988379047
-7.93885866667 291.994745712
-7.933856 291.999416273
-7.92885333333 292.00152304
-7.92385066667 292.000412028
-7.918848 291.996078716
-7.91384533333 291.989127727
-7.90884266667 291.980094447
-7.90384 291.968911185
-7.89883733333 291.955333264
-7.89383466667 291.939628738
-7.888832 291.92260666
-7.88382933333 291.905297276
-7.87882666667 291.888897388
-7.873824 291.874238689
-7.86882133333 291.861160646
-7.86381866667 291.848853668
-7.858816 291.836614565
-7.85381333333 291.824426157
-7.84881066667 291.812875135
-7.843808 291.802291272
-7.83880533333 291.792217706
-7.83380266667 291.78198398
-7.8288 291.771090545
-7.82379733333 291.759248463
-7.81879466667 291.746584168
-7.813792 291.733173896
-7.80878933333 291.718579232
-7.80378666667 291.702209055
-7.798784 291.684181551
-7.79378133333 291.665568823
-7.78877866667 291.647578247
-7.783776 291.630676993
-7.77877333333 291.614547076
-7.77377066667 291.598706795
-7.768768 291.582958855
-7.76376533333 291.56719896
-7.75876266667 291.551222057
-7.75376 291.534709249
-7.74875733333 291.517215308
-7.74375466667 291.49821379
-7.738752 291.47781935
-7.73374933333 291.457188398
-7.72874666667 291.437583445
-7.723744 291.419243477
-7.71874133333 291.401562145
-7.71373866667 291.384080267
-7.708736 291.366963168
-7.70373333333 291.350614394
-7.69873066667 291.335323208
-7.693728 291.321051533
-7.68872533333 291.307168526
-7.68372266667 291.292823181
-7.67872 291.277794827
-7.67371733333 291.262902853
-7.66871466667 291.249166845
-7.663712 291.236738172
-7.65870933333 291.225060657
-7.65370666667 291.213753956
-7.648704 291.203156423
-7.64370133333 291.194114505
-7.63869866667 291.18754167
-7.633696 291.183741031
-7.62869333333 291.182077239
-7.62369066667 291.181636849
-7.618688 291.182112609
-7.61368533333 291.184045615
-7.60868266667 291.18814745
-7.60368 291.194401271
-7.59867733333 291.202339303
-7.59367466667 291.212104316
-7.588672 291.224438509
-7.58366933333 291.239620865
-7.57866666667 291.256980764
-7.573664 291.275366336
-7.56866133333 291.293654085
-7.56365866667 291.310865965
-7.558656 291.326535447
-7.55365333333 291.340890334
-7.54865066667 291.354182281
-7.543648 291.366034246
-7.53864533333 291.375923119
-7.53364266667 291.383849518
-7.52864 291.390282094
-7.52363733333 291.395532058
-7.51863466667 291.399621442
-7.513632 291.402650598
-7.50862933333 291.404985334
-7.50362666667 291.407039451
-7.498624 291.409139886
-7.49362133333 291.411231846
-7.48861866667 291.412857421
-7.483616 291.413238244
-7.47861333333 291.411854438
-7.47361066667 291.409021644
-7.468608 291.405613733
-7.46360533333 291.402084621
-7.45860266667 291.398095381
-7.4536 291.392840847
-7.44859733333 291.385988712
-7.44359466667 291.378011987
-7.438592 291.369707334
-7.43358933333 291.3617319
-7.42858666667 291.354251481
-7.423584 291.34673177
-7.41858133333 291.338761496
-7.41357866667 291.330826217
-7.408576 291.323839356
-7.40357333333 291.317980353
-7.39857066667 291.31273652
-7.393568 291.307696801
-7.38856533333 291.302796017
-7.38356266667 291.2980065
-7.37856 291.293217589
-7.37355733333 291.288201375
-7.36855466667 291.282692251
-7.363552 291.276510204
-7.35854933333 291.269650107
-7.35354666667 291.262479783
-7.348544 291.255479184
-7.34354133333 291.248493603
-7.33853866667 291.240951131
-7.333536 291.232936127
-7.32853333333 291.225282438
-7.32353066667 291.218850228
-7.318528 291.214035055
-7.31352533333 291.210557146
-7.30852266667 291.207373264
-7.30352 291.202985062
-7.29851733333 291.196540317
-7.29351466667 291.188758717
-7.288512 291.181250207
-7.28350933333 291.174984315
-7.27850666667 291.170135937
-7.273504 291.16679232
-7.26850133333 291.164950921
-7.26349866667 291.164425115
-7.258496 291.165127761
-7.25349333333 291.167026981
-7.24849066667 291.169616607
-7.243488 291.171859251
-7.23848533333 291.172901007
-7.23348266667 291.172875707
-7.22848 291.172531117
-7.22347733333 291.172146024
-7.21847466667 291.171394684
-7.213472 291.170016443
-7.20846933333 291.168223818
-7.20346666667 291.166639263
-7.198464 291.165779488
-7.19346133333 291.165566298
-7.18845866667 291.165436437
-7.183456 291.164989249
-7.17845333333 291.164382286
-7.17345066667 291.164250817
-7.168448 291.165175409
-7.16344533333 291.167004719
-7.15844266667 291.1690278
-7.15344 291.170845954
-7.14843733333 291.172651922
-7.14343466667 291.174688316
-7.138432 291.176953435
-7.13342933333 291.179363412
-7.12842666667 291.181913929
-7.123424 291.184639793
-7.11842133333 291.187601669
-7.11341866667 291.190803778
-7.108416 291.193848362
-7.10341333333 291.196085199
-7.09841066667 291.19731149
-7.093408 291.198104729
-7.08840533333 291.199195821
-7.08340266667 291.200627194
-7.0784 291.201987148
-7.07339733333 291.203069589
-7.06839466667 291.204183724
-7.063392 291.205765316
-7.05838933333 291.20795442
-7.05338666667 291.210635588
-7.048384 291.213455371
-7.04338133333 291.215989031
-7.03837866667 291.21815005
-7.033376 291.220285181
-7.02837333333 291.222952488
-7.02337066667 291.226481716
-7.018368 291.230671797
-7.01336533333 291.235079281
-7.00836266667 291.239435598
-7.00336 291.243853897
-6.99835733333 291.249017462
-6.99335466667 291.255981254
-6.988352 291.265396227
-6.98334933333 291.276617416
-6.97834666667 291.287904646
-6.973344 291.297807023
-6.96834133333 291.305854674
-6.96333866667 291.311886899
-6.958336 291.315514558
-6.95333333333 291.316528337
-6.94833066667 291.314987668
-6.943328 291.311256584
-6.93832533333 291.306497312
-6.93332266667 291.302560343
-6.92832 291.300771904
-6.92331733333 291.301131585
-6.91831466667 291.303089662
-6.913312 291.306551162
-6.90830933333 291.311822201
-6.90330666667 291.31916789
-6.898304 291.328547791
-6.89330133333 291.339712423
-6.88829866667 291.352650804
-6.883296 291.367743365
-6.87829333333 291.38529409
-6.87329066667 291.405416896
-6.868288 291.428229502
-6.86328533333 291.453867372
-6.85828266667 291.48232042
-6.85328 291.51343115
-6.84827733333 291.546874631
-6.84327466667 291.581922502
-6.838272 291.617646918
-6.83326933333 291.652956099
-6.82826666667 291.686238001
-6.823264 291.715776243
-6.81826133333 291.740559095
-6.81325866667 291.760624454
-6.808256 291.776594867
-6.80325333333 291.789001627
-6.79825066667 291.798295089
-6.793248 291.805096345
-6.78824533333 291.810181537
-6.78324266667 291.814109035
-6.77824 291.817158476
-6.77323733333 291.819680115
-6.76823466667 291.822309364
-6.763232 291.825719305
-6.75822933333 291.830602932
-6.75322666667 291.837685677
-6.748224 291.847282498
-6.74322133333 291.858742499
-6.73821866667 291.870636777
-6.733216 291.881682698
-6.72821333333 291.891163305
-6.72321066667 291.898301609
-6.718208 291.901911125
-6.71320533333 291.901201292
-6.70820266667 291.896786711
-6.7032 291.890362061
-6.69819733333 291.883690689
-6.69319466667 291.877837119
-6.688192 291.872949835
-6.68318933333 291.868612742
-6.67818666667 291.864580182
-6.673184 291.861313912
-6.66818133333 291.859869277
-6.66317866667 291.860945844
-6.658176 291.864222042
-6.65317333333 291.868764408
-6.64817066667 291.873822501
-6.643168 291.878852373
-6.63816533333 291.883360064
-6.63316266667 291.886661461
-6.62816 291.88808701
-6.62315733333 291.887578658
-6.61815466667 291.885978632
-6.613152 291.884309574
-6.60814933333 291.882654771
-6.60314666667 291.88021973
-6.598144 291.876371756
-6.59314133333 291.871324135
-6.58813866667 291.865876341
-6.583136 291.860863807
-6.57813333333 291.856865969
-6.57313066667 291.853928529
-6.568128 291.851194892
-6.56312533333 291.847113991
-6.55812266667 291.840137855
-6.55312 291.829572719
-6.54811733333 291.815844021
-6.54311466667 291.799919794
-6.538112 291.782594852
-6.53310933333 291.764227816
-6.52810666667 291.745092513
-6.523104 291.725460841
-6.51810133333 291.705304788
-6.51309866667 291.684219663
-6.508096 291.661300458
-6.50309333333 291.635676773
-6.49809066667 291.607612328
-6.493088 291.578639708
-6.48808533333 291.550326231
-6.48308266667 291.522881867
-6.47808 291.495474951
-6.47307733333 291.467598478
-6.46807466667 291.438976315
-6.463072 291.408754785
-6.45806933333 291.37531766
-6.45306666667 291.336951251
-6.448064 291.292772101
-6.44306133333 291.243237424
-6.43805866667 291.190034324
-6.433056 291.135594367
-6.42805333333 291.082196127
-6.42305066667 291.03125086
-6.418048 290.98354683
-6.41304533333 290.940157384
-6.40804266667 290.902433294
-6.40304 290.871166809
-6.39803733333 290.846060201
-6.39303466667 290.825799406
-6.388032 290.808753143
-6.38302933333 290.793455624
-6.37802666667 290.77897213
-6.373024 290.765053461
-6.36802133333 290.751710648
-6.36301866667 290.738938213
-6.358016 290.726966674
-6.35301333333 290.716273196
-6.34801066667 290.707407318
-6.343008 290.700643441
-6.33800533333 290.695803379
-6.33300266667 290.692533554
-6.328 290.690719185
-6.32299733333 290.690561849
-6.31799466667 290.692399987
-6.312992 290.696195163
-6.30798933333 290.701245306
-6.30298666667 290.70628218
-6.297984 290.710093119
-6.29298133333 290.71224836
-6.28797866667 290.713009411
-6.282976 290.712691397
-6.27797333333 290.711614576
-6.27297066667 290.710257519
-6.267968 290.70899212
-6.26296533333 290.707690897
-6.25796266667 290.705889996
-6.25296 290.703406755
-6.24795733333 290.700509895
-6.24295466667 290.697436648
-6.237952 290.694215566
-6.23294933333 290.691140499
-6.22794666667 290.688712327
-6.222944 290.686960096
-6.21794133333 290.685377678
-6.21293866667 290.683404002
-6.207936 290.680689368
-6.20293333333 290.677136092
-6.19793066667 290.673201402
-6.192928 290.669769469
-6.18792533333 290.667407496
-6.18292266667 290.665590798
-6.17792 290.663231319
-6.17291733333 290.660155989
-6.16791466667 290.657187184
-6.162912 290.654814518
-6.15790933333 290.653001729
-6.15290666667 290.651627703
-6.147904 290.65033919
-6.14290133333 290.64878455
-6.13789866667 290.647184121
-6.132896 290.646208359
-6.12789333333 290.646154827
-6.12289066667 290.646672847
-6.117888 290.647463233
-6.11288533333 290.648951481
-6.10788266667 290.651791766
-6.10288 290.65596431
-6.09787733333 290.660764714
-6.09287466667 290.665546488
-6.087872 290.670553442
-6.08286933333 290.676711692
-6.07786666667 290.684632831
-6.072864 290.694084103
-6.06786133333 290.704497217
-6.06285866667 290.71532947
-6.057856 290.726276801
-6.05285333333 290.737232039
-6.04785066667 290.747953894
-6.042848 290.758044012
-6.03784533333 290.766985065
-6.03284266667 290.774663611
-6.02784 290.781721641
-6.02283733333 290.788911117
-6.01783466667 290.796602479
-6.012832 290.804805804
-6.00782933333 290.813341382
-6.00282666667 290.822034341
-5.997824 290.830799915
-5.99282133333 290.83955439
-5.98781866667 290.8478164
-5.982816 290.854496852
-5.97781333333 290.858790939
-5.97281066667 290.861222464
-5.967808 290.863302459
-5.96280533333 290.866101097
-5.95780266667 290.869660599
-5.9528 290.87352947
-5.94779733333 290.877099275
-5.94279466667 290.879783434
-5.937792 290.881698962
-5.93278933333 290.88371777
-5.92778666667 290.886800483
-5.922784 290.891387884
-5.91778133333 290.897396921
-5.91277866667 290.904669471
-5.907776 290.913247519
-5.90277333333 290.923118832
-5.89777066667 290.934146994
-5.892768 290.945993879
-5.88776533333 290.958113655
-5.88276266667 290.969963439
-5.87776 290.981487508
-5.87275733333 290.993438576
-5.86775466667 291.006686603
-5.862752 291.021082675
-5.85774933333 291.035569572
-5.85274666667 291.049315452
-5.847744 291.062164493
-5.84274133333 291.074389213
-5.83773866667 291.086400915
-5.832736 291.098492261
-5.82773333333 291.110790938
-5.82273066667 291.123347447
-5.817728 291.136538185
-5.81272533333 291.150983636
-5.80772266667 291.166722345
-5.80272 291.183001419
-5.79771733333 291.199209316
-5.79271466667 291.215481703
-5.787712 291.232390279
-5.78270933333 291.250326687
-5.77770666667 291.269480036
-5.772704 291.289966991
-5.76770133333 291.311630024
-5.76269866667 291.33400134
-5.757696 291.356338716
-5.75269333333 291.37764635
-5.74769066667 291.39734516
-5.742688 291.41575072
-5.73768533333 291.433748152
-5.73268266667 291.452374975
-5.72768 291.472228378
-5.72267733333 291.492912752
-5.71767466667 291.513325539
-5.712672 291.532585194
-5.70766933333 291.550617467
-5.70266666667 291.568007533
-5.697664 291.585466736
-5.69266133333 291.603240298
-5.68765866667 291.620925364
-5.682656 291.637932191
-5.67765333333 291.654146047
-5.67265066667 291.670117324
-5.667648 291.686600722
-5.66264533333 291.703778466
-5.65764266667 291.72117534
-5.65264 291.738076216
-5.64763733333 291.753806316
-5.64263466667 291.767852334
-5.637632 291.780143308
-5.63262933333 291.791084733
-5.62762666667 291.800780978
-5.622624 291.808816
-5.61762133333 291.814905218
-5.61261866667 291.819372501
-5.607616 291.823114338
-5.60261333333 291.826967024
-5.59761066667 291.831329928
-5.592608 291.836671952
-5.58760533333 291.843892063
-5.58260266667 291.853666123
-5.5776 291.865750224
-5.57259733333 291.879462397
-5.56759466667 291.89404164
-5.562592 291.908123899
-5.55758933333 291.920174842
-5.55258666667 291.929414347
-5.547584 291.935916269
-5.54258133333 291.939981546
-5.53757866667 291.941996726
-5.532576 291.942629577
-5.52757333333 291.942741726
-5.52257066667 291.942922986
-5.517568 291.943309411
-5.51256533333 291.943699188
-5.50756266667 291.943990088
-5.50256 291.944172282
-5.49755733333 291.944141659
-5.49255466667 291.943962358
-5.487552 291.944235648
-5.48254933333 291.945808092
-5.47754666667 291.949085347
-5.472544 291.953919492
-5.46754133333 291.959903903
-5.46253866667 291.966352471
-5.457536 291.972413064
-5.45253333333 291.977364405
-5.44753066667 291.980844955
-5.442528 291.983049204
-5.43752533333 291.984669847
-5.43252266667 291.986503544
-5.42752 291.988998557
-5.42251733333 291.991942505
-5.41751466667 291.99479471
-5.412512 291.997235516
-5.40750933333 291.999693157
-5.40250666667 292.003126667
-5.397504 292.008193478
-5.39250133333 292.014614739
-5.38749866667 292.021616578
-5.382496 292.028536698
-5.37749333333 292.034937414
-5.37249066667 292.040545148
-5.367488 292.04521915
-5.36248533333 292.048608605
-5.35748266667 292.050246373
-5.35248 292.050196712
-5.34747733333 292.049136789
-5.34247466667 292.047968003
-5.337472 292.047281144
-5.33246933333 292.046990531
-5.32746666667 292.046428487
-5.322464 292.044954772
-5.31746133333 292.042812983
-5.31245866667 292.040823427
-5.307456 292.039467462
-5.30245333333 292.038406611
-5.29745066667 292.036705876
-5.292448 292.033608331
-5.28744533333 292.028928464
-5.28244266667 292.022781407
-5.27744 292.015598501
-5.27243733333 292.008089033
-5.26743466667 292.000915825
-5.262432 291.994281695
-5.25742933333 291.987994318
-5.25242666667 291.982073249
-5.247424 291.976536966
-5.24242133333 291.971144824
-5.23741866667 291.965788618
-5.232416 291.960729802
-5.22741333333 291.956604381
-5.22241066667 291.953898963
-5.217408 291.952640774
-5.21240533333 291.95280833
-5.20740266667 291.954184592
-5.2024 291.956099125
-5.19739733333 291.957937475
-5.19239466667 291.95953304
-5.187392 291.961124279
-5.18238933333 291.963193092
-5.17738666667 291.966052599
-5.172384 291.969980315
-5.16738133333 291.975535479
-5.16237866667 291.983020848
-5.157376 291.99205223
-5.15237333333 292.001648099
-5.14737066667 292.010921652
-5.142368 292.019674149
-5.13736533333 292.028451162
-5.13236266667 292.038164539
-5.12736 292.049322066
-5.12235733333 292.061312331
-5.11735466667 292.07266461
-5.112352 292.082096281
-5.10734933333 292.089531601
-5.10234666667 292.095912162
-5.097344 292.102310047
-5.09234133333 292.109197656
-5.08733866667 292.116407806
-5.082336 292.123523621
-5.07733333333 292.130205218
-5.07233066667 292.13636647
-5.067328 292.141956311
-5.06232533333 292.146749467
-5.05732266667 292.150954007
-5.05232 292.155358468
-5.04731733333 292.160905538
-5.04231466667 292.168098701
-5.037312 292.176524775
-5.03230933333 292.185145919
-5.02730666667 292.193258596
-5.022304 292.201033256
-5.01730133333 292.209364609
-5.01229866667 292.219246242
-5.007296 292.231174586
-5.00229333333 292.24482793
-4.99729066667 292.25952771
-4.992288 292.274959525
-4.98728533333 292.290992902
-4.98228266667 292.307175298
-4.97728 292.322880336
-4.97227733333 292.337748365
-4.96727466667 292.351925812
-4.962272 292.36587531
-4.95726933333 292.379931528
-4.95226666667 292.393996165
-4.947264 292.407570018
-4.94226133333 292.419871454
-4.93725866667 292.430479594
-4.932256 292.439970962
-4.92725333333 292.449591801
-4.92225066667 292.460308757
-4.917248 292.472423103
-4.91224533333 292.485883374
-4.90724266667 292.500331685
-4.90224 292.514758919
-4.89723733333 292.527836998
-4.89223466667 292.538574981
-4.887232 292.546291205
-4.88222933333 292.55035173
-4.87722666667 292.550555864
-4.872224 292.547667056
-4.86722133333 292.542965898
-4.86221866667 292.537030626
-4.857216 292.529436092
-4.85221333333 292.519597448
-4.84721066667 292.50776702
-4.842208 292.49493547
-4.83720533333 292.481997651
-4.83220266667 292.46930836
-4.8272 292.457108888
-4.82219733333 292.445709827
-4.81719466667 292.435578478
-4.812192 292.427633826
-4.80718933333 292.422913238
-4.80218666667 292.421751786
-4.797184 292.423444458
-4.79218133333 292.426768134
-4.78717866667 292.430848891
-4.782176 292.435422795
-4.77717333333 292.440482537
-4.77217066667 292.445805438
-4.767168 292.450928234
-4.76216533333 292.455540894
-4.75716266667 292.459920099
-4.75216 292.464946668
-4.74715733333 292.471337897
-4.74215466667 292.478964217
-4.737152 292.486973122
-4.73214933333 292.494539725
-4.72714666667 292.50150905
-4.722144 292.508496494
-4.71714133333 292.516597107
-4.71213866667 292.526502409
-4.707136 292.537935661
-4.70213333333 292.550239943
-4.69713066667 292.563207117
-4.692128 292.577036289
-4.68712533333 292.591848321
-4.68212266667 292.607185725
-4.67712 292.622176366
-4.67211733333 292.636207616
-4.66711466667 292.649347078
-4.662112 292.662018717
-4.65710933333 292.674588239
-4.65210666667 292.687044505
-4.647104 292.698890661
-4.64210133333 292.709201793
-4.63709866667 292.717226816
-4.632096 292.723012779
-4.62709333333 292.727148247
-4.62209066667 292.729864272
-4.617088 292.730846731
-4.61208533333 292.729875386
-4.60708266667 292.727385793
-4.60208 292.724194649
-4.59707733333 292.720871754
-4.59207466667 292.717433756
-4.587072 292.713899258
-4.58206933333 292.71051327
-4.57706666667 292.707876099
-4.572064 292.706837096
-4.56706133333 292.707755395
-4.56205866667 292.709813888
-4.557056 292.711765461
-4.55205333333 292.713154405
-4.54705066667 292.714663371
-4.542048 292.716835251
-4.53704533333 292.719213184
-4.53204266667 292.720948834
-4.52704 292.721309223
-4.52203733333 292.719795907
-4.51703466667 292.716496059
-4.512032 292.711668029
-4.50702933333 292.705089541
-4.50202666667 292.696135353
-4.497024 292.684449526
-4.49202133333 292.670331459
-4.48701866667 292.654741454
-4.482016 292.638703335
-4.47701333333 292.622934515
-4.47201066667 292.607920379
-4.467008 292.593897189
-4.46200533333 292.580844935
-4.45700266667 292.568746248
-4.452 292.557757027
-4.44699733333 292.548194234
-4.44199466667 292.54009937
-4.436992 292.533072946
-4.43198933333 292.526610685
-4.42698666667 292.520743359
-4.421984 292.515979143
-4.41698133333 292.512715416
-4.41197866667 292.510662122
-4.406976 292.508843883
-4.40197333333 292.506115993
-4.39697066667 292.501957444
-4.391968 292.49664383
-4.38696533333 292.49083925
-4.38196266667 292.485207459
-4.37696 292.480309008
-4.37195733333 292.476715815
-4.36695466667 292.475136336
-4.361952 292.476103353
-4.35694933333 292.479965715
-4.35194666667 292.487033212
-4.346944 292.497491011
-4.34194133333 292.51149901
-4.33693866667 292.529374672
-4.331936 292.551274302
-4.32693333333 292.576778462
-4.32193066667 292.604515289
-4.316928 292.632849197
-4.31192533333 292.66067983
-4.30692266667 292.687469493
-4.30192 292.712991637
-4.29691733333 292.737096193
-4.29191466667 292.759900436
-4.286912 292.782019202
-4.28190933333 292.804170908
-4.27690666667 292.826436383
-4.271904 292.84826498
-4.26690133333 292.869056191
-4.26189866667 292.888282971
-4.256896 292.905927378
-4.25189333333 292.922836932
-4.24689066667 292.940194122
-4.241888 292.958569559
-4.23688533333 292.977943307
-4.23188266667 292.997971063
-4.22688 293.018039519
-4.22187733333 293.036980745
-4.21687466667 293.053102484
-4.211872 293.064687989
-4.20686933333 293.070480972
-4.20186666667 293.069931387
-4.196864 293.063587897
-4.19186133333 293.053492245
-4.18685866667 293.042274189
-4.181856 293.031685157
-4.17685333333 293.02230701
-4.17185066667 293.014077137
-4.166848 293.00704275
-4.16184533333 293.00169493
-4.15684266667 292.998707454
-4.15184 292.998467722
-4.14683733333 293.000879899
-4.14183466667 293.005538197
-4.136832 293.01214857
-4.13182933333 293.020625078
-4.12682666667 293.030878824
-4.121824 293.042170093
-4.11682133333 293.05323734
-4.11181866667 293.062890092
-4.106816 293.070474843
-4.10181333333 293.075842802
-4.09681066667 293.079079636
-4.091808 293.080332339
-4.08680533333 293.079694671
-4.08180266667 293.077034331
-4.0768 293.072411395
-4.07179733333 293.066247521
-4.06679466667 293.059213901
-4.061792 293.051718029
-4.05678933333 293.043492978
-4.05178666667 293.033965011
-4.046784 293.02318117
-4.04178133333 293.011830258
-4.03677866667 293.000662997
-4.031776 292.990069562
-4.02677333333 292.979895397
-4.02177066667 292.969553502
-4.016768 292.958568406
-4.01176533333 292.94666893
-4.00676266667 292.93336295
-4.00176 292.91766676
-3.99675733333 292.898470079
-3.99175466667 292.875113774
-3.986752 292.847882549
-3.98174933333 292.817623304
-3.97674666667 292.784994282
-3.971744 292.750122692
-3.96674133333 292.713284852
-3.96173866667 292.675669764
-3.956736 292.639574286
-3.95173333333 292.607601928
-3.94673066667 292.580878057
-3.941728 292.558202122
-3.93672533333 292.537246462
-3.93172266667 292.515986061
-3.92672 292.493559444
-3.92171733333 292.470099335
-3.91671466667 292.446003975
-3.911712 292.42153863
-3.90670933333 292.396689939
-3.90170666667 292.371357961
-3.896704 292.345961491
-3.89170133333 292.321487558
-3.88669866667 292.298339215
-3.881696 292.275504795
-3.87669333333 292.251451142
-3.87169066667 292.225487292
-3.866688 292.198030106
-3.86168533333 292.169988842
-3.85668266667 292.142414197
-3.85168 292.116481643
-3.84667733333 292.093152522
-3.84167466667 292.072895406
-3.836672 292.05594633
-3.83166933333 292.042667673
-3.82666666667 292.033188845
-3.821664 292.026880302
-3.81666133333 292.022598441
-3.81165866667 292.019468217
-3.806656 292.017350294
-3.80165333333 292.016171163
-3.79665066667 292.015536376
-3.791648 292.015110129
-3.78664533333 292.015050676
-3.78164266667 292.015703574
-3.77664 292.017371822
-3.77163733333 292.020400881
-3.76663466667 292.024710145
-3.761632 292.029479629
-3.75662933333 292.033905396
-3.75162666667 292.037774803
-3.746624 292.041311346
-3.74162133333 292.044587346
-3.73661866667 292.047308566
-3.731616 292.04890388
-3.72661333333 292.048872186
-3.72161066667 292.046969343
-3.716608 292.043360987
-3.71160533333 292.038756838
-3.70660266667 292.033839634
-3.7016 292.028504246
-3.69659733333 292.022405428
-3.69159466667 292.015899609
-3.686592 292.009878836
-3.68158933333 292.004873789
-3.67658666667 292.000894376
-3.671584 291.997471829
-3.66658133333 291.994177549
-3.66157866667 291.990839708
-3.656576 291.987469001
-3.65157333333 291.984099401
-3.64657066667 291.980607159
-3.641568 291.97659636
-3.63656533333 291.971876298
-3.63156266667 291.966603377
-3.62656 291.961146705
-3.62155733333 291.955588346
-3.61655466667 291.949544414
-3.611552 291.942614423
-3.60654933333 291.934780036
-3.60154666667 291.926400833
-3.596544 291.918243679
-3.59154133333 291.910961149
-3.58653866667 291.904383248
-3.581536 291.897504312
-3.57653333333 291.889473227
-3.57153066667 291.88045056
-3.566528 291.871390313
-3.56152533333 291.86294082
-3.55652266667 291.855240319
-3.55152 291.848288727
-3.54651733333 291.842079117
-3.54151466667 291.836494129
-3.536512 291.831782516
-3.53150933333 291.828648393
-3.52650666667 291.827578674
-3.521504 291.827856929
-3.51650133333 291.82797187
-3.51149866667 291.827136862
-3.506496 291.825673409
-3.50149333333 291.823943675
-3.49649066667 291.82188862
-3.491488 291.819390794
-3.48648533333 291.816669778
-3.48148266667 291.814066959
-3.47648 291.811955971
-3.47147733333 291.810789234
-3.46647466667 291.811053465
-3.461472 291.812741613
-3.45646933333 291.815465495
-3.45146666667 291.81924325
-3.446464 291.824566952
-3.44146133333 291.831153586
-3.43645866667 291.837370714
-3.431456 291.840923162
-3.42645333333 291.840209992
-3.42145066667 291.834906102
-3.416448 291.82561358
-3.41144533333 291.813618822
-3.40644266667 291.800599808
-3.40144 291.7879002
-3.39643733333 291.776497058
-3.39143466667 291.767394187
-3.386432 291.761306969
-3.38142933333 291.758002874
-3.37642666667 291.756386972
-3.371424 291.755213046
-3.36642133333 291.753715093
-3.36141866667 291.751824451
-3.356416 291.750055734
-3.35141333333 291.748912193
-3.34641066667 291.748450842
-3.341408 291.748378471
-3.33640533333 291.748744722
-3.33140266667 291.750259003
-3.3264 291.753565845
-3.32139733333 291.758451408
-3.31639466667 291.76414543
-3.311392 291.769861826
-3.30638933333 291.775098403
-3.30138666667 291.77965427
-3.296384 291.783540009
-3.29138133333 291.786746064
-3.28637866667 291.789316817
-3.281376 291.791257572
-3.27637333333 291.792864329
-3.27137066667 291.794796441
-3.266368 291.797762257
-3.26136533333 291.801838897
-3.25636266667 291.806782945
-3.25136 291.812527842
-3.24635733333 291.819009362
-3.24135466667 291.825977378
-3.236352 291.83339975
-3.23134933333 291.841345937
-3.22634666667 291.849453231
-3.221344 291.857007665
-3.21634133333 291.863386846
-3.21133866667 291.868308572
-3.206336 291.871511134
-3.20133333333 291.872198347
-3.19633066667 291.869402392
-3.191328 291.862782388
-3.18632533333 291.852895528
-3.18132266667 291.840576798
-3.17632 291.826552923
-3.17131733333 291.811305704
-3.16631466667 291.795030662
-3.161312 291.777548055
-3.15630933333 291.758886946
-3.15130666667 291.7398132
-3.146304 291.721389495
-3.14130133333 291.703982504
-3.13629866667 291.687450943
-3.131296 291.671977224
-3.12629333333 291.658407196
-3.12129066667 291.647444856
-3.116288 291.63950433
-3.11128533333 291.634620042
-3.10628266667 291.632504413
-3.10128 291.632411811
-3.09627733333 291.633381351
-3.09127466667 291.634519016
-3.086272 291.634849142
-3.08126933333 291.633217266
-3.07626666667 291.62922495
-3.071264 291.624047033
-3.06626133333 291.62011617
-3.06125866667 291.619890451
-3.056256 291.624628145
-3.05125333333 291.634169993
-3.04625066667 291.647318309
-3.041248 291.662390634
-3.03624533333 291.678210402
-3.03124266667 291.694192327
-3.02624 291.709777524
-3.02123733333 291.724134791
-3.01623466667 291.736598131
-3.011232 291.747243358
-3.00622933333 291.756987456
-3.00122666667 291.766589925
-2.996224 291.776027989
-2.99122133333 291.78495277
-2.98621866667 291.793214639
-2.981216 291.800731121
-2.97621333333 291.807401222
-2.97121066667 291.813103519
-2.966208 291.817881911
-2.96120533333 291.821782893
-2.95620266667 291.825007165
-2.9512 291.828178519
-2.94619733333 291.832375433
-2.94119466667 291.838176625
-2.936192 291.845126941
-2.93118933333 291.852284455
-2.92618666667 291.859185982
-2.921184 291.866122733
-2.91618133333 291.873961546
-2.91117866667 291.883410437
-2.906176 291.894465746
-2.90117333333 291.906467699
-2.89617066667 291.918667006
-2.891168 291.93077077
-2.88616533333 291.943010386
-2.88116266667 291.955618646
-2.87616 291.968315331
-2.87115733333 291.98020172
-2.86615466667 291.990006912
-2.861152 291.996522513
-2.85614933333 291.999464555
-2.85114666667 291.999675351
-2.846144 291.998199331
-2.84114133333 291.995326457
-2.83613866667 291.991028051
-2.831136 291.985405146
-2.82613333333 291.978472045
-2.82113066667 291.970049508
-2.816128 291.960073926
-2.81112533333 291.948844203
-2.80612266667 291.937089042
-2.80112 291.925747097
-2.79611733333 291.916026053
-2.79111466667 291.909035591
-2.786112 291.905170317
-2.78110933333 291.904187804
-2.77610666667 291.906144926
-2.771104 291.911522076
-2.76610133333 291.920206162
-2.76109866667 291.93048365
-2.756096 291.939795839
-2.75109333333 291.946270853
-2.74609066667 291.949606494
-2.741088 291.950237815
-2.73608533333 291.948265807
-2.73108266667 291.94350217
-2.72608 291.936098466
-2.72107733333 291.926226893
-2.71607466667 291.914236651
-2.711072 291.901039566
-2.70606933333 291.887793353
-2.70106666667 291.875277447
-2.696064 291.863850263
-2.69106133333 291.853525971
-2.68605866667 291.84406808
-2.681056 291.835129058
-2.67605333333 291.826506207
-2.67105066667 291.817933625
-2.666048 291.808851221
-2.66104533333 291.798470143
-2.65604266667 291.786863637
-2.65104 291.775216191
-2.64603733333 291.764674732
-2.64103466667 291.755366554
-2.636032 291.747002252
-2.63102933333 291.739129251
-2.62602666667 291.731187077
-2.621024 291.722710945
-2.61602133333 291.713706761
-2.61101866667 291.704738885
-2.606016 291.696547267
-2.60101333333 291.689617617
-2.59601066667 291.684448235
-2.591008 291.681907964
-2.58600533333 291.68276615
-2.58100266667 291.686376793
-2.576 291.690897306
-2.57099733333 291.694759763
-2.56599466667 291.697767474
-2.560992 291.700483246
-2.55598933333 291.703325132
-2.55098666667 291.706285466
-2.545984 291.709040123
-2.54098133333 291.711086882
-2.53597866667 291.712346298
-2.530976 291.713317305
-2.52597333333 291.714678927
-2.52097066667 291.716425854
-2.515968 291.71788191
-2.51096533333 291.718516973
-2.50596266667 291.718503204
-2.50096 291.718148633
-2.49595733333 291.717393538
-2.49095466667 291.716087957
-2.485952 291.714387736
-2.48094933333 291.712354255
-2.47594666667 291.709930889
-2.470944 291.707097293
-2.46594133333 291.703838659
-2.46093866667 291.700101672
-2.455936 291.695852047
-2.45093333333 291.691216386
-2.44593066667 291.686641513
-2.440928 291.682470473
-2.43592533333 291.678572306
-2.43092266667 291.674177609
-2.42592 291.668843715
-2.42091733333 291.662862375
-2.41591466667 291.656841826
-2.410912 291.65125192
-2.40590933333 291.646271996
-2.40090666667 291.641520204
-2.395904 291.636407338
-2.39090133333 291.630907994
-2.38589866667 291.625567203
-2.380896 291.620782001
-2.37589333333 291.616731264
-2.37089066667 291.613437537
-2.365888 291.610728538
-2.36088533333 291.608315287
-2.35588266667 291.60630705
-2.35088 291.605169473
-2.34587733333 291.605036456
-2.34087466667 291.605161715
-2.335872 291.604538748
-2.33086933333 291.602684677
-2.32586666667 291.600114748
-2.320864 291.597838581
-2.31586133333 291.596499222
-2.31085866667 291.596111618
-2.305856 291.596391238
-2.30085333333 291.596835092
-2.29585066667 291.597026291
-2.290848 291.596902593
-2.28584533333 291.596638469
-2.28084266667 291.596121441
-2.27584 291.594897145
-2.27083733333 291.592764537
-2.26583466667 291.590368738
-2.260832 291.588522214
-2.25582933333 291.587311225
-2.25082666667 291.586306857
-2.245824 291.585541098
-2.24082133333 291.585165567
-2.23581866667 291.584767648
-2.230816 291.583346256
-2.22581333333 291.580033674
-2.22081066667 291.57481489
-2.215808 291.56886463
-2.21080533333 291.563886652
-2.20580266667 291.561389106
-2.2008 291.561835307
-2.19579733333 291.564312504
-2.19079466667 291.56731082
-2.185792 291.569873823
-2.18078933333 291.571594692
-2.17578666667 291.572025386
-2.170784 291.57047453
-2.16578133333 291.566550305
-2.16077866667 291.560170857
-2.155776 291.551736413
-2.15077333333 291.542411158
-2.14577066667 291.533720117
-2.140768 291.52638789
-2.13576533333 291.520268369
-2.13076266667 291.515021157
-2.12576 291.510567784
-2.12075733333 291.507056985
-2.11575466667 291.504885194
-2.110752 291.504432668
-2.10574933333 291.505732502
-2.10074666667 291.508251475
-2.095744 291.511360024
-2.09074133333 291.514526191
-2.08573866667 291.517341542
-2.080736 291.519413023
-2.07573333333 291.520435058
-2.07073066667 291.52023215
-2.065728 291.518947105
-2.06072533333 291.516906697
-2.05572266667 291.514880251
-2.05072 291.513604356
-2.04571733333 291.513230765
-2.04071466667 291.513415647
-2.035712 291.513751529
-2.03070933333 291.514159207
-2.02570666667 291.515252284
-2.020704 291.517545948
-2.01570133333 291.521075308
-2.01069866667 291.525699352
-2.005696 291.531427884
-2.00069333333 291.538337013
-1.99569066667 291.546574167
-1.990688 291.555852932
-1.98568533333 291.565402796
-1.98068266667 291.574147321
-1.97568 291.580921903
-1.97067733333 291.584578626
-1.96567466667 291.584286113
-1.960672 291.579434019
-1.95566933333 291.569900044
-1.95066666667 291.556265914
-1.945664 291.539547604
-1.94066133333 291.52052784
-1.93565866667 291.4998984
-1.930656 291.478266477
-1.92565333333 291.456080172
-1.92065066667 291.433615298
-1.915648 291.411504294
-1.91064533333 291.391255205
-1.90564266667 291.375028401
-1.90064 291.364613956
-1.89563733333 291.361120792
-1.89063466667 291.365195177
-1.885632 291.377205024
-1.88062933333 291.396849454
-1.87562666667 291.423288732
-1.870624 291.455693137
-1.86562133333 291.493533299
-1.86061866667 291.536163209
-1.855616 291.582861569
-1.85061333333 291.632995654
-1.84561066667 291.685730652
-1.840608 291.739381935
-1.83560533333 291.791626248
-1.83060266667 291.840306019
-1.8256 291.883901585
-1.82059733333 291.921191299
-1.81559466667 291.951630136
-1.810592 291.975517259
-1.80558933333 291.993515026
-1.80058666667 292.005752482
-1.795584 292.011581751
-1.79058133333 292.010396312
-1.78557866667 292.002374115
-1.780576 291.98862229
-1.77557333333 291.971076463
-1.77057066667 291.95201638
-1.765568 291.933735526
-1.76056533333 291.918010616
-1.75556266667 291.905727424
-1.75056 291.896799191
-1.74555733333 291.890767577
-1.74055466667 291.887510957
-1.735552 291.887767209
-1.73054933333 291.892707103
-1.72554666667 291.903087232
-1.720544 291.918574834
-1.71554133333 291.937601577
-1.71053866667 291.957830411
-1.705536 291.97721451
-1.70053333333 291.994324052
-1.69553066667 292.008345225
-1.690528 292.019107461
-1.68552533333 292.026951805
-1.68052266667 292.031962774
-1.67552 292.034148974
-1.67051733333 292.03388831
-1.66551466667 292.032154106
-1.660512 292.030027627
-1.65550933333 292.028065961
-1.65050666667 292.026385172
-1.645504 292.025219928
-1.64050133333 292.024748661
-1.63549866667 292.025110788
-1.630496 292.026350651
-1.62549333333 292.028193532
-1.62049066667 292.030128828
-1.615488 292.032099229
-1.61048533333 292.034369539
-1.60548266667 292.037027937
-1.60048 292.039250824
-1.59547733333 292.039473968
-1.59047466667 292.036576694
-1.585472 292.030633603
-1.58046933333 292.022237831
-1.57546666667 292.012135089
-1.570464 292.000968106
-1.56546133333 291.989257677
-1.56045866667 291.97747385
-1.555456 291.966389618
-1.55045333333 291.956809418
-1.54545066667 291.948990287
-1.540448 291.942243937
-1.53544533333 291.935637797
-1.53044266667 291.928727904
-1.52544 291.921730066
-1.52043733333 291.914860203
-1.51543466667 291.908024765
-1.510432 291.900922277
-1.50542933333 291.893475463
-1.50042666667 291.88538114
-1.495424 291.875724289
-1.49042133333 291.863599841
-1.48541866667 291.849048931
-1.480416 291.832749506
-1.47541333333 291.815344514
-1.47041066667 291.796981967
-1.465408 291.77729677
-1.46040533333 291.755634726
-1.45540266667 291.731665183
-1.4504 291.705742221
-1.44539733333 291.678767317
-1.44039466667 291.651343442
-1.435392 291.623382268
-1.43038933333 291.59436536
-1.42538666667 291.563919404
-1.420384 291.531402717
-1.41538133333 291.495989184
-1.41037866667 291.457542244
-1.405376 291.416959981
-1.40037333333 291.375000603
-1.39537066667 291.332020578
-1.390368 291.288645395
-1.38536533333 291.24637634
-1.38036266667 291.206942934
-1.37536 291.171527692
-1.37035733333 291.14020709
-1.36535466667 291.112176642
-1.360352 291.086234592
-1.35534933333 291.061515139
-1.35034666667 291.03801631
-1.345344 291.016380605
-1.34034133333 290.996908159
-1.33533866667 290.979256683
-1.330336 290.96288068
-1.32533333333 290.947932524
-1.32033066667 290.935277378
-1.315328 290.925996767
-1.31032533333 290.920746784
-1.30532266667 290.919581417
-1.30032 290.922159758
-1.29531733333 290.928068385
-1.29031466667 290.936769104
-1.285312 290.947443032
-1.28030933333 290.958737678
-1.27530666667 290.969203243
-1.270304 290.978025231
-1.26530133333 290.985313268
-1.26029866667 290.991710952
-1.255296 290.998072864
-1.25029333333 291.005010989
-1.24529066667 291.012623026
-1.240288 291.020278515
-1.23528533333 291.027160984
-1.23028266667 291.032809739
-1.22528 291.037438968
-1.22027733333 291.041560044
-1.21527466667 291.045318273
-1.210272 291.048461555
-1.20526933333 291.050818433
-1.20026666667 291.052333465
-1.195264 291.053166501
-1.19026133333 291.053714204
-1.18525866667 291.054296998
-1.180256 291.054790876
-1.17525333333 291.055139016
-1.17025066667 291.055669219
-1.165248 291.057213006
-1.16024533333 291.060107015
-1.15524266667 291.063853397
-1.15024 291.067960282
-1.14523733333 291.072498483
-1.14023466667 291.077661173
-1.135232 291.083536387
-1.13022933333 291.089799909
-1.12522666667 291.095537953
-1.120224 291.09957051
-1.11522133333 291.101758804
-1.11021866667 291.103432428
-1.105216 291.106499491
-1.10021333333 291.111887286
-1.09521066667 291.119126748
-1.090208 291.127302635
-1.08520533333 291.136057177
-1.08020266667 291.145606297
-1.0752 291.156156917
-1.07019733333 291.167331721
-1.06519466667 291.178398715
-1.060192 291.188388501
-1.05518933333 291.196963313
-1.05018666667 291.20487182
-1.045184 291.212942051
-1.04018133333 291.220807768
-1.03517866667 291.227876916
-1.030176 291.234613915
-1.02517333333 291.242344127
-1.02017066667 291.251949428
-1.015168 291.263641425
-1.01016533333 291.277290492
-1.00516266667 291.292668821
-1.00016 291.309340801
-0.995157333333 291.326936019
-0.990154666667 291.345205935
-0.985152 291.363760645
-0.980149333333 291.381451729
-0.975146666667 291.397018841
-0.970144 291.410253001
-0.965141333333 291.422118344
-0.960138666667 291.433765824
-0.955136 291.446039239
-0.950133333333 291.459219036
-0.945130666667 291.473134589
-0.940128 291.487218164
-0.935125333333 291.500975758
-0.930122666667 291.514262938
-0.92512 291.527150538
-0.920117333333 291.539402231
-0.915114666667 291.550568583
-0.910112 291.560515857
-0.905109333333 291.569996713
-0.900106666667 291.579934822
-0.895104 291.590783884
-0.890101333333 291.602623707
-0.885098666667 291.615388898
-0.880096 291.628677705
-0.875093333333 291.642428407
-0.870090666667 291.657350705
-0.865088 291.674384518
-0.860085333333 291.693667513
-0.855082666667 291.714501
-0.85008 291.736073509
-0.845077333333 291.757796493
-0.840074666667 291.778528776
-0.835072 291.796996627
-0.830069333333 291.812691653
-0.825066666667 291.826129227
-0.820064 291.838359091
-0.815061333333 291.850372197
-0.810058666667 291.862720808
-0.805056 291.87551401
-0.800053333333 291.888416922
-0.795050666667 291.901228739
-0.790048 291.914265784
-0.785045333333 291.927885406
-0.780042666667 291.941712545
-0.77504 291.954987214
-0.770037333333 291.967137415
-0.765034666667 291.978124081
-0.760032 291.988298648
-0.755029333333 291.998325513
-0.750026666667 292.008741846
-0.745024 292.019647981
-0.740021333333 292.030433794
-0.735018666667 292.040165534
-0.730016 292.048250041
-0.725013333333 292.054969158
-0.720010666667 292.06103016
-0.715008 292.067120784
-0.710005333333 292.073569061
-0.705002666667 292.080479434
-0.7 292.088063082
-0.694997333333 292.096824905
-0.689994666667 292.106956188
-0.684992 292.118028761
-0.679989333333 292.128895226
-0.674986666667 292.138632041
-0.669984 292.147154325
-0.664981333333 292.154882978
-0.659978666667 292.161959581
-0.654976 292.168324197
-0.649973333333 292.174096876
-0.644970666667 292.17950563
-0.639968 292.184715715
-0.634965333333 292.190190393
-0.629962666667 292.1964052
-0.62496 292.203332785
-0.619957333333 292.210225247
-0.614954666667 292.21652928
-0.609952 292.222440805
-0.604949333333 292.22854366
-0.599946666667 292.235063291
-0.594944 292.241774649
-0.589941333333 292.248416099
-0.584938666667 292.254921911
-0.579936 292.261160283
-0.574933333333 292.266955055
-0.569930666667 292.272146919
-0.564928 292.277007054
-0.559925333333 292.281954575
-0.554922666667 292.287225195
-0.54992 292.292896315
-0.544917333333 292.299059867
-0.539914666667 292.305621364
-0.534912 292.312142672
-0.529909333333 292.318363613
-0.524906666667 292.324784104
-0.519904 292.331905389
-0.514901333333 292.339699738
-0.509898666667 292.347552936
-0.504896 292.354875273
-0.499893333333 292.361337369
-0.494890666667 292.367103373
-0.489888 292.372971687
-0.484885333333 292.380064954
-0.479882666667 292.388533602
-0.47488 292.397241502
-0.469877333333 292.405163065
-0.464874666667 292.41237492
-0.459872 292.419185418
-0.454869333333 292.425706127
-0.449866666667 292.431994139
-0.444864 292.438169933
-0.439861333333 292.444340131
-0.434858666667 292.450948506
-0.429856 292.45879194
-0.424853333333 292.468290982
-0.419850666667 292.47872644
-0.414848 292.488782096
-0.409845333333 292.497553791
-0.404842666667 292.505025052
-0.39984 292.511427274
-0.394837333333 292.516934417
-0.389834666667 292.521652434
-0.384832 292.525731863
-0.379829333333 292.529257691
-0.374826666667 292.532551169
-0.369824 292.536127625
-0.364821333333 292.54033461
-0.359818666667 292.544847325
-0.354816 292.548927706
-0.349813333333 292.55182769
-0.344810666667 292.553455512
-0.339808 292.554113759
-0.334805333333 292.553972494
-0.329802666667 292.552962807
-0.3248 292.551228464
-0.319797333333 292.549195609
-0.314794666667 292.547442424
-0.309792 292.54622489
-0.304789333333 292.545573879
-0.299786666667 292.545383146
-0.294784 292.545414486
-0.289781333333 292.545510757
-0.284778666667 292.546036512
-0.279776 292.547264366
-0.274773333333 292.548986906
-0.269770666667 292.550803348
-0.264768 292.55255778
-0.259765333333 292.554381171
-0.254762666667 292.556794594
-0.24976 292.560147054
-0.244757333333 292.56409784
-0.239754666667 292.567630744
-0.234752 292.570243936
-0.229749333333 292.572504058
-0.224746666667 292.575458252
-0.219744 292.579508288
-0.214741333333 292.584379967
-0.209738666667 292.589572886
-0.204736 292.594887827
-0.199733333333 292.599880205
-0.194730666667 292.60393993
-0.189728 292.606772746
-0.184725333333 292.608349793
-0.179722666667 292.608369734
-0.17472 292.606571971
-0.169717333333 292.602976069
-0.164714666667 292.598205095
-0.159712 292.5929767
-0.154709333333 292.587605898
-0.149706666667 292.581921107
-0.144704 292.57574243
-0.139701333333 292.569012117
-0.134698666667 292.562015582
-0.129696 292.555404479
-0.124693333333 292.549745944
-0.119690666667 292.544692498
-0.114688 292.539599089
-0.109685333333 292.534377732
-0.104682666667 292.529443992
-0.09968 292.524755331
-0.0946773333333 292.519758046
-0.0896746666667 292.513823648
-0.084672 292.506604007
-0.0796693333333 292.498091573
-0.0746666666667 292.489086873
-0.069664 292.480901393
-0.0646613333333 292.474406523
-0.0596586666667 292.469433735
-0.054656 292.465459148
-0.0496533333333 292.462393251
-0.0446506666667 292.460610203
-0.039648 292.460128484
-0.0346453333333 292.460406469
-0.0296426666667 292.460873044
-0.02464 292.46135135
-0.0196373333333 292.46190224
-0.0146346666667 292.462819456
-0.009632 292.464472442
-0.00462933333333 292.467018205
