（-8.79932,1.5），（-6.09788,1.5），（-2,1.5）
-9.99995733333 247.845338443
-9.99495466667 247.807956289
-9.989952 247.824947664
-9.98494933333 247.824309209
-9.97994666667 247.815310649
-9.974944 247.791839695
-9.96994133333 247.800904587
-9.96493866667 247.779559399
-9.959936 247.808160564
-9.95493333333 247.788419675
-9.94993066667 247.773857571
-9.944928 247.761860161
-9.93992533333 247.786399456
-9.93492266667 247.748242359
-9.92992 247.761652222
-9.92491733333 247.746591288
-9.91991466667 247.761201121
-9.914912 247.723827956
-9.90990933333 247.756337279
-9.90490666667 247.743674126
-9.899904 247.761171043
-9.89490133333 247.719842908
-9.88989866667 247.773837907
-9.884896 247.729586958
-9.87989333333 247.753820285
-9.87489066667 247.734850351
-9.869888 247.736381882
-9.86488533333 247.735442408
-9.85988266667 247.748578021
-9.85488 247.739385606
-9.84987733333 247.76146751
-9.84487466667 247.756588713
-9.839872 247.770261348
-9.83486933333 247.727787097
-9.82986666667 247.74789292
-9.824864 247.756196964
-9.81986133333 247.763995999
-9.81485866667 247.709541908
-9.809856 247.743013343
-9.80485333333 247.722490568
-9.79985066667 247.716289888
-9.794848 247.678047349
-9.78984533333 247.699086976
-9.78484266667 247.709179558
-9.77984 247.737379371
-9.77483733333 247.694349988
-9.76983466667 247.718579013
-9.764832 247.715168465
-9.75982933333 247.73778598
-9.75482666667 247.716075986
-9.749824 247.721187788
-9.74482133333 247.69868376
-9.73981866667 247.732124542
-9.734816 247.718497945
-9.72981333333 247.740813399
-9.72481066667 247.719749845
-9.719808 247.728365465
-9.71480533333 247.705806042
-9.70980266667 247.738625078
-9.7048 247.713809842
-9.69979733333 247.722915097
-9.69479466667 247.693005292
-9.689792 247.709936075
-9.68478933333 247.699670344
-9.67978666667 247.698812381
-9.674784 247.66701404
-9.66978133333 247.692640382
-9.66477866667 247.69937614
-9.659776 247.69549706
-9.65477333333 247.646113679
-9.64977066667 247.675218017
-9.644768 247.685113528
-9.63976533333 247.711555629
-9.63476266667 247.685949848
-9.62976 247.706805228
-9.62475733333 247.688817393
-9.61975466667 247.709391878
-9.614752 247.719711794
-9.60974933333 247.765051823
-9.60474666667 247.761201702
-9.599744 247.802552683
-9.59474133333 247.779975568
-9.58973866667 247.820629729
-9.584736 247.856180123
-9.57973333333 247.861830243
-9.57473066667 247.834380897
-9.569728 247.852304346
-9.56472533333 247.858593871
-9.55972266667 247.854158081
-9.55472 247.809416033
-9.54971733333 247.839098533
-9.54471466667 247.845537856
-9.539712 247.820652307
-9.53470933333 247.776508583
-9.52970666667 247.787839253
-9.524704 247.79877823
-9.51970133333 247.807669284
-9.51469866667 247.795058839
-9.509696 247.820012911
-9.50469333333 247.861469466
-9.49969066667 247.911032125
-9.494688 247.908989528
-9.48968533333 247.913300139
-9.48468266667 247.882111261
-9.47968 247.891779936
-9.47467733333 247.868577108
-9.46967466667 247.896279894
-9.464672 247.920859838
-9.45966933333 247.966037322
-9.45466666667 247.95338589
-9.449664 247.988252355
-9.44466133333 247.995862283
-9.43965866667 248.021533551
-9.434656 248.028950814
-9.42965333333 248.04248525
-9.42465066667 248.066740599
-9.419648 248.091629122
-9.41464533333 248.082961754
-9.40964266667 248.090418853
-9.40464 248.118129569
-9.39963733333 248.147164067
-9.39463466667 248.12090858
-9.389632 248.140899163
-9.38462933333 248.136078491
-9.37962666667 248.179297309
-9.374624 248.17244459
-9.36962133333 248.202658765
-9.36461866667 248.227849469
-9.359616 248.247633318
-9.35461333333 248.233584546
-9.34961066667 248.237057551
-9.344608 248.254733597
-9.33960533333 248.285692948
-9.33460266667 248.242937948
-9.3296 248.249409056
-9.32459733333 248.24736756
-9.31959466667 248.247796026
-9.314592 248.22386875
-9.30958933333 248.23416691
-9.30458666667 248.229516775
-9.299584 248.226485346
-9.29458133333 248.183882166
-9.28957866667 248.186750253
-9.284576 248.181903854
-9.27957333333 248.187586175
-9.27457066667 248.168245936
-9.269568 248.157434795
-9.26456533333 248.13610805
-9.25956266667 248.105891636
-9.25456 248.084109169
-9.24955733333 248.060498665
-9.24455466667 248.042360492
-9.239552 248.015697788
-9.23454933333 247.972386011
-9.22954666667 247.959253159
-9.224544 247.942054847
-9.21954133333 247.969595746
-9.21453866667 247.934082629
-9.209536 247.907507039
-9.20453333333 247.899056145
-9.19953066667 247.882620124
-9.194528 247.873052454
-9.18952533333 247.868227539
-9.18452266667 247.851105436
-9.17952 247.853284539
-9.17451733333 247.828301873
-9.16951466667 247.84789769
-9.164512 247.83514851
-9.15950933333 247.84665074
-9.15450666667 247.7966155
-9.149504 247.796886275
-9.14450133333 247.774598868
-9.13949866667 247.778584076
-9.134496 247.7566928
-9.12949333333 247.767849852
-9.12449066667 247.760195623
-9.119488 247.76181538
-9.11448533333 247.721194641
-9.10948266667 247.727947866
-9.10448 247.723937775
-9.09947733333 247.752468725
-9.09447466667 247.717224357
-9.089472 247.722836986
-9.08446933333 247.701202704
-9.07946666667 247.699407056
-9.074464 247.683960131
-9.06946133333 247.686726706
-9.06445866667 247.687756248
-9.059456 247.674602623
-9.05445333333 247.644932076
-9.04945066667 247.648889847
-9.044448 247.635838161
-9.03944533333 247.627633081
-9.03444266667 247.61376618
-9.02944 247.628312135
-9.02443733333 247.607450259
-9.01943466667 247.627127124
-9.014432 247.594599029
-9.00942933333 247.618639349
-9.00442666667 247.64893209
-8.999424 247.634711573
-8.99442133333 247.603588111
-8.98941866667 247.606329999
-8.984416 247.602924322
-8.97941333333 247.614295921
-8.97441066667 247.60886487
-8.969408 247.585940329
-8.96440533333 247.586201402
-8.95940266667 247.581821735
-8.9544 247.551900277
-8.94939733333 247.567245687
-8.94439466667 247.56408899
-8.939392 247.567514811
-8.93438933333 247.556118041
-8.92938666667 247.55882677
-8.924384 247.575741782
-8.91938133333 247.59231171
-8.91437866667 247.563431351
-8.909376 247.574773126
-8.90437333333 247.57019112
-8.89937066667 247.587215637
-8.894368 247.554925106
-8.88936533333 247.576736306
-8.88436266667 247.601131747
-8.87936 247.589625795
-8.87435733333 247.572283879
-8.86935466667 247.58651236
-8.864352 247.59990029
-8.85934933333 247.605290794
-8.85434666667 247.598491083
-8.849344 247.600421747
-8.84434133333 247.580879205
-8.83933866667 247.600726223
-8.834336 247.594452099
-8.82933333333 247.612353548
-8.82433066667 247.627069044
-8.819328 247.646164227
-8.81432533333 247.601112737
-8.80932266667 247.627645992
-8.80432 247.625524171
-8.79931733333 247.657007045
-8.79431466667 247.619147045
-8.789312 247.617456028
-8.78430933333 247.632660202
-8.77930666667 247.621906898
-8.774304 247.603901944
-8.76930133333 247.638749669
-8.76429866667 247.632648691
-8.759296 247.642960429
-8.75429333333 247.626013822
-8.74929066667 247.656671036
-8.744288 247.656312647
-8.73928533333 247.685130527
-8.73428266667 247.656804635
-8.72928 247.67778884
-8.72427733333 247.675565921
-8.71927466667 247.670253546
-8.714272 247.683970862
-8.70926933333 247.665930856
-8.70426666667 247.673394118
-8.699264 247.707861217
-8.69426133333 247.671210687
-8.68925866667 247.681762974
-8.684256 247.689189243
-8.67925333333 247.66800979
-8.67425066667 247.631580098
-8.669248 247.598869861
-8.66424533333 247.578376878
-8.65924266667 247.552330084
-8.65424 247.546608931
-8.64923733333 247.552868281
-8.64423466667 247.604840308
-8.639232 247.597339619
-8.63422933333 247.560505719
-8.62922666667 247.559138376
-8.624224 247.560966493
-8.61922133333 247.557993273
-8.61421866667 247.528612899
-8.609216 247.526442711
-8.60421333333 247.510364275
-8.59921066667 247.535951078
-8.594208 247.498877154
-8.58920533333 247.500409677
-8.58420266667 247.521175298
-8.5792 247.541861994
-8.57419733333 247.502508113
-8.56919466667 247.524843246
-8.564192 247.49978094
-8.55918933333 247.480395239
-8.55418666667 247.436208281
-8.549184 247.461049655
-8.54418133333 247.44907133
-8.53917866667 247.446688604
-8.534176 247.43910209
-8.52917333333 247.430137867
-8.52417066667 247.435611004
-8.519168 247.436488014
-8.51416533333 247.413129873
-8.50916266667 247.421933151
-8.50416 247.419780198
-8.49915733333 247.444234979
-8.49415466667 247.415887786
-8.489152 247.419142621
-8.48414933333 247.407406644
-8.47914666667 247.423528446
-8.474144 247.395566853
-8.46914133333 247.396200115
-8.46413866667 247.414265096
-8.459136 247.421197644
-8.45413333333 247.400446997
-8.44913066667 247.420868562
-8.444128 247.42139594
-8.43912533333 247.438519397
-8.43412266667 247.411121088
-8.42912 247.405087233
-8.42411733333 247.418313583
-8.41911466667 247.422769034
-8.414112 247.400050435
-8.40910933333 247.423735997
-8.40410666667 247.447146979
-8.399104 247.472661709
-8.39410133333 247.434438738
-8.38909866667 247.457602676
-8.384096 247.488447433
-8.37909333333 247.486859338
-8.37409066667 247.499849233
-8.369088 247.537798432
-8.36408533333 247.53369432
-8.35908266667 247.575232799
-8.35408 247.576090582
-8.34907733333 247.638195109
-8.34407466667 247.66855954
-8.339072 247.70589184
-8.33406933333 247.732992616
-8.32906666667 247.773643603
-8.324064 247.81563932
-8.31906133333 247.918685855
-8.31405866667 247.966592306
-8.309056 248.024749284
-8.30405333333 248.107017034
-8.29905066667 248.193975304
-8.294048 248.179289422
-8.28904533333 248.235233215
-8.28404266667 248.301309373
-8.27904 248.341238448
-8.27403733333 248.359912813
-8.26903466667 248.41580152
-8.264032 248.453807187
-8.25902933333 248.502118202
-8.25402666667 248.54115991
-8.249024 248.579361724
-8.24402133333 248.595845605
-8.23901866667 248.626030448
-8.234016 248.651333135
-8.22901333333 248.664429034
-8.22401066667 248.671945628
-8.219008 248.702146966
-8.21400533333 248.676644379
-8.20900266667 248.709354342
-8.204 248.709860421
-8.19899733333 248.749729258
-8.19399466667 248.712594363
-8.188992 248.696211279
-8.18398933333 248.709147976
-8.17898666667 248.674627082
-8.173984 248.624523608
-8.16898133333 248.593799373
-8.16397866667 248.551737794
-8.158976 248.518985118
-8.15397333333 248.470113838
-8.14897066667 248.431606354
-8.143968 248.434304811
-8.13896533333 248.421112669
-8.13396266667 248.382957364
-8.12896 248.390140961
-8.12395733333 248.374290576
-8.11895466667 248.383372479
-8.113952 248.343388522
-8.10894933333 248.376489074
-8.10394666667 248.432061149
-8.098944 248.410457667
-8.09394133333 248.406130308
-8.08893866667 248.40865955
-8.083936 248.410495299
-8.07893333333 248.42600256
-8.07393066667 248.397418447
-8.068928 248.392174426
-8.06392533333 248.402903962
-8.05892266667 248.412488632
-8.05392 248.408130004
-8.04891733333 248.412624292
-8.04391466667 248.396432124
-8.038912 248.426304149
-8.03390933333 248.373997198
-8.02890666667 248.359676196
-8.023904 248.377512141
-8.01890133333 248.378432146
-8.01389866667 248.373008405
-8.008896 248.364932826
-8.00389333333 248.37909212
-7.99889066667 248.365922947
-7.993888 248.337514582
-7.98888533333 248.379496231
-7.98388266667 248.384197427
-7.97888 248.38027047
-7.97387733333 248.376065334
-7.96887466667 248.377771465
-7.963872 248.404382874
-7.95886933333 248.412467819
-7.95386666667 248.402474967
-7.948864 248.418897821
-7.94386133333 248.430137927
-7.93885866667 248.436623036
-7.933856 248.438830558
-7.92885333333 248.467960162
-7.92385066667 248.487984339
-7.918848 248.481273413
-7.91384533333 248.464454129
-7.90884266667 248.469523759
-7.90384 248.480622218
-7.89883733333 248.495888057
-7.89383466667 248.493837451
-7.888832 248.502106607
-7.88382933333 248.458175824
-7.87882666667 248.478085506
-7.873824 248.500499332
-7.86882133333 248.488837245
-7.86381866667 248.472870017
-7.858816 248.493958122
-7.85381333333 248.470754712
-7.84881066667 248.461529911
-7.843808 248.475951165
-7.83880533333 248.470127589
-7.83380266667 248.432456235
-7.8288 248.438194756
-7.82379733333 248.407205658
-7.81879466667 248.392740773
-7.813792 248.36197293
-7.80878933333 248.342788182
-7.80378666667 248.326568738
-7.798784 248.306776456
-7.79378133333 248.254747231
-7.78877866667 248.21424025
-7.783776 248.184613994
-7.77877333333 248.163325699
-7.77377066667 248.128869948
-7.768768 248.078934572
-7.76376533333 248.059678285
-7.75876266667 248.000243793
-7.75376 247.935801276
-7.74875733333 247.898825649
-7.74375466667 247.866672483
-7.738752 247.784168263
-7.73374933333 247.715789381
-7.72874666667 247.667662443
-7.723744 247.652614729
-7.71874133333 247.599670783
-7.71373866667 247.584180428
-7.708736 247.568009126
-7.70373333333 247.561994249
-7.69873066667 247.548330393
-7.693728 247.489674378
-7.68872533333 247.473316874
-7.68372266667 247.470093472
-7.67872 247.430561463
-7.67371733333 247.391922149
-7.66871466667 247.357986388
-7.663712 247.340449116
-7.65870933333 247.307648296
-7.65370666667 247.272390503
-7.648704 247.278216116
-7.64370133333 247.263957438
-7.63869866667 247.238436892
-7.633696 247.210880786
-7.62869333333 247.199406696
-7.62369066667 247.188475348
-7.618688 247.157389562
-7.61368533333 247.141121486
-7.60868266667 247.129877692
-7.60368 247.104889308
-7.59867733333 247.114276864
-7.59367466667 247.05575203
-7.588672 247.057095329
-7.58366933333 247.032811563
-7.57866666667 247.023216505
-7.573664 247.020306638
-7.56866133333 247.032147877
-7.56365866667 247.033454543
-7.558656 247.00953852
-7.55365333333 246.97990016
-7.54865066667 246.975725883
-7.543648 246.984916337
-7.53864533333 246.988619371
-7.53364266667 246.970876928
-7.52864 246.960580917
-7.52363733333 246.967254829
-7.51863466667 246.961916053
-7.513632 246.961293346
-7.50862933333 246.954763249
-7.50362666667 246.951387637
-7.498624 246.924710165
-7.49362133333 246.887169193
-7.48861866667 246.884616819
-7.483616 246.930957728
-7.47861333333 246.908295867
-7.47361066667 246.892146562
-7.468608 246.877018385
-7.46360533333 246.881591184
-7.45860266667 246.88940778
-7.4536 246.897387091
-7.44859733333 246.921407755
-7.44359466667 246.90844928
-7.438592 246.925712646
-7.43358933333 246.92349389
-7.42858666667 246.907997371
-7.423584 246.918198772
-7.41858133333 246.915955219
-7.41357866667 246.886929503
-7.408576 246.903121789
-7.40357333333 246.9151675
-7.39857066667 246.924332215
-7.393568 246.928300508
-7.38856533333 246.92531062
-7.38356266667 246.932543347
-7.37856 246.936200139
-7.37355733333 246.924755067
-7.36855466667 246.943845985
-7.363552 246.946687669
-7.35854933333 246.952355397
-7.35354666667 246.94376962
-7.348544 246.931744601
-7.34354133333 246.950041589
-7.33853866667 246.968108787
-7.333536 246.979341248
-7.32853333333 246.989944453
-7.32353066667 247.010291254
-7.318528 247.021783887
-7.31352533333 247.007816731
-7.30852266667 247.031755368
-7.30352 247.06215831
-7.29851733333 247.07940984
-7.29351466667 247.082255307
-7.288512 247.093923134
-7.28350933333 247.110791649
-7.27850666667 247.12408786
-7.273504 247.102821615
-7.26850133333 247.134970766
-7.26349866667 247.158075434
-7.258496 247.17351247
-7.25349333333 247.18525126
-7.24849066667 247.181215107
-7.243488 247.223520772
-7.23848533333 247.212689434
-7.23348266667 247.227226444
-7.22848 247.216938028
-7.22347733333 247.253489757
-7.21847466667 247.268812992
-7.213472 247.236611718
-7.20846933333 247.249722852
-7.20346666667 247.278040365
-7.198464 247.288708744
-7.19346133333 247.264992019
-7.18845866667 247.262386323
-7.183456 247.293299081
-7.17845333333 247.303626086
-7.17345066667 247.314837066
-7.168448 247.318728235
-7.16344533333 247.317646203
-7.15844266667 247.332907795
-7.15344 247.327538689
-7.14843733333 247.319607871
-7.14343466667 247.306363111
-7.138432 247.320177483
-7.13342933333 247.302732552
-7.12842666667 247.299305638
-7.123424 247.322860926
-7.11842133333 247.328244432
-7.11341866667 247.332208949
-7.108416 247.323166714
-7.10341333333 247.335830527
-7.09841066667 247.332174749
-7.093408 247.342005653
-7.08840533333 247.331158337
-7.08340266667 247.350127312
-7.0784 247.355264683
-7.07339733333 247.339727298
-7.06839466667 247.346539776
-7.063392 247.376471045
-7.05838933333 247.350497287
-7.05338666667 247.375715831
-7.048384 247.358626827
-7.04338133333 247.381477515
-7.03837866667 247.368005186
-7.033376 247.360768096
-7.02837333333 247.359099642
-7.02337066667 247.349659031
-7.018368 247.327170287
-7.01336533333 247.335997522
-7.00836266667 247.338630669
-7.00336 247.343232682
-6.99835733333 247.331161684
-6.99335466667 247.322710146
-6.988352 247.316433782
-6.98334933333 247.327638895
-6.97834666667 247.323756596
-6.973344 247.335391337
-6.96834133333 247.308865766
-6.96333866667 247.324529028
-6.958336 247.320490025
-6.95333333333 247.316690634
-6.94833066667 247.312057641
-6.943328 247.32964787
-6.93832533333 247.33488887
-6.93332266667 247.316780232
-6.92832 247.320901181
-6.92331733333 247.335849064
-6.91831466667 247.326253255
-6.913312 247.305786013
-6.90830933333 247.328901996
-6.90330666667 247.363405871
-6.898304 247.359601395
-6.89330133333 247.341883739
-6.88829866667 247.338785203
-6.883296 247.336853617
-6.87829333333 247.347608393
-6.87329066667 247.367487242
-6.868288 247.33981064
-6.86328533333 247.351970023
-6.85828266667 247.356477126
-6.85328 247.343683019
-6.84827733333 247.338581459
-6.84327466667 247.373270182
-6.838272 247.362784332
-6.83326933333 247.317551338
-6.82826666667 247.329324705
-6.823264 247.353484858
-6.81826133333 247.317438046
-6.81325866667 247.333448428
-6.808256 247.343545216
-6.80325333333 247.332347161
-6.79825066667 247.340833183
-6.793248 247.340887296
-6.78824533333 247.317186501
-6.78324266667 247.332274774
-6.77824 247.323330913
-6.77323733333 247.328633006
-6.76823466667 247.323583509
-6.763232 247.317578064
-6.75822933333 247.313478181
-6.75322666667 247.322434118
-6.748224 247.310877785
-6.74322133333 247.325296001
-6.73821866667 247.315616741
-6.733216 247.316187187
-6.72821333333 247.305269965
-6.72321066667 247.326605772
-6.718208 247.323864355
-6.71320533333 247.314652729
-6.70820266667 247.284948926
-6.7032 247.308645548
-6.69819733333 247.312295673
-6.69319466667 247.299645863
-6.688192 247.305094244
-6.68318933333 247.309494908
-6.67818666667 247.323030482
-6.673184 247.299522697
-6.66818133333 247.316109644
-6.66317866667 247.332881711
-6.658176 247.336819937
-6.65317333333 247.327382497
-6.64817066667 247.327503675
-6.643168 247.346596651
-6.63816533333 247.346184977
-6.63316266667 247.361532312
-6.62816 247.363311256
-6.62315733333 247.358617343
-6.61815466667 247.352257124
-6.613152 247.365885088
-6.60814933333 247.381395269
-6.60314666667 247.405499782
-6.598144 247.40403706
-6.59314133333 247.372485567
-6.58813866667 247.37288829
-6.583136 247.385443974
-6.57813333333 247.393640504
-6.57313066667 247.359705372
-6.568128 247.371904375
-6.56312533333 247.385107199
-6.55812266667 247.375667917
-6.55312 247.359145489
-6.54811733333 247.371472544
-6.54311466667 247.407423437
-6.538112 247.393895004
-6.53310933333 247.3685682
-6.52810666667 247.364679173
-6.523104 247.364441747
-6.51810133333 247.393530886
-6.51309866667 247.364711164
-6.508096 247.365437376
-6.50309333333 247.359000547
-6.49809066667 247.362696023
-6.493088 247.350598127
-6.48808533333 247.335742448
-6.48308266667 247.351410366
-6.47808 247.342788587
-6.47307733333 247.322555437
-6.46807466667 247.305791967
-6.463072 247.306930497
-6.45806933333 247.296406503
-6.45306666667 247.287833927
-6.448064 247.279523732
-6.44306133333 247.275234651
-6.43805866667 247.261456755
-6.433056 247.254749852
-6.42805333333 247.251442472
-6.42305066667 247.261610173
-6.418048 247.234092349
-6.41304533333 247.227830843
-6.40804266667 247.197046372
-6.40304 247.168735575
-6.39803733333 247.172610407
-6.39303466667 247.150416833
-6.388032 247.127369526
-6.38302933333 247.131523207
-6.37802666667 247.118851067
-6.373024 247.098254981
-6.36802133333 247.090542157
-6.36301866667 247.099439911
-6.358016 247.076085252
-6.35301333333 247.060717713
-6.34801066667 247.054215882
-6.343008 247.083331211
-6.33800533333 247.073274357
-6.33300266667 247.07936625
-6.328 247.053226282
-6.32299733333 247.057130048
-6.31799466667 247.057011084
-6.312992 247.055741406
-6.30798933333 247.028681061
-6.30298666667 247.038437472
-6.297984 247.034064109
-6.29298133333 247.023926592
-6.28797866667 246.986733255
-6.282976 247.031942582
-6.27797333333 247.026504196
-6.27297066667 247.020384889
-6.267968 247.009146423
-6.26296533333 247.036768074
-6.25796266667 247.04930018
-6.25296 247.050893054
-6.24795733333 247.031212003
-6.24295466667 247.051838541
-6.237952 247.046826194
-6.23294933333 247.019139382
-6.22794666667 247.043485641
-6.222944 247.038860852
-6.21794133333 247.082700152
-6.21293866667 247.071755507
-6.207936 247.086520994
-6.20293333333 247.114730503
-6.19793066667 247.125827146
-6.192928 247.137023816
-6.18792533333 247.150622135
-6.18292266667 247.196324472
-6.17792 247.207174589
-6.17291733333 247.175574929
-6.16791466667 247.176641695
-6.162912 247.204585924
-6.15790933333 247.204746751
-6.15290666667 247.20623783
-6.147904 247.224919773
-6.14290133333 247.240552536
-6.13789866667 247.242429683
-6.132896 247.254095897
-6.12789333333 247.265900504
-6.12289066667 247.292945267
-6.117888 247.299236349
-6.11288533333 247.287479568
-6.10788266667 247.277833639
-6.10288 247.309919562
-6.09787733333 247.335017505
-6.09287466667 247.315056914
-6.087872 247.325719932
-6.08286933333 247.353373801
-6.07786666667 247.335717937
-6.072864 247.336960736
-6.06786133333 247.343958754
-6.06285866667 247.367714525
-6.057856 247.350632477
-6.05285333333 247.367767236
-6.04785066667 247.355344402
-6.042848 247.363990631
-6.03784533333 247.367701931
-6.03284266667 247.387050504
-6.02784 247.354418794
-6.02283733333 247.381480895
-6.01783466667 247.360901849
-6.012832 247.376696278
-6.00782933333 247.371730336
-6.00282666667 247.387654828
-5.997824 247.392161174
-5.99282133333 247.366316126
-5.98781866667 247.400518552
-5.982816 247.392880936
-5.97781333333 247.409723756
-5.97281066667 247.393270929
-5.967808 247.397345209
-5.96280533333 247.406614608
-5.95780266667 247.405239206
-5.9528 247.397961675
-5.94779733333 247.393126695
-5.94279466667 247.424172277
-5.937792 247.418817077
-5.93278933333 247.385750693
-5.92778666667 247.380349278
-5.922784 247.439646826
-5.91778133333 247.424796322
-5.91277866667 247.403246518
-5.907776 247.411098516
-5.90277333333 247.416155823
-5.89777066667 247.416778372
-5.892768 247.412940521
-5.88776533333 247.424479133
-5.88276266667 247.451573298
-5.87776 247.417226124
-5.87275733333 247.429242511
-5.86775466667 247.43829623
-5.862752 247.427193587
-5.85774933333 247.430964852
-5.85274666667 247.445397962
-5.847744 247.41927882
-5.84274133333 247.433696974
-5.83773866667 247.447623809
-5.832736 247.443573577
-5.82773333333 247.455724169
-5.82273066667 247.472630302
-5.817728 247.429452708
-5.81272533333 247.446627102
-5.80772266667 247.434507639
-5.80272 247.454628344
-5.79771733333 247.472344616
-5.79271466667 247.467117365
-5.787712 247.455956368
-5.78270933333 247.481789264
-5.77770666667 247.499672066
-5.772704 247.505296997
-5.76770133333 247.518005642
-5.76269866667 247.569302574
-5.757696 247.581676355
-5.75269333333 247.601021206
-5.74769066667 247.618005133
-5.742688 247.68428995
-5.73768533333 247.710609888
-5.73268266667 247.801959698
-5.72768 247.824203856
-5.72267733333 247.892695796
-5.71767466667 247.930104257
-5.712672 247.988980226
-5.70766933333 248.045833959
-5.70266666667 248.115122981
-5.697664 248.16877217
-5.69266133333 248.228771223
-5.68765866667 248.284853372
-5.682656 248.341726893
-5.67765333333 248.405525412
-5.67265066667 248.478077131
-5.667648 248.497050742
-5.66264533333 248.561515549
-5.65764266667 248.602447939
-5.65264 248.623159021
-5.64763733333 248.668871505
-5.64263466667 248.73044382
-5.637632 248.760618429
-5.63262933333 248.762684307
-5.62762666667 248.786185568
-5.622624 248.807524414
-5.61762133333 248.814970878
-5.61261866667 248.819014495
-5.607616 248.786707597
-5.60261333333 248.786800273
-5.59761066667 248.790210131
-5.592608 248.801817727
-5.58760533333 248.777936371
-5.58260266667 248.784950057
-5.5776 248.770639885
-5.57259733333 248.722172106
-5.56759466667 248.693675135
-5.562592 248.68970965
-5.55758933333 248.660899903
-5.55258666667 248.661286556
-5.547584 248.617996651
-5.54258133333 248.625404814
-5.53757866667 248.595135894
-5.532576 248.578560187
-5.52757333333 248.567959749
-5.52257066667 248.557588457
-5.517568 248.55581486
-5.51256533333 248.530924285
-5.50756266667 248.531293829
-5.50256 248.569907369
-5.49755733333 248.575467655
-5.49255466667 248.597766362
-5.487552 248.567886303
-5.48254933333 248.550949797
-5.47754666667 248.561093945
-5.472544 248.568192592
-5.46754133333 248.582257884
-5.46253866667 248.600078136
-5.457536 248.627630371
-5.45253333333 248.619663771
-5.44753066667 248.604011597
-5.442528 248.613800045
-5.43752533333 248.625268724
-5.43252266667 248.629401103
-5.42752 248.619468679
-5.42251733333 248.635044833
-5.41751466667 248.616836401
-5.412512 248.608038521
-5.40750933333 248.573856842
-5.40250666667 248.596684028
-5.397504 248.598200309
-5.39250133333 248.591159345
-5.38749866667 248.606683353
-5.382496 248.635225275
-5.37749333333 248.628417466
-5.37249066667 248.592004016
-5.367488 248.553705496
-5.36248533333 248.571372858
-5.35748266667 248.557255352
-5.35248 248.560033271
-5.34747733333 248.574901967
-5.34247466667 248.578355813
-5.337472 248.567099794
-5.33246933333 248.562124099
-5.32746666667 248.532722142
-5.322464 248.542326614
-5.31746133333 248.529887942
-5.31245866667 248.510062635
-5.307456 248.499465678
-5.30245333333 248.567219646
-5.29745066667 248.47810391
-5.292448 248.464369706
-5.28744533333 248.443233507
-5.28244266667 248.430310534
-5.27744 248.39864591
-5.27243733333 248.385201051
-5.26743466667 248.359450059
-5.262432 248.368372655
-5.25742933333 248.332243632
-5.25242666667 248.307728189
-5.247424 248.284884176
-5.24242133333 248.28750266
-5.23741866667 248.251656039
-5.232416 248.234240268
-5.22741333333 248.209392137
-5.22241066667 248.219071667
-5.217408 248.185218547
-5.21240533333 248.138593967
-5.20740266667 248.116427044
-5.2024 248.100443167
-5.19739733333 248.065841806
-5.19239466667 248.050094261
-5.187392 247.980603324
-5.18238933333 247.954983788
-5.17738666667 247.933444986
-5.172384 247.879104271
-5.16738133333 247.861552296
-5.16237866667 247.812741744
-5.157376 247.774592149
-5.15237333333 247.731718188
-5.14737066667 247.694415547
-5.142368 247.67549201
-5.13736533333 247.625920339
-5.13236266667 247.601846508
-5.12736 247.556197005
-5.12235733333 247.552940444
-5.11735466667 247.514622395
-5.112352 247.488551757
-5.10734933333 247.469816518
-5.10234666667 247.494647192
-5.097344 247.448118991
-5.09234133333 247.436509013
-5.08733866667 247.401518839
-5.082336 247.392212535
-5.07733333333 247.362864963
-5.07233066667 247.350572547
-5.067328 247.307060844
-5.06232533333 247.302807498
-5.05732266667 247.277289847
-5.05232 247.285896454
-5.04731733333 247.270358954
-5.04231466667 247.283648972
-5.037312 247.252013351
-5.03230933333 247.232142816
-5.02730666667 247.225375234
-5.022304 247.21453703
-5.01730133333 247.221744961
-5.01229866667 247.197994157
-5.007296 247.175091074
-5.00229333333 247.192179633
-4.99729066667 247.169417853
-4.992288 247.163817574
-4.98728533333 247.17216074
-4.98228266667 247.188925671
-4.97728 247.175560775
-4.97227733333 247.152821075
-4.96727466667 247.146209186
-4.962272 247.176463037
-4.95726933333 247.152478177
-4.95226666667 247.160170219
-4.947264 247.145140009
-4.94226133333 247.144985909
-4.93725866667 247.132234702
-4.932256 247.139989492
-4.92725333333 247.128259457
-4.92225066667 247.144222618
-4.917248 247.127202714
-4.91224533333 247.133953653
-4.90724266667 247.110258711
-4.90224 247.130108694
-4.89723733333 247.131501829
-4.89223466667 247.110100103
-4.887232 247.110118608
-4.88222933333 247.120005196
-4.87722666667 247.108593719
-4.872224 247.089726541
-4.86722133333 247.101928296
-4.86221866667 247.116920204
-4.857216 247.092686787
-4.85221333333 247.088206284
-4.84721066667 247.09467597
-4.842208 247.100608873
-4.83720533333 247.095829837
-4.83220266667 247.085118748
-4.8272 247.062048501
-4.82219733333 247.059403092
-4.81719466667 247.040027034
-4.812192 247.048781979
-4.80718933333 247.00964839
-4.80218666667 247.01975567
-4.797184 246.981718725
-4.79218133333 246.956508919
-4.78717866667 246.943285538
-4.782176 246.945075254
-4.77717333333 246.928783458
-4.77217066667 246.913689414
-4.767168 246.893230917
-4.76216533333 246.90498281
-4.75716266667 246.859513858
-4.75216 246.868084346
-4.74715733333 246.855934684
-4.74215466667 246.87176965
-4.737152 246.82783698
-4.73214933333 246.813847368
-4.72714666667 246.808884035
-4.722144 246.815734724
-4.71714133333 246.82314633
-4.71213866667 246.800153535
-4.707136 246.817041266
-4.70213333333 246.828048003
-4.69713066667 246.830776312
-4.692128 246.841572017
-4.68712533333 246.856487543
-4.68212266667 246.884166025
-4.67712 246.886724459
-4.67211733333 246.87368319
-4.66711466667 246.862119903
-4.662112 246.896630168
-4.65710933333 246.894149334
-4.65210666667 246.934397652
-4.647104 246.937751236
-4.64210133333 246.942666517
-4.63709866667 246.948527547
-4.632096 246.976732556
-4.62709333333 246.980978562
-4.62209066667 247.037693043
-4.617088 247.035176567
-4.61208533333 247.042524982
-4.60708266667 247.046313768
-4.60208 247.079658669
-4.59707733333 247.09304161
-4.59207466667 247.111880111
-4.587072 247.114997735
-4.58206933333 247.128769443
-4.57706666667 247.117620305
-4.572064 247.125499918
-4.56706133333 247.143172572
-4.56205866667 247.15980728
-4.557056 247.158947954
-4.55205333333 247.126959168
-4.54705066667 247.141192751
-4.542048 247.17921821
-4.53704533333 247.176257079
-4.53204266667 247.152289651
-4.52704 247.166904222
-4.52203733333 247.179665345
-4.51703466667 247.163934717
-4.512032 247.156616849
-4.50702933333 247.14469572
-4.50202666667 247.188511364
-4.497024 247.162329349
-4.49202133333 247.150269572
-4.48701866667 247.137807567
-4.482016 247.160087154
-4.47701333333 247.160262656
-4.47201066667 247.161588788
-4.467008 247.149963276
-4.46200533333 247.179954813
-4.45700266667 247.162081444
-4.452 247.168604834
-4.44699733333 247.167153825
-4.44199466667 247.168296286
-4.436992 247.179516791
-4.43198933333 247.175592755
-4.42698666667 247.156639376
-4.421984 247.185442857
-4.41698133333 247.169287049
-4.41197866667 247.169517666
-4.406976 247.167948654
-4.40197333333 247.19223069
-4.39697066667 247.173684425
-4.391968 247.16704562
-4.38696533333 247.177880787
-4.38196266667 247.211237936
-4.37696 247.202897646
-4.37195733333 247.196208224
-4.36695466667 247.196059787
-4.361952 247.215600437
-4.35694933333 247.218145488
-4.35194666667 247.237779038
-4.346944 247.231818281
-4.34194133333 247.229992739
-4.33693866667 247.251814879
-4.331936 247.26421948
-4.32693333333 247.283217418
-4.32193066667 247.305084035
-4.316928 247.289626322
-4.31192533333 247.279823832
-4.30692266667 247.251096894
-4.30192 247.280653762
-4.29691733333 247.259886801
-4.29191466667 247.261899935
-4.286912 247.23634046
-4.28190933333 247.24011612
-4.27690666667 247.205087877
-4.271904 247.231343485
-4.26690133333 247.194549737
-4.26189866667 247.20874906
-4.256896 247.184076509
-4.25189333333 247.168719173
-4.24689066667 247.1392964
-4.241888 247.200478249
-4.23688533333 247.185197265
-4.23188266667 247.187330304
-4.22688 247.174102708
-4.22187733333 247.15793788
-4.21687466667 247.144393449
-4.211872 247.183730783
-4.20686933333 247.167950622
-4.20186666667 247.178557052
-4.196864 247.173373906
-4.19186133333 247.166463468
-4.18685866667 247.167654542
-4.181856 247.160336998
-4.17685333333 247.169637452
-4.17185066667 247.150303038
-4.166848 247.14071326
-4.16184533333 247.156396854
-4.15684266667 247.129604625
-4.15184 247.112835613
-4.14683733333 247.130138862
-4.14183466667 247.131806284
-4.136832 247.129195062
-4.13182933333 247.104253361
-4.12682666667 247.117445088
-4.121824 247.139426692
-4.11682133333 247.120263512
-4.11181866667 247.148880265
-4.106816 247.124370728
-4.10181333333 247.180341898
-4.09681066667 247.170094838
-4.091808 247.176067679
-4.08680533333 247.161533559
-4.08180266667 247.193275251
-4.0768 247.169326434
-4.07179733333 247.175219781
-4.06679466667 247.167311495
-4.061792 247.201216282
-4.05678933333 247.182782415
-4.05178666667 247.18176793
-4.046784 247.180740062
-4.04178133333 247.194935881
-4.03677866667 247.180063124
-4.031776 247.183306091
-4.02677333333 247.172978956
-4.02177066667 247.198592468
-4.016768 247.194652834
-4.01176533333 247.196136496
-4.00676266667 247.167980156
-4.00176 247.204973746
-3.99675733333 247.212133119
-3.99175466667 247.206215976
-3.986752 247.188688547
-3.98174933333 247.207363166
-3.97674666667 247.204645887
-3.971744 247.187779365
-3.96674133333 247.177653514
-3.96173866667 247.194892626
-3.956736 247.204111259
-3.95173333333 247.193879653
-3.94673066667 247.181629915
-3.941728 247.207095934
-3.93672533333 247.225526632
-3.93172266667 247.231122583
-3.92672 247.234216916
-3.92171733333 247.252789875
-3.91671466667 247.248660455
-3.911712 247.251838762
-3.90670933333 247.279911284
-3.90170666667 247.302371491
-3.896704 247.300610172
-3.89170133333 247.304323202
-3.88669866667 247.302946992
-3.881696 247.336088852
-3.87669333333 247.316081772
-3.87169066667 247.315515863
-3.866688 247.316253085
-3.86168533333 247.321772539
-3.85668266667 247.319794744
-3.85168 247.343955402
-3.84667733333 247.33125781
-3.84167466667 247.346298983
-3.836672 247.340965887
-3.83166933333 247.352950416
-3.82666666667 247.334598279
-3.821664 247.352801222
-3.81666133333 247.339200042
-3.81165866667 247.338385708
-3.806656 247.315772176
-3.80165333333 247.338934158
-3.79665066667 247.334742041
-3.791648 247.335820976
-3.78664533333 247.338280256
-3.78164266667 247.361779297
-3.77664 247.338784322
-3.77163733333 247.334641711
-3.76663466667 247.306813036
-3.761632 247.345404075
-3.75662933333 247.33137761
-3.75162666667 247.331070186
-3.746624 247.307599204
-3.74162133333 247.307060003
-3.73661866667 247.303713159
-3.731616 247.296520901
-3.72661333333 247.266549488
-3.72161066667 247.291867262
-3.716608 247.245647093
-3.71160533333 247.232998904
-3.70660266667 247.228673899
-3.7016 247.208737077
-3.69659733333 247.226388251
-3.69159466667 247.216995832
-3.686592 247.214224339
-3.68158933333 247.206005693
-3.67658666667 247.205020007
-3.671584 247.200739576
-3.66658133333 247.185686659
-3.66157866667 247.20147382
-3.656576 247.206325842
-3.65157333333 247.182367696
-3.64657066667 247.167454163
-3.641568 247.1768292
-3.63656533333 247.186973679
-3.63156266667 247.187885459
-3.62656 247.153285074
-3.62155733333 247.167295168
-3.61655466667 247.16377778
-3.611552 247.14772468
-3.60654933333 247.15075153
-3.60154666667 247.175185795
-3.596544 247.145355856
-3.59154133333 247.156064759
-3.58653866667 247.142309035
-3.581536 247.167267799
-3.57653333333 247.169012659
-3.57153066667 247.176872845
-3.566528 247.150104324
-3.56152533333 247.173411855
-3.55652266667 247.144861079
-3.55152 247.145055809
-3.54651733333 247.142696628
-3.54151466667 247.145445613
-3.536512 247.126070774
-3.53150933333 247.115268268
-3.52650666667 247.095028794
-3.521504 247.102281445
-3.51650133333 247.108282753
-3.51149866667 247.097455834
-3.506496 247.074255073
-3.50149333333 247.083023973
-3.49649066667 247.063555356
-3.491488 247.080109863
-3.48648533333 247.062233014
-3.48148266667 247.074388507
-3.47648 247.070930841
-3.47147733333 247.054591
-3.46647466667 247.055685456
-3.461472 247.083840189
-3.45646933333 247.059201479
-3.45146666667 247.068656668
-3.446464 247.054295977
-3.44146133333 247.081541189
-3.43645866667 247.057059143
-3.431456 247.089939901
-3.42645333333 247.072673211
-3.42145066667 247.105407644
-3.416448 247.107995916
-3.41144533333 247.112333578
-3.40644266667 247.101353969
-3.40144 247.143828222
-3.39643733333 247.151945218
-3.39143466667 247.152250753
-3.386432 247.153311426
-3.38142933333 247.189843509
-3.37642666667 247.177754257
-3.371424 247.168087954
-3.36642133333 247.200092803
-3.36141866667 247.233334305
-3.356416 247.234162861
-3.35141333333 247.24139458
-3.34641066667 247.237183798
-3.341408 247.280164273
-3.33640533333 247.275423939
-3.33140266667 247.310323053
-3.3264 247.296004462
-3.32139733333 247.318604099
-3.31639466667 247.320741253
-3.311392 247.329245109
-3.30638933333 247.330767389
-3.30138666667 247.360273882
-3.296384 247.359991688
-3.29138133333 247.322329879
-3.28637866667 247.353105319
-3.281376 247.36994779
-3.27637333333 247.364099089
-3.27137066667 247.403982066
-3.266368 247.38141594
-3.26136533333 247.402703007
-3.25636266667 247.386332528
-3.25136 247.402860993
-3.24635733333 247.406907671
-3.24135466667 247.427084441
-3.236352 247.428163415
-3.23134933333 247.435598332
-3.22634666667 247.431170442
-3.221344 247.449194395
-3.21634133333 247.464263015
-3.21133866667 247.458476475
-3.206336 247.454337212
-3.20133333333 247.462371811
-3.19633066667 247.460596992
-3.191328 247.464192315
-3.18632533333 247.447885918
-3.18132266667 247.47120769
-3.17632 247.473137079
-3.17131733333 247.46069985
-3.16631466667 247.472291502
-3.161312 247.507803324
-3.15630933333 247.488834465
-3.15130666667 247.495294726
-3.146304 247.455366992
-3.14130133333 247.494512942
-3.13629866667 247.470336892
-3.131296 247.479928308
-3.12629333333 247.460714125
-3.12129066667 247.470876845
-3.116288 247.465985374
-3.11128533333 247.453998241
-3.10628266667 247.433738594
-3.10128 247.467826543
-3.09627733333 247.453314408
-3.09127466667 247.459631376
-3.086272 247.443730805
-3.08126933333 247.460498779
-3.07626666667 247.429597146
-3.071264 247.437104332
-3.06626133333 247.433933797
-3.06125866667 247.435753489
-3.056256 247.421857913
-3.05125333333 247.391185575
-3.04625066667 247.373212574
-3.041248 247.381086391
-3.03624533333 247.383658071
-3.03124266667 247.370960925
-3.02624 247.348565609
-3.02123733333 247.357802682
-3.01623466667 247.341289164
-3.011232 247.328822801
-3.00622933333 247.312467147
-3.00122666667 247.321390247
-2.996224 247.289479207
-2.99122133333 247.290591184
-2.98621866667 247.246694468
-2.981216 247.254660049
-2.97621333333 247.230153822
-2.97121066667 247.238869912
-2.966208 247.228513841
-2.96120533333 247.237207797
-2.95620266667 247.21343879
-2.9512 247.206579313
-2.94619733333 247.197036113
-2.94119466667 247.207515211
-2.936192 247.195103132
-2.93118933333 247.176224432
-2.92618666667 247.178550683
-2.921184 247.175035747
-2.91618133333 247.203959223
-2.91117866667 247.182172685
-2.906176 247.16939695
-2.90117333333 247.179753605
-2.89617066667 247.1589558
-2.891168 247.157767942
-2.88616533333 247.154383111
-2.88116266667 247.163235052
-2.87616 247.156970988
-2.87115733333 247.14067495
-2.86615466667 247.130128048
-2.861152 247.137754958
-2.85614933333 247.136857525
-2.85114666667 247.125014992
-2.846144 247.11830042
-2.84114133333 247.128946517
-2.83613866667 247.140508568
-2.831136 247.142183845
-2.82613333333 247.127618841
-2.82113066667 247.142120506
-2.816128 247.151730352
-2.81112533333 247.139848315
-2.80612266667 247.136541994
-2.80112 247.167108544
-2.79611733333 247.146754415
-2.79111466667 247.168061928
-2.786112 247.160372433
-2.78110933333 247.168442695
-2.77610666667 247.162544428
-2.771104 247.174757667
-2.76610133333 247.164192936
-2.76109866667 247.197112913
-2.756096 247.197965547
-2.75109333333 247.2021063
-2.74609066667 247.199188707
-2.741088 247.216993005
-2.73608533333 247.243404939
-2.73108266667 247.24308506
-2.72608 247.249121461
-2.72107733333 247.276859357
-2.71607466667 247.253924668
-2.711072 247.265503207
-2.70606933333 247.279506873
-2.70106666667 247.311673363
-2.696064 247.319335658
-2.69106133333 247.321634071
-2.68605866667 247.344004235
-2.681056 247.352769229
-2.67605333333 247.380009801
-2.67105066667 247.399333205
-2.666048 247.376999392
-2.66104533333 247.412074908
-2.65604266667 247.407058128
-2.65104 247.423686858
-2.64603733333 247.411341936
-2.64103466667 247.472460603
-2.636032 247.474816799
-2.63102933333 247.447402348
-2.62602666667 247.446276429
-2.621024 247.481706286
-2.61602133333 247.462608247
-2.61101866667 247.475979616
-2.606016 247.472496824
-2.60101333333 247.499501203
-2.59601066667 247.491542633
-2.591008 247.501920057
-2.58600533333 247.505837382
-2.58100266667 247.515385125
-2.576 247.500268232
-2.57099733333 247.518944492
-2.56599466667 247.504287387
-2.560992 247.511716262
-2.55598933333 247.508991945
-2.55098666667 247.521470274
-2.545984 247.503959679
-2.54098133333 247.53138293
-2.53597866667 247.485151587
-2.530976 247.492329809
-2.52597333333 247.49687373
-2.52097066667 247.505903042
-2.515968 247.504150251
-2.51096533333 247.487457848
-2.50596266667 247.494512761
-2.50096 247.543359822
-2.49595733333 247.528037501
-2.49095466667 247.546104173
-2.485952 247.549602192
-2.48094933333 247.599431912
-2.47594666667 247.586259216
-2.470944 247.5946155
-2.46594133333 247.596884283
-2.46093866667 247.638996612
-2.455936 247.644554387
-2.45093333333 247.656876704
-2.44593066667 247.688772695
-2.440928 247.711741709
-2.43592533333 247.726420739
-2.43092266667 247.734318214
-2.42592 247.739250584
-2.42091733333 247.772855945
-2.41591466667 247.777783805
-2.410912 247.781079047
-2.40590933333 247.778293923
-2.40090666667 247.816861774
-2.395904 247.799411214
-2.39090133333 247.791780602
-2.38589866667 247.775783135
-2.380896 247.806344712
-2.37589333333 247.796093943
-2.37089066667 247.799365354
-2.365888 247.772346668
-2.36088533333 247.772498017
-2.35588266667 247.735469758
-2.35088 247.709203545
-2.34587733333 247.733470347
-2.34087466667 247.745370623
-2.335872 247.708538457
-2.33086933333 247.695107269
-2.32586666667 247.683055505
-2.320864 247.690938043
-2.31586133333 247.683542646
-2.31085866667 247.669596329
-2.305856 247.657598442
-2.30085333333 247.685383104
-2.29585066667 247.661308093
-2.290848 247.649714467
-2.28584533333 247.650498044
-2.28084266667 247.646616844
-2.27584 247.639081437
-2.27083733333 247.635874427
-2.26583466667 247.613816195
-2.260832 247.626066631
-2.25582933333 247.632688524
-2.25082666667 247.626246759
-2.245824 247.612247834
-2.24082133333 247.641614629
-2.23581866667 247.616524683
-2.230816 247.609427474
-2.22581333333 247.602189515
-2.22081066667 247.632173438
-2.215808 247.615839247
-2.21080533333 247.612675207
-2.20580266667 247.581353546
-2.2008 247.613364846
-2.19579733333 247.602898332
-2.19079466667 247.602687966
-2.185792 247.576080731
-2.18078933333 247.587798501
-2.17578666667 247.557402025
-2.170784 247.555637112
-2.16578133333 247.524581693
-2.16077866667 247.566111099
-2.155776 247.538918718
-2.15077333333 247.526752481
-2.14577066667 247.51682738
-2.140768 247.537312683
-2.13576533333 247.496923068
-2.13076266667 247.510396264
-2.12576 247.487297884
-2.12075733333 247.487809614
-2.11575466667 247.483159773
-2.110752 247.49063106
-2.10574933333 247.466128211
-2.10074666667 247.483147265
-2.095744 247.471010385
-2.09074133333 247.46233457
-2.08573866667 247.442440925
-2.080736 247.454716784
-2.07573333333 247.450665095
-2.07073066667 247.425641253
-2.065728 247.415464778
-2.06072533333 247.437751515
-2.05572266667 247.405069952
-2.05072 247.408387808
-2.04571733333 247.427628881
-2.04071466667 247.492680278
-2.035712 247.493730724
-2.03070933333 247.482399238
-2.02570666667 247.475485895
-2.020704 247.490126948
-2.01570133333 247.486943454
-2.01069866667 247.46415622
-2.005696 247.468792957
-2.00069333333 247.480969441
-1.99569066667 247.462200932
-1.990688 247.475523007
-1.98568533333 247.463832969
-1.98068266667 247.493838371
-1.97568 247.49105308
-1.97067733333 247.477441883
-1.96567466667 247.472592349
-1.960672 247.501450491
-1.95566933333 247.47291529
-1.95066666667 247.503492849
-1.945664 247.482749393
-1.94066133333 247.490388737
-1.93565866667 247.4733797
-1.930656 247.425885981
-1.92565333333 247.393632371
-1.92065066667 247.429585246
-1.915648 247.447634385
-1.91064533333 247.420590845
-1.90564266667 247.401262725
-1.90064 247.411177274
-1.89563733333 247.404938506
-1.89063466667 247.40979619
-1.885632 247.389110657
-1.88062933333 247.401520306
-1.87562666667 247.377079314
-1.870624 247.381004217
-1.86562133333 247.365578124
-1.86061866667 247.396216499
-1.855616 247.386684692
-1.85061333333 247.374745944
-1.84561066667 247.358923037
-1.840608 247.386576209
-1.83560533333 247.376562968
-1.83060266667 247.377094954
-1.8256 247.374103525
-1.82059733333 247.382038943
-1.81559466667 247.375695778
-1.810592 247.337491024
-1.80558933333 247.347087192
-1.80058666667 247.394837456
-1.795584 247.362113441
-1.79058133333 247.370338542
-1.78557866667 247.372376019
-1.780576 247.395939705
-1.77557333333 247.392531256
-1.77057066667 247.42654698
-1.765568 247.438296025
-1.76056533333 247.466066781
-1.75556266667 247.471858107
-1.75056 247.503701163
-1.74555733333 247.523346464
-1.74055466667 247.57666246
-1.735552 247.595156145
-1.73054933333 247.628347366
-1.72554666667 247.658200256
-1.720544 247.711318961
-1.71554133333 247.739901009
-1.71053866667 247.774330941
-1.705536 247.816645385
-1.70053333333 247.87055322
-1.69553066667 247.902221575
-1.690528 247.963595187
-1.68552533333 247.99859681
-1.68052266667 248.060634792
-1.67552 248.122527051
-1.67051733333 248.169853651
-1.66551466667 248.211960064
-1.660512 248.31790247
-1.65550933333 248.325382323
-1.65050666667 248.376597832
-1.645504 248.409998283
-1.64050133333 248.477656011
-1.63549866667 248.521949909
-1.630496 248.525075493
-1.62549333333 248.608209704
-1.62049066667 248.656356075
-1.615488 248.678476724
-1.61048533333 248.691746385
-1.60548266667 248.714177692
-1.60048 248.75415615
-1.59547733333 248.780840899
-1.59047466667 248.80664412
-1.585472 248.794149784
-1.58046933333 248.844976671
-1.57546666667 248.829521431
-1.570464 248.838464437
-1.56546133333 248.846564144
-1.56045866667 248.867340638
-1.555456 248.863497111
-1.55045333333 248.863458963
-1.54545066667 248.842344475
-1.540448 248.837364661
-1.53544533333 248.841665228
-1.53044266667 248.822013035
-1.52544 248.815797159
-1.52043733333 248.813647369
-1.51543466667 248.773121507
-1.510432 248.759238507
-1.50542933333 248.730909721
-1.50042666667 248.70733903
-1.495424 248.705877731
-1.49042133333 248.644377744
-1.48541866667 248.618910282
-1.480416 248.648431535
-1.47541333333 248.613310876
-1.47041066667 248.614872614
-1.465408 248.619540254
-1.46040533333 248.630214597
-1.45540266667 248.62009642
-1.4504 248.592279813
-1.44539733333 248.599762591
-1.44039466667 248.576001929
-1.435392 248.562101844
-1.43038933333 248.56803925
-1.42538666667 248.557118666
-1.420384 248.598704043
-1.41538133333 248.570140812
-1.41037866667 248.562172676
-1.405376 248.537461677
-1.40037333333 248.537961083
-1.39537066667 248.491181449
-1.390368 248.494893602
-1.38536533333 248.498359895
-1.38036266667 248.530211272
-1.37536 248.50945952
-1.37035733333 248.497249912
-1.36535466667 248.492261545
-1.360352 248.508490066
-1.35534933333 248.514340434
-1.35034666667 248.52028995
-1.345344 248.519883537
-1.34034133333 248.510348141
-1.33533866667 248.51079382
-1.330336 248.506350381
-1.32533333333 248.50303812
-1.32033066667 248.546653723
-1.315328 248.541605506
-1.31032533333 248.520977788
-1.30532266667 248.497548156
-1.30032 248.536123637
-1.29531733333 248.519254762
-1.29031466667 248.48413057
-1.285312 248.500564292
-1.28030933333 248.522860284
-1.27530666667 248.509638593
-1.270304 248.490017995
-1.26530133333 248.480370663
-1.26029866667 248.506788203
-1.255296 248.483358611
-1.25029333333 248.444353371
-1.24529066667 248.420623038
-1.240288 248.449240216
-1.23528533333 248.403748375
-1.23028266667 248.379390614
-1.22528 248.366919358
-1.22027733333 248.377017485
-1.21527466667 248.315623786
-1.210272 248.315988243
-1.20526933333 248.270190407
-1.20026666667 248.268446427
-1.195264 248.237212701
-1.19026133333 248.207309995
-1.18525866667 248.164326503
-1.180256 248.152040723
-1.17525333333 248.101478247
-1.17025066667 248.080591585
-1.165248 248.016211667
-1.16024533333 247.972942183
-1.15524266667 247.907693289
-1.15024 247.869969608
-1.14523733333 247.80722916
-1.14023466667 247.797146503
-1.135232 247.721858561
-1.13022933333 247.670926689
-1.12522666667 247.615571043
-1.120224 247.612120289
-1.11522133333 247.583377543
-1.11021866667 247.557356415
-1.105216 247.528115354
-1.10021333333 247.521258283
-1.09521066667 247.478203707
-1.090208 247.428119601
-1.08520533333 247.408920649
-1.08020266667 247.391806341
-1.0752 247.332458038
-1.07019733333 247.288176535
-1.06519466667 247.274538582
-1.060192 247.264936989
-1.05518933333 247.221907806
-1.05018666667 247.212279588
-1.045184 247.193130617
-1.04018133333 247.184932927
-1.03517866667 247.165377834
-1.030176 247.136853327
-1.02517333333 247.142784614
-1.02017066667 247.160935807
-1.015168 247.156725604
-1.01016533333 247.121441571
-1.00516266667 247.109303131
-1.00016 247.110233565
-0.995157333333 247.097895027
-0.990154666667 247.105430732
-0.985152 247.080260126
-0.980149333333 247.090832681
-0.975146666667 247.039557748
-0.970144 247.021958468
-0.965141333333 247.028838351
-0.960138666667 247.063443403
-0.955136 247.041611218
-0.950133333333 247.038874323
-0.945130666667 247.01766618
-0.940128 247.00704508
-0.935125333333 247.014324871
-0.930122666667 247.015185834
-0.92512 247.000705046
-0.920117333333 247.010292863
-0.915114666667 246.975764272
-0.910112 247.010283568
-0.905109333333 246.988098988
-0.900106666667 246.998062882
-0.895104 246.999916113
-0.890101333333 246.997363602
-0.885098666667 246.977450287
-0.880096 247.030855179
-0.875093333333 246.9963476
-0.870090666667 246.993019199
-0.865088 247.00021397
-0.860085333333 247.025110174
-0.855082666667 246.9985192
-0.85008 246.969917
-0.845077333333 246.996672876
-0.840074666667 247.019108063
-0.835072 246.990897342
-0.830069333333 246.982044212
-0.825066666667 246.979811462
-0.820064 246.983237748
-0.815061333333 246.988317266
-0.810058666667 246.976455665
-0.805056 246.961298242
-0.800053333333 246.965597936
-0.795050666667 246.951963414
-0.790048 246.93478605
-0.785045333333 246.897783822
-0.780042666667 246.972661821
-0.77504 246.900509909
-0.770037333333 246.915480038
-0.765034666667 246.899819576
-0.760032 246.912519537
-0.755029333333 246.897065286
-0.750026666667 246.884183475
-0.745024 246.884725441
-0.740021333333 246.893544064
-0.735018666667 246.883259189
-0.730016 246.878892229
-0.725013333333 246.88798443
-0.720010666667 246.918683393
-0.715008 246.905398361
-0.710005333333 246.898375378
-0.705002666667 246.907571205
-0.7 246.929521959
-0.694997333333 246.910218213
-0.689994666667 246.938806572
-0.684992 246.926406336
-0.679989333333 246.944541141
-0.674986666667 246.952175197
-0.669984 246.950271083
-0.664981333333 246.952612002
-0.659978666667 246.978373511
-0.654976 246.957947545
-0.649973333333 246.973486046
-0.644970666667 246.977526709
-0.639968 246.997291631
-0.634965333333 246.989358543
-0.629962666667 246.979066275
-0.62496 246.982453674
-0.619957333333 247.040581108
-0.614954666667 247.000546589
-0.609952 246.985478584
-0.604949333333 246.997040517
-0.599946666667 246.99080288
-0.594944 247.018844224
-0.589941333333 247.005582866
-0.584938666667 246.995767117
-0.579936 247.023489095
-0.574933333333 247.02452249
-0.569930666667 247.037064924
-0.564928 247.022342385
-0.559925333333 247.057842658
-0.554922666667 247.026125403
-0.54992 247.035196914
-0.544917333333 247.023076334
-0.539914666667 247.060335109
-0.534912 247.04809775
-0.529909333333 247.014753144
-0.524906666667 247.025716132
-0.519904 247.055991677
-0.514901333333 247.056793278
-0.509898666667 247.039693986
-0.504896 247.041506666
-0.499893333333 247.059468408
-0.494890666667 247.044641451
-0.489888 247.031537533
-0.484885333333 247.044233282
-0.479882666667 247.06673569
-0.47488 247.057014075
-0.469877333333 247.058875443
-0.464874666667 247.052312169
-0.459872 247.06073955
-0.454869333333 247.053306154
-0.449866666667 247.052724664
-0.444864 247.050365988
-0.439861333333 247.058694653
-0.434858666667 247.053149588
-0.429856 247.050795886
-0.424853333333 247.02445291
-0.419850666667 247.054884414
-0.414848 247.051436221
-0.409845333333 247.055800264
-0.404842666667 247.033923054
-0.39984 247.049331148
-0.394837333333 247.075224535
-0.389834666667 247.063538922
-0.384832 247.064235301
-0.379829333333 247.080155672
-0.374826666667 247.052398119
-0.369824 247.054478633
-0.364821333333 247.054221454
-0.359818666667 247.082204622
-0.354816 247.072734679
-0.349813333333 247.065635262
-0.344810666667 247.064559819
-0.339808 247.096382772
-0.334805333333 247.088238353
-0.329802666667 247.072037647
-0.3248 247.069621636
-0.319797333333 247.092128768
-0.314794666667 247.076545843
-0.309792 247.054824161
-0.304789333333 247.06828364
-0.299786666667 247.072642273
-0.294784 247.079125244
-0.289781333333 247.088508904
-0.284778666667 247.083449453
-0.279776 247.092413751
-0.274773333333 247.099833661
-0.269770666667 247.115145996
-0.264768 247.104678903
-0.259765333333 247.123996662
-0.254762666667 247.102715483
-0.24976 247.112604037
-0.244757333333 247.108862929
-0.239754666667 247.130465381
-0.234752 247.137747439
-0.229749333333 247.109313058
-0.224746666667 247.123812992
-0.219744 247.131426667
-0.214741333333 247.126729847
-0.209738666667 247.126713073
-0.204736 247.106598373
-0.199733333333 247.128612262
-0.194730666667 247.129504507
-0.189728 247.116752947
-0.184725333333 247.116326194
-0.179722666667 247.138295691
-0.17472 247.131415095
-0.169717333333 247.123520042
-0.164714666667 247.109229762
-0.159712 247.113293875
-0.154709333333 247.107614892
-0.149706666667 247.11274326
-0.144704 247.099996548
-0.139701333333 247.126792879
-0.134698666667 247.100204485
-0.129696 247.106878556
-0.124693333333 247.088422746
-0.119690666667 247.090121354
-0.114688 247.075888843
-0.109685333333 247.085083746
-0.104682666667 247.054295587
-0.09968 247.095617651
-0.0946773333333 247.108807475
-0.0896746666667 247.101219267
-0.084672 247.097749695
-0.0796693333333 247.117935541
-0.0746666666667 247.097391248
-0.069664 247.104857604
-0.0646613333333 247.081432629
-0.0596586666667 247.123455351
-0.054656 247.111437511
-0.0496533333333 247.110976355
-0.0446506666667 247.10846604
-0.039648 247.137398937
-0.0346453333333 247.123840641
-0.0296426666667 247.125659734
-0.02464 247.13608338
-0.0196373333333 247.147110286
-0.0146346666667 247.133407803
-0.009632 247.110571439
-0.00462933333333 247.115720607
