（-6.98335,1），（-3,1）
-9.99995733333 749.979560697
-9.99495466667 750.057393119
-9.989952 750.558143892
-9.98494933333 750.263976274
-9.97994666667 750.360913441
-9.974944 750.382926829
-9.96994133333 750.509010598
-9.96493866667 750.364223574
-9.959936 750.803412542
-9.95493333333 750.075955522
-9.94993066667 750.349866112
-9.944928 749.884263553
-9.93992533333 750.265130299
-9.93492266667 750.011827634
-9.92992 750.069463758
-9.92491733333 750.200892585
-9.91991466667 750.741918819
-9.914912 751.243331326
-9.90990933333 752.042620567
-9.90490666667 752.125456041
-9.899904 751.884051707
-9.89490133333 751.572603465
-9.88989866667 751.584375878
-9.884896 751.569281413
-9.87989333333 751.991890304
-9.87489066667 752.275584698
-9.869888 752.788072888
-9.86488533333 752.899309866
-9.85988266667 753.024116326
-9.85488 752.732350592
-9.84987733333 753.153871691
-9.84487466667 753.103529394
-9.839872 753.538239957
-9.83486933333 753.584241889
-9.82986666667 753.631250037
-9.824864 753.676448637
-9.81986133333 753.988601531
-9.81485866667 754.015798884
-9.809856 754.001499971
-9.80485333333 754.090931592
-9.79985066667 754.451498344
-9.794848 754.586498837
-9.78984533333 754.551447703
-9.78484266667 754.525724803
-9.77984 754.60114287
-9.77483733333 754.447685385
-9.76983466667 754.7209044
-9.764832 754.674067163
-9.75982933333 754.884544062
-9.75482666667 754.684629277
-9.749824 754.580502112
-9.74482133333 754.684548282
-9.73981866667 754.596100874
-9.734816 754.465102766
-9.72981333333 754.682290576
-9.72481066667 754.360046965
-9.719808 754.79353048
-9.71480533333 754.351482969
-9.70980266667 754.455960566
-9.7048 754.46616637
-9.69979733333 753.98405091
-9.69479466667 753.864683544
-9.689792 753.903382405
-9.68478933333 753.57446985
-9.67978666667 752.426892326
-9.674784 751.724939423
-9.66978133333 751.775355347
-9.66477866667 752.196233895
-9.659776 751.976785245
-9.65477333333 751.704109885
-9.64977066667 751.289676275
-9.644768 751.081042152
-9.63976533333 750.826562674
-9.63476266667 751.039144526
-9.62976 751.147519583
-9.62475733333 750.691071651
-9.61975466667 751.144843396
-9.614752 750.49801252
-9.60974933333 750.420621963
-9.60474666667 750.535663122
-9.599744 750.681224075
-9.59474133333 750.093173028
-9.58973866667 750.159732591
-9.584736 749.630119438
-9.57973333333 749.437646139
-9.57473066667 749.151496958
-9.569728 749.001591598
-9.56472533333 748.754814911
-9.55972266667 748.468401594
-9.55472 748.04141968
-9.54971733333 747.987333201
-9.54471466667 748.052443799
-9.539712 748.115080939
-9.53470933333 748.097263745
-9.52970666667 748.427716168
-9.524704 748.514283466
-9.51970133333 748.685513428
-9.51469866667 748.79911462
-9.509696 748.907310642
-9.50469333333 749.295809029
-9.49969066667 749.672168034
-9.494688 749.920271769
-9.48968533333 750.026359619
-9.48468266667 750.075260782
-9.47968 750.070820592
-9.47467733333 750.120005364
-9.46967466667 750.243949373
-9.464672 750.39150396
-9.45966933333 751.026256314
-9.45466666667 751.101731482
-9.449664 751.100275669
-9.44466133333 751.266722775
-9.43965866667 752.239125328
-9.434656 752.230895346
-9.42965333333 753.066287818
-9.42465066667 753.443055478
-9.419648 753.850377403
-9.41464533333 754.058562533
-9.40964266667 753.735224942
-9.40464 753.834760521
-9.39963733333 753.717234623
-9.39463466667 752.965446196
-9.389632 752.565924953
-9.38462933333 752.755420739
-9.37962666667 753.066571675
-9.374624 753.06215123
-9.36962133333 753.101141398
-9.36461866667 752.983137017
-9.359616 753.49395078
-9.35461333333 752.68423768
-9.34961066667 752.763798888
-9.344608 753.206015987
-9.33960533333 753.093467394
-9.33460266667 753.231121722
-9.3296 753.440887599
-9.32459733333 753.280075911
-9.31959466667 753.05550406
-9.314592 752.7348333
-9.30958933333 752.742423297
-9.30458666667 752.894471053
-9.299584 752.793505652
-9.29458133333 752.081600641
-9.28957866667 752.397986529
-9.284576 752.300837939
-9.27957333333 752.340244028
-9.27457066667 752.251273805
-9.269568 752.207330213
-9.26456533333 752.544013143
-9.25956266667 752.712407856
-9.25456 752.095518767
-9.24955733333 752.291442671
-9.24455466667 751.6330893
-9.239552 751.724951665
-9.23454933333 751.567074616
-9.22954666667 751.027927778
-9.224544 750.866257616
-9.21954133333 750.812556948
-9.21453866667 751.369558124
-9.209536 750.905071148
-9.20453333333 750.495274027
-9.19953066667 750.58490878
-9.194528 751.643333267
-9.18952533333 751.893696295
-9.18452266667 751.800854837
-9.17952 751.980902129
-9.17451733333 751.604865864
-9.16951466667 751.593147808
-9.164512 751.312012383
-9.15950933333 751.381617918
-9.15450666667 750.793555364
-9.149504 750.367644517
-9.14450133333 750.11898232
-9.13949866667 749.774414069
-9.134496 749.77106808
-9.12949333333 749.851648593
-9.12449066667 749.435931259
-9.119488 749.455687436
-9.11448533333 749.263616946
-9.10948266667 749.391808983
-9.10448 749.295310572
-9.09947733333 749.208923215
-9.09447466667 749.037986826
-9.089472 749.112881688
-9.08446933333 748.992591383
-9.07946666667 748.734360089
-9.074464 748.373828329
-9.06946133333 748.381869143
-9.06445866667 748.559642977
-9.059456 748.380776649
-9.05445333333 748.072173548
-9.04945066667 748.534874874
-9.044448 748.313969894
-9.03944533333 748.408128308
-9.03444266667 748.292785179
-9.02944 748.387782723
-9.02443733333 748.340899509
-9.01943466667 748.388454807
-9.014432 748.317779916
-9.00942933333 748.05693811
-9.00442666667 747.934171739
-8.999424 747.65362157
-8.99442133333 747.43736802
-8.98941866667 747.757906401
-8.984416 747.599174162
-8.97941333333 747.716499705
-8.97441066667 747.844976754
-8.969408 747.758569247
-8.96440533333 747.823956294
-8.95940266667 747.987923476
-8.9544 747.556883483
-8.94939733333 747.747383539
-8.94439466667 747.541615456
-8.939392 747.576924372
-8.93438933333 747.508376438
-8.92938666667 747.536004716
-8.924384 747.582565234
-8.91938133333 747.229301019
-8.91437866667 746.960141025
-8.909376 747.078125713
-8.90437333333 747.347777088
-8.89937066667 747.370148385
-8.894368 747.206157368
-8.88936533333 747.034437422
-8.88436266667 747.06029889
-8.87936 747.120227212
-8.87435733333 747.100925453
-8.86935466667 747.205291634
-8.864352 747.207128832
-8.85934933333 747.050647379
-8.85434666667 746.951406065
-8.849344 747.049268955
-8.84434133333 746.942566965
-8.83933866667 746.815686278
-8.834336 746.83091349
-8.82933333333 746.824801428
-8.82433066667 746.876889818
-8.819328 746.667651229
-8.81432533333 746.774721464
-8.80932266667 746.655546332
-8.80432 746.67114849
-8.79931733333 746.873065
-8.79431466667 746.731191784
-8.789312 746.852739951
-8.78430933333 746.941286753
-8.77930666667 747.293682564
-8.774304 747.190844452
-8.76930133333 747.022858998
-8.76429866667 747.302745079
-8.759296 747.381826154
-8.75429333333 747.145651763
-8.74929066667 747.21339104
-8.744288 747.030530173
-8.73928533333 747.112037588
-8.73428266667 747.205542094
-8.72928 747.05490108
-8.72427733333 747.28360387
-8.71927466667 747.116977313
-8.714272 747.213353913
-8.70926933333 747.443989204
-8.70426666667 747.038046875
-8.699264 747.185348155
-8.69426133333 746.78263915
-8.68925866667 746.994938638
-8.684256 747.078893967
-8.67925333333 746.961197114
-8.67425066667 746.629717749
-8.669248 746.78076117
-8.66424533333 746.351352702
-8.65924266667 746.625672971
-8.65424 746.446506456
-8.64923733333 746.579868972
-8.64423466667 746.419471184
-8.639232 746.479459803
-8.63422933333 746.249314323
-8.62922666667 746.152413424
-8.624224 746.082744791
-8.61922133333 746.358604323
-8.61421866667 746.050950341
-8.609216 746.16826006
-8.60421333333 745.915929624
-8.59921066667 745.89640705
-8.594208 746.089988386
-8.58920533333 745.946904332
-8.58420266667 745.75120825
-8.5792 745.883506802
-8.57419733333 745.80912721
-8.56919466667 745.856954922
-8.564192 745.424284142
-8.55918933333 745.392129056
-8.55418666667 745.547557886
-8.549184 745.546418017
-8.54418133333 746.258564596
-8.53917866667 746.295955695
-8.534176 745.92125869
-8.52917333333 746.655444397
-8.52417066667 745.748466882
-8.519168 746.477130639
-8.51416533333 746.832131978
-8.50916266667 747.220829304
-8.50416 747.555667692
-8.49915733333 747.210941386
-8.49415466667 747.602134135
-8.489152 747.571802567
-8.48414933333 747.61968709
-8.47914666667 747.428920969
-8.474144 747.061106615
-8.46914133333 747.108341329
-8.46413866667 747.366193413
-8.459136 747.365152916
-8.45413333333 747.247700737
-8.44913066667 748.187331365
-8.444128 748.207393129
-8.43912533333 748.418592187
-8.43412266667 748.445385148
-8.42912 748.209777662
-8.42411733333 748.154665032
-8.41911466667 748.149923341
-8.414112 748.121863781
-8.40910933333 748.463606725
-8.40410666667 748.572295756
-8.399104 748.531074547
-8.39410133333 748.193744677
-8.38909866667 748.444915808
-8.384096 748.341365787
-8.37909333333 748.523312819
-8.37409066667 748.3592307
-8.369088 748.529372257
-8.36408533333 748.923832993
-8.35908266667 748.967661513
-8.35408 748.766759591
-8.34907733333 748.774490314
-8.34407466667 748.806629978
-8.339072 748.501903825
-8.33406933333 748.581215887
-8.32906666667 748.552772246
-8.324064 748.506209576
-8.31906133333 748.689653462
-8.31405866667 748.460406974
-8.309056 748.695132035
-8.30405333333 748.67969128
-8.29905066667 748.668025469
-8.294048 748.511793901
-8.28904533333 748.521708104
-8.28404266667 748.363496979
-8.27904 748.145378238
-8.27403733333 748.134724043
-8.26903466667 748.187417445
-8.264032 747.642589269
-8.25902933333 748.029471378
-8.25402666667 747.895379901
-8.249024 747.622012205
-8.24402133333 747.7908048
-8.23901866667 747.75717792
-8.234016 747.505909341
-8.22901333333 747.542252268
-8.22401066667 747.751237547
-8.219008 747.693777106
-8.21400533333 747.587096078
-8.20900266667 747.56331853
-8.204 747.735726386
-8.19899733333 747.545571356
-8.19399466667 747.574859782
-8.188992 747.523198464
-8.18398933333 747.557614494
-8.17898666667 747.635128793
-8.173984 747.460151613
-8.16898133333 747.415695092
-8.16397866667 747.399857777
-8.158976 747.380092186
-8.15397333333 747.261596006
-8.14897066667 747.468732968
-8.143968 747.475115138
-8.13896533333 747.629468822
-8.13396266667 747.274339273
-8.12896 747.382709134
-8.12395733333 747.256794277
-8.11895466667 747.37861196
-8.113952 747.464359691
-8.10894933333 747.27993677
-8.10394666667 747.126220074
-8.098944 747.30660093
-8.09394133333 747.163244935
-8.08893866667 747.01439198
-8.083936 747.078548109
-8.07893333333 747.057429549
-8.07393066667 746.716248481
-8.068928 746.844510737
-8.06392533333 747.015937413
-8.05892266667 747.051944709
-8.05392 746.820680689
-8.04891733333 746.826161659
-8.04391466667 746.834286991
-8.038912 746.993062692
-8.03390933333 747.056453117
-8.02890666667 746.904993707
-8.023904 746.967116273
-8.01890133333 747.112323421
-8.01389866667 746.777682673
-8.008896 747.000592484
-8.00389333333 746.952181697
-7.99889066667 747.143223938
-7.993888 747.318879823
-7.98888533333 747.31473482
-7.98388266667 747.418447415
-7.97888 747.432308692
-7.97387733333 747.30315946
-7.96887466667 747.278347853
-7.963872 747.184351085
-7.95886933333 747.29973248
-7.95386666667 747.246334402
-7.948864 747.197502874
-7.94386133333 747.54607919
-7.93885866667 747.604152201
-7.933856 747.633020191
-7.92885333333 747.749108675
-7.92385066667 747.468286896
-7.918848 748.00611068
-7.91384533333 747.870661276
-7.90884266667 747.923440376
-7.90384 748.256804409
-7.89883733333 748.065316909
-7.89383466667 748.086089166
-7.888832 748.069179341
-7.88382933333 748.141154235
-7.87882666667 748.402387839
-7.873824 748.402010913
-7.86882133333 748.399871233
-7.86381866667 748.428366041
-7.858816 748.507152882
-7.85381333333 748.298869384
-7.84881066667 748.666289065
-7.843808 748.575851281
-7.83880533333 748.78103061
-7.83380266667 748.79967853
-7.8288 748.844832502
-7.82379733333 748.99028152
-7.81879466667 749.179415137
-7.813792 749.053547454
-7.80878933333 749.281717766
-7.80378666667 749.321975957
-7.798784 749.478847971
-7.79378133333 749.494046377
-7.78877866667 749.310211329
-7.783776 749.521371717
-7.77877333333 749.451492866
-7.77377066667 749.498765912
-7.768768 749.692477531
-7.76376533333 749.59073845
-7.75876266667 749.818917325
-7.75376 749.692878254
-7.74875733333 749.87436505
-7.74375466667 749.624273893
-7.738752 749.711677956
-7.73374933333 749.829976828
-7.72874666667 749.602226512
-7.723744 749.670875745
-7.71874133333 749.706898144
-7.71373866667 749.446533882
-7.708736 749.684698509
-7.70373333333 749.838572541
-7.69873066667 749.851745066
-7.693728 749.86598539
-7.68872533333 749.932900192
-7.68372266667 749.890654373
-7.67872 749.895008672
-7.67371733333 749.791983883
-7.66871466667 750.094896176
-7.663712 749.910188042
-7.65870933333 750.112458583
-7.65370666667 750.060525514
-7.648704 749.775976775
-7.64370133333 750.060948171
-7.63869866667 750.01838509
-7.633696 749.889813325
-7.62869333333 749.861938042
-7.62369066667 749.721321975
-7.618688 749.876085564
-7.61368533333 750.061781866
-7.60868266667 750.1602473
-7.60368 750.143112869
-7.59867733333 749.914449355
-7.59367466667 749.831154944
-7.588672 749.977239296
-7.58366933333 749.882030635
-7.57866666667 750.012090561
-7.573664 749.890722225
-7.56866133333 749.942551557
-7.56365866667 750.059185395
-7.558656 749.918373296
-7.55365333333 749.787381335
-7.54865066667 750.020652173
-7.543648 749.707352278
-7.53864533333 749.705804197
-7.53364266667 750.00955017
-7.52864 750.003694265
-7.52363733333 750.10087783
-7.51863466667 750.080273867
-7.513632 749.7962553
-7.50862933333 749.817399302
-7.50362666667 749.794489755
-7.498624 750.363802813
-7.49362133333 750.248963119
-7.48861866667 750.151626675
-7.483616 750.206939305
-7.47861333333 750.093780229
-7.47361066667 749.989203776
-7.468608 750.123570369
-7.46360533333 749.945645173
-7.45860266667 749.631837727
-7.4536 749.344633432
-7.44859733333 749.212544201
-7.44359466667 748.988148205
-7.438592 748.796299231
-7.43358933333 748.114838899
-7.42858666667 748.151775913
-7.423584 747.856588483
-7.41858133333 748.175837496
-7.41357866667 747.624681338
-7.408576 748.01383312
-7.40357333333 748.043979137
-7.39857066667 747.446559452
-7.393568 747.601762236
-7.38856533333 747.599238801
-7.38356266667 747.341843341
-7.37856 747.257887593
-7.37355733333 747.192624362
-7.36855466667 746.709543685
-7.363552 747.083830145
-7.35854933333 747.491827713
-7.35354666667 747.539347195
-7.348544 747.372336136
-7.34354133333 747.344883906
-7.33853866667 747.177297966
-7.333536 746.907916692
-7.32853333333 747.109256263
-7.32353066667 747.117262354
-7.318528 747.268648616
-7.31352533333 747.370110224
-7.30852266667 747.378332819
-7.30352 747.181823149
-7.29851733333 747.191876623
-7.29351466667 747.225318544
-7.288512 747.238116302
-7.28350933333 747.159784748
-7.27850666667 747.033737452
-7.273504 746.85323199
-7.26850133333 746.908025725
-7.26349866667 747.013808855
-7.258496 746.860670782
-7.25349333333 746.653183856
-7.24849066667 746.630704861
-7.243488 746.518155498
-7.23848533333 746.44148734
-7.23348266667 745.944027539
-7.22848 745.959388882
-7.22347733333 746.118331006
-7.21847466667 745.791794405
-7.213472 745.728593082
-7.20846933333 745.603577541
-7.20346666667 745.616319762
-7.198464 745.584821491
-7.19346133333 745.742329319
-7.18845866667 745.396436509
-7.183456 745.425162916
-7.17845333333 745.489725348
-7.17345066667 745.399136797
-7.168448 745.148411649
-7.16344533333 745.093551293
-7.15844266667 745.118504591
-7.15344 745.134826735
-7.14843733333 744.742744998
-7.14343466667 744.999144516
-7.138432 745.112228728
-7.13342933333 744.877199854
-7.12842666667 744.971732356
-7.123424 744.631948275
-7.11842133333 744.784874392
-7.11341866667 744.752289575
-7.108416 744.619765845
-7.10341333333 744.98936759
-7.09841066667 744.408541945
-7.093408 744.505374243
-7.08840533333 744.783079034
-7.08340266667 744.647475695
-7.0784 744.803384414
-7.07339733333 744.482873144
-7.06839466667 744.548188836
-7.063392 744.721453231
-7.05838933333 744.60222895
-7.05338666667 744.254809379
-7.048384 744.495067819
-7.04338133333 744.157456029
-7.03837866667 744.533297772
-7.033376 744.338592734
-7.02837333333 743.810181579
-7.02337066667 744.131202021
-7.018368 744.294541764
-7.01336533333 744.006670112
-7.00836266667 744.145936243
-7.00336 744.121507387
-6.99835733333 743.943808952
-6.99335466667 744.205667569
-6.988352 744.098722761
-6.98334933333 743.896698978
-6.97834666667 744.017841446
-6.973344 744.62242002
-6.96834133333 744.867256538
-6.96333866667 745.314160805
-6.958336 745.544155357
-6.95333333333 745.811880718
-6.94833066667 746.024196224
-6.943328 746.313346143
-6.93832533333 746.33606193
-6.93332266667 746.737245062
-6.92832 746.731872556
-6.92331733333 747.269908426
-6.91831466667 747.329713525
-6.913312 747.313326335
-6.90830933333 747.534369961
-6.90330666667 747.487732477
-6.898304 749.185777806
-6.89330133333 751.033819356
-6.88829866667 751.178049789
-6.883296 751.520147325
-6.87829333333 751.969428331
-6.87329066667 751.99963446
-6.868288 752.520397848
-6.86328533333 753.411346765
-6.85828266667 754.759756754
-6.85328 754.879311456
-6.84827733333 754.235598283
-6.84327466667 753.961651226
-6.838272 753.04395137
-6.83326933333 752.047788254
-6.82826666667 751.869363956
-6.823264 752.775493657
-6.81826133333 754.221976157
-6.81325866667 754.352333749
-6.808256 755.024558342
-6.80325333333 756.452207465
-6.79825066667 757.317493965
-6.793248 757.377778802
-6.78824533333 757.742227033
-6.78324266667 757.58632573
-6.77824 757.405719451
-6.77323733333 758.345056625
-6.76823466667 758.370377036
-6.763232 759.066171381
-6.75822933333 760.974997219
-6.75322666667 765.482122194
-6.748224 772.324569557
-6.74322133333 775.431450636
-6.73821866667 775.766390178
-6.733216 772.409305405
-6.72821333333 766.76670375
-6.72321066667 764.383139613
-6.718208 764.304036856
-6.71320533333 764.867568478
-6.70820266667 767.391416412
-6.7032 772.93177294
-6.69819733333 782.469396894
-6.69319466667 782.471338981
-6.688192 782.314041929
-6.68318933333 783.879527271
-6.67818666667 784.413431938
-6.673184 784.045463573
-6.66818133333 784.154593896
-6.66317866667 783.339525145
-6.658176 784.698519906
-6.65317333333 785.600066263
-6.64817066667 785.474653761
-6.643168 786.218200994
-6.63816533333 786.586950741
-6.63316266667 786.650237656
-6.62816 786.401269563
-6.62315733333 783.637689966
-6.61815466667 767.248773041
-6.613152 773.494912539
-6.60814933333 780.466413342
-6.60314666667 783.379603536
-6.598144 783.162984524
-6.59314133333 771.580981165
-6.58813866667 760.488422449
-6.583136 759.923469956
-6.57813333333 759.233470992
-6.57313066667 758.854501961
-6.568128 758.241487417
-6.56312533333 758.041776508
-6.55812266667 757.825654586
-6.55312 757.881914983
-6.54811733333 757.930945253
-6.54311466667 757.839936845
-6.538112 757.505977844
-6.53310933333 757.573328675
-6.52810666667 757.590096845
-6.523104 757.00509572
-6.51810133333 757.137443845
-6.51309866667 756.976985746
-6.508096 757.181202927
-6.50309333333 757.030051366
-6.49809066667 756.646751201
-6.493088 756.468667715
-6.48808533333 755.996827925
-6.48308266667 756.731865943
-6.47808 756.209003148
-6.47307733333 756.525332947
-6.46807466667 756.217752154
-6.463072 756.136759725
-6.45806933333 756.257120463
-6.45306666667 756.233937122
-6.448064 756.295188426
-6.44306133333 756.312439914
-6.43805866667 756.533267122
-6.433056 756.579959003
-6.42805333333 756.603031195
-6.42305066667 756.265524173
-6.418048 756.387109277
-6.41304533333 756.027620258
-6.40804266667 757.439264808
-6.40304 758.959921868
-6.39803733333 759.508146252
-6.39303466667 759.568102511
-6.388032 760.012917904
-6.38302933333 760.538740815
-6.37802666667 761.040215341
-6.373024 761.609992881
-6.36802133333 762.172782057
-6.36301866667 762.865437609
-6.358016 762.579553823
-6.35301333333 762.763206208
-6.34801066667 762.373824388
-6.343008 762.482675888
-6.33800533333 762.876306585
-6.33300266667 762.919807933
-6.328 762.254862681
-6.32299733333 761.922125506
-6.31799466667 761.590561209
-6.312992 761.537460377
-6.30798933333 761.489693219
-6.30298666667 762.971010491
-6.297984 762.446246187
-6.29298133333 762.525512561
-6.28797866667 762.709363698
-6.282976 762.82034443
-6.27797333333 762.344742216
-6.27297066667 762.465406142
-6.267968 762.40746086
-6.26296533333 762.196340122
-6.25796266667 762.06559429
-6.25296 761.778551593
-6.24795733333 760.664819234
-6.24295466667 759.561439901
-6.237952 759.257900283
-6.23294933333 758.906646266
-6.22794666667 757.443340945
-6.222944 756.658091184
-6.21794133333 755.927487842
-6.21293866667 755.148269713
-6.207936 753.965894795
-6.20293333333 752.556580073
-6.19793066667 751.83841499
-6.192928 751.349775856
-6.18792533333 751.220667032
-6.18292266667 751.184838006
-6.17792 751.412104092
-6.17291733333 750.841809519
-6.16791466667 750.49821171
-6.162912 750.295926623
-6.15790933333 749.022438675
-6.15290666667 749.252841948
-6.147904 758.109076541
-6.14290133333 750.024859325
-6.13789866667 750.456944127
-6.132896 749.698495477
-6.12789333333 749.570211651
-6.12289066667 750.227569188
-6.117888 761.85266491
-6.11288533333 772.77220145
-6.10788266667 771.183655597
-6.10288 770.956326719
-6.09787733333 770.731943621
-6.09287466667 766.324520367
-6.087872 760.064323189
-6.08286933333 753.892727028
-6.07786666667 751.623607226
-6.072864 751.523456373
-6.06786133333 753.682694075
-6.06285866667 756.80866543
-6.057856 756.541026162
-6.05285333333 755.344805428
-6.04785066667 752.466741668
-6.042848 752.18715915
-6.03784533333 752.806111969
-6.03284266667 752.056674467
-6.02784 751.840598937
-6.02283733333 749.905446454
-6.01783466667 748.628481757
-6.012832 748.092128967
-6.00782933333 747.285380826
-6.00282666667 746.254512896
-5.997824 745.302530378
-5.99282133333 744.770252766
-5.98781866667 744.417566811
-5.982816 744.406639562
-5.97781333333 744.295128402
-5.97281066667 743.937128231
-5.967808 744.123350228
-5.96280533333 744.462850824
-5.95780266667 743.552900744
-5.9528 743.226265792
-5.94779733333 742.946269634
-5.94279466667 742.880977107
-5.937792 742.656103536
-5.93278933333 742.345553346
-5.92778666667 742.326756122
-5.922784 742.416938842
-5.91778133333 742.340314079
-5.91277866667 742.388165781
-5.907776 742.287276247
-5.90277333333 742.623238674
-5.89777066667 742.627311519
-5.892768 742.941336002
-5.88776533333 742.867784537
-5.88276266667 742.969130477
-5.87776 743.073105548
-5.87275733333 743.407705007
-5.86775466667 743.053114314
-5.862752 743.946962188
-5.85774933333 744.631299439
-5.85274666667 744.51746577
-5.847744 744.938954279
-5.84274133333 746.055628001
-5.83773866667 746.315058744
-5.832736 746.953186032
-5.82773333333 747.329896048
-5.82273066667 748.049042587
-5.817728 748.469501286
-5.81272533333 749.008438491
-5.80772266667 749.775452343
-5.80272 750.488033669
-5.79771733333 751.448782148
-5.79271466667 752.481037344
-5.787712 753.415324946
-5.78270933333 754.100632829
-5.77770666667 754.270260619
-5.772704 754.673232644
-5.76770133333 754.661060404
-5.76269866667 754.843458579
-5.757696 754.939388276
-5.75269333333 755.249847635
-5.74769066667 755.079502346
-5.742688 755.118893624
-5.73768533333 755.139844469
-5.73268266667 755.031415369
-5.72768 755.206290922
-5.72267733333 755.169111425
-5.71767466667 754.979134234
-5.712672 754.851304395
-5.70766933333 754.665573943
-5.70266666667 755.223814761
-5.697664 754.844300739
-5.69266133333 754.764591799
-5.68765866667 754.93614824
-5.682656 754.401088749
-5.67765333333 753.971820056
-5.67265066667 754.314794895
-5.667648 754.025146322
-5.66264533333 754.277483697
-5.65764266667 754.46503556
-5.65264 754.329276377
-5.64763733333 753.34488552
-5.64263466667 753.514601788
-5.637632 753.737004357
-5.63262933333 753.992875802
-5.62762666667 754.452593165
-5.622624 755.035070185
-5.61762133333 755.429957599
-5.61261866667 755.517393849
-5.607616 755.914612741
-5.60261333333 756.280792202
-5.59761066667 756.486907211
-5.592608 756.714470752
-5.58760533333 756.939789673
-5.58260266667 756.81530657
-5.5776 757.005472811
-5.57259733333 756.858054016
-5.56759466667 757.284527796
-5.562592 757.344239316
-5.55758933333 757.227811581
-5.55258666667 757.603083766
-5.547584 757.540805588
-5.54258133333 757.59727179
-5.53757866667 757.695802796
-5.532576 757.676945815
-5.52757333333 757.329123842
-5.52257066667 757.616468884
-5.517568 757.44960656
-5.51256533333 757.446155227
-5.50756266667 757.442910705
-5.50256 757.578922902
-5.49755733333 757.479552969
-5.49255466667 757.182524377
-5.487552 757.259754899
-5.48254933333 757.426242976
-5.47754666667 757.615817799
-5.472544 757.49897634
-5.46754133333 757.146345714
-5.46253866667 757.461159175
-5.457536 757.333587492
-5.45253333333 757.04081284
-5.44753066667 757.071655163
-5.442528 757.137661012
-5.43752533333 756.979872088
-5.43252266667 756.722779874
-5.42752 756.688807289
-5.42251733333 756.814297524
-5.41751466667 756.55131882
-5.412512 756.580546051
-5.40750933333 756.690382421
-5.40250666667 756.946678802
-5.397504 756.608943381
-5.39250133333 756.258343941
-5.38749866667 756.295038396
-5.382496 756.639405489
-5.37749333333 756.129269832
-5.37249066667 756.117619173
-5.367488 756.31854849
-5.36248533333 756.020704531
-5.35748266667 756.06280134
-5.35248 755.831957589
-5.34747733333 756.060028995
-5.34247466667 756.1853764
-5.337472 755.974537827
-5.33246933333 755.718741531
-5.32746666667 755.813505251
-5.322464 755.794252413
-5.31746133333 755.594983038
-5.31245866667 755.610827952
-5.307456 756.082900157
-5.30245333333 756.252176758
-5.29745066667 756.201698095
-5.292448 756.516728462
-5.28744533333 756.655295179
-5.28244266667 756.676065532
-5.27744 756.65848736
-5.27243733333 756.646533683
-5.26743466667 756.540142948
-5.262432 756.815048431
-5.25742933333 756.548894682
-5.25242666667 756.457072848
-5.247424 756.217904649
-5.24242133333 756.205908037
-5.23741866667 756.046345507
-5.232416 756.217516843
-5.22741333333 756.029631006
-5.22241066667 755.941360062
-5.217408 755.835168059
-5.21240533333 755.545847759
-5.20740266667 755.332557698
-5.2024 755.373985846
-5.19739733333 754.940636917
-5.19239466667 754.975629198
-5.187392 754.574267348
-5.18238933333 754.41120008
-5.17738666667 754.292356481
-5.172384 754.19515326
-5.16738133333 754.229064742
-5.16237866667 754.200138521
-5.157376 754.306194376
-5.15237333333 754.191446712
-5.14737066667 754.047491011
-5.142368 754.49330064
-5.13736533333 754.543829589
-5.13236266667 754.728997667
-5.12736 754.515088113
-5.12235733333 754.950556087
-5.11735466667 755.085151644
-5.112352 754.984525729
-5.10734933333 754.879969038
-5.10234666667 755.423810523
-5.097344 755.181746378
-5.09234133333 755.164180739
-5.08733866667 755.290845523
-5.082336 755.390479134
-5.07733333333 755.574396603
-5.07233066667 755.548951436
-5.067328 755.729114871
-5.06232533333 756.151688403
-5.05732266667 755.660730382
-5.05232 756.105593927
-5.04731733333 756.10763279
-5.04231466667 756.276474333
-5.037312 756.481059395
-5.03230933333 756.644822529
-5.02730666667 756.775480113
-5.022304 757.386251982
-5.01730133333 757.467544195
-5.01229866667 758.02991986
-5.007296 758.47942341
-5.00229333333 758.67569063
-4.99729066667 758.982901935
-4.992288 759.343754213
-4.98728533333 759.570215776
-4.98228266667 760.196458736
-4.97728 760.493615327
-4.97227733333 760.956669743
-4.96727466667 761.523991675
-4.962272 762.100174409
-4.95726933333 762.633496387
-4.95226666667 763.077389328
-4.947264 763.31407766
-4.94226133333 763.748454371
-4.93725866667 763.7006112
-4.932256 764.322880912
-4.92725333333 764.248916576
-4.92225066667 764.594969993
-4.917248 764.695176148
-4.91224533333 765.020134981
-4.90724266667 765.103849488
-4.90224 765.451091291
-4.89723733333 765.573750171
-4.89223466667 766.003851465
-4.887232 765.976437886
-4.88222933333 766.510876748
-4.87722666667 766.429961947
-4.872224 766.779309618
-4.86722133333 767.048209579
-4.86221866667 767.410355329
-4.857216 767.299735993
-4.85221333333 767.205055779
-4.84721066667 766.955159624
-4.842208 767.344961054
-4.83720533333 767.033108252
-4.83220266667 766.823719999
-4.8272 766.557425418
-4.82219733333 766.342603862
-4.81719466667 766.176314478
-4.812192 766.248589081
-4.80718933333 765.852230997
-4.80218666667 765.958898424
-4.797184 765.736067153
-4.79218133333 765.756237203
-4.78717866667 765.59829196
-4.782176 765.770591106
-4.77717333333 765.646653136
-4.77217066667 765.755460742
-4.767168 765.744112201
-4.76216533333 765.568998321
-4.75716266667 765.603487961
-4.75216 765.614486114
-4.74715733333 765.309471755
-4.74215466667 765.322946495
-4.737152 765.190085195
-4.73214933333 765.077859734
-4.72714666667 764.832737653
-4.722144 764.769464376
-4.71714133333 764.701737582
-4.71213866667 764.569169812
-4.707136 764.097159112
-4.70213333333 763.92630088
-4.69713066667 763.355006093
-4.692128 763.288746925
-4.68712533333 762.998949512
-4.68212266667 762.743084906
-4.67712 762.624933454
-4.67211733333 762.701173629
-4.66711466667 762.405197349
-4.662112 762.641232473
-4.65710933333 762.264268777
-4.65210666667 762.378491471
-4.647104 762.269448683
-4.64210133333 762.267202721
-4.63709866667 762.186207022
-4.632096 762.430464869
-4.62709333333 762.070583565
-4.62209066667 762.00337395
-4.617088 762.020031139
-4.61208533333 761.834620497
-4.60708266667 761.841999691
-4.60208 762.037287076
-4.59707733333 761.867401123
-4.59207466667 761.679560361
-4.587072 761.930016131
-4.58206933333 762.022715157
-4.57706666667 761.958891196
-4.572064 762.178134144
-4.56706133333 762.197892701
-4.56205866667 762.110084287
-4.557056 761.946504976
-4.55205333333 762.083060481
-4.54705066667 761.841634255
-4.542048 762.166001977
-4.53704533333 761.900437956
-4.53204266667 762.30655126
-4.52704 762.051516373
-4.52203733333 762.071098777
-4.51703466667 761.617897124
-4.512032 761.298547312
-4.50702933333 760.84795289
-4.50202666667 760.860075262
-4.497024 760.693705884
-4.49202133333 760.549247373
-4.48701866667 760.137266048
-4.482016 760.10288879
-4.47701333333 759.782270545
-4.47201066667 759.865126099
-4.467008 759.482622772
-4.46200533333 759.333403315
-4.45700266667 759.281355548
-4.452 759.315024692
-4.44699733333 758.998209636
-4.44199466667 759.081274997
-4.436992 759.039018623
-4.43198933333 759.17919387
-4.42698666667 759.088843157
-4.421984 759.260068767
-4.41698133333 758.671590955
-4.41197866667 758.9639818
-4.406976 758.702894179
-4.40197333333 758.566228831
-4.39697066667 758.103509734
-4.391968 757.823425501
-4.38696533333 757.124247345
-4.38196266667 756.919362357
-4.37696 756.335569964
-4.37195733333 756.115159549
-4.36695466667 755.618886795
-4.361952 755.433537609
-4.35694933333 755.056121756
-4.35194666667 754.582165052
-4.346944 754.804093884
-4.34194133333 754.854018278
-4.33693866667 754.675454206
-4.331936 754.589146126
-4.32693333333 754.050812197
-4.32193066667 753.911734466
-4.316928 753.639833155
-4.31192533333 753.24831841
-4.30692266667 752.972655245
-4.30192 753.582340742
-4.29691733333 753.520629406
-4.29191466667 753.743923107
-4.286912 753.825769518
-4.28190933333 753.820406202
-4.27690666667 753.881540634
-4.271904 754.108064912
-4.26690133333 753.977362719
-4.26189866667 754.016161644
-4.256896 753.909943876
-4.25189333333 753.839792175
-4.24689066667 753.82632639
-4.241888 753.948794961
-4.23688533333 753.959080246
-4.23188266667 753.926407924
-4.22688 753.978072099
-4.22187733333 754.291601804
-4.21687466667 754.096400616
-4.211872 754.17111127
-4.20686933333 754.307211422
-4.20186666667 754.356544894
-4.196864 753.824002026
-4.19186133333 754.053875148
-4.18685866667 754.044757246
-4.181856 754.128134141
-4.17685333333 753.895146872
-4.17185066667 754.032277624
-4.166848 753.749949166
-4.16184533333 753.850264427
-4.15684266667 753.557321111
-4.15184 754.038038159
-4.14683733333 753.663232211
-4.14183466667 753.749078117
-4.136832 753.607604357
-4.13182933333 753.544668644
-4.12682666667 753.778808608
-4.121824 753.390816102
-4.11682133333 753.871795932
-4.11181866667 753.569229261
-4.106816 753.442213224
-4.10181333333 753.913471439
-4.09681066667 753.740167917
-4.091808 753.347004541
-4.08680533333 753.451567951
-4.08180266667 753.514394201
-4.0768 753.340879976
-4.07179733333 753.707537707
-4.06679466667 754.305332039
-4.061792 754.664339345
-4.05678933333 766.946272474
-4.05178666667 772.019757736
-4.046784 765.618930047
-4.04178133333 776.731667732
-4.03677866667 776.08269671
-4.031776 774.897828587
-4.02677333333 775.2057522
-4.02177066667 776.376382929
-4.016768 773.205275432
-4.01176533333 768.86505895
-4.00676266667 764.86735614
-4.00176 762.369360048
-3.99675733333 759.922590193
-3.99175466667 758.827362504
-3.986752 757.572055181
-3.98174933333 756.773402707
-3.97674666667 754.079198596
-3.971744 752.758418595
-3.96674133333 752.168330674
-3.96173866667 751.703976511
-3.956736 750.830194927
-3.95173333333 750.524674513
-3.94673066667 749.958900611
-3.941728 749.837746415
-3.93672533333 749.500872406
-3.93172266667 749.388006102
-3.92672 748.950529087
-3.92171733333 748.303779412
-3.91671466667 748.117737325
-3.911712 747.898570473
-3.90670933333 747.727553046
-3.90170666667 747.559455039
-3.896704 747.316171444
-3.89170133333 747.321389219
-3.88669866667 746.865155953
-3.881696 746.878387583
-3.87669333333 746.72930593
-3.87169066667 746.482029052
-3.866688 746.324835517
-3.86168533333 746.610399029
-3.85668266667 746.298968222
-3.85168 746.339624532
-3.84667733333 746.268781143
-3.84167466667 746.483770849
-3.836672 745.983602685
-3.83166933333 746.118988541
-3.82666666667 746.03381828
-3.821664 745.910358843
-3.81666133333 746.078754851
-3.81165866667 745.966095317
-3.806656 745.998427127
-3.80165333333 745.909817275
-3.79665066667 745.7881373
-3.791648 745.802833738
-3.78664533333 745.729785537
-3.78164266667 745.46497371
-3.77664 745.337984498
-3.77163733333 745.123140958
-3.76663466667 745.016242002
-3.761632 745.565582858
-3.75662933333 745.27453615
-3.75162666667 745.154126722
-3.746624 745.037144858
-3.74162133333 744.952189859
-3.73661866667 744.623360581
-3.731616 744.319832619
-3.72661333333 744.025197207
-3.72161066667 744.109024178
-3.716608 744.421719333
-3.71160533333 744.833066749
-3.70660266667 745.551367297
-3.7016 746.772247898
-3.69659733333 747.59905615
-3.69159466667 748.107532854
-3.686592 748.159929077
-3.68158933333 748.092970296
-3.67658666667 748.011253033
-3.671584 748.189038622
-3.66658133333 748.060117619
-3.66157866667 748.311028134
-3.656576 747.920452584
-3.65157333333 747.777158094
-3.64657066667 747.678114727
-3.641568 748.156599602
-3.63656533333 747.785989715
-3.63156266667 747.837300142
-3.62656 747.806627813
-3.62155733333 748.527200793
-3.61655466667 748.846823166
-3.611552 749.119640618
-3.60654933333 748.872175375
-3.60154666667 748.898091971
-3.596544 748.83414496
-3.59154133333 748.770761329
-3.58653866667 748.89611769
-3.581536 748.88265547
-3.57653333333 748.730088397
-3.57153066667 748.46467706
-3.566528 748.493074503
-3.56152533333 748.667451715
-3.55652266667 748.561026162
-3.55152 748.496813435
-3.54651733333 748.296112353
-3.54151466667 748.524007222
-3.536512 748.388348684
-3.53150933333 748.086334894
-3.52650666667 747.981509611
-3.521504 748.377593184
-3.51650133333 747.912068531
-3.51149866667 748.20797603
-3.506496 748.146712086
-3.50149333333 747.784441532
-3.49649066667 747.882050784
-3.491488 748.109752948
-3.48648533333 747.876843056
-3.48148266667 748.002957739
-3.47648 747.905788387
-3.47147733333 747.793991001
-3.46647466667 747.560009478
-3.461472 747.544884373
-3.45646933333 747.343830175
-3.45146666667 747.726308142
-3.446464 747.061599115
-3.44146133333 748.072501698
-3.43645866667 747.85284722
-3.431456 749.015098919
-3.42645333333 748.925171551
-3.42145066667 749.0630907
-3.416448 748.774284133
-3.41144533333 748.664952631
-3.40644266667 748.779878771
-3.40144 748.96583427
-3.39643733333 748.391307606
-3.39143466667 748.553403278
-3.386432 748.371488847
-3.38142933333 748.317921758
-3.37642666667 748.39611877
-3.371424 748.726644757
-3.36642133333 748.563440414
-3.36141866667 749.289193487
-3.356416 749.228347712
-3.35141333333 749.454012055
-3.34641066667 749.390548559
-3.341408 749.372424707
-3.33640533333 749.53247886
-3.33140266667 749.272852349
-3.3264 748.9622627
-3.32139733333 749.254947331
-3.31639466667 748.870376672
-3.311392 748.647160562
-3.30638933333 748.589250758
-3.30138666667 748.574581675
-3.296384 748.379920261
-3.29138133333 748.290023698
-3.28637866667 747.554132798
-3.281376 747.390164502
-3.27637333333 746.856950744
-3.27137066667 746.959652096
-3.266368 746.317754985
-3.26136533333 746.440701168
-3.25636266667 747.062734124
-3.25136 747.285115493
-3.24635733333 747.773069299
-3.24135466667 747.729310078
-3.236352 747.390652123
-3.23134933333 747.741499039
-3.22634666667 747.379652518
-3.221344 748.133436034
-3.21634133333 748.28465878
-3.21133866667 748.223569394
-3.206336 748.185240788
-3.20133333333 748.485405133
-3.19633066667 748.327883945
-3.191328 748.896173587
-3.18632533333 749.329167827
-3.18132266667 749.617337587
-3.17632 750.266780722
-3.17131733333 750.403730458
-3.16631466667 750.518474387
-3.161312 751.036753712
-3.15630933333 750.560140923
-3.15130666667 750.717218608
-3.146304 750.613589855
-3.14130133333 750.65963046
-3.13629866667 750.648632265
-3.131296 750.746116967
-3.12629333333 750.849742876
-3.12129066667 750.759700045
-3.116288 750.759723367
-3.11128533333 750.7330184
-3.10628266667 750.966866464
-3.10128 751.485203345
-3.09627733333 751.243335398
-3.09127466667 751.465212081
-3.086272 751.249588357
-3.08126933333 751.585546963
-3.07626666667 751.537128886
-3.071264 751.665134863
-3.06626133333 751.669145849
-3.06125866667 751.605471301
-3.056256 751.391516941
-3.05125333333 751.773167858
-3.04625066667 751.428563256
-3.041248 751.70432993
-3.03624533333 751.454400075
-3.03124266667 751.780622206
-3.02624 751.619842601
-3.02123733333 751.798688883
-3.01623466667 751.806130826
-3.011232 751.674141194
-3.00622933333 751.523601124
-3.00122666667 751.468972952
-2.996224 750.817776072
-2.99122133333 750.574450029
-2.98621866667 751.091189641
-2.981216 751.085741519
-2.97621333333 751.340933343
-2.97121066667 752.161281166
-2.966208 752.004558286
-2.96120533333 750.618508319
-2.95620266667 747.343024086
-2.9512 747.323192633
-2.94619733333 748.496178289
-2.94119466667 751.892083113
-2.936192 755.690761447
-2.93118933333 757.869679194
-2.92618666667 757.508272974
-2.921184 757.403954108
-2.91618133333 765.278900664
-2.91117866667 767.800797984
-2.906176 771.457467641
-2.90117333333 782.441369694
-2.89617066667 785.49437489
-2.891168 786.63762727
-2.88616533333 786.591496434
-2.88116266667 786.807027116
-2.87616 787.725519209
-2.87115733333 788.77526961
-2.86615466667 789.428713067
-2.861152 790.645886966
-2.85614933333 790.097502525
-2.85114666667 791.061271409
-2.846144 786.520166648
-2.84114133333 790.278153351
-2.83613866667 791.673300895
-2.831136 783.576068751
-2.82613333333 771.962655152
-2.82113066667 766.757877945
-2.816128 763.476808354
-2.81112533333 765.897739733
-2.80612266667 769.728516729
-2.80112 770.526891514
-2.79611733333 771.144589043
-2.79111466667 772.055216333
-2.786112 771.831731287
-2.78110933333 772.492496099
-2.77610666667 778.356713061
-2.771104 772.036849559
-2.76610133333 770.296976178
-2.76109866667 770.273849894
-2.756096 770.301987922
-2.75109333333 769.565440869
-2.74609066667 769.516738441
-2.741088 769.492845521
-2.73608533333 768.93760403
-2.73108266667 769.143018982
-2.72608 769.355840489
-2.72107733333 770.991651952
-2.71607466667 774.923814883
-2.711072 778.9950848
-2.70606933333 784.827439734
-2.70106666667 788.094731153
-2.696064 787.317712218
-2.69106133333 787.186048617
-2.68605866667 787.219202331
-2.681056 787.128584823
-2.67605333333 785.44479312
-2.67105066667 783.0018358
-2.666048 781.624939864
-2.66104533333 781.824423296
-2.65604266667 779.783511479
-2.65104 779.312246796
-2.64603733333 778.795062607
-2.64103466667 779.623544884
-2.636032 776.527783615
-2.63102933333 774.809056154
-2.62602666667 774.886231069
-2.621024 774.778577067
-2.61602133333 773.936767098
-2.61101866667 772.606957406
-2.606016 769.283473669
-2.60101333333 769.893438528
-2.59601066667 769.814361241
-2.591008 769.566254356
-2.58600533333 768.387984397
-2.58100266667 768.287710317
-2.576 770.965933418
-2.57099733333 758.506062266
-2.56599466667 758.282721843
-2.560992 759.106380417
-2.55598933333 761.843801102
-2.55098666667 762.599841187
-2.545984 759.878733153
-2.54098133333 758.333761239
-2.53597866667 757.404113455
-2.530976 757.453172674
-2.52597333333 757.011686907
-2.52097066667 756.926493176
-2.515968 756.507371992
-2.51096533333 755.873925195
-2.50596266667 755.006520766
-2.50096 754.892524554
-2.49595733333 754.383637878
-2.49095466667 754.739114305
-2.485952 754.037776528
-2.48094933333 754.157770315
-2.47594666667 753.703402213
-2.470944 753.887639245
-2.46594133333 753.480576997
-2.46093866667 753.236880113
-2.455936 753.180114564
-2.45093333333 752.791395658
-2.44593066667 752.529366544
-2.440928 752.513110219
-2.43592533333 752.380622871
-2.43092266667 752.198111683
-2.42592 751.833869055
-2.42091733333 751.678221435
-2.41591466667 751.299186006
-2.410912 751.074843736
-2.40590933333 750.759889475
-2.40090666667 750.988401847
-2.395904 750.70168425
-2.39090133333 750.936755368
-2.38589866667 751.690799854
-2.380896 750.605028608
-2.37589333333 750.802023744
-2.37089066667 751.108125657
-2.365888 751.5904849
-2.36088533333 754.168072928
-2.35588266667 772.694672676
-2.35088 774.671708868
-2.34587733333 754.944137093
-2.34087466667 751.071779579
-2.335872 751.092183506
-2.33086933333 751.43312771
-2.32586666667 751.313431234
-2.320864 752.343438969
-2.31586133333 753.987008753
-2.31085866667 776.526187834
-2.305856 778.463247622
-2.30085333333 777.481194345
-2.29585066667 769.807398275
-2.290848 769.202923149
-2.28584533333 758.979630023
-2.28084266667 759.426554822
-2.27584 752.413755432
-2.27083733333 758.210374738
-2.26583466667 757.899372752
-2.260832 756.62623596
-2.25582933333 757.986075425
-2.25082666667 757.068356924
-2.245824 758.76486043
-2.24082133333 758.848665383
-2.23581866667 761.142008875
-2.230816 762.859194673
-2.22581333333 763.248532253
-2.22081066667 765.295011161
-2.215808 766.964068837
-2.21080533333 766.854481116
-2.20580266667 764.465243484
-2.2008 764.474859666
-2.19579733333 762.893575128
-2.19079466667 761.950184299
-2.185792 761.509965843
-2.18078933333 762.156036841
-2.17578666667 762.581696581
-2.170784 763.159767957
-2.16578133333 763.776327925
-2.16077866667 764.781714137
-2.155776 765.45729897
-2.15077333333 765.418468671
-2.14577066667 764.021502907
-2.140768 763.630215007
-2.13576533333 763.183164322
-2.13076266667 762.128895378
-2.12576 762.088534397
-2.12075733333 762.654203186
-2.11575466667 762.699873755
-2.110752 762.697511181
-2.10574933333 762.84653308
-2.10074666667 762.481772996
-2.095744 761.758714652
-2.09074133333 762.214362759
-2.08573866667 761.959633938
-2.080736 761.750819209
-2.07573333333 761.677150433
-2.07073066667 761.837577717
-2.065728 761.896396286
-2.06072533333 761.89524902
-2.05572266667 761.730222313
-2.05072 761.791031275
-2.04571733333 761.425379544
-2.04071466667 761.534187019
-2.035712 761.432564098
-2.03070933333 761.485797181
-2.02570666667 761.337954846
-2.020704 761.75371491
-2.01570133333 761.404809153
-2.01069866667 761.684902258
-2.005696 761.801312224
-2.00069333333 762.130059559
-1.99569066667 762.9581103
-1.990688 764.566789991
-1.98568533333 764.54262202
-1.98068266667 764.498406921
-1.97568 764.099069252
-1.97067733333 764.598305066
-1.96567466667 764.374286221
-1.960672 764.238697068
-1.95566933333 764.138896037
-1.95066666667 764.043185851
-1.945664 763.886333396
-1.94066133333 764.187187251
-1.93565866667 764.270213085
-1.930656 764.599400062
-1.92565333333 764.374006116
-1.92065066667 764.410937187
-1.915648 764.022575846
-1.91064533333 764.03679277
-1.90564266667 764.001665162
-1.90064 764.019261056
-1.89563733333 763.946074643
-1.89063466667 763.961273625
-1.885632 763.812119116
-1.88062933333 763.793240602
-1.87562666667 764.008390897
-1.870624 764.315497708
-1.86562133333 763.92887665
-1.86061866667 764.1530723
-1.855616 763.896478308
-1.85061333333 764.076885007
-1.84561066667 764.034781599
-1.840608 763.851615175
-1.83560533333 763.589330892
-1.83060266667 764.296245909
-1.8256 763.86327378
-1.82059733333 763.848215594
-1.81559466667 763.684073125
-1.810592 764.128564301
-1.80558933333 763.82403487
-1.80058666667 763.523429591
-1.795584 763.291052347
-1.79058133333 763.571474424
-1.78557866667 763.191435663
-1.780576 763.162072829
-1.77557333333 762.860358416
-1.77057066667 762.931958848
-1.765568 762.558724489
-1.76056533333 762.855771285
-1.75556266667 762.404955716
-1.75056 762.441489391
-1.74555733333 762.107319636
-1.74055466667 762.075677269
-1.735552 761.710906235
-1.73054933333 761.727265029
-1.72554666667 761.574836129
-1.720544 761.812113672
-1.71554133333 761.447810614
-1.71053866667 761.439469125
-1.705536 761.174779785
-1.70053333333 761.260467333
-1.69553066667 760.855414839
-1.690528 760.858251433
-1.68552533333 760.576110423
-1.68052266667 760.935198313
-1.67552 760.42460224
-1.67051733333 760.552463195
-1.66551466667 760.552863798
-1.660512 760.694228079
-1.65550933333 760.334579124
-1.65050666667 760.224606984
-1.645504 760.106576192
-1.64050133333 760.246388964
-1.63549866667 760.069724365
-1.630496 760.295626982
-1.62549333333 760.046045206
-1.62049066667 760.156968937
-1.615488 759.874584461
-1.61048533333 760.347671853
-1.60548266667 759.889025625
-1.60048 760.164775251
-1.59547733333 759.955874109
-1.59047466667 759.934904827
-1.585472 759.466352357
-1.58046933333 760.004599562
-1.57546666667 759.535002818
-1.570464 759.908131502
-1.56546133333 759.600883019
-1.56045866667 759.654805876
-1.555456 759.46025976
-1.55045333333 759.555141195
-1.54545066667 759.424125689
-1.540448 759.98819264
-1.53544533333 759.219209864
-1.53044266667 759.079384247
-1.52544 759.175908818
-1.52043733333 759.213500409
-1.51543466667 759.138922056
-1.510432 759.119756125
-1.50542933333 759.111653672
-1.50042666667 758.906529083
-1.495424 758.848493762
-1.49042133333 759.193503519
-1.48541866667 758.723611445
-1.480416 758.950933248
-1.47541333333 758.646063317
-1.47041066667 758.946388889
-1.465408 758.762571918
-1.46040533333 759.092863144
-1.45540266667 758.667302821
-1.4504 758.709522633
-1.44539733333 758.442759064
-1.44039466667 758.340945281
-1.435392 758.019052643
-1.43038933333 758.239659843
-1.42538666667 758.382202708
-1.420384 758.308360277
-1.41538133333 758.114171958
-1.41037866667 758.269357387
-1.405376 757.901758371
-1.40037333333 758.097578799
-1.39537066667 758.162119634
-1.390368 758.70643634
-1.38536533333 758.319759757
-1.38036266667 758.345091415
-1.37536 758.194776465
-1.37035733333 758.557033684
-1.36535466667 758.285659591
-1.360352 758.902681124
-1.35534933333 758.819180525
-1.35034666667 759.254867959
-1.345344 759.294728482
-1.34034133333 759.770832317
-1.33533866667 759.785412952
-1.330336 760.494313711
-1.32533333333 760.254816513
-1.32033066667 760.487658393
-1.315328 760.549994514
-1.31032533333 760.9852378
-1.30532266667 760.858775748
-1.30032 761.025707259
-1.29531733333 760.643132602
-1.29031466667 760.757323192
-1.285312 760.709854519
-1.28030933333 760.907400356
-1.27530666667 760.704843706
-1.270304 761.066460438
-1.26530133333 760.957338439
-1.26029866667 760.878220668
-1.255296 760.264930258
-1.25029333333 760.768597484
-1.24529066667 760.353897511
-1.240288 760.422043663
-1.23528533333 760.316872301
-1.23028266667 760.370469295
-1.22528 760.003582487
-1.22027733333 760.10832003
-1.21527466667 759.499129292
-1.210272 759.69741306
-1.20526933333 759.464889915
-1.20026666667 759.91201538
-1.195264 759.977359941
-1.19026133333 760.124174211
-1.18525866667 759.698502248
-1.180256 760.282655397
-1.17525333333 759.724199175
-1.17025066667 759.841404736
-1.165248 760.154681201
-1.16024533333 759.98545254
-1.15524266667 759.750247587
-1.15024 760.096116157
-1.14523733333 759.825955233
-1.14023466667 760.292534976
-1.135232 759.879687055
-1.13022933333 759.684605702
-1.12522666667 759.642861563
-1.120224 760.170931227
-1.11522133333 759.714173598
-1.11021866667 760.005948159
-1.105216 759.91422628
-1.10021333333 759.847868193
-1.09521066667 759.714885287
-1.090208 759.885023827
-1.08520533333 759.570152675
-1.08020266667 759.781710838
-1.0752 759.545366006
-1.07019733333 759.573328
-1.06519466667 759.497080697
-1.060192 759.705262869
-1.05518933333 759.315297455
-1.05018666667 759.12549693
-1.045184 758.829884146
-1.04018133333 759.148416209
-1.03517866667 758.935267241
-1.030176 758.983867229
-1.02517333333 759.008456649
-1.02017066667 759.035992637
-1.015168 758.732846777
-1.01016533333 759.145676515
-1.00516266667 758.806694494
-1.00016 758.976540356
-0.995157333333 758.978082022
-0.990154666667 759.252971998
-0.985152 758.921362951
-0.980149333333 759.208951965
-0.975146666667 759.029614485
-0.970144 759.177448464
-0.965141333333 758.755796097
-0.960138666667 758.912361035
-0.955136 758.983088502
-0.950133333333 758.851816711
-0.945130666667 758.848858824
-0.940128 759.150381528
-0.935125333333 758.902874278
-0.930122666667 759.018301903
-0.92512 758.847634701
-0.920117333333 758.731590563
-0.915114666667 758.743492813
-0.910112 758.949296552
-0.905109333333 758.63563538
-0.900106666667 758.971333287
-0.895104 758.60642606
-0.890101333333 758.865127208
-0.885098666667 758.595154568
-0.880096 758.604018221
-0.875093333333 758.441106162
-0.870090666667 758.851369683
-0.865088 758.229146339
-0.860085333333 758.456997843
-0.855082666667 758.130116766
-0.85008 758.28541846
-0.845077333333 758.538901078
-0.840074666667 758.530143095
-0.835072 758.35412424
-0.830069333333 758.740406329
-0.825066666667 758.495090948
-0.820064 758.661401326
-0.815061333333 758.230557159
-0.810058666667 758.297680831
-0.805056 757.989166436
-0.800053333333 758.330455701
-0.795050666667 757.94491691
-0.790048 758.083147354
-0.785045333333 757.882346394
-0.780042666667 758.255203183
-0.77504 757.898707815
-0.770037333333 758.064991338
-0.765034666667 758.137065002
-0.760032 758.208329734
-0.755029333333 757.897799114
-0.750026666667 758.119065716
-0.745024 757.995162589
-0.740021333333 758.141069515
-0.735018666667 757.81496043
-0.730016 757.912030799
-0.725013333333 758.033941466
-0.720010666667 757.925460093
-0.715008 757.671218881
-0.710005333333 758.071405041
-0.705002666667 757.713828341
-0.7 758.270829676
-0.694997333333 757.781357556
-0.689994666667 757.941302071
-0.684992 757.98421531
-0.679989333333 758.030655744
-0.674986666667 757.453790588
-0.669984 757.901120448
-0.664981333333 757.82373608
-0.659978666667 758.007387209
-0.654976 757.943167151
-0.649973333333 757.953841755
-0.644970666667 758.046242693
-0.639968 758.083971183
-0.634965333333 757.882319183
-0.629962666667 758.196432151
-0.62496 758.083147135
-0.619957333333 757.909489367
-0.614954666667 757.841057295
-0.609952 757.890504046
-0.604949333333 757.526651021
-0.599946666667 758.150767235
-0.594944 757.775257007
-0.589941333333 758.242162412
-0.584938666667 757.70631621
-0.579936 758.137116291
-0.574933333333 758.104775891
-0.569930666667 757.873828412
-0.564928 757.740560235
-0.559925333333 758.125679464
-0.554922666667 757.736864178
-0.54992 757.864929559
-0.544917333333 757.923937097
-0.539914666667 758.020305301
-0.534912 757.849930983
-0.529909333333 758.152470895
-0.524906666667 757.859724448
-0.519904 758.199172389
-0.514901333333 758.070671828
-0.509898666667 757.921030112
-0.504896 757.692465074
-0.499893333333 757.803048421
-0.494890666667 757.586933505
-0.489888 757.930331029
-0.484885333333 757.64859923
-0.479882666667 758.077463226
-0.47488 757.554438804
-0.469877333333 757.778078324
-0.464874666667 757.584092739
-0.459872 758.02502616
-0.454869333333 757.540171505
-0.449866666667 758.068857316
-0.444864 757.60420436
-0.439861333333 757.769141904
-0.434858666667 757.369482567
-0.429856 757.653061975
-0.424853333333 757.302348378
-0.419850666667 757.519428211
-0.414848 757.267031001
-0.409845333333 757.537760607
-0.404842666667 757.102664267
-0.39984 757.217176062
-0.394837333333 757.210893963
-0.389834666667 757.32113657
-0.384832 756.986717284
-0.379829333333 757.017996843
-0.374826666667 756.820302107
-0.369824 757.203035296
-0.364821333333 757.073370842
-0.359818666667 757.175329481
-0.354816 756.839876892
-0.349813333333 756.858234074
-0.344810666667 757.060810461
-0.339808 757.112259502
-0.334805333333 756.627318894
-0.329802666667 756.927087088
-0.3248 756.784168548
-0.319797333333 756.844356851
-0.314794666667 756.720539487
-0.309792 757.132033104
-0.304789333333 756.694387792
-0.299786666667 756.80832256
-0.294784 756.573016605
-0.289781333333 756.799368088
-0.284778666667 756.42801787
-0.279776 756.764765999
-0.274773333333 756.481040697
-0.269770666667 756.807545228
-0.264768 756.351942364
-0.259765333333 756.744618164
-0.254762666667 756.394062103
-0.24976 756.670218573
-0.244757333333 756.266287732
-0.239754666667 756.475915385
-0.234752 756.224557269
-0.229749333333 756.504934201
-0.224746666667 756.183277556
-0.219744 756.578454968
-0.214741333333 756.131498815
-0.209738666667 756.30109735
-0.204736 756.240317452
-0.199733333333 756.350986198
-0.194730666667 756.196328627
-0.189728 756.594646536
-0.184725333333 756.170685479
-0.179722666667 756.630543378
-0.17472 756.31850068
-0.169717333333 756.459750056
-0.164714666667 756.524111287
-0.159712 756.767950966
-0.154709333333 756.330037495
-0.149706666667 756.639334687
-0.144704 756.381022981
-0.139701333333 756.538763275
-0.134698666667 756.12381628
-0.129696 756.537206652
-0.124693333333 756.373935825
-0.119690666667 756.422574566
-0.114688 756.111782466
-0.109685333333 756.504661716
-0.104682666667 755.973631121
-0.09968 756.233864475
-0.0946773333333 755.796298991
-0.0896746666667 755.886846977
-0.084672 755.778721278
-0.0796693333333 756.190003084
-0.0746666666667 755.857755123
-0.069664 756.070989928
-0.0646613333333 756.07685153
-0.0596586666667 756.090543154
-0.054656 755.772274128
-0.0496533333333 755.74372289
-0.0446506666667 755.652425564
-0.039648 755.578973308
-0.0346453333333 755.336037638
-0.0296426666667 755.382035832
-0.02464 754.980394206
-0.0196373333333 755.158351278
-0.0146346666667 754.992986248
-0.009632 755.189669969
-0.00462933333333 754.521331152
