（-4.32529,1.5），（-2,1）
-7.52199466667 276.679091541
-7.516992 276.585465671
-7.51198933333 276.711245861
-7.50698666667 276.636432546
-7.501984 276.711266862
-7.49698133333 276.629144787
-7.49197866667 276.720577744
-7.486976 276.614212395
-7.48197333333 276.644381762
-7.47697066667 276.494518845
-7.471968 276.614384615
-7.46696533333 276.506510885
-7.46196266667 276.596626062
-7.45696 276.496218444
-7.45195733333 276.657145514
-7.44695466667 276.560400395
-7.441952 276.686204677
-7.43694933333 276.581770875
-7.43194666667 276.691522424
-7.426944 276.563799709
-7.42194133333 276.663479192
-7.41693866667 276.556402358
-7.411936 276.697882056
-7.40693333333 276.609281268
-7.40193066667 276.705340151
-7.396928 276.61061547
-7.39192533333 276.751691121
-7.38692266667 276.642649111
-7.38192 276.784486776
-7.37691733333 276.671210037
-7.37191466667 276.792348027
-7.366912 276.681606422
-7.36190933333 276.790828888
-7.35690666667 276.686382728
-7.351904 276.815738655
-7.34690133333 276.629385079
-7.34189866667 276.706373334
-7.336896 276.606807545
-7.33189333333 276.694708903
-7.32689066667 276.581022065
-7.321888 276.660366881
-7.31688533333 276.54610935
-7.31188266667 276.675300954
-7.30688 276.54283667
-7.30187733333 276.687172825
-7.29687466667 276.627877373
-7.291872 276.752282404
-7.28686933333 276.662476894
-7.28186666667 276.770630501
-7.276864 276.688349598
-7.27186133333 276.80719939
-7.26685866667 276.658818118
-7.261856 276.725308856
-7.25685333333 276.639719408
-7.25185066667 276.723416426
-7.246848 276.577560902
-7.24184533333 276.75170264
-7.23684266667 276.66533649
-7.23184 276.783047035
-7.22683733333 276.607425793
-7.22183466667 276.732886683
-7.216832 276.6575052
-7.21182933333 276.73198123
-7.20682666667 276.597361762
-7.201824 276.700488364
-7.19682133333 276.57919764
-7.19181866667 276.687968713
-7.186816 276.56855535
-7.18181333333 276.677280109
-7.17681066667 276.58672136
-7.171808 276.658634377
-7.16680533333 276.508702628
-7.16180266667 276.643737913
-7.1568 276.562000397
-7.15179733333 276.650801168
-7.14679466667 276.505104456
-7.141792 276.613968022
-7.13678933333 276.549976698
-7.13178666667 276.631585761
-7.126784 276.526685885
-7.12178133333 276.64298814
-7.11677866667 276.561251145
-7.111776 276.660976994
-7.10677333333 276.57655923
-7.10177066667 276.721631577
-7.096768 276.650372082
-7.09176533333 276.735365871
-7.08676266667 276.63085219
-7.08176 276.756527398
-7.07675733333 276.671898687
-7.07175466667 276.742762988
-7.066752 276.681750226
-7.06174933333 276.789473975
-7.05674666667 276.680929105
-7.051744 276.769950263
-7.04674133333 276.685649966
-7.04173866667 276.806642767
-7.036736 276.736472685
-7.03173333333 276.827710088
-7.02673066667 276.730905556
-7.021728 276.793210424
-7.01672533333 276.723013839
-7.01172266667 276.79866224
-7.00672 276.66895216
-7.00171733333 276.780606714
-6.99671466667 276.633096596
-6.991712 276.721029186
-6.98670933333 276.608025154
-6.98170666667 276.698163498
-6.976704 276.612442662
-6.97170133333 276.694322768
-6.96669866667 276.557528021
-6.961696 276.698223567
-6.95669333333 276.584509686
-6.95169066667 276.637046522
-6.946688 276.564457376
-6.94168533333 276.626370265
-6.93668266667 276.497507091
-6.93168 276.649688797
-6.92667733333 276.464594911
-6.92167466667 276.567076868
-6.916672 276.456618165
-6.91166933333 276.553673021
-6.90666666667 276.430523364
-6.901664 276.561538918
-6.89666133333 276.433874034
-6.89165866667 276.608620914
-6.886656 276.478310342
-6.88165333333 276.588725158
-6.87665066667 276.506035053
-6.871648 276.65590113
-6.86664533333 276.590042415
-6.86164266667 276.707972113
-6.85664 276.611627815
-6.85163733333 276.7392035
-6.84663466667 276.621538395
-6.841632 276.749059095
-6.83662933333 276.642952475
-6.83162666667 276.729246556
-6.826624 276.597159867
-6.82162133333 276.713732326
-6.81661866667 276.624234013
-6.811616 276.714160172
-6.80661333333 276.587723863
-6.80161066667 276.683280192
-6.796608 276.58804906
-6.79160533333 276.691453968
-6.78660266667 276.527813121
-6.7816 276.604307233
-6.77659733333 276.487645358
-6.77159466667 276.537557935
-6.766592 276.372308506
-6.76158933333 276.417900247
-6.75658666667 276.350755093
-6.751584 276.453746266
-6.74658133333 276.337262443
-6.74157866667 276.427178752
-6.736576 276.32429463
-6.73157333333 276.416782043
-6.72657066667 276.293989196
-6.721568 276.397629051
-6.71656533333 276.326947255
-6.71156266667 276.41832705
-6.70656 276.303085977
-6.70155733333 276.383626572
-6.69655466667 276.309973353
-6.691552 276.428010971
-6.68654933333 276.285381957
-6.68154666667 276.376722164
-6.676544 276.330890124
-6.67154133333 276.38680048
-6.66653866667 276.278319945
-6.661536 276.42368756
-6.65653333333 276.356103731
-6.65153066667 276.492927344
-6.646528 276.392036597
-6.64152533333 276.564237878
-6.63652266667 276.469453294
-6.63152 276.544355116
-6.62651733333 276.44548179
-6.62151466667 276.551191849
-6.616512 276.478367422
-6.61150933333 276.605284674
-6.60650666667 276.481029009
-6.601504 276.620564616
-6.59650133333 276.540024603
-6.59149866667 276.620257279
-6.586496 276.525142553
-6.58149333333 276.642949215
-6.57649066667 276.57100379
-6.571488 276.656699587
-6.56648533333 276.547651339
-6.56148266667 276.612455991
-6.55648 276.541424398
-6.55147733333 276.648432779
-6.54647466667 276.579467027
-6.541472 276.676337619
-6.53646933333 276.575308204
-6.53146666667 276.639002436
-6.526464 276.535599182
-6.52146133333 276.578133322
-6.51645866667 276.457482122
-6.511456 276.532672196
-6.50645333333 276.409067801
-6.50145066667 276.500767836
-6.496448 276.416023821
-6.49144533333 276.485504644
-6.48644266667 276.394603162
-6.48144 276.475862716
-6.47643733333 276.342990154
-6.47143466667 276.427328019
-6.466432 276.259077435
-6.46142933333 276.353192598
-6.45642666667 276.239478612
-6.451424 276.274328425
-6.44642133333 276.149845632
-6.44141866667 276.232708062
-6.436416 276.148960257
-6.43141333333 276.254201681
-6.42641066667 276.099235788
-6.421408 276.212618438
-6.41640533333 276.104477425
-6.41140266667 276.243987989
-6.4064 276.12536884
-6.40139733333 276.219749875
-6.39639466667 276.133901404
-6.391392 276.255025346
-6.38638933333 276.169187633
-6.38138666667 276.274531138
-6.376384 276.205405948
-6.37138133333 276.351821008
-6.36637866667 276.267116139
-6.361376 276.398652354
-6.35637333333 276.335764207
-6.35137066667 276.452801389
-6.346368 276.341773974
-6.34136533333 276.409967912
-6.33636266667 276.314744108
-6.33136 276.43895702
-6.32635733333 276.255873471
-6.32135466667 276.366203586
-6.316352 276.25890933
-6.31134933333 276.37298264
-6.30634666667 276.289050691
-6.301344 276.385420791
-6.29634133333 276.347982451
-6.29133866667 276.460435756
-6.286336 276.384764263
-6.28133333333 276.516844427
-6.27633066667 276.430036862
-6.271328 276.547056174
-6.26632533333 276.464034316
-6.26132266667 276.520675729
-6.25632 276.461945707
-6.25131733333 276.510363126
-6.24631466667 276.340785761
-6.241312 276.506429072
-6.23630933333 276.422735294
-6.23130666667 276.522415928
-6.226304 276.449175501
-6.22130133333 276.521551417
-6.21629866667 276.430405616
-6.211296 276.508799494
-6.20629333333 276.363096208
-6.20129066667 276.462346929
-6.196288 276.343188308
-6.19128533333 276.402685378
-6.18628266667 276.317926073
-6.18128 276.377149104
-6.17627733333 276.32666377
-6.17127466667 276.409107268
-6.166272 276.292672213
-6.16126933333 276.40249832
-6.15626666667 276.29665737
-6.151264 276.417481399
-6.14626133333 276.29940682
-6.14125866667 276.444457212
-6.136256 276.309586723
-6.13125333333 276.446204873
-6.12625066667 276.360307421
-6.121248 276.442213059
-6.11624533333 276.40067596
-6.11124266667 276.468385515
-6.10624 276.386519814
-6.10123733333 276.484989544
-6.09623466667 276.400634223
-6.091232 276.504492586
-6.08622933333 276.41114262
-6.08122666667 276.509668547
-6.076224 276.465208441
-6.07122133333 276.552254416
-6.06621866667 276.441276791
-6.061216 276.569714892
-6.05621333333 276.460793704
-6.05121066667 276.564231508
-6.046208 276.474541226
-6.04120533333 276.540082019
-6.03620266667 276.506088189
-6.0312 276.597781833
-6.02619733333 276.519531845
-6.02119466667 276.60589734
-6.016192 276.490904295
-6.01118933333 276.643816225
-6.00618666667 276.497306781
-6.001184 276.561846123
-5.99618133333 276.47565311
-5.99117866667 276.517733801
-5.986176 276.41633689
-5.98117333333 276.490888236
-5.97617066667 276.40160858
-5.971168 276.508727379
-5.96616533333 276.404031784
-5.96116266667 276.509257981
-5.95616 276.403880711
-5.95115733333 276.530522545
-5.94615466667 276.343013705
-5.941152 276.484208044
-5.93614933333 276.366124195
-5.93114666667 276.460949328
-5.926144 276.333165727
-5.92114133333 276.389180501
-5.91613866667 276.345004789
-5.911136 276.42849488
-5.90613333333 276.284826687
-5.90113066667 276.394746526
-5.896128 276.3100148
-5.89112533333 276.382039189
-5.88612266667 276.279836035
-5.88112 276.335275977
-5.87611733333 276.239754989
-5.87111466667 276.367121595
-5.866112 276.231374122
-5.86110933333 276.348776429
-5.85610666667 276.328279929
-5.851104 276.398166662
-5.84610133333 276.360095705
-5.84109866667 276.485312149
-5.836096 276.446374086
-5.83109333333 276.562092936
-5.82609066667 276.450940936
-5.821088 276.573738243
-5.81608533333 276.467801626
-5.81108266667 276.521492902
-5.80608 276.451878479
-5.80107733333 276.489091892
-5.79607466667 276.405107501
-5.791072 276.449914572
-5.78606933333 276.336398236
-5.78106666667 276.460768939
-5.776064 276.3908965
-5.77106133333 276.468422691
-5.76605866667 276.374273565
-5.761056 276.444475731
-5.75605333333 276.389312317
-5.75105066667 276.438257471
-5.746048 276.348752498
-5.74104533333 276.380319576
-5.73604266667 276.331254987
-5.73104 276.376943864
-5.72603733333 276.266987297
-5.72103466667 276.390186536
-5.716032 276.286266347
-5.71102933333 276.359958768
-5.70602666667 276.261553192
-5.701024 276.364592372
-5.69602133333 276.306064379
-5.69101866667 276.404328515
-5.686016 276.282252414
-5.68101333333 276.392938802
-5.67601066667 276.273484688
-5.671008 276.383979321
-5.66600533333 276.287561347
-5.66100266667 276.402058172
-5.656 276.331197099
-5.65099733333 276.442031466
-5.64599466667 276.32765456
-5.640992 276.456881677
-5.63598933333 276.348665664
-5.63098666667 276.47398548
-5.625984 276.389404729
-5.62098133333 276.519820167
-5.61597866667 276.426837028
-5.610976 276.561182451
-5.60597333333 276.406419403
-5.60097066667 276.554412593
-5.595968 276.436263105
-5.59096533333 276.547918227
-5.58596266667 276.483433243
-5.58096 276.587412481
-5.57595733333 276.496942842
-5.57095466667 276.65881351
-5.565952 276.549555756
-5.56094933333 276.676192078
-5.55594666667 276.573024716
-5.550944 276.734258858
-5.54594133333 276.605800327
-5.54093866667 276.73160999
-5.535936 276.676280087
-5.53093333333 276.807733625
-5.52593066667 276.667437119
-5.520928 276.795562201
-5.51592533333 276.735030045
-5.51092266667 276.871183887
-5.50592 276.759221357
-5.50091733333 276.87474538
-5.49591466667 276.798735563
-5.490912 276.943336552
-5.48590933333 276.830082815
-5.48090666667 276.900101772
-5.475904 276.779918527
-5.47090133333 276.825124293
-5.46589866667 276.688094219
-5.460896 276.757730173
-5.45589333333 276.660184895
-5.45089066667 276.751702769
-5.445888 276.648049869
-5.44088533333 276.719761933
-5.43588266667 276.666016413
-5.43088 276.7475089
-5.42587733333 276.634595772
-5.42087466667 276.740017935
-5.415872 276.619275154
-5.41086933333 276.704321054
-5.40586666667 276.582094232
-5.400864 276.643234995
-5.39586133333 276.542320201
-5.39085866667 276.630374847
-5.385856 276.497849081
-5.38085333333 276.619552002
-5.37585066667 276.525791045
-5.370848 276.646352677
-5.36584533333 276.520682273
-5.36084266667 276.622010324
-5.35584 276.521783384
-5.35083733333 276.53839418
-5.34583466667 276.437018719
-5.340832 276.515507669
-5.33582933333 276.412431049
-5.33082666667 276.473719383
-5.325824 276.390065566
-5.32082133333 276.517443346
-5.31581866667 276.428655026
-5.310816 276.544272217
-5.30581333333 276.460248304
-5.30081066667 276.611403044
-5.295808 276.560367668
-5.29080533333 276.689179134
-5.28580266667 276.602949301
-5.2808 276.742575283
-5.27579733333 276.623934093
-5.27079466667 276.752660853
-5.265792 276.582707612
-5.26078933333 276.69722897
-5.25578666667 276.606705275
-5.250784 276.732785869
-5.24578133333 276.603994576
-5.24077866667 276.789554861
-5.235776 276.638648505
-5.23077333333 276.785439225
-5.22577066667 276.682299984
-5.220768 276.737333806
-5.21576533333 276.62382553
-5.21076266667 276.728658418
-5.20576 276.58330206
-5.20075733333 276.701230808
-5.19575466667 276.601762971
-5.190752 276.732511607
-5.18574933333 276.606649964
-5.18074666667 276.714263709
-5.175744 276.616853221
-5.17074133333 276.749936045
-5.16573866667 276.663102661
-5.160736 276.722144782
-5.15573333333 276.647303443
-5.15073066667 276.754339155
-5.145728 276.674082717
-5.14072533333 276.746349997
-5.13572266667 276.657430882
-5.13072 276.775347286
-5.12571733333 276.657520472
-5.12071466667 276.760102587
-5.115712 276.689107744
-5.11070933333 276.810535411
-5.10570666667 276.708498608
-5.100704 276.815445029
-5.09570133333 276.708365412
-5.09069866667 276.818326837
-5.085696 276.708413707
-5.08069333333 276.79856842
-5.07569066667 276.742594687
-5.070688 276.853130958
-5.06568533333 276.735230271
-5.06068266667 276.844787646
-5.05568 276.728610064
-5.05067733333 276.822214968
-5.04567466667 276.700906046
-5.040672 276.811965063
-5.03566933333 276.76558494
-5.03066666667 276.814957548
-5.025664 276.714966893
-5.02066133333 276.775973764
-5.01565866667 276.647808734
-5.010656 276.679751563
-5.00565333333 276.525640853
-5.00065066667 276.667874049
-4.995648 276.572749129
-4.99064533333 276.699581511
-4.98564266667 276.591944827
-4.98064 276.697989606
-4.97563733333 276.651937132
-4.97063466667 276.720926184
-4.965632 276.650787446
-4.96062933333 276.730084124
-4.95562666667 276.596760957
-4.950624 276.708001957
-4.94562133333 276.609216735
-4.94061866667 276.694195774
-4.935616 276.57002167
-4.93061333333 276.700009085
-4.92561066667 276.529576611
-4.920608 276.660903721
-4.91560533333 276.521737565
-4.91060266667 276.675464519
-4.9056 276.541393538
-4.90059733333 276.616786651
-4.89559466667 276.509762388
-4.890592 276.599931516
-4.88558933333 276.459770399
-4.88058666667 276.624298864
-4.875584 276.462140091
-4.87058133333 276.584269958
-4.86557866667 276.467779153
-4.860576 276.554998839
-4.85557333333 276.506640299
-4.85057066667 276.612545105
-4.845568 276.521399853
-4.84056533333 276.682353422
-4.83556266667 276.582576824
-4.83056 276.731923672
-4.82555733333 276.627062018
-4.82055466667 276.756663079
-4.815552 276.651317789
-4.81054933333 276.774098426
-4.80554666667 276.656622513
-4.800544 276.796495265
-4.79554133333 276.722813323
-4.79053866667 276.825576106
-4.785536 276.712294843
-4.78053333333 276.794863203
-4.77553066667 276.754923041
-4.770528 276.873997827
-4.76552533333 276.771506124
-4.76052266667 276.843988056
-4.75552 276.771731021
-4.75051733333 276.804328232
-4.74551466667 276.711261967
-4.740512 276.78454977
-4.73550933333 276.690566641
-4.73050666667 276.798333857
-4.725504 276.641023056
-4.72050133333 276.73873947
-4.71549866667 276.685671139
-4.710496 276.746962716
-4.70549333333 276.661375984
-4.70049066667 276.71326968
-4.695488 276.616405512
-4.69048533333 276.749110039
-4.68548266667 276.640924398
-4.68048 276.704859258
-4.67547733333 276.661317903
-4.67047466667 276.739222174
-4.665472 276.616366114
-4.66046933333 276.691992796
-4.65546666667 276.642200479
-4.650464 276.73442869
-4.64546133333 276.629795087
-4.64045866667 276.750640796
-4.635456 276.658820474
-4.63045333333 276.808792163
-4.62545066667 276.685274548
-4.620448 276.839715989
-4.61544533333 276.766458882
-4.61044266667 276.872398883
-4.60544 276.79780962
-4.60043733333 276.887241819
-4.59543466667 276.844715633
-4.590432 276.917540942
-4.58542933333 276.783618091
-4.58042666667 276.969764523
-4.575424 276.88330442
-4.57042133333 276.954352972
-4.56541866667 276.879016334
-4.560416 276.974806647
-4.55541333333 276.873845535
-4.55041066667 276.999890801
-4.545408 276.873863844
-4.54040533333 277.016862165
-4.53540266667 276.933172224
-4.5304 277.024091712
-4.52539733333 276.922870375
-4.52039466667 277.009923367
-4.515392 276.875841265
-4.51038933333 276.986115336
-4.50538666667 276.842484762
-4.500384 276.995751533
-4.49538133333 276.817295179
-4.49037866667 276.928415617
-4.485376 276.831958159
-4.48037333333 276.947750747
-4.47537066667 276.818876806
-4.470368 276.925583214
-4.46536533333 276.784326709
-4.46036266667 276.901532954
-4.45536 276.755381871
-4.45035733333 276.865921008
-4.44535466667 276.705313038
-4.440352 276.806086405
-4.43534933333 276.706109507
-4.43034666667 276.795764214
-4.425344 276.64128324
-4.42034133333 276.757895764
-4.41533866667 276.62609574
-4.410336 276.759685565
-4.40533333333 276.587967006
-4.40033066667 276.6861764
-4.395328 276.588994209
-4.39032533333 276.668569815
-4.38532266667 276.546517038
-4.38032 276.63500289
-4.37531733333 276.533205435
-4.37031466667 276.628894564
-4.365312 276.478959431
-4.36030933333 276.579382793
-4.35530666667 276.465443061
-4.350304 276.557777085
-4.34530133333 276.417759178
-4.34029866667 276.437500936
-4.335296 276.346332203
-4.33029333333 276.435920994
-4.32529066667 276.278933109
-4.320288 276.321364394
-4.31528533333 276.220627309
-4.31028266667 276.254251012
-4.30528 276.144145354
-4.30027733333 276.206607108
-4.29527466667 276.096490826
-4.290272 276.158055445
-4.28526933333 276.003232256
-4.28026666667 276.041961955
-4.275264 275.928505532
-4.27026133333 275.996430757
-4.26525866667 275.866414875
-4.260256 275.974396141
-4.25525333333 275.863772588
-4.25025066667 275.962110745
-4.245248 275.844645291
-4.24024533333 275.920203398
-4.23524266667 275.853464196
-4.23024 275.934601316
-4.22523733333 275.815264485
-4.22023466667 275.932418861
-4.215232 275.89249058
-4.21022933333 275.955153453
-4.20522666667 275.851444825
-4.200224 275.969031931
-4.19522133333 275.877653639
-4.19021866667 276.010348443
-4.185216 275.863131101
-4.18021333333 276.017042954
-4.17521066667 275.937849399
-4.170208 276.042743554
-4.16520533333 275.979596072
-4.16020266667 276.095740987
-4.1552 276.036430473
-4.15019733333 276.134061384
-4.14519466667 276.027973858
-4.140192 276.189170438
-4.13518933333 276.051268765
-4.13018666667 276.202521238
-4.125184 276.099210655
-4.12018133333 276.22273281
-4.11517866667 276.105336381
-4.110176 276.250907813
-4.10517333333 276.120848897
-4.10017066667 276.212390983
-4.095168 276.095673806
-4.09016533333 276.159838553
-4.08516266667 276.042643099
-4.08016 276.160624156
-4.07515733333 275.992594352
-4.07015466667 276.11558081
-4.065152 275.945347533
-4.06014933333 276.056604765
-4.05514666667 275.879086441
-4.050144 276.018001781
-4.04514133333 275.925856725
-4.04013866667 276.017761021
-4.035136 275.927977529
-4.03013333333 276.086816282
-4.02513066667 276.000434388
-4.020128 276.122906319
-4.01512533333 276.03064301
-4.01012266667 276.185096318
-4.00512 276.091645617
-4.00011733333 276.190724546
-3.99511466667 276.113040282
-3.990112 276.271020324
-3.98510933333 276.180241804
-3.98010666667 276.277794086
-3.975104 276.217182134
-3.97010133333 276.355269377
-3.96509866667 276.26654051
-3.960096 276.432896429
-3.95509333333 276.375458994
-3.95009066667 276.497078583
-3.945088 276.39043123
-3.94008533333 276.509204559
-3.93508266667 276.453412594
-3.93008 276.609435928
-3.92507733333 276.492587849
-3.92007466667 276.6484771
-3.915072 276.610980086
-3.91006933333 276.735087677
-3.90506666667 276.652084956
-3.900064 276.77551163
-3.89506133333 276.743511464
-3.89005866667 276.869163728
-3.885056 276.756782064
-3.88005333333 276.920589002
-3.87505066667 276.850687151
-3.870048 276.992554669
-3.86504533333 276.914498089
-3.86004266667 277.037914061
-3.85504 276.990593279
-3.85003733333 277.115296853
-3.84503466667 276.987968821
-3.840032 277.116092266
-3.83502933333 277.047220201
-3.83002666667 277.146463629
-3.825024 277.058217612
-3.82002133333 277.202519236
-3.81501866667 277.121493004
-3.810016 277.20235984
-3.80501333333 277.092725441
-3.80001066667 277.17485227
-3.795008 277.132212997
-3.79000533333 277.24794361
-3.78500266667 277.114033566
-3.78 277.26793538
-3.77499733333 277.096534792
-3.76999466667 277.209535192
-3.764992 277.116972255
-3.75998933333 277.209538476
-3.75498666667 277.101477156
-3.749984 277.222594464
-3.74498133333 277.112963494
-3.73997866667 277.248854764
-3.734976 277.142299378
-3.72997333333 277.262544137
-3.72497066667 277.164214258
-3.719968 277.283432548
-3.71496533333 277.149910853
-3.70996266667 277.279691667
-3.70496 277.16162844
-3.69995733333 277.286499365
-3.69495466667 277.200132577
-3.689952 277.321670044
-3.68494933333 277.228736868
-3.67994666667 277.329553494
-3.674944 277.276448419
-3.66994133333 277.454416386
-3.66493866667 277.385371459
-3.659936 277.538068332
-3.65493333333 277.530092092
-3.64993066667 277.68560736
-3.644928 277.642128036
-3.63992533333 277.803201944
-3.63492266667 277.744925652
-3.62992 277.948241539
-3.62491733333 277.94258692
-3.61991466667 278.09340216
-3.614912 278.131045568
-3.60990933333 278.341232296
-3.60490666667 278.298333359
-3.599904 278.51379649
-3.59490133333 278.562177696
-3.58989866667 278.7465675
-3.584896 278.750955771
-3.57989333333 278.908193399
-3.57489066667 278.941965595
-3.569888 279.186850911
-3.56488533333 279.170455621
-3.55988266667 279.403697893
-3.55488 279.441370081
-3.54987733333 279.584543889
-3.54487466667 279.605242408
-3.539872 279.748401744
-3.53486933333 279.77495088
-3.52986666667 279.908605706
-3.524864 279.827996508
-3.51986133333 279.97790486
-3.51485866667 279.914328976
-3.509856 280.048918754
-3.50485333333 279.939229994
-3.49985066667 280.06241455
-3.494848 279.975572023
-3.48984533333 280.072784931
-3.48484266667 279.994138782
-3.47984 280.081056996
-3.47483733333 279.996759999
-3.46983466667 280.100415244
-3.464832 279.972257537
-3.45982933333 280.088930644
-3.45482666667 279.996219972
-3.449824 280.067396851
-3.44482133333 279.933810827
-3.43981866667 280.011169852
-3.434816 279.880750529
-3.42981333333 279.952305147
-3.42481066667 279.76563046
-3.419808 279.843502719
-3.41480533333 279.723892771
-3.40980266667 279.775106539
-3.4048 279.619205976
-3.39979733333 279.680150836
-3.39479466667 279.519178949
-3.389792 279.62629715
-3.38478933333 279.457433535
-3.37978666667 279.529818593
-3.374784 279.419465307
-3.36978133333 279.462490353
-3.36477866667 279.367544991
-3.359776 279.470273461
-3.35477333333 279.330071466
-3.34977066667 279.450856751
-3.344768 279.347530183
-3.33976533333 279.445095307
-3.33476266667 279.327453777
-3.32976 279.469370083
-3.32475733333 279.339577745
-3.31975466667 279.474520348
-3.314752 279.388520097
-3.30974933333 279.474239653
-3.30474666667 279.396630742
-3.299744 279.468288005
-3.29474133333 279.340602827
-3.28973866667 279.465743774
-3.284736 279.297980218
-3.27973333333 279.388534402
-3.27473066667 279.325030007
-3.269728 279.421197093
-3.26472533333 279.304314953
-3.25972266667 279.417983718
-3.25472 279.295040147
-3.24971733333 279.439123276
-3.24471466667 279.281197663
-3.239712 279.360239405
-3.23470933333 279.308728212
-3.22970666667 279.37936374
-3.224704 279.285005677
-3.21970133333 279.359390404
-3.21469866667 279.296327392
-3.209696 279.403280747
-3.20469333333 279.255057447
-3.19969066667 279.323155745
-3.194688 279.238548329
-3.18968533333 279.335054121
-3.18468266667 279.206210863
-3.17968 279.26546839
-3.17467733333 279.165113885
-3.16967466667 279.247769275
-3.164672 279.075105221
-3.15966933333 279.154119213
-3.15466666667 279.092978376
-3.149664 279.139435544
-3.14466133333 278.982323713
-3.13965866667 279.074630698
-3.134656 278.955026448
-3.12965333333 278.976324758
-3.12465066667 278.826307366
-3.119648 278.850646838
-3.11464533333 278.63655286
-3.10964266667 278.730020254
-3.10464 278.541377351
-3.09963733333 278.606177835
-3.09463466667 278.458378682
-3.089632 278.479342239
-3.08462933333 278.230346086
-3.07962666667 278.273732889
-3.074624 278.037933563
-3.06962133333 278.079676632
-3.06461866667 277.817432662
-3.059616 277.871932497
-3.05461333333 277.642493776
-3.04961066667 277.649666597
-3.044608 277.379933178
-3.03960533333 277.416170577
-3.03460266667 277.148064018
-3.0296 277.12617174
-3.02459733333 276.884841613
-3.01959466667 276.897955633
-3.014592 276.675262163
-3.00958933333 276.707405855
-3.00458666667 276.499948475
-2.999584 276.502433919
-2.99458133333 276.310291344
-2.98957866667 276.346079949
-2.984576 276.208670512
-2.97957333333 276.265349856
-2.97457066667 276.068090035
-2.969568 276.174996675
-2.96456533333 275.959439045
-2.95956266667 276.035870224
-2.95456 275.923755136
-2.94955733333 275.963475589
-2.94455466667 275.86025437
-2.939552 275.957335125
-2.93454933333 275.821257961
-2.92954666667 275.907100716
-2.924544 275.790029494
-2.91954133333 275.868567001
-2.91453866667 275.695556981
-2.909536 275.81934254
-2.90453333333 275.711581068
-2.89953066667 275.729776457
-2.894528 275.634272599
-2.88952533333 275.768878953
-2.88452266667 275.64197862
-2.87952 275.688085411
-2.87451733333 275.590083228
-2.86951466667 275.650269797
-2.864512 275.509830606
-2.85950933333 275.603128841
-2.85450666667 275.479669103
-2.849504 275.607893654
-2.84450133333 275.457076691
-2.83949866667 275.517119946
-2.834496 275.431967151
-2.82949333333 275.540894426
-2.82449066667 275.408268069
-2.819488 275.499397637
-2.81448533333 275.445841727
-2.80948266667 275.511092688
-2.80448 275.409864808
-2.79947733333 275.518522619
-2.79447466667 275.387086027
-2.789472 275.52270083
-2.78446933333 275.411071466
-2.77946666667 275.484715557
-2.774464 275.438585186
-2.76946133333 275.523132653
-2.76445866667 275.415009405
-2.759456 275.573592247
-2.75445333333 275.475550767
-2.74945066667 275.599515311
-2.744448 275.454303484
-2.73944533333 275.590630931
-2.73444266667 275.53654889
-2.72944 275.637108342
-2.72443733333 275.531429241
-2.71943466667 275.702504932
-2.714432 275.568898661
-2.70942933333 275.708688219
-2.70442666667 275.586685298
-2.699424 275.708061527
-2.69442133333 275.628939198
-2.68941866667 275.736738942
-2.684416 275.627232937
-2.67941333333 275.731125927
-2.67441066667 275.639692205
-2.669408 275.728857466
-2.66440533333 275.625285432
-2.65940266667 275.764274358
-2.6544 275.616554511
-2.64939733333 275.738854363
-2.64439466667 275.639321056
-2.639392 275.739730066
-2.63438933333 275.686299865
-2.62938666667 275.775861103
-2.624384 275.633303118
-2.61938133333 275.771440175
-2.61437866667 275.677636386
-2.609376 275.76831649
-2.60437333333 275.684586658
-2.59937066667 275.73634848
-2.594368 275.678209864
-2.58936533333 275.787437674
-2.58436266667 275.692857565
-2.57936 275.754037832
-2.57435733333 275.69283021
-2.56935466667 275.801391778
-2.564352 275.706915475
-2.55934933333 275.766411246
-2.55434666667 275.689201721
-2.549344 275.808984741
-2.54434133333 275.701016257
-2.53933866667 275.795932745
-2.534336 275.700993551
-2.52933333333 275.804927907
-2.52433066667 275.688294276
-2.519328 275.798724843
-2.51432533333 275.742572093
-2.50932266667 275.838157833
-2.50432 275.726994063
-2.49931733333 275.807944183
-2.49431466667 275.73368103
-2.489312 275.867062602
-2.48430933333 275.731395658
-2.47930666667 275.830089588
-2.474304 275.761452114
-2.46930133333 275.877274458
-2.46429866667 275.765175737
-2.459296 275.8504084
-2.45429333333 275.809109553
-2.44929066667 275.88492775
-2.444288 275.741161782
-2.43928533333 275.898581982
-2.43428266667 275.808583347
-2.42928 275.900274059
-2.42427733333 275.790799231
-2.41927466667 275.911883602
-2.414272 275.830715866
-2.40926933333 275.910293956
-2.40426666667 275.814672927
-2.399264 275.906246777
-2.39426133333 275.780664011
-2.38925866667 275.914232082
-2.384256 275.834753225
-2.37925333333 275.921718093
-2.37425066667 275.785429728
-2.369248 275.895056944
-2.36424533333 275.796332274
-2.35924266667 275.921494373
-2.35424 275.826241736
-2.34923733333 275.935596771
-2.34423466667 275.841470119
-2.339232 275.892653923
-2.33422933333 275.812978768
-2.32922666667 275.924303357
-2.324224 275.808754123
-2.31922133333 275.899600787
-2.31421866667 275.801342385
-2.309216 275.930927781
-2.30421333333 275.784537859
-2.29921066667 275.92853766
-2.294208 275.795590794
-2.28920533333 275.935656728
-2.28420266667 275.832388515
-2.2792 275.910785974
-2.27419733333 275.833238263
-2.26919466667 275.945417506
-2.264192 275.825468233
-2.25918933333 275.920126332
-2.25418666667 275.859744648
-2.249184 275.97891681
-2.24418133333 275.88045005
-2.23917866667 275.986810849
-2.234176 275.927382258
-2.22917333333 276.035803529
-2.22417066667 275.90005177
-2.219168 276.030877074
-2.21416533333 275.948479272
-2.20916266667 276.081080494
-2.20416 275.955049502
-2.19915733333 276.103917679
-2.19415466667 275.972589005
-2.189152 276.128893059
-2.18414933333 275.966564323
-2.17914666667 276.117485796
-2.174144 276.057897279
-2.16914133333 276.151390735
-2.16413866667 276.040058043
-2.159136 276.19621401
-2.15413333333 276.054325246
-2.14913066667 276.230393281
-2.144128 276.069475679
-2.13912533333 276.182609301
-2.13412266667 276.072506099
-2.12912 276.177807779
-2.12411733333 276.084472521
-2.11911466667 276.180712562
-2.114112 276.131662826
-2.10910933333 276.199731585
-2.10410666667 276.143716439
-2.099104 276.231904387
-2.09410133333 276.131624312
-2.08909866667 276.275922577
-2.084096 276.144389097
-2.07909333333 276.212813818
-2.07409066667 276.115233608
-2.069088 276.231256251
-2.06408533333 276.097487902
-2.05908266667 276.256971552
-2.05408 276.108959335
-2.04907733333 276.221543117
-2.04407466667 276.088270018
-2.039072 276.223089919
-2.03406933333 276.117872487
-2.02906666667 276.196909017
-2.024064 276.102494116
-2.01906133333 276.216610687
-2.01405866667 276.109722786
-2.009056 276.238483085
-2.00405333333 276.107760116
-1.99905066667 276.199016126
-1.994048 276.105881599
-1.98904533333 276.242267531
-1.98404266667 276.101082544
-1.97904 276.150950362
-1.97403733333 276.126925543
-1.96903466667 276.169034831
-1.964032 276.065965356
-1.95902933333 276.15838662
-1.95402666667 276.084711883
-1.949024 276.199841493
-1.94402133333 276.094871691
-1.93901866667 276.173492033
-1.934016 276.084560052
-1.92901333333 276.2079325
-1.92401066667 276.066442464
-1.919008 276.212542566
-1.91400533333 276.08003454
-1.90900266667 276.178694383
-1.904 276.058526326
-1.89899733333 276.108071036
-1.89399466667 276.065930718
-1.888992 276.202166624
-1.88398933333 276.051949936
-1.87898666667 276.165972557
-1.873984 276.061330163
-1.86898133333 276.145470599
-1.86397866667 276.051814124
-1.858976 276.140199125
-1.85397333333 276.045525352
-1.84897066667 276.131191268
-1.843968 275.998343035
-1.83896533333 276.112953866
-1.83396266667 275.988337286
-1.82896 276.087825429
-1.82395733333 275.977684545
-1.81895466667 276.069695555
-1.813952 275.973589016
-1.80894933333 276.072817186
-1.80394666667 275.962785869
-1.798944 276.062328383
-1.79394133333 275.971090211
-1.78893866667 276.099051086
-1.783936 275.988767373
-1.77893333333 276.119029573
-1.77393066667 276.038939051
-1.768928 276.168633758
-1.76392533333 276.111601978
-1.75892266667 276.186549337
-1.75392 276.096701157
-1.74891733333 276.254606211
-1.74391466667 276.159468818
-1.738912 276.299202688
-1.73390933333 276.217429918
-1.72890666667 276.368539741
-1.723904 276.300171511
-1.71890133333 276.406331616
-1.71389866667 276.329329671
-1.708896 276.519121954
-1.70389333333 276.431068758
-1.69889066667 276.550335284
-1.693888 276.510487149
-1.68888533333 276.638191286
-1.68388266667 276.554256342
-1.67888 276.709500924
-1.67387733333 276.600097549
-1.66887466667 276.789110139
-1.663872 276.65804316
-1.65886933333 276.801301686
-1.65386666667 276.711418405
-1.648864 276.847096594
-1.64386133333 276.777315263
-1.63885866667 276.946309738
-1.633856 276.900445556
-1.62885333333 277.06615908
-1.62385066667 276.988493763
-1.618848 277.141484287
-1.61384533333 277.074319349
-1.60884266667 277.226173093
-1.60384 277.137084965
-1.59883733333 277.253567615
-1.59383466667 277.220997384
-1.588832 277.342474087
-1.58382933333 277.266852588
-1.57882666667 277.4498308
-1.573824 277.359737634
-1.56882133333 277.504590323
-1.56381866667 277.359162306
-1.558816 277.478908295
-1.55381333333 277.411084263
-1.54881066667 277.513019081
-1.543808 277.414326508
-1.53880533333 277.525297579
-1.53380266667 277.393576353
-1.5288 277.47635587
-1.52379733333 277.315277594
-1.51879466667 277.467319784
-1.513792 277.333186832
-1.50878933333 277.363791693
-1.50378666667 277.213672101
-1.498784 277.304290144
-1.49378133333 277.076102186
-1.48877866667 277.097127136
-1.483776 276.902074963
-1.47877333333 276.895969241
-1.47377066667 276.710460518
-1.468768 276.668315915
-1.46376533333 276.511345801
-1.45876266667 276.531820239
-1.45376 276.339015627
-1.44875733333 276.350116522
-1.44375466667 276.217923723
-1.438752 276.272936588
-1.43374933333 276.099070151
-1.42874666667 276.203201442
-1.423744 276.071393302
-1.41874133333 276.122935086
-1.41373866667 275.986045139
-1.408736 276.019861132
-1.40373333333 275.945116037
-1.39873066667 276.046323278
-1.393728 275.904206614
-1.38872533333 276.021433867
-1.38372266667 275.90437793
-1.37872 275.947384171
-1.37371733333 275.843619359
-1.36871466667 275.923144385
-1.363712 275.824058489
-1.35870933333 275.922981841
-1.35370666667 275.773776637
-1.348704 275.861081035
-1.34370133333 275.788905761
-1.33869866667 275.854376975
-1.333696 275.760924598
-1.32869333333 275.886237863
-1.32369066667 275.770870721
-1.318688 275.863915987
-1.31368533333 275.817631977
-1.30868266667 275.926045002
-1.30368 275.795773135
-1.29867733333 275.91373081
-1.29367466667 275.840034083
-1.288672 275.986460459
-1.28366933333 275.869322224
-1.27866666667 275.960956607
-1.273664 275.872975259
-1.26866133333 276.007823492
-1.26365866667 275.868449721
-1.258656 276.009263538
-1.25365333333 275.943032317
-1.24865066667 276.070758155
-1.243648 275.924785532
-1.23864533333 276.068807644
-1.23364266667 275.967773098
-1.22864 276.12505046
-1.22363733333 275.988289544
-1.21863466667 276.102605469
-1.213632 276.009775723
-1.20862933333 276.106759282
-1.20362666667 275.989346646
-1.198624 276.120674876
-1.19362133333 276.01818328
-1.18861866667 276.108049836
-1.183616 276.042917872
-1.17861333333 276.118128185
-1.17361066667 276.033184344
-1.168608 276.164505575
-1.16360533333 275.986621522
-1.15860266667 276.136761926
-1.1536 276.029296212
-1.14859733333 276.107873701
-1.14359466667 276.038118739
-1.138592 276.142365092
-1.13358933333 276.019189292
-1.12858666667 276.111522909
-1.123584 275.984942577
-1.11858133333 276.074929492
-1.11357866667 276.020033761
-1.108576 276.095738106
-1.10357333333 276.017880426
-1.09857066667 276.074808553
-1.093568 275.981794508
-1.08856533333 276.119371193
-1.08356266667 276.028565977
-1.07856 276.114218196
-1.07355733333 276.0395321
-1.06855466667 276.151449285
-1.063552 276.037684951
-1.05854933333 276.148163352
-1.05354666667 276.038881713
-1.048544 276.184387914
-1.04354133333 276.058450038
-1.03853866667 276.163204528
-1.033536 276.063188717
-1.02853333333 276.181320389
-1.02353066667 276.079049416
-1.018528 276.159541336
-1.01352533333 276.097347913
-1.00852266667 276.18051959
-1.00352 276.0966814
-0.998517333333 276.235390177
-0.993514666667 276.115866185
-0.988512 276.245506718
-0.983509333333 276.11747079
-0.978506666667 276.233265869
-0.973504 276.139634021
-0.968501333333 276.243340506
-0.963498666667 276.104170641
-0.958496 276.249039565
-0.953493333333 276.142394461
-0.948490666667 276.254549268
-0.943488 276.15061259
-0.938485333333 276.278937697
-0.933482666667 276.173142885
-0.92848 276.285620585
-0.923477333333 276.148997417
-0.918474666667 276.274862442
-0.913472 276.198707702
-0.908469333333 276.298344854
-0.903466666667 276.138806846
-0.898464 276.277509352
-0.893461333333 276.194836692
-0.888458666667 276.317395359
-0.883456 276.225550514
-0.878453333333 276.326381904
-0.873450666667 276.268634419
-0.868448 276.329205022
-0.863445333333 276.238638921
-0.858442666667 276.357137888
-0.85344 276.235601781
-0.848437333333 276.366158552
-0.843434666667 276.287219513
-0.838432 276.36114643
-0.833429333333 276.261927535
-0.828426666667 276.364785364
-0.823424 276.269257311
-0.818421333333 276.3991959
-0.813418666667 276.326026631
-0.808416 276.40069767
-0.803413333333 276.331252153
-0.798410666667 276.420368953
-0.793408 276.325120983
-0.788405333333 276.475581096
-0.783402666667 276.355465267
-0.7784 276.469653757
-0.773397333333 276.387596409
-0.768394666667 276.527214571
-0.763392 276.451675196
-0.758389333333 276.577011981
-0.753386666667 276.496391335
-0.748384 276.656280906
-0.743381333333 276.550319576
-0.738378666667 276.668102568
-0.733376 276.624266091
-0.728373333333 276.737020222
-0.723370666667 276.603550115
-0.718368 276.707705266
-0.713365333333 276.638377743
-0.708362666667 276.752364684
-0.70336 276.657917869
-0.698357333333 276.749527484
-0.693354666667 276.665087594
-0.688352 276.808503537
-0.683349333333 276.669567387
-0.678346666667 276.803276649
-0.673344 276.69952707
-0.668341333333 276.818672687
-0.663338666667 276.684172784
-0.658336 276.756735137
-0.653333333333 276.70170604
-0.648330666667 276.844655532
-0.643328 276.672281736
-0.638325333333 276.786324856
-0.633322666667 276.690094734
-0.62832 276.793857393
-0.623317333333 276.687820513
-0.618314666667 276.812524919
-0.613312 276.711291599
-0.608309333333 276.797767917
-0.603306666667 276.701949441
-0.598304 276.773117631
-0.593301333333 276.683996219
-0.588298666667 276.792187877
-0.583296 276.691893931
-0.578293333333 276.788184175
-0.573290666667 276.684552269
-0.568288 276.767786226
-0.563285333333 276.658662561
-0.558282666667 276.741204955
-0.55328 276.65220426
-0.548277333333 276.74053948
-0.543274666667 276.632391597
-0.538272 276.696230754
-0.533269333333 276.651190406
-0.528266666667 276.701846822
-0.523264 276.602938229
-0.518261333333 276.722392867
-0.513258666667 276.615280811
-0.508256 276.692598002
-0.503253333333 276.591256849
-0.498250666667 276.696729974
-0.493248 276.59878933
-0.488245333333 276.700778148
-0.483242666667 276.56820555
-0.47824 276.666826356
-0.473237333333 276.569143838
-0.468234666667 276.672920146
-0.463232 276.575639912
-0.458229333333 276.652686122
-0.453226666667 276.578516644
-0.448224 276.69415498
-0.443221333333 276.592580799
-0.438218666667 276.682691627
-0.433216 276.554384995
-0.428213333333 276.679105945
-0.423210666667 276.578000897
-0.418208 276.63387643
-0.413205333333 276.535562958
-0.408202666667 276.670059424
-0.4032 276.562608241
-0.398197333333 276.631855626
-0.393194666667 276.572334692
-0.388192 276.696935788
-0.383189333333 276.521060372
-0.378186666667 276.609177817
-0.373184 276.507192836
-0.368181333333 276.631705448
-0.363178666667 276.504145728
-0.358176 276.58882447
-0.353173333333 276.468833571
-0.348170666667 276.59263476
-0.343168 276.466859009
-0.338165333333 276.571184331
-0.333162666667 276.470608471
-0.32816 276.597222267
-0.323157333333 276.436963238
-0.318154666667 276.546983736
-0.313152 276.42624806
-0.308149333333 276.530046196
-0.303146666667 276.377256328
-0.298144 276.491324109
-0.293141333333 276.386974587
-0.288138666667 276.495265593
-0.283136 276.388565958
-0.278133333333 276.466276021
-0.273130666667 276.365584589
-0.268128 276.45603857
-0.263125333333 276.37073417
-0.258122666667 276.45935113
-0.25312 276.37113434
-0.248117333333 276.483135669
-0.243114666667 276.327962171
-0.238112 276.466525963
-0.233109333333 276.340847421
-0.228106666667 276.421967116
-0.223104 276.31956866
-0.218101333333 276.406429403
-0.213098666667 276.332102436
-0.208096 276.422661659
-0.203093333333 276.32156494
-0.198090666667 276.439962062
-0.193088 276.295495415
-0.188085333333 276.359724983
-0.183082666667 276.273949567
-0.17808 276.360027587
-0.173077333333 276.238892784
-0.168074666667 276.357162819
-0.163072 276.238282059
-0.158069333333 276.334954976
-0.153066666667 276.233018435
-0.148064 276.348923093
-0.143061333333 276.205298629
-0.138058666667 276.296766721
-0.133056 276.22933308
-0.128053333333 276.285445484
-0.123050666667 276.209827892
-0.118048 276.282262511
-0.113045333333 276.135188874
-0.108042666667 276.294165669
-0.10304 276.177254573
-0.0980373333333 276.215209443
-0.0930346666667 276.145848314
-0.088032 276.227231222
-0.0830293333333 276.095831751
-0.0780266666667 276.206276821
-0.073024 276.106972459
-0.0680213333333 276.222129471
-0.0630186666667 276.092157106
-0.058016 276.21519737
-0.0530133333333 276.164261213
-0.0480106666667 276.200573006
-0.043008 276.094787458
-0.0380053333333 276.222809347
-0.0330026666667 276.095905902
-0.028 276.254283912
-0.0229973333333 276.109801803
-0.0179946666667 276.203106661
-0.012992 276.111081155
-0.00798933333333 276.162329296
-0.00298666666667 276.044683819
