（-3.40644,1.5）
-9.99995733333 292.324464474
-9.99495466667 292.355987986
-9.989952 292.390036411
-9.98494933333 292.426530942
-9.97994666667 292.464509298
-9.974944 292.502057617
-9.96994133333 292.536697051
-9.96493866667 292.566078621
-9.959936 292.588121121
-9.95493333333 292.601542466
-9.94993066667 292.6058835
-9.944928 292.600673351
-9.93992533333 292.584359492
-9.93492266667 292.555714029
-9.92992 292.516165763
-9.92491733333 292.470821303
-9.91991466667 292.426620454
-9.914912 292.390040221
-9.90990933333 292.365385986
-9.90490666667 292.354169239
-9.899904 292.35515537
-9.89490133333 292.36584704
-9.88989866667 292.383524238
-9.884896 292.405780573
-9.87989333333 292.43042085
-9.87489066667 292.455751478
-9.869888 292.480662902
-9.86488533333 292.504587486
-9.85988266667 292.527145943
-9.85488 292.548218771
-9.84987733333 292.567890567
-9.84487466667 292.586548144
-9.839872 292.604481304
-9.83486933333 292.621786683
-9.82986666667 292.638423331
-9.824864 292.654489693
-9.81986133333 292.66991316
-9.81485866667 292.684704529
-9.809856 292.69904747
-9.80485333333 292.71331395
-9.79985066667 292.727063644
-9.794848 292.739246836
-9.78984533333 292.74905591
-9.78484266667 292.756880956
-9.77984 292.763732708
-9.77483733333 292.770159858
-9.76983466667 292.775477221
-9.764832 292.778362759
-9.75982933333 292.77782804
-9.75482666667 292.774196471
-9.749824 292.768976332
-9.74482133333 292.764229104
-9.73981866667 292.761241882
-9.734816 292.759985603
-9.72981333333 292.759612899
-9.72481066667 292.759307951
-9.719808 292.75839775
-9.71480533333 292.75674866
-9.70980266667 292.754641877
-9.7048 292.752602498
-9.69979733333 292.750624873
-9.69479466667 292.748600904
-9.689792 292.746858183
-9.68478933333 292.746049686
-9.67978666667 292.746003708
-9.674784 292.745801297
-9.66978133333 292.744948978
-9.66477866667 292.743765033
-9.659776 292.742338492
-9.65477333333 292.74021377
-9.64977066667 292.736822028
-9.644768 292.732118767
-9.63976533333 292.725920548
-9.63476266667 292.717576486
-9.62976 292.706057545
-9.62475733333 292.690519107
-9.61975466667 292.670428673
-9.614752 292.645946716
-9.60974933333 292.618019014
-9.60474666667 292.588115307
-9.599744 292.557068685
-9.59474133333 292.52521828
-9.58973866667 292.49292725
-9.584736 292.460500967
-9.57973333333 292.427313461
-9.57473066667 292.392221337
-9.569728 292.354174155
-9.56472533333 292.312203297
-9.55972266667 292.264882535
-9.55472 292.210750255
-9.54971733333 292.149180256
-9.54471466667 292.081138774
-9.539712 292.008474111
-9.53470933333 291.933278717
-9.52970666667 291.857399957
-9.524704 291.7823647
-9.51970133333 291.709240805
-9.51469866667 291.638859536
-9.509696 291.571865222
-9.50469333333 291.508950375
-9.49969066667 291.450545612
-9.494688 291.396876022
-9.48968533333 291.347893345
-9.48468266667 291.303258727
-9.47968 291.262034094
-9.47467733333 291.223094075
-9.46967466667 291.185602339
-9.464672 291.149479387
-9.45966933333 291.115139111
-9.45466666667 291.08295652
-9.449664 291.052723158
-9.44466133333 291.023936079
-9.43965866667 290.995622688
-9.434656 290.967177726
-9.42965333333 290.938960111
-9.42465066667 290.912124092
-9.419648 290.887367196
-9.41464533333 290.864402898
-9.40964266667 290.842512182
-9.40464 290.821527095
-9.39963733333 290.801341534
-9.39463466667 290.781674067
-9.389632 290.762265297
-9.38462933333 290.74329829
-9.37962666667 290.725220999
-9.374624 290.708717542
-9.36962133333 290.694678559
-9.36461866667 290.684012936
-9.359616 290.676701387
-9.35461333333 290.6719601
-9.34961066667 290.668971774
-9.344608 290.66721535
-9.33960533333 290.665778255
-9.33460266667 290.663611128
-9.3296 290.659999936
-9.32459733333 290.655113632
-9.31959466667 290.649848325
-9.314592 290.645522272
-9.30958933333 290.643208782
-9.30458666667 290.643313658
-9.299584 290.645160815
-9.29458133333 290.647670322
-9.28957866667 290.650281462
-9.284576 290.653098736
-9.27957333333 290.655967946
-9.27457066667 290.658155501
-9.269568 290.658858001
-9.26456533333 290.657850052
-9.25956266667 290.655039442
-9.25456 290.650892801
-9.24955733333 290.646558498
-9.24455466667 290.643175835
-9.239552 290.641007749
-9.23454933333 290.639787611
-9.22954666667 290.639132497
-9.224544 290.638964618
-9.21954133333 290.639316445
-9.21453866667 290.640079019
-9.209536 290.640892434
-9.20453333333 290.641651024
-9.19953066667 290.642685254
-9.194528 290.644854545
-9.18952533333 290.649033603
-9.18452266667 290.655225749
-9.17952 290.662145206
-9.17451733333 290.66856273
-9.16951466667 290.674191917
-9.164512 290.679509609
-9.15950933333 290.684609889
-9.15450666667 290.688961712
-9.149504 290.691931442
-9.14450133333 290.693819099
-9.13949866667 290.69563382
-9.134496 290.698407781
-9.12949333333 290.702592146
-9.12449066667 290.708208351
-9.119488 290.714610778
-9.11448533333 290.720918517
-9.10948266667 290.726637982
-9.10448 290.731932433
-9.09947733333 290.736956446
-9.09447466667 290.741542634
-9.089472 290.745571272
-9.08446933333 290.749644336
-9.07946666667 290.754418674
-9.074464 290.760058128
-9.06946133333 290.766303792
-9.06445866667 290.773113328
-9.059456 290.780575183
-9.05445333333 290.788985696
-9.04945066667 290.798695509
-9.044448 290.809918791
-9.03944533333 290.822305311
-9.03444266667 290.835366202
-9.02944 290.848406851
-9.02443733333 290.860849339
-9.01943466667 290.872323906
-9.014432 290.882686705
-9.00942933333 290.891884151
-9.00442666667 290.899627515
-8.999424 290.905262338
-8.99442133333 290.908718756
-8.98941866667 290.911156553
-8.984416 290.914460853
-8.97941333333 290.919692895
-8.97441066667 290.926758365
-8.969408 290.935152808
-8.96440533333 290.944969965
-8.95940266667 290.956597174
-8.9544 290.970182651
-8.94939733333 290.985096096
-8.94439466667 291.000359599
-8.939392 291.015036644
-8.93438933333 291.028849515
-8.92938666667 291.042298606
-8.924384 291.056402392
-8.91938133333 291.071635952
-8.91437866667 291.087510238
-8.909376 291.103128887
-8.90437333333 291.1182411
-8.89937066667 291.133174222
-8.894368 291.148290727
-8.88936533333 291.163591848
-8.88436266667 291.17879193
-8.87936 291.193095944
-8.87435733333 291.205706521
-8.86935466667 291.215946852
-8.864352 291.223100366
-8.85934933333 291.226577091
-8.85434666667 291.226910666
-8.849344 291.225513946
-8.84434133333 291.224244473
-8.83933866667 291.224614275
-8.834336 291.227052451
-8.82933333333 291.230765796
-8.82433066667 291.234814437
-8.819328 291.238684947
-8.81432533333 291.242554248
-8.80932266667 291.246723167
-8.80432 291.251149998
-8.79931733333 291.25532035
-8.79431466667 291.259024888
-8.789312 291.262825264
-8.78430933333 291.267444683
-8.77930666667 291.272574545
-8.774304 291.27697616
-8.76930133333 291.279553586
-8.76429866667 291.280292292
-8.759296 291.280023707
-8.75429333333 291.279904325
-8.74929066667 291.280461017
-8.744288 291.281578995
-8.73928533333 291.282575867
-8.73428266667 291.283073321
-8.72928 291.283483961
-8.72427733333 291.284961547
-8.71927466667 291.288109208
-8.714272 291.292547665
-8.70926933333 291.29719939
-8.70426666667 291.301338164
-8.699264 291.305065439
-8.69426133333 291.309308365
-8.68925866667 291.315026504
-8.684256 291.322360499
-8.67925333333 291.330516988
-8.67425066667 291.338500109
-8.669248 291.345889466
-8.66424533333 291.353101055
-8.65924266667 291.360483615
-8.65424 291.367972251
-8.64923733333 291.375676237
-8.64423466667 291.384227255
-8.639232 291.393802412
-8.63422933333 291.403822179
-8.62922666667 291.413096056
-8.624224 291.420388434
-8.61922133333 291.424738285
-8.61421866667 291.426091123
-8.609216 291.425467444
-8.60421333333 291.424430059
-8.59921066667 291.423845698
-8.594208 291.423738344
-8.58920533333 291.423858594
-8.58420266667 291.424085161
-8.5792 291.424241223
-8.57419733333 291.424235362
-8.56919466667 291.424288753
-8.564192 291.42499745
-8.55918933333 291.42640563
-8.55418666667 291.42786874
-8.549184 291.428507457
-8.54418133333 291.428106968
-8.53917866667 291.426818669
-8.534176 291.425071975
-8.52917333333 291.423471
-8.52417066667 291.422698376
-8.519168 291.422855646
-8.51416533333 291.423677088
-8.50916266667 291.424686784
-8.50416 291.425468927
-8.49915733333 291.425849696
-8.49415466667 291.426315919
-8.489152 291.427708264
-8.48414933333 291.430236571
-8.47914666667 291.433108954
-8.474144 291.435587213
-8.46914133333 291.437730762
-8.46413866667 291.4402961
-8.459136 291.443835251
-8.45413333333 291.448256956
-8.44913066667 291.452761968
-8.444128 291.456353019
-8.43912533333 291.458391168
-8.43412266667 291.459067251
-8.42912 291.458810536
-8.42411733333 291.457786563
-8.41911466667 291.455421045
-8.414112 291.451083218
-8.40910933333 291.444851548
-8.40410666667 291.437802358
-8.399104 291.430958348
-8.39410133333 291.424584106
-8.38909866667 291.41835999
-8.384096 291.412095535
-8.37909333333 291.405740684
-8.37409066667 291.399388927
-8.369088 291.393009987
-8.36408533333 291.386126391
-8.35908266667 291.377731464
-8.35408 291.367024663
-8.34907733333 291.354087634
-8.34407466667 291.340251463
-8.339072 291.326991795
-8.33406933333 291.314989728
-8.32906666667 291.303982734
-8.324064 291.293868115
-8.31906133333 291.284868187
-8.31405866667 291.277171278
-8.309056 291.270342755
-8.30405333333 291.263684883
-8.29905066667 291.256747783
-8.294048 291.249906905
-8.28904533333 291.244211365
-8.28404266667 291.240704403
-8.27904 291.239651944
-8.27403733333 291.2406286
-8.26903466667 291.243081983
-8.264032 291.246871344
-8.25902933333 291.251947615
-8.25402666667 291.258371823
-8.249024 291.266536957
-8.24402133333 291.276987062
-8.23901866667 291.289645623
-8.234016 291.304076074
-8.22901333333 291.319936177
-8.22401066667 291.337223719
-8.219008 291.355713536
-8.21400533333 291.374992024
-8.20900266667 291.394675524
-8.204 291.414707439
-8.19899733333 291.435087338
-8.19399466667 291.4561973
-8.188992 291.478615068
-8.18398933333 291.502784846
-8.17898666667 291.528865868
-8.173984 291.556959547
-8.16898133333 291.587197055
-8.16397866667 291.619887931
-8.158976 291.655153954
-8.15397333333 291.692765406
-8.14897066667 291.732206397
-8.143968 291.772696048
-8.13896533333 291.812755681
-8.13396266667 291.85082607
-8.12896 291.885990738
-8.12395733333 291.918319911
-8.11895466667 291.948291898
-8.113952 291.976497921
-8.10894933333 292.003290435
-8.10394666667 292.028957074
-8.098944 292.053708756
-8.09394133333 292.07758479
-8.08893866667 292.100004923
-8.083936 292.120427703
-8.07893333333 292.139061494
-8.07393066667 292.156748552
-8.068928 292.174081845
-8.06392533333 292.191027839
-8.05892266667 292.207150589
-8.05392 292.222041761
-8.04891733333 292.235127617
-8.04391466667 292.245891831
-8.038912 292.253804648
-8.03390933333 292.258664558
-8.02890666667 292.260908932
-8.023904 292.261774171
-8.01890133333 292.262334926
-8.01389866667 292.262902748
-8.008896 292.263225731
-8.00389333333 292.263063962
-7.99889066667 292.262053197
-7.993888 292.259921652
-7.98888533333 292.256636289
-7.98388266667 292.252526225
-7.97888 292.248084483
-7.97387733333 292.243904269
-7.96887466667 292.240204887
-7.963872 292.236698951
-7.95886933333 292.232672823
-7.95386666667 292.227731362
-7.948864 292.222371374
-7.94386133333 292.217905376
-7.93885866667 292.215220622
-7.933856 292.214095738
-7.92885333333 292.213559109
-7.92385066667 292.212862972
-7.918848 292.211654447
-7.91384533333 292.210045024
-7.90884266667 292.208358458
-7.90384 292.207063551
-7.89883733333 292.20661352
-7.89383466667 292.207485367
-7.888832 292.210101398
-7.88382933333 292.214908337
-7.87882666667 292.221995454
-7.873824 292.230904139
-7.86882133333 292.240691005
-7.86381866667 292.250487035
-7.858816 292.25985078
-7.85381333333 292.26894668
-7.84881066667 292.27823849
-7.843808 292.288600336
-7.83880533333 292.300660167
-7.83380266667 292.314526207
-7.8288 292.330063115
-7.82379733333 292.34732711
-7.81879466667 292.366381485
-7.813792 292.387161336
-7.80878933333 292.409296185
-7.80378666667 292.432440179
-7.798784 292.456514604
-7.79378133333 292.482007026
-7.78877866667 292.509396316
-7.783776 292.538603528
-7.77877333333 292.568798654
-7.77377066667 292.599173474
-7.768768 292.629378397
-7.76376533333 292.659383569
-7.75876266667 292.688770418
-7.75376 292.716813137
-7.74875733333 292.742790401
-7.74375466667 292.766537151
-7.738752 292.788464827
-7.73374933333 292.80937732
-7.72874666667 292.829779864
-7.723744 292.849732169
-7.71874133333 292.868544778
-7.71373866667 292.885385363
-7.708736 292.900199302
-7.70373333333 292.913809198
-7.69873066667 292.927076842
-7.693728 292.940457118
-7.68872533333 292.953849407
-7.68372266667 292.967153195
-7.67872 292.980233084
-7.67371733333 292.992924165
-7.66871466667 293.005306226
-7.663712 293.017417534
-7.65870933333 293.028508294
-7.65370666667 293.037644812
-7.648704 293.044476281
-7.64370133333 293.049442271
-7.63869866667 293.053052385
-7.633696 293.055505919
-7.62869333333 293.056878947
-7.62369066667 293.057687657
-7.618688 293.058452968
-7.61368533333 293.059350945
-7.60868266667 293.0600704
-7.60368 293.060331475
-7.59867733333 293.059797094
-7.59367466667 293.058145975
-7.588672 293.055356354
-7.58366933333 293.051785581
-7.57866666667 293.047533711
-7.573664 293.042185138
-7.56866133333 293.03504168
-7.56365866667 293.025837849
-7.558656 293.014819728
-7.55365333333 293.002607997
-7.54865066667 292.989629982
-7.543648 292.97621208
-7.53864533333 292.962435646
-7.53364266667 292.948481566
-7.52864 292.934945802
-7.52363733333 292.92287108
-7.51863466667 292.912830161
-7.513632 292.904395421
-7.50862933333 292.89644637
-7.50362666667 292.888087031
-7.498624 292.878712491
-7.49362133333 292.868065718
-7.48861866667 292.856094916
-7.483616 292.842853776
-7.47861333333 292.82847101
-7.47361066667 292.81363895
-7.468608 292.799789187
-7.46360533333 292.788412394
-7.45860266667 292.779715624
-7.4536 292.772473285
-7.44859733333 292.764989863
-7.44359466667 292.756374366
-7.438592 292.746621072
-7.43358933333 292.736194008
-7.42858666667 292.725025265
-7.423584 292.712302757
-7.41858133333 292.696677038
-7.41357866667 292.677098934
-7.408576 292.653229674
-7.40357333333 292.625307006
-7.39857066667 292.593425775
-7.393568 292.557945405
-7.38856533333 292.520145164
-7.38356266667 292.482056004
-7.37856 292.445035071
-7.37355733333 292.409217307
-7.36855466667 292.374378895
-7.363552 292.340952692
-7.35854933333 292.309841671
-7.35354666667 292.281950537
-7.348544 292.257494358
-7.34354133333 292.235925234
-7.33853866667 292.216302618
-7.333536 292.197700142
-7.32853333333 292.179668155
-7.32353066667 292.16251599
-7.318528 292.146374571
-7.31352533333 292.131113643
-7.30852266667 292.116538191
-7.30352 292.102427662
-7.29851733333 292.08862691
-7.29351466667 292.075424198
-7.288512 292.063208236
-7.28350933333 292.05183211
-7.27850666667 292.040629413
-7.273504 292.029444248
-7.26850133333 292.01886094
-7.26349866667 292.00997672
-7.258496 292.003624631
-7.25349333333 291.999958405
-7.24849066667 291.998458093
-7.243488 291.998608851
-7.23848533333 292.000111352
-7.23348266667 292.002691881
-7.22848 292.005733181
-7.22347733333 292.008574446
-7.21847466667 292.010537733
-7.213472 292.011234024
-7.20846933333 292.010727841
-7.20346666667 292.009705889
-7.198464 292.008917986
-7.19346133333 292.008512505
-7.18845866667 292.007887859
-7.183456 292.006428903
-7.17845333333 292.004028276
-7.17345066667 292.001512185
-7.168448 292.000512947
-7.16344533333 292.00272666
-7.15844266667 292.008717379
-7.15344 292.018255677
-7.14843733333 292.031315859
-7.14343466667 292.048205457
-7.138432 292.068616201
-7.13342933333 292.091288986
-7.12842666667 292.114684171
-7.123424 292.137922227
-7.11842133333 292.160800759
-7.11341866667 292.183860678
-7.108416 292.207887287
-7.10341333333 292.2334429
-7.09841066667 292.260570277
-7.093408 292.28933345
-7.08840533333 292.319926154
-7.08340266667 292.352238956
-7.0784 292.385067781
-7.07339733333 292.416374991
-7.06839466667 292.444014083
-7.063392 292.466536379
-7.05838933333 292.483379583
-7.05338666667 292.495055733
-7.048384 292.502701778
-7.04338133333 292.507671743
-7.03837866667 292.510987506
-7.033376 292.513478591
-7.02837333333 292.516232848
-7.02337066667 292.52059096
-7.018368 292.527389823
-7.01336533333 292.536833066
-7.00836266667 292.549161593
-7.00336 292.565475055
-6.99835733333 292.587395047
-6.99335466667 292.616586315
-6.988352 292.654057154
-6.98334933333 292.699718706
-6.97834666667 292.752336412
-6.973344 292.810454613
-6.96834133333 292.873022471
-6.96333866667 292.939034164
-6.958336 293.006514271
-6.95333333333 293.072930322
-6.94833066667 293.136498965
-6.943328 293.196781782
-6.93832533333 293.253849032
-6.93332266667 293.3072783
-6.92832 293.355740498
-6.92331733333 293.397611762
-6.91831466667 293.431606797
-6.913312 293.457486479
-6.90830933333 293.4761015
-6.90330666667 293.488671158
-6.898304 293.495679544
-6.89330133333 293.496968935
-6.88829866667 293.492367264
-6.883296 293.482811177
-6.87829333333 293.470124227
-6.87329066667 293.456006264
-6.868288 293.441162553
-6.86328533333 293.425580795
-6.85828266667 293.409378173
-6.85328 293.393436576
-6.84827733333 293.37911811
-6.84327466667 293.367681039
-6.838272 293.359547865
-6.83326933333 293.354356966
-6.82826666667 293.351800482
-6.823264 293.35238407
-6.81826133333 293.35693836
-6.81325866667 293.365675389
-6.808256 293.377704251
-6.80325333333 293.391567446
-6.79825066667 293.405812131
-6.793248 293.419399325
-6.78824533333 293.431336127
-6.78324266667 293.440641604
-6.77824 293.446530278
-6.77323733333 293.449056129
-6.76823466667 293.449285115
-6.763232 293.448931143
-6.75822933333 293.448952335
-6.75322666667 293.449005864
-6.748224 293.448029008
-6.74322133333 293.445473334
-6.73821866667 293.441828444
-6.733216 293.438257046
-6.72821333333 293.43537387
-6.72321066667 293.432539439
-6.718208 293.428252319
-6.71320533333 293.421271427
-6.70820266667 293.411161185
-6.7032 293.39824084
-6.69819733333 293.382657832
-6.69319466667 293.364063726
-6.688192 293.342131678
-6.68318933333 293.317307499
-6.67818666667 293.290165703
-6.673184 293.260889632
-6.66818133333 293.229357171
-6.66317866667 293.195365015
-6.658176 293.158399038
-6.65317333333 293.117930121
-6.64817066667 293.074107058
-6.643168 293.027997198
-6.63816533333 292.980704482
-6.63316266667 292.932547996
-6.62816 292.8829953
-6.62315733333 292.831387914
-6.61815466667 292.777130882
-6.613152 292.719732305
-6.60814933333 292.658888731
-6.60314666667 292.595029877
-6.598144 292.529617222
-6.59314133333 292.464937597
-6.58813866667 292.402974474
-6.583136 292.344615961
-6.57813333333 292.289459172
-6.57313066667 292.236288744
-6.568128 292.183795268
-6.56312533333 292.131356102
-6.55812266667 292.079023522
-6.55312 292.027021429
-6.54811733333 291.975460704
-6.54311466667 291.924428462
-6.538112 291.873745612
-6.53310933333 291.823410592
-6.52810666667 291.773849179
-6.523104 291.725351559
-6.51810133333 291.677233589
-6.51309866667 291.628466851
-6.508096 291.578812468
-6.50309333333 291.529178466
-6.49809066667 291.480726824
-6.493088 291.43449438
-6.48808533333 291.391421193
-6.48308266667 291.352154168
-6.47808 291.316445847
-6.47307733333 291.283796847
-6.46807466667 291.254204134
-6.463072 291.227923463
-6.45806933333 291.204722454
-6.45306666667 291.183956753
-6.448064 291.165167103
-6.44306133333 291.148662122
-6.43805866667 291.13465391
-6.433056 291.12254299
-6.42805333333 291.111139173
-6.42305066667 291.099228518
-6.418048 291.085772504
-6.41304533333 291.070565901
-6.40804266667 291.05425728
-6.40304 291.037650818
-6.39803733333 291.021211877
-6.39303466667 291.00530572
-6.388032 290.990572469
-6.38302933333 290.978003432
-6.37802666667 290.967936211
-6.373024 290.959587051
-6.36802133333 290.95166303
-6.36301866667 290.943455312
-6.358016 290.935062479
-6.35301333333 290.92709435
-6.34801066667 290.919834035
-6.343008 290.912649633
-6.33800533333 290.904103826
-6.33300266667 290.89320462
-6.328 290.880289678
-6.32299733333 290.866848622
-6.31799466667 290.854213244
-6.312992 290.842967929
-6.30798933333 290.83318778
-6.30298666667 290.824937329
-6.297984 290.818209322
-6.29298133333 290.812969715
-6.28797866667 290.809363135
-6.282976 290.807803593
-6.27797333333 290.808175207
-6.27297066667 290.80971752
-6.267968 290.811922264
-6.26296533333 290.815244901
-6.25796266667 290.820210248
-6.25296 290.82681865
-6.24795733333 290.834795905
-6.24295466667 290.844204426
-6.237952 290.855331063
-6.23294933333 290.868024446
-6.22794666667 290.881347323
-6.222944 290.893933088
-6.21794133333 290.903970094
-6.21293866667 290.909861502
-6.207936 290.911059139
-6.20293333333 290.907880906
-6.19793066667 290.900633716
-6.192928 290.889773341
-6.18792533333 290.876109112
-6.18292266667 290.860869278
-6.17792 290.845520189
-6.17291733333 290.831411667
-6.16791466667 290.819222117
-6.162912 290.808957751
-6.15790933333 290.800082313
-6.15290666667 290.791871105
-6.147904 290.784002614
-6.14290133333 290.777122347
-6.13789866667 290.772113551
-6.132896 290.7694193
-6.12789333333 290.768852783
-6.12289066667 290.76995436
-6.117888 290.772174422
-6.11288533333 290.775089894
-6.10788266667 290.778819601
-6.10288 290.78388436
-6.09787733333 290.790571214
-6.09287466667 290.79889547
-6.087872 290.80870639
-6.08286933333 290.819614461
-6.07786666667 290.83060459
-6.072864 290.840563878
-6.06786133333 290.849154778
-6.06285866667 290.857184577
-6.057856 290.86574849
-6.05285333333 290.875509324
-6.04785066667 290.886772744
-6.042848 290.899621575
-6.03784533333 290.91347758
-6.03284266667 290.927333368
-6.02784 290.940311089
-6.02283733333 290.951817381
-6.01783466667 290.961275771
-6.012832 290.968284842
-6.00782933333 290.973253372
-6.00282666667 290.977624556
-5.997824 290.982869095
-5.99282133333 290.989797733
-5.98781866667 290.998432077
-5.982816 291.008182995
-5.97781333333 291.018040883
-5.97281066667 291.0271979
-5.967808 291.035494042
-5.96280533333 291.043450595
-5.95780266667 291.051673525
-5.9528 291.060517191
-5.94779733333 291.07024757
-5.94279466667 291.081503159
-5.937792 291.094674474
-5.93278933333 291.109223216
-5.92778666667 291.123926451
-5.922784 291.137854745
-5.91778133333 291.150933871
-5.91277866667 291.163767187
-5.907776 291.17684244
-5.90277333333 291.190394396
-5.89777066667 291.2045003
-5.892768 291.219192162
-5.88776533333 291.234563641
-5.88276266667 291.250944678
-5.87776 291.268441427
-5.87275733333 291.286686635
-5.86775466667 291.305247038
-5.862752 291.323920981
-5.85774933333 291.342481638
-5.85274666667 291.360770139
-5.847744 291.378738428
-5.84274133333 291.396409524
-5.83773866667 291.413491947
-5.832736 291.429500672
-5.82773333333 291.444381535
-5.82273066667 291.458455103
-5.817728 291.471608573
-5.81272533333 291.483441768
-5.80772266667 291.493897096
-5.80272 291.503326465
-5.79771733333 291.512081717
-5.79271466667 291.520371908
-5.787712 291.528272238
-5.78270933333 291.535615711
-5.77770666667 291.541731917
-5.772704 291.545833318
-5.76770133333 291.547451081
-5.76269866667 291.546469537
-5.757696 291.543115572
-5.75269333333 291.538399599
-5.74769066667 291.534286871
-5.742688 291.533174492
-5.73768533333 291.536525983
-5.73268266667 291.544160891
-5.72768 291.554632919
-5.72267733333 291.56600006
-5.71767466667 291.576427884
-5.712672 291.584832676
-5.70766933333 291.591161624
-5.70266666667 291.595934779
-5.697664 291.599252736
-5.69266133333 291.60091253
-5.68765866667 291.600728042
-5.682656 291.598614923
-5.67765333333 291.594477455
-5.67265066667 291.588370971
-5.667648 291.580528
-5.66264533333 291.571080733
-5.65764266667 291.560018423
-5.65264 291.547751579
-5.64763733333 291.535457038
-5.64263466667 291.524868878
-5.637632 291.517441859
-5.63262933333 291.513689846
-5.62762666667 291.513216454
-5.622624 291.515371343
-5.61762133333 291.519465305
-5.61261866667 291.525049756
-5.607616 291.532086247
-5.60261333333 291.540619578
-5.59761066667 291.550371998
-5.592608 291.561121096
-5.58760533333 291.572921769
-5.58260266667 291.585751009
-5.5776 291.5986496
-5.57259733333 291.610258801
-5.56759466667 291.619876148
-5.562592 291.627475611
-5.55758933333 291.632754159
-5.55258666667 291.635284436
-5.547584 291.635485156
-5.54258133333 291.635001688
-5.53757866667 291.635901804
-5.532576 291.639790902
-5.52757333333 291.647399399
-5.52257066667 291.658371109
-5.517568 291.671430423
-5.51256533333 291.685168007
-5.50756266667 291.699008487
-5.50256 291.71297845
-5.49755733333 291.726597635
-5.49255466667 291.738439172
-5.487552 291.747343911
-5.48254933333 291.753697101
-5.47754666667 291.758815831
-5.472544 291.76430895
-5.46754133333 291.77150866
-5.46253866667 291.780678398
-5.457536 291.790797736
-5.45253333333 291.800799803
-5.44753066667 291.810410021
-5.442528 291.820395818
-5.43752533333 291.831496923
-5.43252266667 291.843717833
-5.42752 291.856626743
-5.42251733333 291.869854779
-5.41751466667 291.883335527
-5.412512 291.897085326
-5.40750933333 291.910811417
-5.40250666667 291.924079787
-5.397504 291.936450159
-5.39250133333 291.947458726
-5.38749866667 291.956842686
-5.382496 291.964519344
-5.37749333333 291.970213654
-5.37249066667 291.973545193
-5.367488 291.974646271
-5.36248533333 291.974224619
-5.35748266667 291.972938047
-5.35248 291.971245934
-5.34747733333 291.969377469
-5.34247466667 291.967241141
-5.337472 291.964427156
-5.33246933333 291.961053891
-5.32746666667 291.958245558
-5.322464 291.957147312
-5.31746133333 291.957323995
-5.31245866667 291.957120651
-5.307456 291.955119648
-5.30245333333 291.950889405
-5.29745066667 291.944959732
-5.292448 291.938423886
-5.28744533333 291.93227606
-5.28244266667 291.926966853
-5.27744 291.922438912
-5.27243733333 291.918450572
-5.26743466667 291.914952217
-5.262432 291.912076043
-5.25742933333 291.909745057
-5.25242666667 291.907787221
-5.247424 291.906356582
-5.24242133333 291.90585233
-5.23741866667 291.906250873
-5.232416 291.907254574
-5.22741333333 291.908592129
-5.22241066667 291.910195816
-5.217408 291.912114887
-5.21240533333 291.914652518
-5.20740266667 291.917990057
-5.2024 291.921765769
-5.19739733333 291.925166192
-5.19239466667 291.927600767
-5.187392 291.92873848
-5.18238933333 291.927857662
-5.17738666667 291.923938976
-5.172384 291.916702495
-5.16738133333 291.907021616
-5.16237866667 291.895954314
-5.157376 291.884212524
-5.15237333333 291.872612785
-5.14737066667 291.862620447
-5.142368 291.855931921
-5.13736533333 291.852936679
-5.13236266667 291.852718201
-5.12736 291.854074752
-5.12235733333 291.85615627
-5.11735466667 291.858185532
-5.112352 291.859165879
-5.10734933333 291.857973214
-5.10234666667 291.853494986
-5.097344 291.84489189
-5.09234133333 291.832295367
-5.08733866667 291.816884037
-5.082336 291.799974385
-5.07733333333 291.782155986
-5.07233066667 291.763651804
-5.067328 291.745009912
-5.06232533333 291.726974843
-5.05732266667 291.710116001
-5.05232 291.695063122
-5.04731733333 291.682427365
-5.04231466667 291.672512434
-5.037312 291.665424503
-5.03230933333 291.661339179
-5.02730666667 291.660337169
-5.022304 291.661998383
-5.01730133333 291.665446665
-5.01229866667 291.669842777
-5.007296 291.67450419
-5.00229333333 291.678898015
-4.99729066667 291.682400873
-4.992288 291.684505854
-4.98728533333 291.685097171
-4.98228266667 291.68432305
-4.97728 291.682554521
-4.97227733333 291.680635379
-4.96727466667 291.679370704
-4.962272 291.678998666
-4.95726933333 291.679003385
-4.95226666667 291.678699705
-4.947264 291.678153072
-4.94226133333 291.678474143
-4.93725866667 291.681310067
-4.932256 291.687721837
-4.92725333333 291.697443833
-4.92225066667 291.709248845
-4.917248 291.722018304
-4.91224533333 291.735270892
-4.90724266667 291.748841037
-4.90224 291.762058646
-4.89723733333 291.773628265
-4.89223466667 291.782331244
-4.887232 291.787579316
-4.88222933333 291.789502171
-4.87722666667 291.788153667
-4.872224 291.783055429
-4.86722133333 291.774410477
-4.86221866667 291.764099969
-4.857216 291.754544548
-4.85221333333 291.747427092
-4.84721066667 291.743253383
-4.842208 291.741892314
-4.83720533333 291.743161927
-4.83220266667 291.747441628
-4.8272 291.755637527
-4.82219733333 291.768076155
-4.81719466667 291.78363518
-4.812192 291.800478867
-4.80718933333 291.817387158
-4.80218666667 291.833841937
-4.797184 291.849604376
-4.79218133333 291.864510242
-4.78717866667 291.878437241
-4.782176 291.891413412
-4.77717333333 291.903550697
-4.77217066667 291.914872005
-4.767168 291.925514594
-4.76216533333 291.935766259
-4.75716266667 291.945604788
-4.75216 291.954697898
-4.74715733333 291.962995077
-4.74215466667 291.970969841
-4.737152 291.978969217
-4.73214933333 291.986862504
-4.72714666667 291.99430416
-4.722144 292.001176449
-4.71714133333 292.007852243
-4.71213866667 292.014986109
-4.707136 292.023109304
-4.70213333333 292.032056642
-4.69713066667 292.040556648
-4.692128 292.047029097
-4.68712533333 292.050745133
-4.68212266667 292.051791027
-4.67712 292.050225944
-4.67211733333 292.045973322
-4.66711466667 292.039398682
-4.662112 292.03144146
-4.65710933333 292.023219134
-4.65210666667 292.015579321
-4.647104 292.00866638
-4.64210133333 292.001779342
-4.63709866667 291.993821844
-4.632096 291.984423137
-4.62709333333 291.974555104
-4.62209066667 291.965856368
-4.617088 291.959376464
-4.61208533333 291.954906427
-4.60708266667 291.951449313
-4.60208 291.948032279
-4.59707733333 291.944112788
-4.59207466667 291.939776236
-4.587072 291.935546392
-4.58206933333 291.931722517
-4.57706666667 291.927978276
-4.572064 291.924127171
-4.56706133333 291.920849884
-4.56205866667 291.919285506
-4.557056 291.919967219
-4.55205333333 291.922947251
-4.54705066667 291.928442473
-4.542048 291.93694521
-4.53704533333 291.948806489
-4.53204266667 291.963898195
-4.52704 291.981475963
-4.52203733333 292.000205293
-4.51703466667 292.018665214
-4.512032 292.036178605
-4.50702933333 292.052998614
-4.50202666667 292.06960035
-4.497024 292.085917165
-4.49202133333 292.101176266
-4.48701866667 292.114864417
-4.482016 292.127367795
-4.47701333333 292.139268402
-4.47201066667 292.150654156
-4.467008 292.161243425
-4.46200533333 292.170504779
-4.45700266667 292.177845385
-4.452 292.183445034
-4.44699733333 292.188550328
-4.44199466667 292.194648539
-4.436992 292.202118413
-4.43198933333 292.210037181
-4.42698666667 292.217284888
-4.421984 292.223478795
-4.41698133333 292.228965218
-4.41197866667 292.23437973
-4.406976 292.240292339
-4.40197333333 292.246750399
-4.39697066667 292.25331027
-4.391968 292.259512594
-4.38696533333 292.265419009
-4.38196266667 292.271280442
-4.37696 292.276736146
-4.37195733333 292.280755488
-4.36695466667 292.282404053
-4.361952 292.281261769
-4.35694933333 292.277470497
-4.35194666667 292.271836935
-4.346944 292.265744824
-4.34194133333 292.2603171
-4.33693866667 292.255950903
-4.331936 292.252722016
-4.32693333333 292.25065729
-4.32193066667 292.249394947
-4.316928 292.248052333
-4.31192533333 292.245918577
-4.30692266667 292.242914282
-4.30192 292.239226512
-4.29691733333 292.234808849
-4.29191466667 292.229431629
-4.286912 292.22289456
-4.28190933333 292.214920474
-4.27690666667 292.205093072
-4.271904 292.193534744
-4.26690133333 292.181515378
-4.26189866667 292.170930243
-4.256896 292.163050037
-4.25189333333 292.158056961
-4.24689066667 292.155685261
-4.241888 292.155346886
-4.23688533333 292.155772104
-4.23188266667 292.155241117
-4.22688 292.152312132
-4.22187733333 292.146162829
-4.21687466667 292.136848588
-4.211872 292.125349341
-4.20686933333 292.11289976
-4.20186666667 292.099965244
-4.196864 292.085868466
-4.19186133333 292.069747895
-4.18685866667 292.051620747
-4.181856 292.032237812
-4.17685333333 292.012181078
-4.17185066667 291.99163579
-4.166848 291.971028551
-4.16184533333 291.951452365
-4.15684266667 291.934248488
-4.15184 291.920497777
-4.14683733333 291.910850445
-4.14183466667 291.905197996
-4.136832 291.902545544
-4.13182933333 291.901630729
-4.12682666667 291.901886586
-4.121824 291.903023066
-4.11682133333 291.904265225
-4.11181866667 291.904385676
-4.106816 291.902563136
-4.10181333333 291.898683597
-4.09681066667 291.892983755
-4.091808 291.885786931
-4.08680533333 291.877621437
-4.08180266667 291.868972473
-4.0768 291.859681622
-4.07179733333 291.849099844
-4.06679466667 291.837049543
-4.061792 291.824220234
-4.05678933333 291.811742276
-4.05178666667 291.800974879
-4.046784 291.792899069
-4.04178133333 291.787388927
-4.03677866667 291.783464117
-4.031776 291.780373435
-4.02677333333 291.777924605
-4.02177066667 291.775800929
-4.016768 291.7732374
-4.01176533333 291.769599916
-4.00676266667 291.765262638
-4.00176 291.760895001
-3.99675733333 291.756363648
-3.99175466667 291.750837336
-3.986752 291.743717912
-3.98174933333 291.735025445
-3.97674666667 291.725197567
-3.971744 291.714784988
-3.96674133333 291.704526623
-3.96173866667 291.695200584
-3.956736 291.687443995
-3.95173333333 291.681744737
-3.94673066667 291.678848901
-3.941728 291.679694724
-3.93672533333 291.684427609
-3.93172266667 291.692180313
-3.92672 291.701644208
-3.92171733333 291.711928494
-3.91671466667 291.722949742
-3.911712 291.735169727
-3.90670933333 291.748942903
-3.90170666667 291.763805187
-3.896704 291.778660259
-3.89170133333 291.792432029
-3.88669866667 291.80450772
-3.881696 291.814243856
-3.87669333333 291.820347262
-3.87169066667 291.821443059
-3.866688 291.817427567
-3.86168533333 291.809544787
-3.85668266667 291.79945727
-3.85168 291.788431227
-3.84667733333 291.777161263
-3.84167466667 291.766152895
-3.836672 291.75626691
-3.83166933333 291.748856957
-3.82666666667 291.745295754
-3.821664 291.74606793
-3.81666133333 291.750458354
-3.81165866667 291.757656558
-3.806656 291.767572042
-3.80165333333 291.780058804
-3.79665066667 291.794225287
-3.791648 291.808923385
-3.78664533333 291.823314845
-3.78164266667 291.836996085
-3.77664 291.850147753
-3.77163733333 291.863511983
-3.76663466667 291.877913716
-3.761632 291.893405462
-3.75662933333 291.909058643
-3.75162666667 291.923847635
-3.746624 291.937772558
-3.74162133333 291.951674247
-3.73661866667 291.966088783
-3.731616 291.980971154
-3.72661333333 291.996247898
-3.72161066667 292.011691694
-3.716608 292.027032914
-3.71160533333 292.042337439
-3.70660266667 292.057830353
-3.7016 292.07325815
-3.69659733333 292.088036552
-3.69159466667 292.101842252
-3.686592 292.114909207
-3.68158933333 292.127447142
-3.67658666667 292.13911244
-3.671584 292.14935867
-3.66658133333 292.15795902
-3.66157866667 292.16503099
-3.656576 292.17079512
-3.65157333333 292.175240495
-3.64657066667 292.178453342
-3.641568 292.180634402
-3.63656533333 292.181631196
-3.63156266667 292.181285366
-3.62656 292.179856899
-3.62155733333 292.177698276
-3.61655466667 292.175042146
-3.611552 292.172161364
-3.60654933333 292.169567401
-3.60154666667 292.167732085
-3.596544 292.166287888
-3.59154133333 292.164010306
-3.58653866667 292.159487332
-3.581536 292.151373669
-3.57653333333 292.138718674
-3.57153066667 292.121150266
-3.566528 292.099096992
-3.56152533333 292.073604456
-3.55652266667 292.045759776
-3.55152 292.01602626
-3.54651733333 291.984224204
-3.54151466667 291.949987519
-3.536512 291.913453675
-3.53150933333 291.875682622
-3.52650666667 291.838358798
-3.521504 291.803004223
-3.51650133333 291.770740767
-3.51149866667 291.742383162
-3.506496 291.718593429
-3.50149333333 291.699285131
-3.49649066667 291.683341906
-3.491488 291.669163159
-3.48648533333 291.655729269
-3.48148266667 291.643063435
-3.47648 291.631700824
-3.47147733333 291.621789889
-3.46647466667 291.612668206
-3.461472 291.603342898
-3.45646933333 291.593163649
-3.45146666667 291.582042444
-3.446464 291.570154669
-3.44146133333 291.557532204
-3.43645866667 291.544101858
-3.431456 291.529934168
-3.42645333333 291.515749651
-3.42145066667 291.502791169
-3.416448 291.491880237
-3.41144533333 291.482453709
-3.40644266667 291.47320026
-3.40144 291.46312195
-3.39643733333 291.452211428
-3.39143466667 291.441259177
-3.386432 291.431268366
-3.38142933333 291.422597791
-3.37642666667 291.414603646
-3.371424 291.405992427
-3.36642133333 291.395926998
-3.36141866667 291.384639159
-3.356416 291.373019231
-3.35141333333 291.361761409
-3.34641066667 291.351073714
-3.341408 291.340907669
-3.33640533333 291.331224826
-3.33140266667 291.322252536
-3.3264 291.314550945
-3.32139733333 291.308389342
-3.31639466667 291.303450739
-3.311392 291.299260858
-3.30638933333 291.295664309
-3.30138666667 291.292977213
-3.296384 291.292018125
-3.29138133333 291.293405229
-3.28637866667 291.296940197
-3.281376 291.301630348
-3.27637333333 291.306387415
-3.27137066667 291.310491416
-3.266368 291.314019861
-3.26136533333 291.317424054
-3.25636266667 291.321007214
-3.25136 291.324838336
-3.24635733333 291.329163398
-3.24135466667 291.333997777
-3.236352 291.338626576
-3.23134933333 291.342050507
-3.22634666667 291.34367499
-3.221344 291.343331848
-3.21634133333 291.34129889
-3.21133866667 291.338370747
-3.206336 291.335614585
-3.20133333333 291.33364386
-3.19633066667 291.332266687
-3.191328 291.330917571
-3.18632533333 291.329568627
-3.18132266667 291.328540727
-3.17632 291.327907797
-3.17131733333 291.327313977
-3.16631466667 291.326361394
-3.161312 291.324844561
-3.15630933333 291.322818757
-3.15130666667 291.320516997
-3.146304 291.318287805
-3.14130133333 291.316411615
-3.13629866667 291.314870673
-3.131296 291.313345668
-3.12629333333 291.311821694
-3.12129066667 291.310621456
-3.116288 291.309991122
-3.11128533333 291.309703512
-3.10628266667 291.309371835
-3.10128 291.309050294
-3.09627733333 291.309212593
-3.09127466667 291.30996012
-3.086272 291.311075965
-3.08126933333 291.312484022
-3.07626666667 291.314250436
-3.071264 291.316135347
-3.06626133333 291.318097477
-3.06125866667 291.320442492
-3.056256 291.323281265
-3.05125333333 291.326556887
-3.04625066667 291.330591253
-3.041248 291.335628559
-3.03624533333 291.34142633
-3.03124266667 291.347439888
-3.02624 291.353357215
-3.02123733333 291.359078498
-3.01623466667 291.36473819
-3.011232 291.370752107
-3.00622933333 291.377500041
-3.00122666667 291.384817088
-2.996224 291.391853724
-2.99122133333 291.397774404
-2.98621866667 291.402679572
-2.981216 291.407087346
-2.97621333333 291.411357033
-2.97121066667 291.415827154
-2.966208 291.421131036
-2.96120533333 291.427774743
-2.95620266667 291.43596773
-2.9512 291.445628749
-2.94619733333 291.456580891
-2.94119466667 291.468360169
-2.936192 291.480145307
-2.93118933333 291.49099277
-2.92618666667 291.500423331
-2.921184 291.508118934
-2.91618133333 291.513823036
-2.91117866667 291.517646474
-2.906176 291.520341521
-2.90117333333 291.522665443
-2.89617066667 291.525137441
-2.891168 291.528225146
-2.88616533333 291.532465729
-2.88116266667 291.53817393
-2.87616 291.545168764
-2.87115733333 291.552981388
-2.86615466667 291.561618298
-2.861152 291.571373244
-2.85614933333 291.582259347
-2.85114666667 291.593884256
-2.846144 291.605514771
-2.84114133333 291.616357683
-2.83613866667 291.625754937
-2.831136 291.632918109
-2.82613333333 291.636903531
-2.82113066667 291.636921329
-2.816128 291.63299525
-2.81112533333 291.625972368
-2.80612266667 291.617298309
-2.80112 291.608391857
-2.79611733333 291.600216278
-2.79111466667 291.592817992
-2.786112 291.585940709
-2.78110933333 291.580009954
-2.77610666667 291.576429477
-2.771104 291.577108539
-2.76610133333 291.584073063
-2.76109866667 291.59851018
-2.756096 291.620428278
-2.75109333333 291.649273113
-2.74609066667 291.684980522
-2.741088 291.727855592
-2.73608533333 291.777959992
-2.73108266667 291.834728876
-2.72608 291.896984189
-2.72107733333 291.962758129
-2.71607466667 292.029685056
-2.711072 292.096019204
-2.70606933333 292.160957775
-2.70106666667 292.223554558
-2.696064 292.282118185
-2.69106133333 292.334825699
-2.68605866667 292.380517003
-2.681056 292.418582382
-2.67605333333 292.448835366
-2.67105066667 292.471568431
-2.666048 292.488212048
-2.66104533333 292.501110993
-2.65604266667 292.512497532
-2.65104 292.523042293
-2.64603733333 292.531497995
-2.64103466667 292.535092846
-2.636032 292.531298037
-2.63102933333 292.519818605
-2.62602666667 292.503349073
-2.621024 292.48564234
-2.61602133333 292.469716132
-2.61101866667 292.45758124
-2.606016 292.450881801
-2.60101333333 292.450900989
-2.59601066667 292.45844081
-2.591008 292.473682858
-2.58600533333 292.496300976
-2.58100266667 292.525012566
-2.576 292.557201315
-2.57099733333 292.589456869
-2.56599466667 292.619204583
-2.560992 292.645008439
-2.55598933333 292.666172523
-2.55098666667 292.682704923
-2.545984 292.695531488
-2.54098133333 292.70611004
-2.53597866667 292.715667048
-2.530976 292.725003639
-2.52597333333 292.734822655
-2.52097066667 292.745590695
-2.515968 292.757405713
-2.51096533333 292.769984074
-2.50596266667 292.783004064
-2.50096 292.796084538
-2.49595733333 292.808664826
-2.49095466667 292.820189889
-2.485952 292.830631129
-2.48094933333 292.840253182
-2.47594666667 292.849333444
-2.470944 292.857977625
-2.46594133333 292.86617234
-2.46093866667 292.87331314
-2.455936 292.878232292
-2.45093333333 292.880004281
-2.44593066667 292.878760319
-2.440928 292.875121855
-2.43592533333 292.869621505
-2.43092266667 292.862809124
-2.42592 292.855628543
-2.42091733333 292.848839013
-2.41591466667 292.842832901
-2.410912 292.837870771
-2.40590933333 292.834245134
-2.40090666667 292.831747516
-2.395904 292.829965327
-2.39090133333 292.828523948
-2.38589866667 292.827307386
-2.380896 292.825791004
-2.37589333333 292.822628338
-2.37089066667 292.816333423
-2.365888 292.806504956
-2.36088533333 292.793200264
-2.35588266667 292.776161807
-2.35088 292.755125708
-2.34587733333 292.730389813
-2.34087466667 292.702595996
-2.335872 292.672087562
-2.33086933333 292.638879742
-2.32586666667 292.603270368
-2.320864 292.56547285
-2.31586133333 292.525081737
-2.31085866667 292.481324036
-2.305856 292.434057729
-2.30085333333 292.383603015
-2.29585066667 292.329839621
-2.290848 292.271528765
-2.28584533333 292.207066394
-2.28084266667 292.135256383
-2.27584 292.055969367
-2.27083733333 291.970219257
-2.26583466667 291.879973627
-2.260832 291.787050985
-2.25582933333 291.692400505
-2.25082666667 291.596244799
-2.245824 291.499475764
-2.24082133333 291.404251649
-2.23581866667 291.313452733
-2.230816 291.229626574
-2.22581333333 291.154657729
-2.22081066667 291.089743227
-2.215808 291.035357607
-2.21080533333 290.991006283
-2.20580266667 290.955250845
-2.2008 290.925953564
-2.19579733333 290.901180234
-2.19079466667 290.8796738
-2.185792 290.861184401
-2.18078933333 290.845934482
-2.17578666667 290.833945974
-2.170784 290.824705829
-2.16578133333 290.817531312
-2.16077866667 290.811536377
-2.155776 290.805932378
-2.15077333333 290.800383672
-2.14577066667 290.794997554
-2.140768 290.789821358
-2.13576533333 290.784864939
-2.13076266667 290.780342491
-2.12576 290.776888356
-2.12075733333 290.774556946
-2.11575466667 290.772687687
-2.110752 290.770666135
-2.10574933333 290.768563764
-2.10074666667 290.766623883
-2.095744 290.764929048
-2.09074133333 290.763320404
-2.08573866667 290.76144143
-2.080736 290.758567263
-2.07573333333 290.754045825
-2.07073066667 290.747576619
-2.065728 290.739522836
-2.06072533333 290.730522002
-2.05572266667 290.721295391
-2.05072 290.712572415
-2.04571733333 290.705221921
-2.04071466667 290.699678767
-2.035712 290.695433418
-2.03070933333 290.691382745
-2.02570666667 290.686988076
-2.020704 290.682454459
-2.01570133333 290.678262816
-2.01069866667 290.674454391
-2.005696 290.670673939
-2.00069333333 290.666477709
-1.99569066667 290.662078231
-1.990688 290.658647051
-1.98568533333 290.657998933
-1.98068266667 290.661339775
-1.97568 290.668517596
-1.97067733333 290.678067152
-1.96567466667 290.688402791
-1.960672 290.698324824
-1.95566933333 290.707181811
-1.95066666667 290.715034616
-1.945664 290.722706482
-1.94066133333 290.730895123
-1.93565866667 290.740072515
-1.930656 290.750667412
-1.92565333333 290.763020619
-1.92065066667 290.77663671
-1.915648 290.790414409
-1.91064533333 290.803489935
-1.90564266667 290.815858128
-1.90064 290.827800616
-1.89563733333 290.839634555
-1.89063466667 290.851439767
-1.885632 290.863308221
-1.88062933333 290.874875009
-1.87562666667 290.885522972
-1.870624 290.895072581
-1.86562133333 290.904158172
-1.86061866667 290.913379343
-1.855616 290.922541341
-1.85061333333 290.930772851
-1.84561066667 290.937581497
-1.840608 290.94302094
-1.83560533333 290.947583127
-1.83060266667 290.951799044
-1.8256 290.956150838
-1.82059733333 290.960810863
-1.81559466667 290.965656565
-1.810592 290.970512237
-1.80558933333 290.975579566
-1.80058666667 290.981267217
-1.795584 290.987928787
-1.79058133333 290.99531819
-1.78557866667 291.002881851
-1.780576 291.010030744
-1.77557333333 291.016604781
-1.77057066667 291.022931616
-1.765568 291.029681984
-1.76056533333 291.037056646
-1.75556266667 291.044791969
-1.75056 291.052773143
-1.74555733333 291.061391552
-1.74055466667 291.070706106
-1.735552 291.080175791
-1.73054933333 291.089114984
-1.72554666667 291.097626136
-1.720544 291.106357799
-1.71554133333 291.116052595
-1.71053866667 291.126899217
-1.705536 291.138427693
-1.70053333333 291.149716086
-1.69553066667 291.160016667
-1.690528 291.169070081
-1.68552533333 291.177445626
-1.68052266667 291.185797072
-1.67552 291.194154257
-1.67051733333 291.201810077
-1.66551466667 291.208360122
-1.660512 291.214023455
-1.65550933333 291.219339177
-1.65050666667 291.224620071
-1.645504 291.229652572
-1.64050133333 291.233407399
-1.63549866667 291.234832978
-1.630496 291.23374388
-1.62549333333 291.231022807
-1.62049066667 291.227929537
-1.615488 291.225593978
-1.61048533333 291.224553034
-1.60548266667 291.225119637
-1.60048 291.227219043
-1.59547733333 291.230254549
-1.59047466667 291.233389997
-1.585472 291.23607377
-1.58046933333 291.237909141
-1.57546666667 291.238767557
-1.570464 291.238672146
-1.56546133333 291.237917881
-1.56045866667 291.237046853
-1.555456 291.236742386
-1.55045333333 291.237386378
-1.54545066667 291.239512528
-1.540448 291.243673809
-1.53544533333 291.250036444
-1.53044266667 291.258006205
-1.52544 291.266858814
-1.52043733333 291.275963161
-1.51543466667 291.285146674
-1.510432 291.294426862
-1.50542933333 291.303836115
-1.50042666667 291.313179431
-1.495424 291.32205388
-1.49042133333 291.329938788
-1.48541866667 291.336925328
-1.480416 291.343759239
-1.47541333333 291.351169455
-1.47041066667 291.359087478
-1.465408 291.366862758
-1.46040533333 291.373600122
-1.45540266667 291.378926411
-1.4504 291.383147314
-1.44539733333 291.386764109
-1.44039466667 291.389943362
-1.435392 291.392456733
-1.43038933333 291.393819046
-1.42538666667 291.394250022
-1.420384 291.394457935
-1.41538133333 291.395088755
-1.41037866667 291.396202043
-1.405376 291.397448298
-1.40037333333 291.398116784
-1.39537066667 291.397770194
-1.390368 291.396617119
-1.38536533333 291.395322448
-1.38036266667 291.394187941
-1.37536 291.393214046
-1.37035733333 291.392286447
-1.36535466667 291.391716968
-1.360352 291.392336953
-1.35534933333 291.394941185
-1.35034666667 291.399301208
-1.345344 291.40477272
-1.34034133333 291.410932081
-1.33533866667 291.417757431
-1.330336 291.425334208
-1.32533333333 291.433763715
-1.32033066667 291.44256408
-1.315328 291.450874593
-1.31032533333 291.45834649
-1.30532266667 291.465721704
-1.30032 291.473780173
-1.29531733333 291.4822957
-1.29031466667 291.490267358
-1.285312 291.497177407
-1.28030933333 291.502972538
-1.27530666667 291.507947187
-1.270304 291.512509477
-1.26530133333 291.516958421
-1.26029866667 291.521120833
-1.255296 291.524636949
-1.25029333333 291.527494518
-1.24529066667 291.530520482
-1.240288 291.534504058
-1.23528533333 291.539692555
-1.23028266667 291.545877501
-1.22528 291.553099396
-1.22027733333 291.561534965
-1.21527466667 291.571183715
-1.210272 291.581503957
-1.20526933333 291.591634228
-1.20026666667 291.600519498
-1.195264 291.60761482
-1.19026133333 291.613405718
-1.18525866667 291.619154033
-1.180256 291.625565426
-1.17525333333 291.632577881
-1.17025066667 291.639783595
-1.165248 291.647192978
-1.16024533333 291.654904864
-1.15524266667 291.662891611
-1.15024 291.67065947
-1.14523733333 291.677621822
-1.14023466667 291.683272847
-1.135232 291.687719031
-1.13022933333 291.691763545
-1.12522666667 291.696599478
-1.120224 291.702785991
-1.11522133333 291.710044866
-1.11021866667 291.717667771
-1.105216 291.725287492
-1.10021333333 291.732758578
-1.09521066667 291.740092927
-1.090208 291.747125779
-1.08520533333 291.753734219
-1.08020266667 291.75983281
-1.0752 291.765609866
-1.07019733333 291.77161164
-1.06519466667 291.778295713
-1.060192 291.785282521
-1.05518933333 291.791818622
-1.05018666667 291.797585608
-1.045184 291.8028672
-1.04018133333 291.807975296
-1.03517866667 291.813154318
-1.030176 291.818664253
-1.02517333333 291.825028901
-1.02017066667 291.832284254
-1.015168 291.839721966
-1.01016533333 291.845933284
-1.00516266667 291.849556989
-1.00016 291.849359385
-0.995157333333 291.844681936
-0.990154666667 291.835946744
-0.985152 291.824660017
-0.980149333333 291.812219856
-0.975146666667 291.799580671
-0.970144 291.787265344
-0.965141333333 291.775889535
-0.960138666667 291.765824005
-0.955136 291.757157027
-0.950133333333 291.749737438
-0.945130666667 291.743431947
-0.940128 291.737983051
-0.935125333333 291.733116255
-0.930122666667 291.728698918
-0.92512 291.725071963
-0.920117333333 291.722428061
-0.915114666667 291.720312948
-0.910112 291.717968619
-0.905109333333 291.715321514
-0.900106666667 291.712727026
-0.895104 291.710637239
-0.890101333333 291.70920677
-0.885098666667 291.708596237
-0.880096 291.708741215
-0.875093333333 291.709309167
-0.870090666667 291.71006349
-0.865088 291.711330782
-0.860085333333 291.713181305
-0.855082666667 291.715112004
-0.85008 291.716621872
-0.845077333333 291.717912881
-0.840074666667 291.719391788
-0.835072 291.72158449
-0.830069333333 291.724503486
-0.825066666667 291.727590936
-0.820064 291.730005135
-0.815061333333 291.731335394
-0.810058666667 291.731764319
-0.805056 291.732130467
-0.800053333333 291.732891977
-0.795050666667 291.733764853
-0.790048 291.734210993
-0.785045333333 291.734379627
-0.780042666667 291.734831467
-0.77504 291.735957722
-0.770037333333 291.737414359
-0.765034666667 291.738738189
-0.760032 291.73973555
-0.755029333333 291.740567895
-0.750026666667 291.741252687
-0.745024 291.741583089
-0.740021333333 291.740980216
-0.735018666667 291.739209752
-0.730016 291.736713404
-0.725013333333 291.734536521
-0.720010666667 291.733329516
-0.715008 291.732940997
-0.710005333333 291.732757418
-0.705002666667 291.732538819
-0.7 291.732412397
-0.694997333333 291.732850093
-0.689994666667 291.734381473
-0.684992 291.737314187
-0.679989333333 291.741193001
-0.674986666667 291.745124767
-0.669984 291.748202808
-0.664981333333 291.75017426
-0.659978666667 291.751591442
-0.654976 291.75354076
-0.649973333333 291.756322424
-0.644970666667 291.759546558
-0.639968 291.762693362
-0.634965333333 291.765703157
-0.629962666667 291.768670631
-0.62496 291.771722601
-0.619957333333 291.774497898
-0.614954666667 291.776371495
-0.609952 291.776918044
-0.604949333333 291.776543305
-0.599946666667 291.776077602
-0.594944 291.776324204
-0.589941333333 291.777495138
-0.584938666667 291.779634201
-0.579936 291.78261566
-0.574933333333 291.785978645
-0.569930666667 291.789024692
-0.564928 291.791694415
-0.559925333333 291.794428298
-0.554922666667 291.797557756
-0.54992 291.801061854
-0.544917333333 291.805046337
-0.539914666667 291.809740543
-0.534912 291.815212528
-0.529909333333 291.821102269
-0.524906666667 291.827282255
-0.519904 291.833959703
-0.514901333333 291.841594946
-0.509898666667 291.85051645
-0.504896 291.860897407
-0.499893333333 291.872176864
-0.494890666667 291.883428882
-0.489888 291.894198131
-0.484885333333 291.904963782
-0.479882666667 291.916208109
-0.47488 291.927931718
-0.469877333333 291.939651071
-0.464874666667 291.951184642
-0.459872 291.962814235
-0.454869333333 291.975084821
-0.449866666667 291.9882308
-0.444864 292.002082508
-0.439861333333 292.015713057
-0.434858666667 292.027970428
-0.429856 292.038201862
-0.424853333333 292.046898328
-0.419850666667 292.054895595
-0.414848 292.062951061
-0.409845333333 292.071553701
-0.404842666667 292.081406691
-0.39984 292.093014023
-0.394837333333 292.106243287
-0.389834666667 292.120264981
-0.384832 292.134217415
-0.379829333333 292.147249244
-0.374826666667 292.158796971
-0.369824 292.168528169
-0.364821333333 292.176418385
-0.359818666667 292.182237459
-0.354816 292.18568069
-0.349813333333 292.18666725
-0.344810666667 292.185665144
-0.339808 292.183262089
-0.334805333333 292.180046322
-0.329802666667 292.176466742
-0.3248 292.17311521
-0.319797333333 292.170207122
-0.314794666667 292.167645247
-0.309792 292.165542416
-0.304789333333 292.164917838
-0.299786666667 292.166942913
-0.294784 292.171884188
-0.289781333333 292.179045101
-0.284778666667 292.1878532
-0.279776 292.198035641
-0.274773333333 292.209224266
-0.269770666667 292.220403236
-0.264768 292.230445898
-0.259765333333 292.238504456
-0.254762666667 292.244672585
-0.24976 292.249888446
-0.244757333333 292.255382466
-0.239754666667 292.261365705
-0.234752 292.267121987
-0.229749333333 292.272023674
-0.224746666667 292.276382722
-0.219744 292.280965907
-0.214741333333 292.286603085
-0.209738666667 292.293448277
-0.204736 292.301059094
-0.199733333333 292.308452838
-0.194730666667 292.314993884
-0.189728 292.320927762
-0.184725333333 292.327284707
-0.179722666667 292.334633203
-0.17472 292.342383279
-0.169717333333 292.349141206
-0.164714666667 292.354262565
-0.159712 292.358096285
-0.154709333333 292.361434419
-0.149706666667 292.364830186
-0.144704 292.368354322
-0.139701333333 292.371421573
-0.134698666667 292.373421951
-0.129696 292.374333131
-0.124693333333 292.374940582
-0.119690666667 292.375749892
-0.114688 292.376532298
-0.109685333333 292.376660814
-0.104682666667 292.376091829
-0.09968 292.375133513
-0.0946773333333 292.374163471
-0.0896746666667 292.373311897
-0.084672 292.372620655
-0.0796693333333 292.371844675
-0.0746666666667 292.371092745
-0.069664 292.37098563
-0.0646613333333 292.372094252
-0.0596586666667 292.373750527
-0.054656 292.374548503
-0.0496533333333 292.373732165
-0.0446506666667 292.37184242
-0.039648 292.369833878
-0.0346453333333 292.36850852
-0.0296426666667 292.367811233
-0.02464 292.367128123
-0.0196373333333 292.365792082
-0.0146346666667 292.363854945
-0.009632 292.361905769
-0.00462933333333 292.360647168
