（-6.98335,1.5），（-3.31139,2）
-9.99995733333 248.310575156
-9.99495466667 248.34053156
-9.989952 248.316643724
-9.98494933333 248.32931061
-9.97994666667 248.323867267
-9.974944 248.371850666
-9.96994133333 248.351297052
-9.96493866667 248.344689102
-9.959936 248.343867457
-9.95493333333 248.383663222
-9.94993066667 248.376753173
-9.944928 248.401409501
-9.93992533333 248.374800416
-9.93492266667 248.426415999
-9.92992 248.384639131
-9.92491733333 248.416185367
-9.91991466667 248.399425159
-9.914912 248.425821272
-9.90990933333 248.40547311
-9.90490666667 248.39053734
-9.899904 248.395013301
-9.89490133333 248.416261629
-9.88989866667 248.398914775
-9.884896 248.414630227
-9.87989333333 248.38420045
-9.87489066667 248.423477507
-9.869888 248.368551557
-9.86488533333 248.385156981
-9.85988266667 248.376557979
-9.85488 248.415130029
-9.84987733333 248.376273956
-9.84487466667 248.420688722
-9.839872 248.389046204
-9.83486933333 248.443102924
-9.82986666667 248.422792624
-9.824864 248.448042661
-9.81986133333 248.439992371
-9.81485866667 248.478582697
-9.809856 248.4770935
-9.80485333333 248.525135618
-9.79985066667 248.534043608
-9.794848 248.590901297
-9.78984533333 248.611103975
-9.78484266667 248.632017787
-9.77984 248.593732373
-9.77483733333 248.653026188
-9.76983466667 248.651899929
-9.764832 248.666041572
-9.75982933333 248.62615068
-9.75482666667 248.69151607
-9.749824 248.650561118
-9.74482133333 248.678754228
-9.73981866667 248.6330153
-9.734816 248.672925821
-9.72981333333 248.671551997
-9.72481066667 248.670374837
-9.719808 248.633788947
-9.71480533333 248.671215881
-9.70980266667 248.639679913
-9.7048 248.641938496
-9.69979733333 248.625336548
-9.69479466667 248.677191835
-9.689792 248.659551665
-9.68478933333 248.680799591
-9.67978666667 248.638092597
-9.674784 248.672071092
-9.66978133333 248.634864552
-9.66477866667 248.654643772
-9.659776 248.628752492
-9.65477333333 248.653298232
-9.64977066667 248.625643787
-9.644768 248.660907008
-9.63976533333 248.640281404
-9.63476266667 248.673616424
-9.62976 248.644157846
-9.62475733333 248.681116672
-9.61975466667 248.680473
-9.614752 248.704731379
-9.60974933333 248.699037407
-9.60474666667 248.720550564
-9.599744 248.672031225
-9.59474133333 248.697464567
-9.58973866667 248.685821563
-9.584736 248.700150126
-9.57973333333 248.674414639
-9.57473066667 248.702384548
-9.569728 248.679786425
-9.56472533333 248.695989178
-9.55972266667 248.674131071
-9.55472 248.700710522
-9.54971733333 248.692257203
-9.54471466667 248.728233051
-9.539712 248.683287076
-9.53470933333 248.74896165
-9.52970666667 248.709230239
-9.524704 248.71993035
-9.51970133333 248.711474741
-9.51469866667 248.736526097
-9.509696 248.705169103
-9.50469333333 248.745090258
-9.49969066667 248.694215824
-9.494688 248.752737968
-9.48968533333 248.725115428
-9.48468266667 248.760108684
-9.47968 248.740367401
-9.47467733333 248.796731017
-9.46967466667 248.747254442
-9.464672 248.76667211
-9.45966933333 248.755958331
-9.45466666667 248.830815551
-9.449664 248.773991306
-9.44466133333 248.80563955
-9.43965866667 248.75995916
-9.434656 248.831064128
-9.42965333333 248.792555702
-9.42465066667 248.816787443
-9.419648 248.76149187
-9.41464533333 248.754287611
-9.40964266667 248.733700382
-9.40464 248.772660385
-9.39963733333 248.733374257
-9.39463466667 248.773194181
-9.389632 248.726939776
-9.38462933333 248.741867281
-9.37962666667 248.692959899
-9.374624 248.733974238
-9.36962133333 248.702369966
-9.36461866667 248.733480634
-9.359616 248.697689331
-9.35461333333 248.714642342
-9.34961066667 248.689383219
-9.344608 248.715837882
-9.33960533333 248.700263674
-9.33460266667 248.737707038
-9.3296 248.714389407
-9.32459733333 248.735839328
-9.31959466667 248.702998155
-9.314592 248.746844623
-9.30958933333 248.717970228
-9.30458666667 248.756402632
-9.299584 248.716838205
-9.29458133333 248.746762264
-9.28957866667 248.697997547
-9.284576 248.714444249
-9.27957333333 248.696272923
-9.27457066667 248.737046725
-9.269568 248.703178581
-9.26456533333 248.729192183
-9.25956266667 248.672079207
-9.25456 248.713317435
-9.24955733333 248.66140676
-9.24455466667 248.70140901
-9.239552 248.655665835
-9.23454933333 248.68344669
-9.22954666667 248.628150334
-9.224544 248.665474823
-9.21954133333 248.642149019
-9.21453866667 248.687274578
-9.209536 248.625289504
-9.20453333333 248.65615694
-9.19953066667 248.629070789
-9.194528 248.670956794
-9.18952533333 248.64188729
-9.18452266667 248.672283945
-9.17952 248.635849666
-9.17451733333 248.6772759
-9.16951466667 248.631166775
-9.164512 248.679000841
-9.15950933333 248.618094326
-9.15450666667 248.68807134
-9.149504 248.648416706
-9.14450133333 248.684763663
-9.13949866667 248.623535852
-9.134496 248.678133421
-9.12949333333 248.622257506
-9.12449066667 248.690351819
-9.119488 248.635898235
-9.11448533333 248.689489233
-9.10948266667 248.603972738
-9.10448 248.634999142
-9.09947733333 248.622945863
-9.09447466667 248.696510314
-9.089472 248.637929577
-9.08446933333 248.696079982
-9.07946666667 248.640533846
-9.074464 248.680162692
-9.06946133333 248.626328423
-9.06445866667 248.649139003
-9.059456 248.616619229
-9.05445333333 248.68995931
-9.04945066667 248.636319722
-9.044448 248.670501429
-9.03944533333 248.631488465
-9.03444266667 248.676981683
-9.02944 248.6693891
-9.02443733333 248.685411777
-9.01943466667 248.659632058
-9.014432 248.702973132
-9.00942933333 248.670685717
-9.00442666667 248.700567956
-8.999424 248.654278755
-8.99442133333 248.711359312
-8.98941866667 248.658233081
-8.984416 248.701084672
-8.97941333333 248.650132211
-8.97441066667 248.729237271
-8.969408 248.673649222
-8.96440533333 248.716856424
-8.95940266667 248.672177212
-8.9544 248.732012849
-8.94939733333 248.695700094
-8.94439466667 248.728892191
-8.939392 248.663178683
-8.93438933333 248.729081553
-8.92938666667 248.680360769
-8.924384 248.704183634
-8.91938133333 248.653919559
-8.91437866667 248.712282156
-8.909376 248.676562008
-8.90437333333 248.692682764
-8.89937066667 248.678402301
-8.894368 248.704720529
-8.88936533333 248.69107245
-8.88436266667 248.723880083
-8.87936 248.68645478
-8.87435733333 248.762032073
-8.86935466667 248.703429986
-8.864352 248.733629674
-8.85934933333 248.710149654
-8.85434666667 248.746558914
-8.849344 248.70529662
-8.84434133333 248.76967684
-8.83933866667 248.711616699
-8.834336 248.775206624
-8.82933333333 248.741858413
-8.82433066667 248.793487529
-8.819328 248.742418329
-8.81432533333 248.797025821
-8.80932266667 248.752200953
-8.80432 248.789063752
-8.79931733333 248.763924007
-8.79431466667 248.821114284
-8.789312 248.778968904
-8.78430933333 248.826744311
-8.77930666667 248.771789257
-8.774304 248.831629136
-8.76930133333 248.773298652
-8.76429866667 248.827845088
-8.759296 248.796893247
-8.75429333333 248.851769114
-8.74929066667 248.769018046
-8.744288 248.80621764
-8.73928533333 248.773695661
-8.73428266667 248.818592512
-8.72928 248.779154927
-8.72427733333 248.807771063
-8.71927466667 248.772148429
-8.714272 248.843169722
-8.70926933333 248.790826492
-8.70426666667 248.831584211
-8.699264 248.777845748
-8.69426133333 248.822339201
-8.68925866667 248.767092081
-8.684256 248.79790341
-8.67925333333 248.703236613
-8.67425066667 248.753607801
-8.669248 248.68562511
-8.66424533333 248.754877302
-8.65924266667 248.715639334
-8.65424 248.752075671
-8.64923733333 248.67741271
-8.64423466667 248.733150192
-8.639232 248.665015703
-8.63422933333 248.710627615
-8.62922666667 248.653211484
-8.624224 248.693680233
-8.61922133333 248.640411585
-8.61421866667 248.692579788
-8.609216 248.641649653
-8.60421333333 248.707007404
-8.59921066667 248.65093043
-8.594208 248.683294819
-8.58920533333 248.64087505
-8.58420266667 248.642657712
-8.5792 248.61596863
-8.57419733333 248.664016132
-8.56919466667 248.61719347
-8.564192 248.654120877
-8.55918933333 248.606218092
-8.55418666667 248.668052291
-8.549184 248.617045253
-8.54418133333 248.674821066
-8.53917866667 248.635695686
-8.534176 248.715652305
-8.52917333333 248.632183569
-8.52417066667 248.694616179
-8.519168 248.651367731
-8.51416533333 248.708722898
-8.50916266667 248.685221587
-8.50416 248.747103371
-8.49915733333 248.673347999
-8.49415466667 248.735500698
-8.489152 248.676699087
-8.48414933333 248.740061655
-8.47914666667 248.694319446
-8.474144 248.739816163
-8.46914133333 248.639163662
-8.46413866667 248.691473595
-8.459136 248.60451111
-8.45413333333 248.657538945
-8.44913066667 248.627144195
-8.444128 248.653257648
-8.43912533333 248.610655677
-8.43412266667 248.662736821
-8.42912 248.613514366
-8.42411733333 248.670863742
-8.41911466667 248.601412673
-8.414112 248.664877556
-8.40910933333 248.589792002
-8.40410666667 248.647800427
-8.399104 248.58174069
-8.39410133333 248.6241153
-8.38909866667 248.56969938
-8.384096 248.609703465
-8.37909333333 248.534010386
-8.37409066667 248.576096578
-8.369088 248.531452626
-8.36408533333 248.56047189
-8.35908266667 248.480743507
-8.35408 248.543197373
-8.34907733333 248.474248449
-8.34407466667 248.501542237
-8.339072 248.422910397
-8.33406933333 248.468982557
-8.32906666667 248.397334839
-8.324064 248.451336379
-8.31906133333 248.370958433
-8.31405866667 248.435982026
-8.309056 248.380687378
-8.30405333333 248.395468485
-8.29905066667 248.361787101
-8.294048 248.409351365
-8.28904533333 248.336544628
-8.28404266667 248.341868698
-8.27904 248.312257472
-8.27403733333 248.366938971
-8.26903466667 248.287360142
-8.264032 248.327761498
-8.25902933333 248.286878941
-8.25402666667 248.32484933
-8.249024 248.263905058
-8.24402133333 248.279934675
-8.23901866667 248.25656199
-8.234016 248.284370027
-8.22901333333 248.221651666
-8.22401066667 248.277299633
-8.219008 248.209609552
-8.21400533333 248.253134412
-8.20900266667 248.22163114
-8.204 248.266298476
-8.19899733333 248.196838673
-8.19399466667 248.251907261
-8.188992 248.171113168
-8.18398933333 248.223081369
-8.17898666667 248.16588232
-8.173984 248.235373332
-8.16898133333 248.201595079
-8.16397866667 248.248009842
-8.158976 248.169966675
-8.15397333333 248.218957078
-8.14897066667 248.185043301
-8.143968 248.228150136
-8.13896533333 248.162881786
-8.13396266667 248.221037278
-8.12896 248.141038705
-8.12395733333 248.191401619
-8.11895466667 248.145675206
-8.113952 248.206083018
-8.10894933333 248.159502947
-8.10394666667 248.20861459
-8.098944 248.144309946
-8.09394133333 248.228205623
-8.08893866667 248.134910917
-8.083936 248.214632839
-8.07893333333 248.138730856
-8.07393066667 248.216917497
-8.068928 248.143355038
-8.06392533333 248.199611445
-8.05892266667 248.148866023
-8.05392 248.205342098
-8.04891733333 248.131289154
-8.04391466667 248.188217979
-8.038912 248.160324196
-8.03390933333 248.216473392
-8.02890666667 248.127314811
-8.023904 248.20196211
-8.01890133333 248.150336345
-8.01389866667 248.192274778
-8.008896 248.147971907
-8.00389333333 248.176326195
-7.99889066667 248.11184868
-7.993888 248.181286198
-7.98888533333 248.133301198
-7.98388266667 248.184910913
-7.97888 248.121075099
-7.97387733333 248.185471458
-7.96887466667 248.150581246
-7.963872 248.186908506
-7.95886933333 248.149048926
-7.95386666667 248.22140503
-7.948864 248.170722671
-7.94386133333 248.212518448
-7.93885866667 248.15558581
-7.933856 248.216370852
-7.92885333333 248.159894366
-7.92385066667 248.231869426
-7.918848 248.156518268
-7.91384533333 248.186417606
-7.90884266667 248.149221627
-7.90384 248.223665544
-7.89883733333 248.158627929
-7.89383466667 248.210095428
-7.888832 248.164304792
-7.88382933333 248.220000563
-7.87882666667 248.167415791
-7.873824 248.248222272
-7.86882133333 248.184982739
-7.86381866667 248.229315215
-7.858816 248.177540479
-7.85381333333 248.254630512
-7.84881066667 248.210866521
-7.843808 248.273537151
-7.83880533333 248.213787567
-7.83380266667 248.313679813
-7.8288 248.234116835
-7.82379733333 248.290429194
-7.81879466667 248.237077673
-7.813792 248.289072793
-7.80878933333 248.229652788
-7.80378666667 248.265052337
-7.798784 248.200659569
-7.79378133333 248.24849905
-7.78877866667 248.172108223
-7.783776 248.225564222
-7.77877333333 248.184772646
-7.77377066667 248.247360585
-7.768768 248.195495728
-7.76376533333 248.274534104
-7.75876266667 248.196989127
-7.75376 248.264552007
-7.74875733333 248.198106351
-7.74375466667 248.285885985
-7.738752 248.2107991
-7.73374933333 248.263663131
-7.72874666667 248.179989843
-7.723744 248.253648912
-7.71874133333 248.172097274
-7.71373866667 248.238839231
-7.708736 248.151268807
-7.70373333333 248.199436769
-7.69873066667 248.110557521
-7.693728 248.160927927
-7.68872533333 248.090017903
-7.68372266667 248.15067606
-7.67872 248.076578879
-7.67371733333 248.120409839
-7.66871466667 248.050117379
-7.663712 248.099651863
-7.65870933333 248.047477319
-7.65370666667 248.116411074
-7.648704 248.063097765
-7.64370133333 248.08048013
-7.63869866667 248.033749268
-7.633696 248.129157424
-7.62869333333 248.048450098
-7.62369066667 248.083536326
-7.618688 248.03324301
-7.61368533333 248.095932693
-7.60868266667 248.028133935
-7.60368 248.066096434
-7.59867733333 248.053509184
-7.59367466667 248.080538883
-7.588672 248.033234094
-7.58366933333 248.079024606
-7.57866666667 248.034879121
-7.573664 248.107288139
-7.56866133333 248.015503196
-7.56365866667 248.096756726
-7.558656 248.034769668
-7.55365333333 248.10325619
-7.54865066667 247.99862481
-7.543648 248.073461607
-7.53864533333 248.004643857
-7.53364266667 248.07211452
-7.52864 248.001932706
-7.52363733333 248.074645324
-7.51863466667 247.99942574
-7.513632 248.068944602
-7.50862933333 248.007771108
-7.50362666667 248.04215536
-7.498624 247.989933453
-7.49362133333 248.04389941
-7.48861866667 247.971205829
-7.483616 248.022423696
-7.47861333333 247.956355575
-7.47361066667 248.022638514
-7.468608 247.972216927
-7.46360533333 248.03669978
-7.45860266667 247.94518663
-7.4536 248.008400427
-7.44859733333 247.950985841
-7.44359466667 248.017489392
-7.438592 247.964644911
-7.43358933333 248.051268212
-7.42858666667 247.96032226
-7.423584 248.009307847
-7.41858133333 247.96412518
-7.41357866667 248.035388334
-7.408576 247.972506505
-7.40357333333 248.045800446
-7.39857066667 247.973432713
-7.393568 248.040391983
-7.38856533333 247.983690514
-7.38356266667 248.036057061
-7.37856 247.981178187
-7.37355733333 248.096244971
-7.36855466667 247.981333528
-7.363552 248.055564075
-7.35854933333 247.987732578
-7.35354666667 248.068256054
-7.348544 248.007173666
-7.34354133333 248.056043795
-7.33853866667 248.004422539
-7.333536 248.07773452
-7.32853333333 247.989616495
-7.32353066667 248.089978059
-7.318528 248.030115575
-7.31352533333 248.104782692
-7.30852266667 248.035357144
-7.30352 248.117358918
-7.29851733333 248.061984776
-7.29351466667 248.128016055
-7.288512 248.065791057
-7.28350933333 248.123626159
-7.27850666667 248.051161833
-7.273504 248.132136803
-7.26850133333 248.05217094
-7.26349866667 248.141202234
-7.258496 248.09032169
-7.25349333333 248.179174297
-7.24849066667 248.099541719
-7.243488 248.194887972
-7.23848533333 248.113249756
-7.23348266667 248.183461087
-7.22848 248.135428404
-7.22347733333 248.215319206
-7.21847466667 248.134177965
-7.213472 248.236120711
-7.20846933333 248.159960093
-7.20346666667 248.232394241
-7.198464 248.176876292
-7.19346133333 248.247552377
-7.18845866667 248.185811854
-7.183456 248.248458575
-7.17845333333 248.169823816
-7.17345066667 248.250993943
-7.168448 248.197281424
-7.16344533333 248.265513759
-7.15844266667 248.205536266
-7.15344 248.275918115
-7.14843733333 248.221030655
-7.14343466667 248.306758395
-7.138432 248.236029161
-7.13342933333 248.324367499
-7.12842666667 248.262399949
-7.123424 248.360458982
-7.11842133333 248.260003334
-7.11341866667 248.368290511
-7.108416 248.280329267
-7.10341333333 248.366376431
-7.09841066667 248.281168737
-7.093408 248.366968855
-7.08840533333 248.286718383
-7.08340266667 248.35761811
-7.0784 248.292980496
-7.07339733333 248.380268956
-7.06839466667 248.299109163
-7.063392 248.37193843
-7.05838933333 248.28322624
-7.05338666667 248.361878804
-7.048384 248.294246745
-7.04338133333 248.368499189
-7.03837866667 248.30279993
-7.033376 248.355550007
-7.02837333333 248.286903458
-7.02337066667 248.350923853
-7.018368 248.275405683
-7.01336533333 248.350163344
-7.00836266667 248.280976497
-7.00336 248.337656945
-6.99835733333 248.265383677
-6.99335466667 248.370854445
-6.988352 248.282441709
-6.98334933333 248.347458761
-6.97834666667 248.289301505
-6.973344 248.377503168
-6.96834133333 248.292776171
-6.96333866667 248.346047261
-6.958336 248.285040241
-6.95333333333 248.365445068
-6.94833066667 248.290546216
-6.943328 248.348556663
-6.93832533333 248.284515333
-6.93332266667 248.364265943
-6.92832 248.282340718
-6.92331733333 248.334178933
-6.91831466667 248.283729588
-6.913312 248.326434382
-6.90830933333 248.256955451
-6.90330666667 248.333890269
-6.898304 248.247037589
-6.89330133333 248.34849614
-6.88829866667 248.27124032
-6.883296 248.325919985
-6.87829333333 248.262789944
-6.87329066667 248.339955617
-6.868288 248.255157988
-6.86328533333 248.321244597
-6.85828266667 248.265306483
-6.85328 248.335911325
-6.84827733333 248.241199114
-6.84327466667 248.321483148
-6.838272 248.255449146
-6.83326933333 248.325620148
-6.82826666667 248.245346353
-6.823264 248.328513401
-6.81826133333 248.253942906
-6.81325866667 248.325489061
-6.808256 248.236700135
-6.80325333333 248.3267542
-6.79825066667 248.243883706
-6.793248 248.346171574
-6.78824533333 248.260694959
-6.78324266667 248.324442813
-6.77824 248.234898161
-6.77323733333 248.327109101
-6.76823466667 248.250537298
-6.763232 248.33889522
-6.75822933333 248.270755255
-6.75322666667 248.323560929
-6.748224 248.261241963
-6.74322133333 248.326016413
-6.73821866667 248.260209579
-6.733216 248.349038038
-6.72821333333 248.273887393
-6.72321066667 248.341415467
-6.718208 248.272331565
-6.71320533333 248.348221016
-6.70820266667 248.269986926
-6.7032 248.377801996
-6.69819733333 248.290773681
-6.69319466667 248.378177676
-6.688192 248.294327143
-6.68318933333 248.414717815
-6.67818666667 248.360816861
-6.673184 248.464026111
-6.66818133333 248.400834169
-6.66317866667 248.496450913
-6.658176 248.461826118
-6.65317333333 248.566272503
-6.64817066667 248.506585276
-6.643168 248.625308466
-6.63816533333 248.601526529
-6.63316266667 248.69622067
-6.62816 248.657602589
-6.62315733333 248.784542082
-6.61815466667 248.782367831
-6.613152 248.907754383
-6.60814933333 248.867272706
-6.60314666667 248.985483704
-6.598144 248.953565955
-6.59314133333 249.090700224
-6.58813866667 249.053485925
-6.583136 249.157525726
-6.57813333333 249.142246612
-6.57313066667 249.257160536
-6.568128 249.202530324
-6.56312533333 249.303037071
-6.55812266667 249.266503692
-6.55312 249.350052428
-6.54811733333 249.304360589
-6.54311466667 249.407752951
-6.538112 249.391609299
-6.53310933333 249.462599415
-6.52810666667 249.411131122
-6.523104 249.502701193
-6.51810133333 249.429439461
-6.51309866667 249.506280114
-6.508096 249.402775329
-6.50309333333 249.469577053
-6.49809066667 249.396656729
-6.493088 249.450931765
-6.48808533333 249.378650923
-6.48308266667 249.428294752
-6.47808 249.341175563
-6.47307733333 249.416328102
-6.46807466667 249.298558545
-6.463072 249.366746087
-6.45806933333 249.310172367
-6.45306666667 249.378010172
-6.448064 249.248275522
-6.44306133333 249.29862163
-6.43805866667 249.233828977
-6.433056 249.288608978
-6.42805333333 249.222559755
-6.42305066667 249.288643163
-6.418048 249.20749795
-6.41304533333 249.281786827
-6.40804266667 249.190108385
-6.40304 249.233546803
-6.39803733333 249.167518856
-6.39303466667 249.230867378
-6.388032 249.131931948
-6.38302933333 249.177558252
-6.37802666667 249.085234974
-6.373024 249.158132029
-6.36802133333 249.049224827
-6.36301866667 249.107783234
-6.358016 249.016346729
-6.35301333333 249.077301262
-6.34801066667 248.993540092
-6.343008 249.065317224
-6.33800533333 248.989242924
-6.33300266667 249.055976257
-6.328 248.95895501
-6.32299733333 248.980182995
-6.31799466667 248.907610783
-6.312992 248.957380222
-6.30798933333 248.866441619
-6.30298666667 248.915799855
-6.297984 248.843422901
-6.29298133333 248.917470738
-6.28797866667 248.821003382
-6.282976 249.040357334
-6.27797333333 248.804828868
-6.27297066667 248.863455503
-6.267968 248.747227551
-6.26296533333 248.804794973
-6.25796266667 248.719931359
-6.25296 248.778146477
-6.24795733333 248.716061205
-6.24295466667 248.759134503
-6.237952 248.710749264
-6.23294933333 248.819047418
-6.22794666667 248.703704726
-6.222944 248.760287214
-6.21794133333 248.688184659
-6.21293866667 248.713088885
-6.207936 248.619073488
-6.20293333333 248.682810881
-6.19793066667 248.629643524
-6.192928 248.707383615
-6.18792533333 248.631099733
-6.18292266667 248.688930426
-6.17792 248.62511793
-6.17291733333 248.681304686
-6.16791466667 248.587348284
-6.162912 248.674128819
-6.15790933333 248.612826819
-6.15290666667 248.701462194
-6.147904 248.612318856
-6.14290133333 248.675871275
-6.13789866667 248.594997168
-6.132896 248.685689317
-6.12789333333 248.619908566
-6.12289066667 248.704017918
-6.117888 248.628377277
-6.11288533333 248.710469995
-6.10788266667 248.654106379
-6.10288 248.709851256
-6.09787733333 248.64957756
-6.09287466667 248.741266377
-6.087872 248.645777218
-6.08286933333 248.728342318
-6.07786666667 248.629271238
-6.072864 248.696941565
-6.06786133333 248.634912814
-6.06285866667 248.711866877
-6.057856 248.635643831
-6.05285333333 248.67916399
-6.04785066667 248.583254204
-6.042848 248.670293602
-6.03784533333 248.59210742
-6.03284266667 248.665814013
-6.02784 248.581434999
-6.02283733333 248.624993656
-6.01783466667 248.567532334
-6.012832 248.620124205
-6.00782933333 248.540404353
-6.00282666667 248.603491908
-5.997824 248.55103905
-5.99282133333 248.572386654
-5.98781866667 248.451605492
-5.982816 248.502403762
-5.97781333333 248.423746187
-5.97281066667 248.483479933
-5.967808 248.362568797
-5.96280533333 248.411105977
-5.95780266667 248.301512732
-5.9528 248.344882704
-5.94779733333 248.243280045
-5.94279466667 248.292260075
-5.937792 248.188682013
-5.93278933333 248.229267373
-5.92778666667 248.130553437
-5.922784 248.1555168
-5.91778133333 248.064440389
-5.91277866667 248.117175167
-5.907776 248.015507861
-5.90277333333 248.078372344
-5.89777066667 247.998036057
-5.892768 248.060439059
-5.88776533333 247.943995774
-5.88276266667 248.042937888
-5.87776 247.970735647
-5.87275733333 248.021428347
-5.86775466667 247.921325033
-5.862752 247.979555331
-5.85774933333 247.878933647
-5.85274666667 247.964454634
-5.847744 247.860663209
-5.84274133333 247.908137156
-5.83773866667 247.826749383
-5.832736 247.895565388
-5.82773333333 247.822963483
-5.82273066667 247.879841253
-5.817728 247.819672949
-5.81272533333 247.881884007
-5.80772266667 247.804195681
-5.80272 247.855409545
-5.79771733333 247.785695164
-5.79271466667 247.864843917
-5.787712 247.770790775
-5.78270933333 247.839841605
-5.77770666667 247.768475282
-5.772704 247.809132771
-5.76770133333 247.733443846
-5.76269866667 247.806956905
-5.757696 247.744986911
-5.75269333333 247.816897509
-5.74769066667 247.712309128
-5.742688 247.766141256
-5.73768533333 247.725937604
-5.73268266667 247.800261418
-5.72768 247.738599589
-5.72267733333 247.807299961
-5.71767466667 247.739661238
-5.712672 247.819878784
-5.70766933333 247.750152451
-5.70266666667 247.82014167
-5.697664 247.751589684
-5.69266133333 247.852415875
-5.68765866667 247.771113802
-5.682656 247.842108516
-5.67765333333 247.800612737
-5.67265066667 247.88486409
-5.667648 247.793870137
-5.66264533333 247.882118289
-5.65764266667 247.848698517
-5.65264 247.89558189
-5.64763733333 247.833100937
-5.64263466667 247.877606741
-5.637632 247.82892174
-5.63262933333 247.917402395
-5.62762666667 247.826952168
-5.622624 247.893215863
-5.61762133333 247.821309545
-5.61261866667 247.88673594
-5.607616 247.809011699
-5.60261333333 247.880365025
-5.59761066667 247.833329001
-5.592608 247.878147059
-5.58760533333 247.806474421
-5.58260266667 247.867554961
-5.5776 247.822415082
-5.57259733333 247.894087378
-5.56759466667 247.828253427
-5.562592 247.892613147
-5.55758933333 247.834852547
-5.55258666667 247.892833561
-5.547584 247.827477557
-5.54258133333 247.906148528
-5.53757866667 247.841614166
-5.532576 247.904390648
-5.52757333333 247.818667683
-5.52257066667 247.889125243
-5.517568 247.815617062
-5.51256533333 247.900015175
-5.50756266667 247.830528922
-5.50256 247.895351062
-5.49755733333 247.826148846
-5.49255466667 247.896104867
-5.487552 247.829309056
-5.48254933333 247.880081751
-5.47754666667 247.844714907
-5.472544 247.885600018
-5.46754133333 247.79313122
-5.46253866667 247.877282989
-5.457536 247.806093791
-5.45253333333 247.877779326
-5.44753066667 247.825908576
-5.442528 247.885691755
-5.43752533333 247.817690025
-5.43252266667 247.880632721
-5.42752 247.816291782
-5.42251733333 247.891608256
-5.41751466667 247.833931904
-5.412512 247.898026922
-5.40750933333 247.825390124
-5.40250666667 247.901268787
-5.397504 247.852059712
-5.39250133333 247.926321604
-5.38749866667 247.842838498
-5.382496 247.932218138
-5.37749333333 247.869042529
-5.37249066667 247.934155231
-5.367488 247.86556237
-5.36248533333 247.954018327
-5.35748266667 247.899149064
-5.35248 247.988022966
-5.34747733333 247.928573885
-5.34247466667 247.979307264
-5.337472 247.942958415
-5.33246933333 248.010628993
-5.32746666667 247.938809368
-5.322464 248.006460087
-5.31746133333 247.961816537
-5.31245866667 248.016381967
-5.307456 247.971332857
-5.30245333333 248.06881941
-5.29745066667 248.00250124
-5.292448 248.090214198
-5.28744533333 248.007006635
-5.28244266667 248.086527051
-5.27744 248.015274374
-5.27243733333 248.093649024
-5.26743466667 248.030535651
-5.262432 248.108214059
-5.25742933333 248.034559472
-5.25242666667 248.088198673
-5.247424 248.012857662
-5.24242133333 248.096935898
-5.23741866667 248.046969253
-5.232416 248.113349851
-5.22741333333 248.041878056
-5.22241066667 248.089715426
-5.217408 248.034180391
-5.21240533333 248.102346824
-5.20740266667 248.058941398
-5.2024 248.084559473
-5.19739733333 248.03307511
-5.19239466667 248.108777487
-5.187392 248.035218518
-5.18238933333 248.102001804
-5.17738666667 248.04079542
-5.172384 248.102889728
-5.16738133333 248.006822797
-5.16237866667 248.093456154
-5.157376 248.033785803
-5.15237333333 248.110586979
-5.14737066667 248.02428658
-5.142368 248.085760069
-5.13736533333 248.02420305
-5.13236266667 248.092344847
-5.12736 247.996252203
-5.12235733333 248.079430214
-5.11735466667 248.03402191
-5.112352 248.095498894
-5.10734933333 248.024881134
-5.10234666667 248.078181881
-5.097344 248.021794975
-5.09234133333 248.103510471
-5.08733866667 248.044694094
-5.082336 248.096575023
-5.07733333333 248.037049039
-5.07233066667 248.066321765
-5.067328 248.025766992
-5.06232533333 248.071448144
-5.05732266667 248.042658338
-5.05232 248.101218505
-5.04731733333 248.031295092
-5.04231466667 248.101232565
-5.037312 248.054538934
-5.03230933333 248.102578668
-5.02730666667 248.044940546
-5.022304 248.105108432
-5.01730133333 248.07748581
-5.01229866667 248.117550917
-5.007296 248.056028523
-5.00229333333 248.1168199
-4.99729066667 248.079769697
-4.992288 248.145616129
-4.98728533333 248.062799256
-4.98228266667 248.114833003
-4.97728 248.049099926
-4.97227733333 248.124808963
-4.96727466667 248.038604065
-4.962272 248.094697785
-4.95726933333 248.084311351
-4.95226666667 248.12393527
-4.947264 248.062823138
-4.94226133333 248.095031807
-4.93725866667 248.057503519
-4.932256 248.121929482
-4.92725333333 248.04973081
-4.92225066667 248.113882382
-4.917248 248.066455929
-4.91224533333 248.137901732
-4.90724266667 248.076481381
-4.90224 248.11969164
-4.89723733333 248.07482949
-4.89223466667 248.136534449
-4.887232 248.042109132
-4.88222933333 248.119424718
-4.87722666667 248.047384037
-4.872224 248.101126655
-4.86722133333 248.063731992
-4.86221866667 248.094629633
-4.857216 248.035288898
-4.85221333333 248.082700869
-4.84721066667 248.014014022
-4.842208 248.059342321
-4.83720533333 248.017265054
-4.83220266667 248.059874408
-4.8272 247.998396635
-4.82219733333 248.043158929
-4.81719466667 247.988528682
-4.812192 248.045079843
-4.80718933333 247.98425767
-4.80218666667 248.039108938
-4.797184 247.975773787
-4.79218133333 248.031675668
-4.78717866667 248.000301572
-4.782176 248.032379902
-4.77717333333 248.001201392
-4.77217066667 248.053241224
-4.767168 247.98263162
-4.76216533333 248.050609618
-4.75716266667 248.003009261
-4.75216 248.080010575
-4.74715733333 247.995586373
-4.74215466667 248.065496597
-4.737152 248.002686852
-4.73214933333 248.047098241
-4.72714666667 248.005170369
-4.722144 248.057122237
-4.71714133333 248.036314452
-4.71213866667 248.082583259
-4.707136 248.023149781
-4.70213333333 248.059328073
-4.69713066667 248.038246158
-4.692128 248.104667195
-4.68712533333 248.023776974
-4.68212266667 248.063157353
-4.67712 248.042322676
-4.67211733333 248.079030246
-4.66711466667 248.045002186
-4.662112 248.08260225
-4.65710933333 248.044578254
-4.65210666667 248.120016236
-4.647104 248.050664129
-4.64210133333 248.103172623
-4.63709866667 248.061267809
-4.632096 248.106962929
-4.62709333333 248.038319412
-4.62209066667 248.089641731
-4.617088 248.039411484
-4.61208533333 248.089328187
-4.60708266667 248.02864458
-4.60208 248.074914668
-4.59707733333 248.055272687
-4.59207466667 248.084177121
-4.587072 248.052665416
-4.58206933333 248.099801575
-4.57706666667 248.083187277
-4.572064 248.133125742
-4.56706133333 248.093358169
-4.56205866667 248.163929394
-4.557056 248.124920667
-4.55205333333 248.203553651
-4.54705066667 248.148718797
-4.542048 248.238362415
-4.53704533333 248.221907436
-4.53204266667 248.26477942
-4.52704 248.228162058
-4.52203733333 248.277073521
-4.51703466667 248.22095442
-4.512032 248.263978809
-4.50702933333 248.231501731
-4.50202666667 248.253241151
-4.497024 248.225602101
-4.49202133333 248.251433277
-4.48701866667 248.176769521
-4.482016 248.233775353
-4.47701333333 248.21100671
-4.47201066667 248.248001252
-4.467008 248.164325093
-4.46200533333 248.213944414
-4.45700266667 248.154744031
-4.452 248.168511593
-4.44699733333 248.095978486
-4.44199466667 248.153699449
-4.436992 248.09582068
-4.43198933333 248.128299457
-4.42698666667 248.030085778
-4.421984 248.068827226
-4.41698133333 248.020578699
-4.41197866667 248.041404359
-4.406976 247.962193164
-4.40197333333 247.983920335
-4.39697066667 247.939390212
-4.391968 247.973105133
-4.38696533333 247.905287523
-4.38196266667 247.953905426
-4.37696 247.93005779
-4.37195733333 247.960700649
-4.36695466667 247.903071316
-4.361952 247.955824118
-4.35694933333 247.928750825
-4.35194666667 247.983661582
-4.346944 247.921589115
-4.34194133333 247.967908704
-4.33693866667 247.941562944
-4.331936 247.954790484
-4.32693333333 247.925060323
-4.32193066667 247.945902557
-4.316928 247.925236086
-4.31192533333 247.95166622
-4.30692266667 247.89485122
-4.30192 247.920964054
-4.29691733333 247.874725031
-4.29191466667 247.926747735
-4.286912 247.880841297
-4.28190933333 247.914196593
-4.27690666667 247.857530831
-4.271904 247.914547205
-4.26690133333 247.838089405
-4.26189866667 247.870772379
-4.256896 247.848986661
-4.25189333333 247.884339852
-4.24689066667 247.815876323
-4.241888 247.861974321
-4.23688533333 247.838593521
-4.23188266667 247.902443924
-4.22688 247.84662542
-4.22187733333 247.883621146
-4.21687466667 247.850220303
-4.211872 247.908514349
-4.20686933333 247.858951455
-4.20186666667 247.93411136
-4.196864 247.891058297
-4.19186133333 247.943212237
-4.18685866667 247.883123046
-4.181856 247.934181894
-4.17685333333 247.894745971
-4.17185066667 247.948546713
-4.166848 247.901912028
-4.16184533333 247.94458735
-4.15684266667 247.915677793
-4.15184 247.93985421
-4.14683733333 247.895551874
-4.14183466667 247.938184077
-4.136832 247.905494443
-4.13182933333 247.948069002
-4.12682666667 247.878143495
-4.121824 247.942020993
-4.11682133333 247.912762223
-4.11181866667 247.946800467
-4.106816 247.913114131
-4.10181333333 247.959174859
-4.09681066667 247.902094378
-4.091808 247.952040784
-4.08680533333 247.902857302
-4.08180266667 247.953566033
-4.0768 247.920705647
-4.07179733333 247.963496092
-4.06679466667 247.920903275
-4.061792 247.926634783
-4.05678933333 247.904238396
-4.05178666667 247.948422748
-4.046784 247.899058395
-4.04178133333 247.94321632
-4.03677866667 247.927285586
-4.031776 247.94084129
-4.02677333333 247.895209761
-4.02177066667 247.937247056
-4.016768 247.91859929
-4.01176533333 247.974975202
-4.00676266667 247.921223383
-4.00176 247.948641553
-3.99675733333 247.911960037
-3.99175466667 247.977974433
-3.986752 247.906113059
-3.98174933333 247.946879361
-3.97674666667 247.924254066
-3.971744 247.950151544
-3.96674133333 247.896013849
-3.96173866667 247.943983622
-3.956736 247.92367962
-3.95173333333 247.952564062
-3.94673066667 247.890143135
-3.941728 247.936029494
-3.93672533333 247.908161284
-3.93172266667 247.951348857
-3.92672 247.905826824
-3.92171733333 247.948433921
-3.91671466667 247.939671681
-3.911712 247.951410035
-3.90670933333 247.910887202
-3.90170666667 247.95986833
-3.896704 247.936711869
-3.89170133333 247.992109015
-3.88669866667 247.925925994
-3.881696 247.948646411
-3.87669333333 247.914484297
-3.87169066667 247.956038378
-3.866688 247.909629433
-3.86168533333 247.976383414
-3.85668266667 247.944977713
-3.85168 247.981452165
-3.84667733333 247.922059517
-3.84167466667 247.968133711
-3.836672 247.935256106
-3.83166933333 247.988263072
-3.82666666667 247.953162892
-3.821664 247.97290818
-3.81666133333 247.948347434
-3.81165866667 247.989076854
-3.806656 247.919865218
-3.80165333333 247.959254666
-3.79665066667 247.924083617
-3.791648 247.942150311
-3.78664533333 247.911191712
-3.78164266667 247.939300662
-3.77664 247.94029995
-3.77163733333 247.972641755
-3.76663466667 247.948868934
-3.761632 247.967967705
-3.75662933333 247.958506916
-3.75162666667 247.98225527
-3.746624 247.93726731
-3.74162133333 247.976372375
-3.73661866667 247.932634116
-3.731616 247.96667118
-3.72661333333 247.914504975
-3.72161066667 247.93766374
-3.716608 247.929951783
-3.71160533333 247.976435147
-3.70660266667 247.941412142
-3.7016 247.965569639
-3.69659733333 247.93225375
-3.69159466667 247.982336278
-3.686592 247.934508794
-3.68158933333 247.975090111
-3.67658666667 247.972819688
-3.671584 248.005159801
-3.66658133333 247.95386706
-3.66157866667 247.979883348
-3.656576 247.977287033
-3.65157333333 248.010234542
-3.64657066667 247.98075818
-3.641568 248.015646843
-3.63656533333 248.000751715
-3.63156266667 248.002197845
-3.62656 247.964618883
-3.62155733333 248.004853305
-3.61655466667 247.99473145
-3.611552 248.02196653
-3.60654933333 247.981237867
-3.60154666667 247.990999258
-3.596544 247.979937109
-3.59154133333 247.992915279
-3.58653866667 247.954328597
-3.581536 247.989591864
-3.57653333333 247.960196538
-3.57153066667 247.991170638
-3.566528 247.941552846
-3.56152533333 247.953626557
-3.55652266667 247.942536738
-3.55152 247.975721941
-3.54651733333 247.918598709
-3.54151466667 247.927175427
-3.536512 247.911514922
-3.53150933333 247.951906323
-3.52650666667 247.910748995
-3.521504 247.930704835
-3.51650133333 247.89477522
-3.51149866667 247.91180151
-3.506496 247.866290517
-3.50149333333 247.87944116
-3.49649066667 247.872085589
-3.491488 247.882831143
-3.48648533333 247.806610651
-3.48148266667 247.833714003
-3.47648 247.792364945
-3.47147733333 247.814923731
-3.46647466667 247.781466135
-3.461472 247.780950627
-3.45646933333 247.743589107
-3.45146666667 247.754226933
-3.446464 247.69373343
-3.44146133333 247.700778344
-3.43645866667 247.708149282
-3.431456 247.707316506
-3.42645333333 247.636045637
-3.42145066667 247.684566959
-3.416448 247.666238649
-3.41144533333 247.682849273
-3.40644266667 247.653839266
-3.40144 247.680990193
-3.39643733333 247.679010685
-3.39143466667 247.697382044
-3.386432 247.66286684
-3.38142933333 247.6733217
-3.37642666667 247.6691489
-3.371424 247.67152778
-3.36642133333 247.672021263
-3.36141866667 247.670941627
-3.356416 247.638608817
-3.35141333333 247.654793276
-3.34641066667 247.648563327
-3.341408 247.670900465
-3.33640533333 247.648118052
-3.33140266667 247.664771298
-3.3264 247.647861815
-3.32139733333 247.660846864
-3.31639466667 247.652058676
-3.311392 247.687582871
-3.30638933333 247.647874015
-3.30138666667 247.657048775
-3.296384 247.6688595
-3.29138133333 247.685303641
-3.28637866667 247.648208421
-3.281376 247.657658203
-3.27637333333 247.673136939
-3.27137066667 247.692905062
-3.266368 247.648367303
-3.26136533333 247.665996
-3.25636266667 247.658465202
-3.25136 247.694969309
-3.24635733333 247.671710006
-3.24135466667 247.678868111
-3.236352 247.66716918
-3.23134933333 247.701332725
-3.22634666667 247.671757056
-3.221344 247.703780318
-3.21634133333 247.701325396
-3.21133866667 247.704107353
-3.206336 247.683375633
-3.20133333333 247.69123727
-3.19633066667 247.694419759
-3.191328 247.712141121
-3.18632533333 247.666410787
-3.18132266667 247.696067122
-3.17632 247.685485447
-3.17131733333 247.687857967
-3.16631466667 247.678739968
-3.161312 247.69795397
-3.15630933333 247.693280005
-3.15130666667 247.709390863
-3.146304 247.667807539
-3.14130133333 247.706121776
-3.13629866667 247.708695999
-3.131296 247.716901448
-3.12629333333 247.69563431
-3.12129066667 247.729797251
-3.116288 247.698996796
-3.11128533333 247.741047383
-3.10628266667 247.721978112
-3.10128 247.75287605
-3.09627733333 247.769660882
-3.09127466667 247.79269847
-3.086272 247.784729138
-3.08126933333 247.795581439
-3.07626666667 247.828366624
-3.071264 247.851268728
-3.06626133333 247.828745843
-3.06125866667 247.853149585
-3.056256 247.858175571
-3.05125333333 247.905885603
-3.04625066667 247.928469436
-3.041248 247.964443208
-3.03624533333 248.021701344
-3.03124266667 248.05074376
-3.02624 248.040628571
-3.02123733333 248.085103357
-3.01623466667 248.107798534
-3.011232 248.159617729
-3.00622933333 248.140880788
-3.00122666667 248.160891322
-2.996224 248.188777304
-2.99122133333 248.206544095
-2.98621866667 248.19706807
-2.981216 248.212436526
-2.97621333333 248.246617437
-2.97121066667 248.282687685
-2.966208 248.249118515
-2.96120533333 248.276598618
-2.95620266667 248.295481451
-2.9512 248.286369364
-2.94619733333 248.286479534
-2.94119466667 248.321045438
-2.936192 248.467490621
-2.93118933333 248.489040181
-2.92618666667 248.483047915
-2.921184 248.493827152
-2.91618133333 248.50603889
-2.91117866667 248.512029183
-2.906176 248.510554116
-2.90117333333 248.531414837
-2.89617066667 248.394000815
-2.891168 248.425688974
-2.88616533333 248.419425832
-2.88116266667 248.468007997
-2.87616 248.469206623
-2.87115733333 248.49332538
-2.86615466667 248.480022326
-2.861152 248.504750662
-2.85614933333 248.514500077
-2.85114666667 248.528453555
-2.846144 248.535437395
-2.84114133333 248.54268342
-2.83613866667 248.542507876
-2.831136 248.574005434
-2.82613333333 248.5573865
-2.82113066667 248.552583963
-2.816128 248.550880447
-2.81112533333 248.550808709
-2.80612266667 248.528255925
-2.80112 248.531803704
-2.79611733333 248.525294787
-2.79111466667 248.534964082
-2.786112 248.498655078
-2.78110933333 248.502706586
-2.77610666667 248.47804419
-2.771104 248.482308226
-2.76610133333 248.462532953
-2.76109866667 248.477629179
-2.756096 248.481002909
-2.75109333333 248.484812516
-2.74609066667 248.434937129
-2.741088 248.434481945
-2.73608533333 248.454432277
-2.73108266667 248.449847424
-2.72608 248.420140893
-2.72107733333 248.408663317
-2.71607466667 248.401034224
-2.711072 248.385277489
-2.70606933333 248.364742791
-2.70106666667 248.377733048
-2.696064 248.358352354
-2.69106133333 248.366988076
-2.68605866667 248.355184574
-2.681056 248.338562968
-2.67605333333 248.351631425
-2.67105066667 248.334834528
-2.666048 248.324117426
-2.66104533333 248.309913418
-2.65604266667 248.276170517
-2.65104 248.254177405
-2.64603733333 248.209867379
-2.64103466667 248.216283392
-2.636032 248.17667784
-2.63102933333 248.13400722
-2.62602666667 248.078216018
-2.621024 248.031466311
-2.61602133333 248.002097525
-2.61101866667 247.997865753
-2.606016 247.946229315
-2.60101333333 247.911668047
-2.59601066667 247.901820643
-2.591008 247.8788202
-2.58600533333 247.829050437
-2.58100266667 247.78941174
-2.576 247.768276639
-2.57099733333 247.733858148
-2.56599466667 247.684206822
-2.560992 247.645182522
-2.55598933333 247.632581196
-2.55098666667 247.609178811
-2.545984 247.56709325
-2.54098133333 247.547946794
-2.53597866667 247.527720413
-2.530976 247.501532139
-2.52597333333 247.46812857
-2.52097066667 247.464811784
-2.515968 247.454442913
-2.51096533333 247.444426923
-2.50596266667 247.378447543
-2.50096 247.38599677
-2.49595733333 247.374167127
-2.49095466667 247.379658874
-2.485952 247.351698726
-2.48094933333 247.338777671
-2.47594666667 247.339732791
-2.470944 247.334775276
-2.46594133333 247.290786634
-2.46093866667 247.315255432
-2.455936 247.329364149
-2.45093333333 247.33560205
-2.44593066667 247.309325705
-2.440928 247.310411396
-2.43592533333 247.319779246
-2.43092266667 247.306971055
-2.42592 247.30742205
-2.42091733333 247.302965273
-2.41591466667 247.329305039
-2.410912 247.337824118
-2.40590933333 247.312011553
-2.40090666667 247.313954562
-2.395904 247.331682365
-2.39090133333 247.368988274
-2.38589866667 247.373522989
-2.380896 247.35610117
-2.37589333333 247.356217059
-2.37089066667 247.350193364
-2.365888 247.381192656
-2.36088533333 247.390924539
-2.35588266667 247.364540849
-2.35088 247.380858495
-2.34587733333 247.386400017
-2.34087466667 247.395162018
-2.335872 247.414444477
-2.33086933333 247.457426638
-2.32586666667 247.451215014
-2.320864 247.486919506
-2.31586133333 247.512008081
-2.31085866667 247.539059121
-2.305856 247.571953495
-2.30085333333 247.600858755
-2.29585066667 247.67098294
-2.290848 247.695121507
-2.28584533333 247.711076764
-2.28084266667 247.732071188
-2.27584 247.807664046
-2.27083733333 247.854667284
-2.26583466667 247.889391978
-2.260832 247.933356957
-2.25582933333 248.006969022
-2.25082666667 248.061510181
-2.245824 248.103807649
-2.24082133333 248.16442576
-2.23581866667 248.24608719
-2.230816 248.278320564
-2.22581333333 248.292696538
-2.22081066667 248.339468668
-2.215808 248.415930151
-2.21080533333 248.443245927
-2.20580266667 248.496375029
-2.2008 248.503099667
-2.19579733333 248.533793157
-2.19079466667 248.566530161
-2.185792 248.553564117
-2.18078933333 248.612746844
-2.17578666667 248.648672364
-2.170784 248.627844428
-2.16578133333 248.623929698
-2.16077866667 248.635059987
-2.155776 248.64680228
-2.15077333333 248.636591719
-2.14577066667 248.642344161
-2.140768 248.59988232
-2.13576533333 248.587027941
-2.13076266667 248.588639708
-2.12576 248.605954767
-2.12075733333 248.583649844
-2.11575466667 248.584085687
-2.110752 248.55478268
-2.10574933333 248.530610946
-2.10074666667 248.5030157
-2.095744 248.481563155
-2.09074133333 248.457220155
-2.08573866667 248.466857342
-2.080736 248.436030914
-2.07573333333 248.435668528
-2.07073066667 248.411040835
-2.065728 248.411104082
-2.06072533333 248.362828309
-2.05572266667 248.370722993
-2.05072 248.350512127
-2.04571733333 248.327716007
-2.04071466667 248.308456016
-2.035712 248.3362645
-2.03070933333 248.31493708
-2.02570666667 248.312627835
-2.020704 248.306498549
-2.01570133333 248.378013435
-2.01069866667 248.382068322
-2.005696 248.416161219
-2.00069333333 248.38557043
-1.99569066667 248.415484211
-1.990688 248.405767482
-1.98568533333 248.41083978
-1.98068266667 248.398616255
-1.97568 248.369950301
-1.97067733333 248.3458736
-1.96567466667 248.323018139
-1.960672 248.267942524
-1.95566933333 248.3143509
-1.95066666667 248.276786045
-1.945664 248.272906291
-1.94066133333 248.269774922
-1.93565866667 248.30659378
-1.930656 248.294909584
-1.92565333333 248.295099873
-1.92065066667 248.271056975
-1.915648 248.281369329
-1.91064533333 248.26483033
-1.90564266667 248.26609897
-1.90064 248.258838425
-1.89563733333 248.282071234
-1.89063466667 248.269106924
-1.885632 248.263822528
-1.88062933333 248.254172583
-1.87562666667 248.290462539
-1.870624 248.266533395
-1.86562133333 248.276750475
-1.86061866667 248.267423926
-1.855616 248.269877593
-1.85061333333 248.248065461
-1.84561066667 248.289929614
-1.840608 248.274197206
-1.83560533333 248.31615382
-1.83060266667 248.302053605
-1.8256 248.326508783
-1.82059733333 248.301499697
-1.81559466667 248.303128044
-1.810592 248.298701477
-1.80558933333 248.322434077
-1.80058666667 248.309304907
-1.795584 248.300717808
-1.79058133333 248.284998354
-1.78557866667 248.311241724
-1.780576 248.293098829
-1.77557333333 248.302540459
-1.77057066667 248.245039233
-1.765568 248.250415377
-1.76056533333 248.227783974
-1.75556266667 248.24381877
-1.75056 248.235948264
-1.74555733333 248.225440266
-1.74055466667 248.178661717
-1.735552 248.199415433
-1.73054933333 248.16006756
-1.72554666667 248.150736763
-1.720544 248.115129701
-1.71554133333 248.14299188
-1.71053866667 248.092964398
-1.705536 248.066329035
-1.70053333333 248.023164618
-1.69553066667 248.024539416
-1.690528 247.999173271
-1.68552533333 248.008751218
-1.68052266667 247.936796437
-1.67552 247.931247679
-1.67051733333 247.884696252
-1.66551466667 247.858787683
-1.660512 247.820828281
-1.65550933333 247.846983478
-1.65050666667 247.77102089
-1.645504 247.734994271
-1.64050133333 247.697935918
-1.63549866667 247.679987329
-1.630496 247.645601664
-1.62549333333 247.619553234
-1.62049066667 247.605194193
-1.615488 247.602904335
-1.61048533333 247.570570785
-1.60548266667 247.580007454
-1.60048 247.545645702
-1.59547733333 247.595499013
-1.59047466667 247.545064625
-1.585472 247.550705094
-1.58046933333 247.52769819
-1.57546666667 247.550533438
-1.570464 247.518732896
-1.56546133333 247.541695044
-1.56045866667 247.512206
-1.555456 247.520187148
-1.55045333333 247.470015683
-1.54545066667 247.48501117
-1.540448 247.474268255
-1.53544533333 247.495162448
-1.53044266667 247.455419928
-1.52544 247.455677502
-1.52043733333 247.446873129
-1.51543466667 247.453352925
-1.510432 247.429772047
-1.50542933333 247.430582918
-1.50042666667 247.405884284
-1.495424 247.451882861
-1.49042133333 247.412414964
-1.48541866667 247.436772486
-1.480416 247.400140744
-1.47541333333 247.439197647
-1.47041066667 247.399042218
-1.465408 247.4196324
-1.46040533333 247.378192353
-1.45540266667 247.39375027
-1.4504 247.386414899
-1.44539733333 247.408527337
-1.44039466667 247.360129799
-1.435392 247.403648634
-1.43038933333 247.353310252
-1.42538666667 247.366747967
-1.420384 247.357300786
-1.41538133333 247.405218034
-1.41037866667 247.365349711
-1.405376 247.372946386
-1.40037333333 247.345605613
-1.39537066667 247.367877472
-1.390368 247.371502527
-1.38536533333 247.37533693
-1.38036266667 247.353532699
-1.37536 247.387178532
-1.37035733333 247.333014084
-1.36535466667 247.363191573
-1.360352 247.341590791
-1.35534933333 247.356934136
-1.35034666667 247.334191978
-1.345344 247.351748511
-1.34034133333 247.326092704
-1.33533866667 247.356454951
-1.330336 247.319681486
-1.32533333333 247.353862358
-1.32033066667 247.330003472
-1.315328 247.339433886
-1.31032533333 247.330493874
-1.30532266667 247.345857346
-1.30032 247.308154909
-1.29531733333 247.362200433
-1.29031466667 247.323513881
-1.285312 247.345154767
-1.28030933333 247.31609734
-1.27530666667 247.364285549
-1.270304 247.313640316
-1.26530133333 247.349581386
-1.26029866667 247.306036466
-1.255296 247.327798083
-1.25029333333 247.315641053
-1.24529066667 247.33338291
-1.240288 247.302619453
-1.23528533333 247.327067485
-1.23028266667 247.317624819
-1.22528 247.328784609
-1.22027733333 247.294898263
-1.21527466667 247.307379728
-1.210272 247.309710651
-1.20526933333 247.349830462
-1.20026666667 247.299993872
-1.195264 247.359310879
-1.19026133333 247.332234494
-1.18525866667 247.332712765
-1.180256 247.317043158
-1.17525333333 247.35241052
-1.17025066667 247.305367049
-1.165248 247.319712872
-1.16024533333 247.283014939
-1.15524266667 247.315497601
-1.15024 247.292541606
-1.14523733333 247.31501312
-1.14023466667 247.290407262
-1.135232 247.333535853
-1.13022933333 247.310365456
-1.12522666667 247.302695019
-1.120224 247.282138279
-1.11522133333 247.340825293
-1.11021866667 247.301045413
-1.105216 247.322563911
-1.10021333333 247.287460616
-1.09521066667 247.323528719
-1.090208 247.274237781
-1.08520533333 247.299094336
-1.08020266667 247.272240829
-1.0752 247.320910419
-1.07019733333 247.27421657
-1.06519466667 247.313652098
-1.060192 247.25857078
-1.05518933333 247.290556439
-1.05018666667 247.28097304
-1.045184 247.313948727
-1.04018133333 247.28058252
-1.03517866667 247.313803025
-1.030176 247.264810909
-1.02517333333 247.337207083
-1.02017066667 247.268553323
-1.015168 247.308380992
-1.01016533333 247.281284206
-1.00516266667 247.309787418
-1.00016 247.285289307
-0.995157333333 247.303638159
-0.990154666667 247.286612448
-0.985152 247.293624272
-0.980149333333 247.260686945
-0.975146666667 247.299238698
-0.970144 247.253075679
-0.965141333333 247.295932072
-0.960138666667 247.255912265
-0.955136 247.329774175
-0.950133333333 247.296025876
-0.945130666667 247.297215535
-0.940128 247.281113664
-0.935125333333 247.312051196
-0.930122666667 247.285136896
-0.92512 247.337106992
-0.920117333333 247.318623251
-0.915114666667 247.354976527
-0.910112 247.306800931
-0.905109333333 247.318293338
-0.900106666667 247.294137289
-0.895104 247.365157441
-0.890101333333 247.306619383
-0.885098666667 247.325809042
-0.880096 247.286115643
-0.875093333333 247.311993874
-0.870090666667 247.28978707
-0.865088 247.330749673
-0.860085333333 247.289758976
-0.855082666667 247.337049787
-0.85008 247.275160753
-0.845077333333 247.312396048
-0.840074666667 247.283044254
-0.835072 247.337929482
-0.830069333333 247.300007157
-0.825066666667 247.328298875
-0.820064 247.284127078
-0.815061333333 247.310762544
-0.810058666667 247.281473414
-0.805056 247.313703489
-0.800053333333 247.281901986
-0.795050666667 247.322001541
-0.790048 247.2672589
-0.785045333333 247.310295153
-0.780042666667 247.267207121
-0.77504 247.311588446
-0.770037333333 247.267494932
-0.765034666667 247.317692842
-0.760032 247.265717173
-0.755029333333 247.300960382
-0.750026666667 247.255896441
-0.745024 247.282049955
-0.740021333333 247.266016126
-0.735018666667 247.318703862
-0.730016 247.265610975
-0.725013333333 247.282374823
-0.720010666667 247.254161401
-0.715008 247.311894849
-0.710005333333 247.28046581
-0.705002666667 247.321239526
-0.7 247.254646965
-0.694997333333 247.292633778
-0.689994666667 247.266572799
-0.684992 247.301279561
-0.679989333333 247.25944464
-0.674986666667 247.315478289
-0.669984 247.26077169
-0.664981333333 247.289954983
-0.659978666667 247.247158112
-0.654976 247.302254874
-0.649973333333 247.278311849
-0.644970666667 247.286564417
-0.639968 247.280039326
-0.634965333333 247.302203775
-0.629962666667 247.256722722
-0.62496 247.319739603
-0.619957333333 247.277029335
-0.614954666667 247.315309072
-0.609952 247.26185438
-0.604949333333 247.313447048
-0.599946666667 247.267360393
-0.594944 247.32131496
-0.589941333333 247.286168099
-0.584938666667 247.308490177
-0.579936 247.283423165
-0.574933333333 247.330634469
-0.569930666667 247.280289124
-0.564928 247.301808352
-0.559925333333 247.285768725
-0.554922666667 247.343915576
-0.54992 247.27522655
-0.544917333333 247.340106523
-0.539914666667 247.273433965
-0.534912 247.299066924
-0.529909333333 247.283275759
-0.524906666667 247.296655288
-0.519904 247.273817146
-0.514901333333 247.331232393
-0.509898666667 247.257333996
-0.504896 247.294058818
-0.499893333333 247.273180596
-0.494890666667 247.33183249
-0.489888 247.27499986
-0.484885333333 247.304738694
-0.479882666667 247.260636792
-0.47488 247.317280386
-0.469877333333 247.271716204
-0.464874666667 247.308584098
-0.459872 247.260620156
-0.454869333333 247.291724136
-0.449866666667 247.253159528
-0.444864 247.284459324
-0.439861333333 247.240900629
-0.434858666667 247.306415796
-0.429856 247.247079226
-0.424853333333 247.252715666
-0.419850666667 247.226751845
-0.414848 247.28928197
-0.409845333333 247.234833221
-0.404842666667 247.25877428
-0.39984 247.210007911
-0.394837333333 247.276230084
-0.389834666667 247.223452703
-0.384832 247.250707404
-0.379829333333 247.21578969
-0.374826666667 247.261742343
-0.369824 247.233992066
-0.364821333333 247.273429224
-0.359818666667 247.200960659
-0.354816 247.256617543
-0.349813333333 247.198702591
-0.344810666667 247.250551241
-0.339808 247.187053028
-0.334805333333 247.255408537
-0.329802666667 247.18889417
-0.3248 247.249784999
-0.319797333333 247.194150871
-0.314794666667 247.259162364
-0.309792 247.244385964
-0.304789333333 247.281549575
-0.299786666667 247.23110802
-0.294784 247.272049908
-0.289781333333 247.239847079
-0.284778666667 247.310400057
-0.279776 247.261698531
-0.274773333333 247.303199974
-0.269770666667 247.240823745
-0.264768 247.275684085
-0.259765333333 247.24152465
-0.254762666667 247.305062698
-0.24976 247.259610171
-0.244757333333 247.298029612
-0.239754666667 247.225327757
-0.234752 247.302957367
-0.229749333333 247.250082671
-0.224746666667 247.285316091
-0.219744 247.226419953
-0.214741333333 247.294212605
-0.209738666667 247.237236171
-0.204736 247.270883969
-0.199733333333 247.216559314
-0.194730666667 247.302387205
-0.189728 247.280057198
-0.184725333333 247.292496116
-0.179722666667 247.252715195
-0.17472 247.296033391
-0.169717333333 247.247046021
-0.164714666667 247.270650337
-0.159712 247.249285704
-0.154709333333 247.311990023
-0.149706666667 247.263642173
-0.144704 247.274163432
-0.139701333333 247.241555999
-0.134698666667 247.301148666
-0.129696 247.274370021
-0.124693333333 247.32441161
-0.119690666667 247.250879732
-0.114688 247.298375886
-0.109685333333 247.255382624
-0.104682666667 247.325129227
-0.09968 247.267305818
-0.0946773333333 247.336030663
-0.0896746666667 247.305315855
-0.084672 247.315268007
-0.0796693333333 247.275410243
-0.0746666666667 247.343292489
-0.069664 247.294233088
-0.0646613333333 247.341158393
-0.0596586666667 247.285494969
-0.054656 247.353875907
-0.0496533333333 247.310152545
-0.0446506666667 247.355440397
-0.039648 247.316987898
-0.0346453333333 247.386577492
-0.0296426666667 247.336521005
-0.02464 247.404589759
-0.0196373333333 247.346825788
-0.0146346666667 247.398416159
-0.009632 247.355409508
-0.00462933333333 247.404823727
