（-7.72374,1），（-3.71161,1）
-9.99995733333 267.31910781
-9.99495466667 267.217964178
-9.989952 267.293826037
-9.98494933333 267.181161713
-9.97994666667 267.257876119
-9.974944 267.163992576
-9.96994133333 267.256008845
-9.96493866667 267.136761377
-9.959936 267.212270699
-9.95493333333 267.147040062
-9.94993066667 267.215537461
-9.944928 267.138206714
-9.93992533333 267.21154933
-9.93492266667 267.118351038
-9.92992 267.228354411
-9.92491733333 267.128541008
-9.91991466667 267.190399537
-9.914912 267.14622864
-9.90990933333 267.223476617
-9.90490666667 267.127399562
-9.899904 267.216946525
-9.89490133333 267.110823209
-9.88989866667 267.205210528
-9.884896 267.095387744
-9.87989333333 267.198681763
-9.87489066667 267.102209268
-9.869888 267.224790167
-9.86488533333 267.099518677
-9.85988266667 267.159387747
-9.85488 267.096522444
-9.84987733333 267.177787569
-9.84487466667 267.119720819
-9.839872 267.215861424
-9.83486933333 267.1054938
-9.82986666667 267.196872618
-9.824864 267.134220753
-9.81986133333 267.216328897
-9.81485866667 267.137568
-9.809856 267.260252746
-9.80485333333 267.172339219
-9.79985066667 267.274873088
-9.794848 267.198618651
-9.78984533333 267.331279849
-9.78484266667 267.224188898
-9.77984 267.292863585
-9.77483733333 267.17459328
-9.76983466667 267.256139365
-9.764832 267.188071261
-9.75982933333 267.272816304
-9.75482666667 267.196767924
-9.749824 267.260779181
-9.74482133333 267.184929132
-9.73981866667 267.305133864
-9.734816 267.201105663
-9.72981333333 267.280019332
-9.72481066667 267.202587723
-9.719808 267.247005697
-9.71480533333 267.171813167
-9.70980266667 267.248458558
-9.7048 267.175730631
-9.69979733333 267.231764428
-9.69479466667 267.185619528
-9.689792 267.279509928
-9.68478933333 267.202275474
-9.67978666667 267.256332334
-9.674784 267.191755743
-9.66978133333 267.30459659
-9.66477866667 267.228718825
-9.659776 267.284698036
-9.65477333333 267.229835532
-9.64977066667 267.336457309
-9.644768 267.215024101
-9.63976533333 267.302738819
-9.63476266667 267.235483833
-9.62976 267.31456232
-9.62475733333 267.242700645
-9.61975466667 267.30570487
-9.614752 267.233636167
-9.60974933333 267.337275071
-9.60474666667 267.264234107
-9.599744 267.3497411
-9.59474133333 267.287100849
-9.58973866667 267.361812194
-9.584736 267.311035928
-9.57973333333 267.376957635
-9.57473066667 267.324768639
-9.569728 267.406509106
-9.56472533333 267.306479705
-9.55972266667 267.399906056
-9.55472 267.343911584
-9.54971733333 267.437966439
-9.54471466667 267.349558417
-9.539712 267.436957065
-9.53470933333 267.356557541
-9.52970666667 267.459977758
-9.524704 267.368752671
-9.51970133333 267.470555099
-9.51469866667 267.360719923
-9.509696 267.472371437
-9.50469333333 267.374788429
-9.49969066667 267.434135229
-9.494688 267.372306182
-9.48968533333 267.474276905
-9.48468266667 267.358366025
-9.47968 267.443502191
-9.47467733333 267.332109903
-9.46967466667 267.455262385
-9.464672 267.347916344
-9.45966933333 267.407235481
-9.45466666667 267.306260534
-9.449664 267.396432949
-9.44466133333 267.307466236
-9.43965866667 267.409295054
-9.434656 267.290278991
-9.42965333333 267.381852245
-9.42465066667 267.283850219
-9.419648 267.344423552
-9.41464533333 267.273801999
-9.40964266667 267.385344393
-9.40464 267.254702639
-9.39963733333 267.370133335
-9.39463466667 267.264119468
-9.389632 267.337614047
-9.38462933333 267.251101563
-9.37962666667 267.337884374
-9.374624 267.258808041
-9.36962133333 267.346619912
-9.36461866667 267.245401313
-9.359616 267.324896665
-9.35461333333 267.261079172
-9.34961066667 267.375868696
-9.344608 267.27705493
-9.33960533333 267.369841444
-9.33460266667 267.267176264
-9.3296 267.342978364
-9.32459733333 267.265164315
-9.31959466667 267.35546148
-9.314592 267.287372999
-9.30958933333 267.39711746
-9.30458666667 267.2963261
-9.299584 267.351616234
-9.29458133333 267.292799533
-9.28957866667 267.394356778
-9.284576 267.323106302
-9.27957333333 267.38171357
-9.27457066667 267.299142669
-9.269568 267.364629926
-9.26456533333 267.312005534
-9.25956266667 267.380265624
-9.25456 267.297739812
-9.24955733333 267.383115772
-9.24455466667 267.278443802
-9.239552 267.384845885
-9.23454933333 267.288444993
-9.22954666667 267.385772487
-9.224544 267.310567199
-9.21954133333 267.368228767
-9.21453866667 267.290890339
-9.209536 267.367632459
-9.20453333333 267.297611359
-9.19953066667 267.370352012
-9.194528 267.306449964
-9.18952533333 267.381864887
-9.18452266667 267.259418534
-9.17952 267.363313343
-9.17451733333 267.280725441
-9.16951466667 267.353981578
-9.164512 267.300291476
-9.15950933333 267.38257506
-9.15450666667 267.294573367
-9.149504 267.39595884
-9.14450133333 267.333802603
-9.13949866667 267.435655917
-9.134496 267.363499549
-9.12949333333 267.454654915
-9.12449066667 267.35602656
-9.119488 267.449117816
-9.11448533333 267.367789257
-9.10948266667 267.484735088
-9.10448 267.370879272
-9.09947733333 267.462997504
-9.09447466667 267.381060996
-9.089472 267.454066199
-9.08446933333 267.364218619
-9.07946666667 267.455329972
-9.074464 267.35653131
-9.06946133333 267.481258484
-9.06445866667 267.35213403
-9.059456 267.438335299
-9.05445333333 267.351064347
-9.04945066667 267.447833537
-9.044448 267.360155172
-9.03944533333 267.406127217
-9.03444266667 267.345461602
-9.02944 267.442341184
-9.02443733333 267.357931416
-9.01943466667 267.41537523
-9.014432 267.343827736
-9.00942933333 267.420716132
-9.00442666667 267.320268875
-8.999424 267.384085689
-8.99442133333 267.295895769
-8.98941866667 267.379929805
-8.984416 267.306748646
-8.97941333333 267.376007285
-8.97441066667 267.293671395
-8.969408 267.359322286
-8.96440533333 267.243618912
-8.95940266667 267.35933054
-8.9544 267.269604654
-8.94939733333 267.337924969
-8.94439466667 267.24487715
-8.939392 267.316133696
-8.93438933333 267.231995556
-8.92938666667 267.336794429
-8.924384 267.227245131
-8.91938133333 267.300932336
-8.91437866667 267.227576244
-8.909376 267.311469077
-8.90437333333 267.22732611
-8.89937066667 267.320879425
-8.894368 267.242351325
-8.88936533333 267.366082629
-8.88436266667 267.269083444
-8.87936 267.358154942
-8.87435733333 267.282780951
-8.86935466667 267.386376113
-8.864352 267.29650773
-8.85934933333 267.397437106
-8.85434666667 267.306955625
-8.849344 267.386407925
-8.84434133333 267.320000856
-8.83933866667 267.420320227
-8.834336 267.339027556
-8.82933333333 267.420157355
-8.82433066667 267.339138855
-8.819328 267.404734783
-8.81432533333 267.353773386
-8.80932266667 267.442653304
-8.80432 267.359305697
-8.79931733333 267.484502247
-8.79431466667 267.354981317
-8.789312 267.465164113
-8.78430933333 267.381370485
-8.77930666667 267.483736119
-8.774304 267.405855624
-8.76930133333 267.499857583
-8.76429866667 267.391245822
-8.759296 267.456773553
-8.75429333333 267.415647786
-8.74929066667 267.483866524
-8.744288 267.418312874
-8.73928533333 267.513583942
-8.73428266667 267.41109406
-8.72928 267.534908976
-8.72427733333 267.43098926
-8.71927466667 267.510607494
-8.714272 267.480839369
-8.70926933333 267.566938414
-8.70426666667 267.449012194
-8.699264 267.560640991
-8.69426133333 267.513417442
-8.68925866667 267.607244206
-8.684256 267.51200973
-8.67925333333 267.563566204
-8.67425066667 267.501829414
-8.669248 267.592837682
-8.66424533333 267.514245191
-8.65924266667 267.588275054
-8.65424 267.494140339
-8.64923733333 267.55414804
-8.64423466667 267.440991162
-8.639232 267.525434541
-8.63422933333 267.442376732
-8.62922666667 267.529410723
-8.624224 267.447058592
-8.61922133333 267.523216788
-8.61421866667 267.410803566
-8.609216 267.494411092
-8.60421333333 267.384204425
-8.59921066667 267.473493091
-8.594208 267.347299682
-8.58920533333 267.451495935
-8.58420266667 267.323062839
-8.5792 267.401167766
-8.57419733333 267.305862828
-8.56919466667 267.377514565
-8.564192 267.280710753
-8.55918933333 267.369828813
-8.55418666667 267.2540465
-8.549184 267.338828234
-8.54418133333 267.2577492
-8.53917866667 267.31299323
-8.534176 267.190626082
-8.52917333333 267.256038876
-8.52417066667 267.185043871
-8.519168 267.261930894
-8.51416533333 267.148099376
-8.50916266667 267.246685177
-8.50416 267.096832029
-8.49915733333 267.158683714
-8.49415466667 267.070842345
-8.489152 267.159672096
-8.48414933333 267.053749189
-8.47914666667 267.141844411
-8.474144 267.022411963
-8.46914133333 267.086919354
-8.46413866667 266.977047729
-8.459136 267.047861656
-8.45413333333 266.94944794
-8.44913066667 267.029458823
-8.444128 266.891216082
-8.43912533333 266.948731899
-8.43412266667 266.868087738
-8.42912 266.927599561
-8.42411733333 266.810115697
-8.41911466667 266.907712577
-8.414112 266.802774497
-8.40910933333 266.859648135
-8.40410666667 266.762085156
-8.399104 266.836193848
-8.39410133333 266.75783979
-8.38909866667 266.840484298
-8.384096 266.743727865
-8.37909333333 266.784453182
-8.37409066667 266.685544539
-8.369088 266.758273159
-8.36408533333 266.639657264
-8.35908266667 266.73756087
-8.35408 266.625728787
-8.34907733333 266.697057999
-8.34407466667 266.572623697
-8.339072 266.618007191
-8.33406933333 266.528773605
-8.32906666667 266.587315432
-8.324064 266.482428802
-8.31906133333 266.547231061
-8.31405866667 266.444554707
-8.309056 266.525850936
-8.30405333333 266.416790941
-8.29905066667 266.502932226
-8.294048 266.429815111
-8.28904533333 266.510106343
-8.28404266667 266.404226459
-8.27904 266.52418292
-8.27403733333 266.42992773
-8.26903466667 266.501989473
-8.264032 266.396699173
-8.25902933333 266.43649353
-8.25402666667 266.360778012
-8.249024 266.451926152
-8.24402133333 266.357257652
-8.23901866667 266.435579387
-8.234016 266.339950823
-8.22901333333 266.457273364
-8.22401066667 266.329965693
-8.219008 266.402663032
-8.21400533333 266.319039886
-8.20900266667 266.389205519
-8.204 266.310370257
-8.19899733333 266.389070856
-8.19399466667 266.288745936
-8.188992 266.436982597
-8.18398933333 266.319256923
-8.17898666667 266.409322313
-8.173984 266.342571751
-8.16898133333 266.447730128
-8.16397866667 266.332700208
-8.158976 266.464282775
-8.15397333333 266.384631328
-8.14897066667 266.489178451
-8.143968 266.400530151
-8.13896533333 266.488124478
-8.13396266667 266.408427278
-8.12896 266.54424714
-8.12395733333 266.402045523
-8.11895466667 266.504189511
-8.113952 266.406348114
-8.10894933333 266.529719137
-8.10394666667 266.377415102
-8.098944 266.490563751
-8.09394133333 266.395501161
-8.08893866667 266.477584224
-8.083936 266.359977477
-8.07893333333 266.444254037
-8.07393066667 266.333440973
-8.068928 266.462161136
-8.06392533333 266.339318895
-8.05892266667 266.421545634
-8.05392 266.297325308
-8.04891733333 266.389405391
-8.04391466667 266.320215647
-8.038912 266.430880573
-8.03390933333 266.306790359
-8.02890666667 266.397699551
-8.023904 266.296809136
-8.01890133333 266.397155389
-8.01389866667 266.291062878
-8.008896 266.378502977
-8.00389333333 266.282259176
-7.99889066667 266.359938084
-7.993888 266.234699782
-7.98888533333 266.337542865
-7.98388266667 266.228674467
-7.97888 266.284897491
-7.97387733333 266.200283482
-7.96887466667 266.270286863
-7.963872 266.144355511
-7.95886933333 266.222064643
-7.95386666667 266.108205986
-7.948864 266.191606487
-7.94386133333 266.075047437
-7.93885866667 266.152311879
-7.933856 266.051707928
-7.92885333333 266.151015483
-7.92385066667 266.065301205
-7.918848 266.123888458
-7.91384533333 266.030691405
-7.90884266667 266.108460079
-7.90384 266.023172213
-7.89883733333 266.113119155
-7.89383466667 266.017594222
-7.888832 266.138161342
-7.88382933333 266.045286594
-7.87882666667 266.157712889
-7.873824 266.0574174
-7.86882133333 266.161376461
-7.86381866667 266.057154228
-7.858816 266.144717233
-7.85381333333 266.054165203
-7.84881066667 266.152368226
-7.843808 266.05076007
-7.83880533333 266.133618647
-7.83380266667 266.048940036
-7.8288 266.143061952
-7.82379733333 266.053663292
-7.81879466667 266.123697243
-7.813792 266.034559849
-7.80878933333 266.153101784
-7.80378666667 266.086832197
-7.798784 266.196708114
-7.79378133333 266.104406328
-7.78877866667 266.183979239
-7.783776 266.089001566
-7.77877333333 266.186900692
-7.77377066667 266.112065122
-7.768768 266.2075663
-7.76376533333 266.103536679
-7.75876266667 266.179555942
-7.75376 266.118105774
-7.74875733333 266.193293843
-7.74375466667 266.129173257
-7.738752 266.219484182
-7.73374933333 266.131369009
-7.72874666667 266.238025999
-7.723744 266.154243606
-7.71874133333 266.249348119
-7.71373866667 266.173766524
-7.708736 266.297441287
-7.70373333333 266.175343838
-7.69873066667 266.235595292
-7.693728 266.161992292
-7.68872533333 266.224062688
-7.68372266667 266.155769431
-7.67872 266.251448857
-7.67371733333 266.118302536
-7.66871466667 266.178897844
-7.663712 266.100306575
-7.65870933333 266.187160019
-7.65370666667 266.111619777
-7.648704 266.206406998
-7.64370133333 266.118390323
-7.63869866667 266.206460318
-7.633696 266.083044808
-7.62869333333 266.178834241
-7.62369066667 266.115611656
-7.618688 266.170858503
-7.61368533333 266.079830532
-7.60868266667 266.128268896
-7.60368 266.037497082
-7.59867733333 266.148454925
-7.59367466667 266.017665386
-7.588672 266.156416557
-7.58366933333 266.042274972
-7.57866666667 266.09301447
-7.573664 266.00944571
-7.56866133333 266.120700218
-7.56365866667 266.015007609
-7.558656 266.104268069
-7.55365333333 266.028230319
-7.54865066667 266.125782738
-7.543648 266.024504616
-7.53864533333 266.125408217
-7.53364266667 266.040737657
-7.52864 266.138942672
-7.52363733333 266.057665093
-7.51863466667 266.134383716
-7.513632 266.061265574
-7.50862933333 266.168252819
-7.50362666667 266.095063736
-7.498624 266.170187172
-7.49362133333 266.07740877
-7.48861866667 266.16896802
-7.483616 266.081855733
-7.47861333333 266.185591157
-7.47361066667 266.102675807
-7.468608 266.219790371
-7.46360533333 266.105405322
-7.45860266667 266.186463959
-7.4536 266.088431346
-7.44859733333 266.219133794
-7.44359466667 266.131851062
-7.438592 266.201082676
-7.43358933333 266.140861461
-7.42858666667 266.239031108
-7.423584 266.130322452
-7.41858133333 266.229294153
-7.41357866667 266.128369571
-7.408576 266.21677584
-7.40357333333 266.140211014
-7.39857066667 266.186842409
-7.393568 266.111513984
-7.38856533333 266.21704402
-7.38356266667 266.111739911
-7.37856 266.204815499
-7.37355733333 266.092512768
-7.36855466667 266.17352286
-7.363552 266.079160911
-7.35854933333 266.182029457
-7.35354666667 266.087219957
-7.348544 266.160677836
-7.34354133333 266.078126564
-7.33853866667 266.183611364
-7.333536 266.088040063
-7.32853333333 266.182492023
-7.32353066667 266.104109471
-7.318528 266.198236417
-7.31352533333 266.129914168
-7.30852266667 266.248252933
-7.30352 266.175459859
-7.29851733333 266.27672046
-7.29351466667 266.210523892
-7.288512 266.341093742
-7.28350933333 266.28572673
-7.27850666667 266.425443934
-7.273504 266.378315263
-7.26850133333 266.571967866
-7.26349866667 266.527375594
-7.258496 266.679390309
-7.25349333333 266.62286749
-7.24849066667 266.796729765
-7.243488 266.758119144
-7.23848533333 266.909661125
-7.23348266667 266.914375241
-7.22848 267.095446453
-7.22347733333 267.053962621
-7.21847466667 267.236506062
-7.213472 267.1923673
-7.20846933333 267.35945805
-7.20346666667 267.307079349
-7.198464 267.467057395
-7.19346133333 267.372548928
-7.18845866667 267.478788666
-7.183456 267.377221394
-7.17845333333 267.498228158
-7.17345066667 267.431340774
-7.168448 267.510061965
-7.16344533333 267.421934748
-7.15844266667 267.505370308
-7.15344 267.411883832
-7.14843733333 267.511049953
-7.14343466667 267.353306079
-7.138432 267.444572751
-7.13342933333 267.29685298
-7.12842666667 267.343204697
-7.123424 267.21375015
-7.11842133333 267.220656639
-7.11341866667 267.092671828
-7.108416 267.118543496
-7.10341333333 266.97355949
-7.09841066667 267.041845025
-7.093408 266.891269148
-7.08840533333 266.933086974
-7.08340266667 266.770712776
-7.0784 266.813361042
-7.07339733333 266.66267277
-7.06839466667 266.699269019
-7.063392 266.606749433
-7.05838933333 266.663841163
-7.05338666667 266.553297567
-7.048384 266.58707127
-7.04338133333 266.456138227
-7.03837866667 266.541258102
-7.033376 266.427505198
-7.02837333333 266.486483251
-7.02337066667 266.405415342
-7.018368 266.448654793
-7.01336533333 266.361414309
-7.00836266667 266.463497817
-7.00336 266.345273635
-6.99835733333 266.44090899
-6.99335466667 266.3425633
-6.988352 266.448037375
-6.98334933333 266.335782309
-6.97834666667 266.43674649
-6.973344 266.349785515
-6.96834133333 266.408912909
-6.96333866667 266.305953257
-6.958336 266.418696767
-6.95333333333 266.320142588
-6.94833066667 266.416332314
-6.943328 266.335689256
-6.93832533333 266.426835272
-6.93332266667 266.340345612
-6.92832 266.41277204
-6.92331733333 266.319592568
-6.91831466667 266.416878919
-6.913312 266.328162914
-6.90830933333 266.431535546
-6.90330666667 266.331299159
-6.898304 266.391442378
-6.89330133333 266.319551014
-6.88829866667 266.416678088
-6.883296 266.318716984
-6.87829333333 266.404699551
-6.87329066667 266.32095068
-6.868288 266.399740787
-6.86328533333 266.277013391
-6.85828266667 266.379901181
-6.85328 266.281614398
-6.84827733333 266.388050804
-6.84327466667 266.242156393
-6.838272 266.28254361
-6.83326933333 266.20076545
-6.82826666667 266.275507278
-6.823264 266.104200579
-6.81826133333 266.21066538
-6.81325866667 266.105017836
-6.808256 266.180096647
-6.80325333333 266.056591349
-6.79825066667 266.125284691
-6.793248 266.019497882
-6.78824533333 266.124164649
-6.78324266667 265.962872978
-6.77824 266.076040266
-6.77323733333 265.938667413
-6.76823466667 265.994276689
-6.763232 265.829127035
-6.75822933333 265.892362245
-6.75322666667 265.784790389
-6.748224 265.854493902
-6.74322133333 265.749318268
-6.73821866667 265.828970055
-6.733216 265.7687249
-6.72821333333 265.891705503
-6.72321066667 265.789093708
-6.718208 265.892403969
-6.71320533333 265.81268303
-6.70820266667 265.908493219
-6.7032 265.855502347
-6.69819733333 265.992626262
-6.69319466667 265.905540663
-6.688192 266.061291066
-6.68318933333 265.991393271
-6.67818666667 266.126084354
-6.673184 266.05333056
-6.66818133333 266.180634237
-6.66317866667 266.079050746
-6.658176 266.171052772
-6.65317333333 266.102292215
-6.64817066667 266.172096201
-6.643168 266.083955536
-6.63816533333 266.201000068
-6.63316266667 266.083745761
-6.62816 266.164059247
-6.62315733333 266.057663346
-6.61815466667 266.116866255
-6.613152 266.03027054
-6.60814933333 266.132211215
-6.60314666667 265.997531094
-6.598144 266.080891843
-6.59314133333 265.988099586
-6.58813866667 266.103477054
-6.583136 266.005848014
-6.57813333333 266.094634193
-6.57313066667 265.976386099
-6.568128 266.081340621
-6.56312533333 265.99325122
-6.55812266667 266.049201679
-6.55312 265.953601919
-6.54811733333 266.03125758
-6.54311466667 265.89064121
-6.538112 265.984189732
-6.53310933333 265.869243369
-6.52810666667 265.982319516
-6.523104 265.85147277
-6.51810133333 265.915146251
-6.51309866667 265.802889625
-6.508096 265.896010329
-6.50309333333 265.781270069
-6.49809066667 265.857401404
-6.493088 265.750986159
-6.48808533333 265.841470911
-6.48308266667 265.712345691
-6.47808 265.827735008
-6.47307733333 265.74614376
-6.46807466667 265.860525513
-6.463072 265.754639009
-6.45806933333 265.840218862
-6.45306666667 265.767624212
-6.448064 265.889998006
-6.44306133333 265.800170093
-6.43805866667 265.894045183
-6.433056 265.807532012
-6.42805333333 265.923984938
-6.42305066667 265.823819527
-6.418048 265.913563829
-6.41304533333 265.84361079
-6.40804266667 265.962366993
-6.40304 265.872426441
-6.39803733333 265.95795677
-6.39303466667 265.882965858
-6.388032 265.994027078
-6.38302933333 265.907767766
-6.37802666667 266.013708788
-6.373024 265.927821942
-6.36802133333 266.025920194
-6.36301866667 265.923630698
-6.358016 266.035108219
-6.35301333333 265.96650827
-6.34801066667 266.080369929
-6.343008 266.022227635
-6.33800533333 266.075595979
-6.33300266667 266.011306418
-6.328 266.137354345
-6.32299733333 266.051307944
-6.31799466667 266.143577441
-6.312992 266.060074698
-6.30798933333 266.166385017
-6.30298666667 266.041792508
-6.297984 266.153973466
-6.29298133333 266.093953589
-6.28797866667 266.2088893
-6.282976 266.105225641
-6.27797333333 266.20699054
-6.27297066667 266.106218291
-6.267968 266.21736458
-6.26296533333 266.121536216
-6.25796266667 266.232885696
-6.25296 266.156979603
-6.24795733333 266.261798386
-6.24295466667 266.158559325
-6.237952 266.255183658
-6.23294933333 266.184699164
-6.22794666667 266.282560338
-6.222944 266.194472539
-6.21794133333 266.284366003
-6.21293866667 266.186466916
-6.207936 266.279409746
-6.20293333333 266.204186516
-6.19793066667 266.281978915
-6.192928 266.1984131
-6.18792533333 266.296022441
-6.18292266667 266.197123011
-6.17792 266.299237235
-6.17291733333 266.236575339
-6.16791466667 266.325598138
-6.162912 266.249146564
-6.15790933333 266.294072017
-6.15290666667 266.242984781
-6.147904 266.359995204
-6.14290133333 266.252175908
-6.13789866667 266.323350311
-6.132896 266.236924542
-6.12789333333 266.329510524
-6.12289066667 266.215994047
-6.117888 266.337803447
-6.11288533333 266.224683415
-6.10788266667 266.316959193
-6.10288 266.22453808
-6.09787733333 266.330224961
-6.09287466667 266.223992141
-6.087872 266.33087612
-6.08286933333 266.234979913
-6.07786666667 266.298806745
-6.072864 266.234970438
-6.06786133333 266.300323529
-6.06285866667 266.218468525
-6.057856 266.312807941
-6.05285333333 266.218969997
-6.04785066667 266.327056084
-6.042848 266.214107853
-6.03784533333 266.327206813
-6.03284266667 266.229991804
-6.02784 266.342163611
-6.02283733333 266.251415172
-6.01783466667 266.338403733
-6.012832 266.26696584
-6.00782933333 266.380100059
-6.00282666667 266.272327583
-5.997824 266.375078098
-5.99282133333 266.297841111
-5.98781866667 266.374551048
-5.982816 266.299823699
-5.97781333333 266.40326536
-5.97281066667 266.311315937
-5.967808 266.421798955
-5.96280533333 266.315704307
-5.95780266667 266.408259683
-5.9528 266.323023174
-5.94779733333 266.412036437
-5.94279466667 266.319808787
-5.937792 266.40442065
-5.93278933333 266.337036598
-5.92778666667 266.422981655
-5.922784 266.329335894
-5.91778133333 266.408575965
-5.91277866667 266.333159783
-5.907776 266.422510536
-5.90277333333 266.398419783
-5.89777066667 266.480982543
-5.892768 266.420522096
-5.88776533333 266.559184191
-5.88276266667 266.487975169
-5.87776 266.588352785
-5.87275733333 266.558977969
-5.86775466667 266.681217595
-5.862752 266.632074435
-5.85774933333 266.751914466
-5.85274666667 266.670328106
-5.847744 266.768463715
-5.84274133333 266.663818485
-5.83773866667 266.72074016
-5.832736 266.59433974
-5.82773333333 266.675124273
-5.82273066667 266.545812133
-5.817728 266.582220707
-5.81272533333 266.474057437
-5.80772266667 266.534573033
-5.80272 266.406899382
-5.79771733333 266.482260642
-5.79271466667 266.363068096
-5.787712 266.464933408
-5.78270933333 266.342354301
-5.77770666667 266.432404584
-5.772704 266.32941961
-5.76770133333 266.484602899
-5.76269866667 266.369586078
-5.757696 266.477825852
-5.75269333333 266.388947092
-5.74769066667 266.482305141
-5.742688 266.384323294
-5.73768533333 266.476432595
-5.73268266667 266.413789921
-5.72768 266.511562364
-5.72267733333 266.411084601
-5.71767466667 266.467586049
-5.712672 266.411385972
-5.70766933333 266.515507382
-5.70266666667 266.411014894
-5.697664 266.508423911
-5.69266133333 266.393416191
-5.68765866667 266.499770373
-5.682656 266.362951706
-5.67765333333 266.473520697
-5.67265066667 266.370695779
-5.667648 266.47740687
-5.66264533333 266.333025284
-5.65764266667 266.434014185
-5.65264 266.321307716
-5.64763733333 266.426621331
-5.64263466667 266.327360277
-5.637632 266.429958048
-5.63262933333 266.313822913
-5.62762666667 266.399800303
-5.622624 266.314970053
-5.61762133333 266.400776418
-5.61261866667 266.334701265
-5.607616 266.428641146
-5.60261333333 266.304938877
-5.59761066667 266.393695318
-5.592608 266.303637206
-5.58760533333 266.410095708
-5.58260266667 266.306593034
-5.5776 266.420522731
-5.57259733333 266.299397381
-5.56759466667 266.408804935
-5.562592 266.301404423
-5.55758933333 266.421790064
-5.55258666667 266.374838619
-5.547584 266.4705785
-5.54258133333 266.347802675
-5.53757866667 266.482526756
-5.532576 266.373567456
-5.52757333333 266.474190524
-5.52257066667 266.398434666
-5.517568 266.520951043
-5.51256533333 266.405332001
-5.50756266667 266.509564263
-5.50256 266.406717066
-5.49755733333 266.524633786
-5.49255466667 266.453326076
-5.487552 266.567487034
-5.48254933333 266.476169525
-5.47754666667 266.571508634
-5.472544 266.53097275
-5.46754133333 266.640790484
-5.46253866667 266.571284484
-5.457536 266.670426455
-5.45253333333 266.576562002
-5.44753066667 266.690798485
-5.442528 266.564717698
-5.43752533333 266.668958256
-5.43252266667 266.570956234
-5.42752 266.668147896
-5.42251733333 266.556483152
-5.41751466667 266.643642778
-5.412512 266.556734395
-5.40750933333 266.6800563
-5.40250666667 266.581619898
-5.397504 266.637090647
-5.39250133333 266.534116771
-5.38749866667 266.630777672
-5.382496 266.544051548
-5.37749333333 266.62271318
-5.37249066667 266.528402036
-5.367488 266.637150806
-5.36248533333 266.498197481
-5.35748266667 266.593343153
-5.35248 266.505337388
-5.34747733333 266.593796589
-5.34247466667 266.477098122
-5.337472 266.593847001
-5.33246933333 266.485981756
-5.32746666667 266.595753984
-5.322464 266.529917758
-5.31746133333 266.648851941
-5.31245866667 266.593963236
-5.307456 266.710365118
-5.30245333333 266.581139695
-5.29745066667 266.676595874
-5.292448 266.610161572
-5.28744533333 266.706625718
-5.28244266667 266.623134433
-5.27744 266.730420586
-5.27243733333 266.635814768
-5.26743466667 266.722330902
-5.262432 266.619882817
-5.25742933333 266.721736241
-5.25242666667 266.595873332
-5.247424 266.710813314
-5.24242133333 266.612753689
-5.23741866667 266.699467797
-5.232416 266.636219462
-5.22741333333 266.75765094
-5.22241066667 266.640770698
-5.217408 266.710280741
-5.21240533333 266.611202681
-5.20740266667 266.747214904
-5.2024 266.63114848
-5.19739733333 266.734350078
-5.19239466667 266.633550558
-5.187392 266.774754371
-5.18238933333 266.62529765
-5.17738666667 266.718680436
-5.172384 266.605121308
-5.16738133333 266.717967238
-5.16237866667 266.598306995
-5.157376 266.655049507
-5.15237333333 266.56701174
-5.14737066667 266.644259267
-5.142368 266.555696699
-5.13736533333 266.664754567
-5.13236266667 266.556265331
-5.12736 266.619244848
-5.12235733333 266.537795421
-5.11735466667 266.632351185
-5.112352 266.548907141
-5.10734933333 266.639390517
-5.10234666667 266.534011857
-5.097344 266.636450893
-5.09234133333 266.524860641
-5.08733866667 266.637702242
-5.082336 266.521868074
-5.07733333333 266.649073185
-5.07233066667 266.534893182
-5.067328 266.617899522
-5.06232533333 266.525093255
-5.05732266667 266.605042507
-5.05232 266.49493659
-5.04731733333 266.612948047
-5.04231466667 266.497365318
-5.037312 266.615731546
-5.03230933333 266.51175892
-5.02730666667 266.595385181
-5.022304 266.518495751
-5.01730133333 266.594106314
-5.01229866667 266.486790954
-5.007296 266.594758166
-5.00229333333 266.491532269
-4.99729066667 266.598416927
-4.992288 266.477797121
-4.98728533333 266.585214406
-4.98228266667 266.466809423
-4.97728 266.57070065
-4.97227733333 266.460955075
-4.96727466667 266.582662314
-4.962272 266.483480768
-4.95726933333 266.586688524
-4.95226666667 266.482524381
-4.947264 266.591960224
-4.94226133333 266.47301929
-4.93725866667 266.561219125
-4.932256 266.476274857
-4.92725333333 266.600147428
-4.92225066667 266.469519478
-4.917248 266.576172482
-4.91224533333 266.463927672
-4.90724266667 266.563875383
-4.90224 266.477034075
-4.89723733333 266.587244275
-4.89223466667 266.497766428
-4.887232 266.595878411
-4.88222933333 266.497553643
-4.87722666667 266.617705397
-4.872224 266.519544099
-4.86722133333 266.60216978
-4.86221866667 266.493317129
-4.857216 266.587920292
-4.85221333333 266.481513413
-4.84721066667 266.607237195
-4.842208 266.50172052
-4.83720533333 266.585549796
-4.83220266667 266.499585215
-4.8272 266.569121454
-4.82219733333 266.453287678
-4.81719466667 266.60304668
-4.812192 266.498556188
-4.80718933333 266.602926573
-4.80218666667 266.49260535
-4.797184 266.59832672
-4.79218133333 266.527700249
-4.78717866667 266.646288971
-4.782176 266.519512712
-4.77717333333 266.624777357
-4.77217066667 266.536426283
-4.767168 266.629591902
-4.76216533333 266.518126424
-4.75716266667 266.640748152
-4.75216 266.534310205
-4.74715733333 266.622136032
-4.74215466667 266.51715269
-4.737152 266.593258035
-4.73214933333 266.517690959
-4.72714666667 266.648686932
-4.722144 266.540285731
-4.71714133333 266.648165947
-4.71213866667 266.564278973
-4.707136 266.674430122
-4.70213333333 266.542372179
-4.69713066667 266.673866341
-4.692128 266.583175231
-4.68712533333 266.707547038
-4.68212266667 266.598921237
-4.67712 266.72256926
-4.67211733333 266.665035054
-4.66711466667 266.790752611
-4.662112 266.682580023
-4.65710933333 266.808165588
-4.65210666667 266.717872008
-4.647104 266.838954332
-4.64210133333 266.748390449
-4.63709866667 266.856591729
-4.632096 266.773457093
-4.62709333333 266.90134454
-4.62209066667 266.791321634
-4.617088 266.909361276
-4.61208533333 266.801372605
-4.60708266667 266.896638201
-4.60208 266.842645994
-4.59707733333 266.900045356
-4.59207466667 266.795623545
-4.587072 266.86803064
-4.58206933333 266.747213636
-4.57706666667 266.844885051
-4.572064 266.764241484
-4.56706133333 266.848944891
-4.56205866667 266.741447599
-4.557056 266.825715747
-4.55205333333 266.724853119
-4.54705066667 266.827372545
-4.542048 266.698635116
-4.53704533333 266.790914416
-4.53204266667 266.683786033
-4.52704 266.788551114
-4.52203733333 266.668700785
-4.51703466667 266.762700093
-4.512032 266.672283072
-4.50702933333 266.75390663
-4.50202666667 266.617066492
-4.497024 266.735381973
-4.49202133333 266.59225263
-4.48701866667 266.686709248
-4.482016 266.570259792
-4.47701333333 266.626609548
-4.47201066667 266.52533562
-4.467008 266.637436086
-4.46200533333 266.488172893
-4.45700266667 266.619530789
-4.452 266.531883573
-4.44699733333 266.595980933
-4.44199466667 266.5091942
-4.436992 266.567309869
-4.43198933333 266.479966911
-4.42698666667 266.596244984
-4.421984 266.500321243
-4.41698133333 266.576339907
-4.41197866667 266.456683037
-4.406976 266.5692627
-4.40197333333 266.433942066
-4.39697066667 266.529348912
-4.391968 266.428956297
-4.38696533333 266.48384716
-4.38196266667 266.382109205
-4.37696 266.479210037
-4.37195733333 266.344794323
-4.36695466667 266.434926591
-4.361952 266.346190241
-4.35694933333 266.412913885
-4.35194666667 266.31524575
-4.346944 266.416597494
-4.34194133333 266.305071153
-4.33693866667 266.404268685
-4.331936 266.290692051
-4.32693333333 266.373453729
-4.32193066667 266.285815351
-4.316928 266.374738082
-4.31192533333 266.269643086
-4.30692266667 266.387735919
-4.30192 266.264472827
-4.29691733333 266.367625862
-4.29191466667 266.252650525
-4.286912 266.35144596
-4.28190933333 266.236183047
-4.27690666667 266.304211849
-4.271904 266.232567339
-4.26690133333 266.293871087
-4.26189866667 266.171219804
-4.256896 266.24876393
-4.25189333333 266.186938631
-4.24689066667 266.285586506
-4.241888 266.179404886
-4.23688533333 266.28538035
-4.23188266667 266.187285276
-4.22688 266.31232189
-4.22187733333 266.171095378
-4.21687466667 266.289994454
-4.211872 266.175318094
-4.20686933333 266.319702901
-4.20186666667 266.176689731
-4.196864 266.294609096
-4.19186133333 266.223009051
-4.18685866667 266.338792284
-4.181856 266.22765825
-4.17685333333 266.338133525
-4.17185066667 266.211753431
-4.166848 266.335089991
-4.16184533333 266.234491347
-4.15684266667 266.353874645
-4.15184 266.268304122
-4.14683733333 266.389205618
-4.14183466667 266.267789458
-4.136832 266.372351675
-4.13182933333 266.280775998
-4.12682666667 266.41420669
-4.121824 266.31311595
-4.11682133333 266.397557707
-4.11181866667 266.298842821
-4.106816 266.431244688
-4.10181333333 266.331792628
-4.09681066667 266.412669068
-4.091808 266.325014934
-4.08680533333 266.430613722
-4.08180266667 266.321613166
-4.0768 266.458978744
-4.07179733333 266.327104954
-4.06679466667 266.466905099
-4.061792 266.3329726
-4.05678933333 266.415709638
-4.05178666667 266.319342183
-4.046784 266.459139376
-4.04178133333 266.329631613
-4.03677866667 266.422011917
-4.031776 266.330640247
-4.02677333333 266.420638306
-4.02177066667 266.328781946
-4.016768 266.469704728
-4.01176533333 266.369391235
-4.00676266667 266.487417106
-4.00176 266.387913936
-3.99675733333 266.469993166
-3.99175466667 266.378562438
-3.986752 266.491611524
-3.98174933333 266.410122954
-3.97674666667 266.517404223
-3.971744 266.422569019
-3.96674133333 266.525792806
-3.96173866667 266.416715995
-3.956736 266.544569429
-3.95173333333 266.447639231
-3.94673066667 266.551163299
-3.941728 266.438719705
-3.93672533333 266.544573565
-3.93172266667 266.44242212
-3.92672 266.551517889
-3.92171733333 266.426014182
-3.91671466667 266.559943352
-3.911712 266.442646495
-3.90670933333 266.560829458
-3.90170666667 266.43927612
-3.896704 266.560195412
-3.89170133333 266.462853484
-3.88669866667 266.553549135
-3.881696 266.450070123
-3.87669333333 266.534101101
-3.87169066667 266.456564331
-3.866688 266.5498085
-3.86168533333 266.427940615
-3.85668266667 266.518198062
-3.85168 266.404292761
-3.84667733333 266.515679022
-3.84167466667 266.407882335
-3.836672 266.482366438
-3.83166933333 266.397591266
-3.82666666667 266.473264114
-3.821664 266.349736456
-3.81666133333 266.446251801
-3.81165866667 266.317794809
-3.806656 266.417433155
-3.80165333333 266.307749439
-3.79665066667 266.413191263
-3.791648 266.303099262
-3.78664533333 266.395787768
-3.78164266667 266.282523598
-3.77664 266.383340111
-3.77163733333 266.309079388
-3.76663466667 266.415418761
-3.761632 266.290944802
-3.75662933333 266.398019295
-3.75162666667 266.330134944
-3.746624 266.428411164
-3.74162133333 266.307286318
-3.73661866667 266.403391302
-3.731616 266.315341524
-3.72661333333 266.403013299
-3.72161066667 266.307133706
-3.716608 266.419094868
-3.71160533333 266.307983376
-3.70660266667 266.409208901
-3.7016 266.292933571
-3.69659733333 266.412891143
-3.69159466667 266.299790978
-3.686592 266.412101579
-3.68158933333 266.310415789
-3.67658666667 266.411717399
-3.671584 266.320018947
-3.66658133333 266.43338689
-3.66157866667 266.31520619
-3.656576 266.432463273
-3.65157333333 266.313573673
-3.64657066667 266.423306652
-3.641568 266.287133768
-3.63656533333 266.410208285
-3.63156266667 266.296990074
-3.62656 266.392757317
-3.62155733333 266.282817165
-3.61655466667 266.375762601
-3.611552 266.262134401
-3.60654933333 266.386134648
-3.60154666667 266.277830435
-3.596544 266.36042487
-3.59154133333 266.267457696
-3.58653866667 266.356724148
-3.581536 266.253091747
-3.57653333333 266.37478561
-3.57153066667 266.26845526
-3.566528 266.365752258
-3.56152533333 266.254684816
-3.55652266667 266.354571277
-3.55152 266.266954642
-3.54651733333 266.360519535
-3.54151466667 266.269800379
-3.536512 266.364144631
-3.53150933333 266.282040918
-3.52650666667 266.369390768
-3.521504 266.249967103
-3.51650133333 266.371770932
-3.51149866667 266.277862425
-3.506496 266.382791093
-3.50149333333 266.257181792
-3.49649066667 266.377277426
-3.491488 266.279665556
-3.48648533333 266.385708345
-3.48148266667 266.295267836
-3.47648 266.389595739
-3.47147733333 266.267994482
-3.46647466667 266.3959832
-3.461472 266.275428862
-3.45646933333 266.380649155
-3.45146666667 266.295874285
-3.446464 266.400308043
-3.44146133333 266.293708965
-3.43645866667 266.385400649
-3.431456 266.299571534
-3.42645333333 266.424735236
-3.42145066667 266.321297551
-3.416448 266.419929554
-3.41144533333 266.325557225
-3.40644266667 266.439206178
-3.40144 266.339947505
-3.39643733333 266.442500211
-3.39143466667 266.366693919
-3.386432 266.47858195
-3.38142933333 266.370408869
-3.37642666667 266.481488018
-3.371424 266.384390636
-3.36642133333 266.515893675
-3.36141866667 266.433248047
-3.356416 266.557236441
-3.35141333333 266.453957857
-3.34641066667 266.575929425
-3.341408 266.502880865
-3.33640533333 266.652703691
-3.33140266667 266.566217946
-3.3264 266.732838226
-3.32139733333 266.670659355
-3.31639466667 266.821257498
-3.311392 266.763283527
-3.30638933333 266.927029079
-3.30138666667 266.871720116
-3.296384 267.042932293
-3.29138133333 266.981492647
-3.28637866667 267.135028309
-3.281376 267.056510835
-3.27637333333 267.254489575
-3.27137066667 267.18542653
-3.266368 267.334285074
-3.26136533333 267.246672122
-3.25636266667 267.365009982
-3.25136 267.295945499
-3.24635733333 267.444314965
-3.24135466667 267.331270083
-3.236352 267.423972838
-3.23134933333 267.338406397
-3.22634666667 267.449507303
-3.221344 267.318515408
-3.21634133333 267.41319127
-3.21133866667 267.28822338
-3.206336 267.372772259
-3.20133333333 267.223479524
-3.19633066667 267.3590959
-3.191328 267.222494699
-3.18632533333 267.273336303
-3.18132266667 267.121440014
-3.17632 267.21135603
-3.17131733333 267.070434419
-3.16631466667 267.136752682
-3.161312 266.970259064
-3.15630933333 267.029442954
-3.15130666667 266.892009967
-3.146304 266.940813425
-3.14130133333 266.756087842
-3.13629866667 266.824383142
-3.131296 266.706056214
-3.12629333333 266.774705697
-3.12129066667 266.644031584
-3.116288 266.717398937
-3.11128533333 266.583574985
-3.10628266667 266.715694366
-3.10128 266.661534825
-3.09627733333 266.75415958
-3.09127466667 266.65150925
-3.086272 266.74280547
-3.08126933333 266.612955773
-3.07626666667 266.725917181
-3.071264 266.635033826
-3.06626133333 266.725770726
-3.06125866667 266.522661773
-3.056256 266.614126395
-3.05125333333 266.502652313
-3.04625066667 266.608612629
-3.041248 266.486329635
-3.03624533333 266.578399221
-3.03124266667 266.474879533
-3.02624 266.557925574
-3.02123733333 266.438134898
-3.01623466667 266.543843822
-3.011232 266.449480088
-3.00622933333 266.57517868
-3.00122666667 266.452731115
-2.996224 266.553792526
-2.99122133333 266.478716327
-2.98621866667 266.590754363
-2.981216 266.478441466
-2.97621333333 266.598542485
-2.97121066667 266.478421748
-2.966208 266.608173885
-2.96120533333 266.505345794
-2.95620266667 266.608262846
-2.9512 266.493233852
-2.94619733333 266.601960201
-2.94119466667 266.47099999
-2.936192 266.563396688
-2.93118933333 266.470483683
-2.92618666667 266.588913969
-2.921184 266.461534081
-2.91618133333 266.545763165
-2.91117866667 266.454528935
-2.906176 266.559429606
-2.90117333333 266.440689422
-2.89617066667 266.558914864
-2.891168 266.452226574
-2.88616533333 266.561894905
-2.88116266667 266.401274493
-2.87616 266.482176781
-2.87115733333 266.375460365
-2.86615466667 266.454450521
-2.861152 266.348799074
-2.85614933333 266.454597268
-2.85114666667 266.34992042
-2.846144 266.453072677
-2.84114133333 266.343870824
-2.83613866667 266.431892817
-2.831136 266.335170787
-2.82613333333 266.455785953
-2.82113066667 266.281200207
-2.816128 266.369597614
-2.81112533333 266.253384931
-2.80612266667 266.352564874
-2.80112 266.238804627
-2.79611733333 266.338169492
-2.79111466667 266.222647075
-2.786112 266.337052444
-2.78110933333 266.208673766
-2.77610666667 266.321121162
-2.771104 266.243310477
-2.76610133333 266.372055459
-2.76109866667 266.262274265
-2.756096 266.402176481
-2.75109333333 266.305483283
-2.74609066667 266.436298704
-2.741088 266.361648089
-2.73608533333 266.445627074
-2.73108266667 266.34683886
-2.72608 266.451449567
-2.72107733333 266.302272485
-2.71607466667 266.438756472
-2.711072 266.337449815
-2.70606933333 266.428602038
-2.70106666667 266.295581759
-2.696064 266.374134714
-2.69106133333 266.283975621
-2.68605866667 266.388261415
-2.681056 266.272994321
-2.67605333333 266.383683725
-2.67105066667 266.252814444
-2.666048 266.341141604
-2.66104533333 266.195647645
-2.65604266667 266.306303009
-2.65104 266.20784761
-2.64603733333 266.293907905
-2.64103466667 266.204364868
-2.636032 266.309254005
-2.63102933333 266.179793188
-2.62602666667 266.29020995
-2.621024 266.172328721
-2.61602133333 266.282177178
-2.61101866667 266.188790898
-2.606016 266.288951857
-2.60101333333 266.19215306
-2.59601066667 266.309588441
-2.591008 266.18584927
-2.58600533333 266.308751583
-2.58100266667 266.154528321
-2.576 266.268020033
-2.57099733333 266.173128766
-2.56599466667 266.292235206
-2.560992 266.139973543
-2.55598933333 266.215007567
-2.55098666667 266.101183973
-2.545984 266.200341428
-2.54098133333 266.107659428
-2.53597866667 266.200673066
-2.530976 266.090032317
-2.52597333333 266.169440164
-2.52097066667 266.035683222
-2.515968 266.130700407
-2.51096533333 266.055215062
-2.50596266667 266.137790416
-2.50096 266.016847786
-2.49595733333 266.110966347
-2.49095466667 265.981351728
-2.485952 266.094559993
-2.48094933333 265.984871854
-2.47594666667 266.103969294
-2.470944 265.99301446
-2.46594133333 266.092578523
-2.46093866667 265.968699342
-2.455936 266.06339037
-2.45093333333 265.967257391
-2.44593066667 266.09483222
-2.440928 265.954400897
-2.43592533333 266.056358446
-2.43092266667 265.982828676
-2.42592 266.093453183
-2.42091733333 265.979251843
-2.41591466667 266.084850617
-2.410912 265.972477256
-2.40590933333 266.104379495
-2.40090666667 265.989728715
-2.395904 266.102303613
-2.39090133333 265.993261045
-2.38589866667 266.10986187
-2.380896 266.008828365
-2.37589333333 266.109047268
-2.37089066667 266.00597003
-2.365888 266.119035244
-2.36088533333 266.012438188
-2.35588266667 266.136190438
-2.35088 266.014984976
-2.34587733333 266.124990402
-2.34087466667 266.027603653
-2.335872 266.127097027
-2.33086933333 266.04337265
-2.32586666667 266.161635315
-2.320864 266.024824644
-2.31586133333 266.137915992
-2.31085866667 266.050864431
-2.305856 266.151337454
-2.30085333333 266.041026313
-2.29585066667 266.180080166
-2.290848 266.076513172
-2.28584533333 266.151723495
-2.28084266667 266.053555066
-2.27584 266.187003615
-2.27083733333 266.091669433
-2.26583466667 266.222318608
-2.260832 266.123736843
-2.25582933333 266.208264553
-2.25082666667 266.108539261
-2.245824 266.222003388
-2.24082133333 266.128768158
-2.23581866667 266.240627283
-2.230816 266.139144447
-2.22581333333 266.250521714
-2.22081066667 266.160144619
-2.215808 266.286529989
-2.21080533333 266.1901798
-2.20580266667 266.315176206
-2.2008 266.230474466
-2.19579733333 266.348046892
-2.19079466667 266.23097149
-2.185792 266.355431959
-2.18078933333 266.250364419
-2.17578666667 266.377667257
-2.170784 266.264590733
-2.16578133333 266.388871408
-2.16077866667 266.269277394
-2.155776 266.387974736
-2.15077333333 266.288626805
-2.14577066667 266.396766367
-2.140768 266.28568672
-2.13576533333 266.357330769
-2.13076266667 266.279815539
-2.12576 266.403116366
-2.12075733333 266.310391137
-2.11575466667 266.410251098
-2.110752 266.308989564
-2.10574933333 266.432755219
-2.10074666667 266.310446701
-2.095744 266.450841116
-2.09074133333 266.360106622
-2.08573866667 266.461088256
-2.080736 266.348480534
-2.07573333333 266.474740212
-2.07073066667 266.366008767
-2.065728 266.47047189
-2.06072533333 266.372345695
-2.05572266667 266.490563827
-2.05072 266.379192859
-2.04571733333 266.50591032
-2.04071466667 266.362137213
-2.035712 266.462730889
-2.03070933333 266.388165628
-2.02570666667 266.459352861
-2.020704 266.360026188
-2.01570133333 266.469454032
-2.01069866667 266.382938457
-2.005696 266.473123671
-2.00069333333 266.359495886
-1.99569066667 266.469340462
-1.990688 266.403887764
-1.98568533333 266.468238047
-1.98068266667 266.382866945
-1.97568 266.47471689
-1.97067733333 266.381289522
-1.96567466667 266.450817905
-1.960672 266.347854632
-1.95566933333 266.455388145
-1.95066666667 266.342222118
-1.945664 266.465922604
-1.94066133333 266.345015282
-1.93565866667 266.456176578
-1.930656 266.335009811
-1.92565333333 266.455490945
-1.92065066667 266.342960778
-1.915648 266.448150017
-1.91064533333 266.350716074
-1.90564266667 266.487309296
-1.90064 266.372309773
-1.89563733333 266.481213638
-1.89063466667 266.391334549
-1.885632 266.51835096
-1.88062933333 266.374165543
-1.87562666667 266.519565533
-1.870624 266.404874381
-1.86562133333 266.51785409
-1.86061866667 266.407489286
-1.855616 266.512686724
-1.85061333333 266.434624412
-1.84561066667 266.534998676
-1.840608 266.391550485
-1.83560533333 266.499914416
-1.83060266667 266.396014729
-1.8256 266.502522935
-1.82059733333 266.392478851
-1.81559466667 266.512522153
-1.810592 266.386436851
-1.80558933333 266.507832214
-1.80058666667 266.394278464
-1.795584 266.522839393
-1.79058133333 266.392894478
-1.78557866667 266.504920158
-1.780576 266.378857926
-1.77557333333 266.484336543
-1.77057066667 266.374580353
-1.765568 266.491001442
-1.76056533333 266.363202819
-1.75556266667 266.463522394
-1.75056 266.363479415
-1.74555733333 266.468037349
-1.74055466667 266.351228283
-1.735552 266.446509602
-1.73054933333 266.350279193
-1.72554666667 266.435310952
-1.720544 266.284597352
-1.71554133333 266.440914327
-1.71053866667 266.306713324
-1.705536 266.401608711
-1.70053333333 266.274238586
-1.69553066667 266.383373517
-1.690528 266.237622289
-1.68552533333 266.379919418
-1.68052266667 266.245013699
-1.67552 266.357765063
-1.67051733333 266.256638513
-1.66551466667 266.329060211
-1.660512 266.209748277
-1.65550933333 266.328517724
-1.65050666667 266.23256463
-1.645504 266.331449588
-1.64050133333 266.198988626
-1.63549866667 266.293246045
-1.630496 266.2129847
-1.62549333333 266.315716188
-1.62049066667 266.214762717
-1.615488 266.328339448
-1.61048533333 266.217387989
-1.60548266667 266.306434366
-1.60048 266.219794985
-1.59547733333 266.30571188
-1.59047466667 266.216962635
-1.585472 266.310449501
-1.58046933333 266.220952371
-1.57546666667 266.31297388
-1.570464 266.226962077
-1.56546133333 266.328400875
-1.56045866667 266.252610568
-1.555456 266.358712025
-1.55045333333 266.276632223
-1.54545066667 266.369924176
-1.540448 266.259703514
-1.53544533333 266.356457119
-1.53044266667 266.289205261
-1.52544 266.4275296
-1.52043733333 266.296007307
-1.51543466667 266.399086429
-1.510432 266.312197114
-1.50542933333 266.440812624
-1.50042666667 266.341402047
-1.495424 266.436537658
-1.49042133333 266.346912549
-1.48541866667 266.457383873
-1.480416 266.360103342
-1.47541333333 266.460799928
-1.47041066667 266.393990483
-1.465408 266.488422771
-1.46040533333 266.389456606
-1.45540266667 266.518019006
-1.4504 266.433682075
-1.44539733333 266.577659939
-1.44039466667 266.490092735
-1.435392 266.576905931
-1.43038933333 266.46183384
-1.42538666667 266.571863843
-1.420384 266.477125224
-1.41538133333 266.597042698
-1.41037866667 266.510310119
-1.405376 266.62902409
-1.40037333333 266.499811372
-1.39537066667 266.608019061
-1.390368 266.514747269
-1.38536533333 266.617166334
-1.38036266667 266.519918868
-1.37536 266.616091974
-1.37035733333 266.508796044
-1.36535466667 266.609803305
-1.360352 266.485788182
-1.35534933333 266.595199869
-1.35034666667 266.469379407
-1.345344 266.566648231
-1.34034133333 266.408826554
-1.33533866667 266.523774201
-1.330336 266.428300893
-1.32533333333 266.502446
-1.32033066667 266.382760079
-1.315328 266.477184207
-1.31032533333 266.383641133
-1.30532266667 266.503376436
-1.30032 266.411551909
-1.29531733333 266.481427193
-1.29031466667 266.41226814
-1.285312 266.516578434
-1.28030933333 266.403636364
-1.27530666667 266.491626785
-1.270304 266.414233359
-1.26530133333 266.532884059
-1.26029866667 266.418829759
-1.255296 266.559321336
-1.25029333333 266.441266967
-1.24529066667 266.53675822
-1.240288 266.417553834
-1.23528533333 266.518496093
-1.23028266667 266.391658971
-1.22528 266.497018937
-1.22027733333 266.390246714
-1.21527466667 266.474975256
-1.210272 266.376162545
-1.20526933333 266.487522644
-1.20026666667 266.356900989
-1.195264 266.464567159
-1.19026133333 266.356690202
-1.18525866667 266.460564134
-1.180256 266.339856349
-1.17525333333 266.438817724
-1.17025066667 266.333118413
-1.165248 266.442433376
-1.16024533333 266.297774132
-1.15524266667 266.394894457
-1.15024 266.320063221
-1.14523733333 266.417440436
-1.14023466667 266.275399988
-1.135232 266.396288373
-1.13022933333 266.282066044
-1.12522666667 266.402971033
-1.120224 266.296466424
-1.11522133333 266.394534566
-1.11021866667 266.306180365
-1.105216 266.420351229
-1.10021333333 266.273448214
-1.09521066667 266.377362568
-1.090208 266.314738582
-1.08520533333 266.404887942
-1.08020266667 266.313432896
-1.0752 266.430896703
-1.07019733333 266.334267714
-1.06519466667 266.426165834
-1.060192 266.328633849
-1.05518933333 266.437515449
-1.05018666667 266.335609889
-1.045184 266.438680673
-1.04018133333 266.326039391
-1.03517866667 266.449258145
-1.030176 266.367348719
-1.02517333333 266.498037237
-1.02017066667 266.373667689
-1.015168 266.478656376
-1.01016533333 266.38143022
-1.00516266667 266.523738741
-1.00016 266.402665796
-0.995157333333 266.527553845
-0.990154666667 266.443995541
-0.985152 266.548579637
-0.980149333333 266.423094351
-0.975146666667 266.530256225
-0.970144 266.456786354
-0.965141333333 266.573213244
-0.960138666667 266.455988733
-0.955136 266.555524954
-0.950133333333 266.438443407
-0.945130666667 266.583571068
-0.940128 266.469973022
-0.935125333333 266.597541414
-0.930122666667 266.499292712
-0.92512 266.615098405
-0.920117333333 266.51585762
-0.915114666667 266.62551144
-0.910112 266.552111219
-0.905109333333 266.659481632
-0.900106666667 266.552605143
-0.895104 266.63933635
-0.890101333333 266.550378217
-0.885098666667 266.690252024
-0.880096 266.564602014
-0.875093333333 266.663190342
-0.870090666667 266.556936193
-0.865088 266.668802415
-0.860085333333 266.548047407
-0.855082666667 266.690404823
-0.85008 266.573757494
-0.845077333333 266.698937882
-0.840074666667 266.54025897
-0.835072 266.670335429
-0.830069333333 266.576174833
-0.825066666667 266.718006012
-0.820064 266.607870113
-0.815061333333 266.71599063
-0.810058666667 266.594224063
-0.805056 266.705560575
-0.800053333333 266.593687288
-0.795050666667 266.694014965
-0.790048 266.606189987
-0.785045333333 266.72262798
-0.780042666667 266.600614116
-0.77504 266.712603691
-0.770037333333 266.609842657
-0.765034666667 266.722797602
-0.760032 266.62111772
-0.755029333333 266.741207971
-0.750026666667 266.621119578
-0.745024 266.727076481
-0.740021333333 266.576712515
-0.735018666667 266.733588623
-0.730016 266.647829619
-0.725013333333 266.742479482
-0.720010666667 266.596889147
-0.715008 266.696435479
-0.710005333333 266.593156948
-0.705002666667 266.723036304
-0.7 266.592120611
-0.694997333333 266.710198026
-0.689994666667 266.625015487
-0.684992 266.731964628
-0.679989333333 266.602407514
-0.674986666667 266.695532862
-0.669984 266.613450276
-0.664981333333 266.712291372
-0.659978666667 266.572471931
-0.654976 266.673941573
-0.649973333333 266.563606593
-0.644970666667 266.670347831
-0.639968 266.578293257
-0.634965333333 266.661798022
-0.629962666667 266.560879991
-0.62496 266.650082918
-0.619957333333 266.555378831
-0.614954666667 266.654905755
-0.609952 266.564412698
-0.604949333333 266.661131832
-0.599946666667 266.525787894
-0.594944 266.619349648
-0.589941333333 266.520451751
-0.584938666667 266.632070574
-0.579936 266.493400177
-0.574933333333 266.610348498
-0.569930666667 266.519191708
-0.564928 266.60034834
-0.559925333333 266.495453405
-0.554922666667 266.610254477
-0.54992 266.491831086
-0.544917333333 266.57762278
-0.539914666667 266.436455248
-0.534912 266.520739586
-0.529909333333 266.444022547
-0.524906666667 266.538555002
-0.519904 266.390627419
-0.514901333333 266.466759131
-0.509898666667 266.367126892
-0.504896 266.466691715
-0.499893333333 266.370724495
-0.494890666667 266.41572496
-0.489888 266.310446709
-0.484885333333 266.380953066
-0.479882666667 266.255769392
-0.47488 266.33321834
-0.469877333333 266.237977453
-0.464874666667 266.349280882
-0.459872 266.232163495
-0.454869333333 266.362094302
-0.449866666667 266.26811845
-0.444864 266.401000156
-0.439861333333 266.306157984
-0.434858666667 266.404646961
-0.429856 266.309533845
-0.424853333333 266.416890306
-0.419850666667 266.312602699
-0.414848 266.423577296
-0.409845333333 266.328392747
-0.404842666667 266.422204383
-0.39984 266.322407039
-0.394837333333 266.423676145
-0.389834666667 266.304072796
-0.384832 266.393475101
-0.379829333333 266.320456763
-0.374826666667 266.399928513
-0.369824 266.283531433
-0.364821333333 266.366116567
-0.359818666667 266.253960947
-0.354816 266.373328448
-0.349813333333 266.281360703
-0.344810666667 266.385133544
-0.339808 266.268382447
-0.334805333333 266.354005193
-0.329802666667 266.263118626
-0.3248 266.400271945
-0.319797333333 266.284400726
-0.314794666667 266.380393175
-0.309792 266.280930022
-0.304789333333 266.388443007
-0.299786666667 266.259288129
-0.294784 266.370893979
-0.289781333333 266.271004446
-0.284778666667 266.388872255
-0.279776 266.254490872
-0.274773333333 266.330918854
-0.269770666667 266.26445651
-0.264768 266.380889039
-0.259765333333 266.257611216
-0.254762666667 266.35086394
-0.24976 266.275002479
-0.244757333333 266.387090091
-0.239754666667 266.279801315
-0.234752 266.377215304
-0.229749333333 266.311735315
-0.224746666667 266.445835763
-0.219744 266.296012779
-0.214741333333 266.426568891
-0.209738666667 266.334405978
-0.204736 266.463266932
-0.199733333333 266.349784942
-0.194730666667 266.484680245
-0.189728 266.379118305
-0.184725333333 266.488098932
-0.179722666667 266.364184045
-0.17472 266.474235619
-0.169717333333 266.39882972
-0.164714666667 266.510722311
-0.159712 266.382313493
-0.154709333333 266.516389899
-0.149706666667 266.419105233
-0.144704 266.534611173
-0.139701333333 266.438963381
-0.134698666667 266.529466314
-0.129696 266.432218796
-0.124693333333 266.545948211
-0.119690666667 266.459662408
-0.114688 266.558032025
-0.109685333333 266.458889861
-0.104682666667 266.575914481
-0.09968 266.455788162
-0.0946773333333 266.554026912
-0.0896746666667 266.491887855
-0.084672 266.541561606
-0.0796693333333 266.464679593
-0.0746666666667 266.548305432
-0.069664 266.458065422
-0.0646613333333 266.528680496
-0.0596586666667 266.444879065
-0.054656 266.558479617
-0.0496533333333 266.451659131
-0.0446506666667 266.549106776
-0.039648 266.433667219
-0.0346453333333 266.530793702
-0.0296426666667 266.453512488
-0.02464 266.541459208
-0.0196373333333 266.444851963
-0.0146346666667 266.503803883
-0.009632 266.438587336
-0.00462933333333 266.55760518
