（-7.87382,2），（-4.80719,2）
-9.99995733333 284.085593827
-9.99495466667 284.238579345
-9.989952 284.188436337
-9.98494933333 284.286717363
-9.97994666667 284.278206097
-9.974944 284.379332425
-9.96994133333 284.319787921
-9.96493866667 284.426082218
-9.959936 284.356570247
-9.95493333333 284.431256522
-9.94993066667 284.416909924
-9.944928 284.488380353
-9.93992533333 284.406597983
-9.93492266667 284.510551759
-9.92992 284.42168182
-9.92491733333 284.521363265
-9.91991466667 284.464770393
-9.914912 284.5885639
-9.90990933333 284.522689106
-9.90490666667 284.635274852
-9.899904 284.561567789
-9.89490133333 284.680704657
-9.88989866667 284.620677796
-9.884896 284.697327185
-9.87989333333 284.648203059
-9.87489066667 284.712689735
-9.869888 284.65342071
-9.86488533333 284.737165441
-9.85988266667 284.682063254
-9.85488 284.800137562
-9.84987733333 284.663819712
-9.84487466667 284.779437621
-9.839872 284.735760484
-9.83486933333 284.821051749
-9.82986666667 284.708793557
-9.824864 284.808102909
-9.81986133333 284.742657755
-9.81485866667 284.772077809
-9.809856 284.639922146
-9.80485333333 284.711021761
-9.79985066667 284.67734648
-9.794848 284.744333567
-9.78984533333 284.665758673
-9.78484266667 284.747729036
-9.77984 284.677459803
-9.77483733333 284.756194476
-9.76983466667 284.639689087
-9.764832 284.701572755
-9.75982933333 284.619925607
-9.75482666667 284.65611598
-9.749824 284.575468722
-9.74482133333 284.588310183
-9.73981866667 284.54793228
-9.734816 284.634839751
-9.72981333333 284.510370881
-9.72481066667 284.611069799
-9.719808 284.563488389
-9.71480533333 284.630476335
-9.70980266667 284.539445521
-9.7048 284.640143737
-9.69979733333 284.604112816
-9.69479466667 284.685833995
-9.689792 284.637281826
-9.68478933333 284.744105004
-9.67978666667 284.715728238
-9.674784 284.834102299
-9.66978133333 284.817196863
-9.66477866667 284.883146098
-9.659776 284.859636243
-9.65477333333 284.95553492
-9.64977066667 284.899931014
-9.644768 284.878148301
-9.63976533333 284.938169297
-9.63476266667 284.992162586
-9.62976 284.88992551
-9.62475733333 284.991380956
-9.61975466667 284.956844436
-9.614752 285.059844832
-9.60974933333 285.035108863
-9.60474666667 285.125920016
-9.599744 285.091293759
-9.59474133333 285.208836713
-9.58973866667 285.198352296
-9.584736 285.321503369
-9.57973333333 285.307073309
-9.57473066667 285.409221725
-9.569728 285.365822145
-9.56472533333 285.454141859
-9.55972266667 285.416759893
-9.55472 285.536107228
-9.54971733333 285.467018618
-9.54471466667 285.552770121
-9.539712 285.516996787
-9.53470933333 285.582335783
-9.52970666667 285.487636829
-9.524704 285.569984868
-9.51970133333 285.474181432
-9.51469866667 285.515487544
-9.509696 285.39889876
-9.50469333333 285.343082161
-9.49969066667 285.211140428
-9.494688 285.218534214
-9.48968533333 285.086258206
-9.48468266667 285.074221367
-9.47968 284.93845307
-9.47467733333 284.920093792
-9.46967466667 284.756906656
-9.464672 284.764902963
-9.45966933333 284.675346117
-9.45466666667 284.680516187
-9.449664 284.520061126
-9.44466133333 284.510300686
-9.43965866667 284.424273311
-9.434656 284.412488206
-9.42965333333 284.298668973
-9.42465066667 284.304843587
-9.419648 284.189961817
-9.41464533333 284.272214261
-9.40964266667 284.131469649
-9.40464 284.164034402
-9.39963733333 284.064315969
-9.39463466667 284.096526512
-9.389632 283.957394605
-9.38462933333 284.010261564
-9.37962666667 283.936291694
-9.374624 284.009208332
-9.36962133333 283.927284192
-9.36461866667 283.982060935
-9.359616 283.917673849
-9.35461333333 283.96808966
-9.34961066667 283.915074688
-9.344608 283.91844179
-9.33960533333 283.869174611
-9.33460266667 283.929710817
-9.3296 283.861082749
-9.32459733333 283.891124689
-9.31959466667 283.835157626
-9.314592 283.85965009
-9.30958933333 283.781544752
-9.30458666667 283.867369601
-9.299584 283.808081051
-9.29458133333 283.860974231
-9.28957866667 283.806446638
-9.284576 283.853074785
-9.27957333333 283.808014665
-9.27457066667 283.879359921
-9.269568 283.835188431
-9.26456533333 283.870059256
-9.25956266667 283.870810395
-9.25456 283.916327129
-9.24955733333 283.879290993
-9.24455466667 283.947276702
-9.239552 283.923939674
-9.23454933333 283.985366087
-9.22954666667 283.95058717
-9.224544 284.008090186
-9.21954133333 283.956829766
-9.21453866667 283.984980342
-9.209536 283.903868502
-9.20453333333 283.952102919
-9.19953066667 283.882813184
-9.194528 283.935786693
-9.18952533333 283.889867424
-9.18452266667 283.904097356
-9.17952 283.843425131
-9.17451733333 283.930332212
-9.16951466667 283.842931559
-9.164512 283.892464812
-9.15950933333 283.873415647
-9.15450666667 283.868981111
-9.149504 283.822812931
-9.14450133333 283.846674851
-9.13949866667 283.779716811
-9.134496 283.812674799
-9.12949333333 283.801904633
-9.12449066667 283.861915772
-9.119488 283.834755735
-9.11448533333 283.91116039
-9.10948266667 283.868265507
-9.10448 283.971430847
-9.09947733333 283.943936625
-9.09447466667 284.003352368
-9.089472 283.969734272
-9.08446933333 284.018249748
-9.07946666667 284.033514943
-9.074464 284.117119172
-9.06946133333 284.076361385
-9.06445866667 284.159018274
-9.059456 284.161860072
-9.05445333333 284.234560651
-9.04945066667 284.169474822
-9.044448 284.295631409
-9.03944533333 284.320449328
-9.03444266667 284.409637227
-9.02944 284.395632492
-9.02443733333 284.485300518
-9.01943466667 284.543732362
-9.014432 284.623745776
-9.00942933333 284.614841398
-9.00442666667 284.714549823
-8.999424 284.731563738
-8.99442133333 284.787291115
-8.98941866667 284.792363743
-8.984416 284.851672443
-8.97941333333 284.883960768
-8.97441066667 284.9103393
-8.969408 284.880401278
-8.96440533333 284.95816085
-8.95940266667 284.988227595
-8.9544 285.046217557
-8.94939733333 284.971117835
-8.94439466667 285.033264244
-8.939392 284.994602611
-8.93438933333 285.002936555
-8.92938666667 284.956290666
-8.924384 284.948081956
-8.91938133333 284.906338362
-8.91437866667 284.935997463
-8.909376 284.852302558
-8.90437333333 284.871033057
-8.89937066667 284.827325058
-8.894368 284.826208171
-8.88936533333 284.769705225
-8.88436266667 284.782541649
-8.87936 284.731762444
-8.87435733333 284.752681294
-8.86935466667 284.695340551
-8.864352 284.709108987
-8.85934933333 284.66300196
-8.85434666667 284.713498341
-8.849344 284.669228443
-8.84434133333 284.72793844
-8.83933866667 284.711954443
-8.834336 284.747985707
-8.82933333333 284.75170908
-8.82433066667 284.801335575
-8.819328 284.795889778
-8.81432533333 284.832158379
-8.80932266667 284.788671842
-8.80432 284.809497094
-8.79931733333 284.776373645
-8.79431466667 284.785234043
-8.789312 284.750317242
-8.78430933333 284.813889276
-8.77930666667 284.744613465
-8.774304 284.835046981
-8.76930133333 284.77038682
-8.76429866667 284.816689555
-8.759296 284.877982789
-8.75429333333 284.872262797
-8.74929066667 284.806188917
-8.744288 284.855528252
-8.73928533333 284.844757948
-8.73428266667 284.859141622
-8.72928 284.821605422
-8.72427733333 284.854667377
-8.71927466667 284.868701988
-8.714272 284.90234873
-8.70926933333 284.866559367
-8.70426666667 284.870882871
-8.699264 284.865157237
-8.69426133333 284.897786052
-8.68925866667 284.893045917
-8.684256 284.885916606
-8.67925333333 284.889674312
-8.67425066667 284.896995228
-8.669248 284.796108752
-8.66424533333 284.786732245
-8.65924266667 284.789037799
-8.65424 284.79251384
-8.64923733333 284.726007112
-8.64423466667 284.750942806
-8.639232 284.679976471
-8.63422933333 284.736822662
-8.62922666667 284.634199948
-8.624224 284.636259711
-8.61922133333 284.601565941
-8.61421866667 284.578891638
-8.609216 284.498132824
-8.60421333333 284.499106433
-8.59921066667 284.512088727
-8.594208 284.474246146
-8.58920533333 284.441604014
-8.58420266667 284.447551338
-8.5792 284.41982523
-8.57419733333 284.464352574
-8.56919466667 284.427799681
-8.564192 284.47585373
-8.55918933333 284.508227693
-8.55418666667 284.49756133
-8.549184 284.487069632
-8.54418133333 284.501310666
-8.53917866667 284.503050327
-8.534176 284.518403956
-8.52917333333 284.456777785
-8.52417066667 284.525427023
-8.519168 284.509212891
-8.51416533333 284.517351503
-8.50916266667 284.503389395
-8.50416 284.507275336
-8.49915733333 284.513425941
-8.49415466667 284.523256009
-8.489152 284.501886538
-8.48414933333 284.510914752
-8.47914666667 284.481356646
-8.474144 284.515577091
-8.46914133333 284.513527349
-8.46413866667 284.547968787
-8.459136 284.57035145
-8.45413333333 284.619801143
-8.44913066667 284.625249177
-8.444128 284.649533666
-8.43912533333 284.689818142
-8.43412266667 284.755767686
-8.42912 284.756883086
-8.42411733333 284.771927291
-8.41911466667 284.779127698
-8.414112 284.802917994
-8.40910933333 284.813905327
-8.40410666667 284.86084452
-8.399104 284.916635672
-8.39410133333 285.007416456
-8.38909866667 284.996346589
-8.384096 285.113345672
-8.37909333333 285.138404497
-8.37409066667 285.202131639
-8.369088 285.237840975
-8.36408533333 285.284502138
-8.35908266667 285.314646088
-8.35408 285.409735915
-8.34907733333 285.38964779
-8.34407466667 285.448739906
-8.339072 285.462796304
-8.33406933333 285.513971927
-8.32906666667 285.576742807
-8.324064 285.611528308
-8.31906133333 285.654018341
-8.31405866667 285.70241593
-8.309056 285.696608031
-8.30405333333 285.75482589
-8.29905066667 285.812501132
-8.294048 285.875021252
-8.28904533333 285.883112641
-8.28404266667 285.921110968
-8.27904 285.974950431
-8.27403733333 285.991578866
-8.26903466667 285.991222143
-8.264032 286.055686944
-8.25902933333 286.088933726
-8.25402666667 286.102516261
-8.249024 286.092869656
-8.24402133333 286.114538777
-8.23901866667 286.154407574
-8.234016 286.212149236
-8.22901333333 286.164467093
-8.22401066667 286.205819898
-8.219008 286.208216763
-8.21400533333 286.222966531
-8.20900266667 286.202003235
-8.204 286.228015689
-8.19899733333 286.17996231
-8.19399466667 286.214483724
-8.188992 286.225635766
-8.18398933333 286.183599365
-8.17898666667 286.180686711
-8.173984 286.149822298
-8.16898133333 286.162006612
-8.16397866667 286.130671864
-8.158976 286.097117262
-8.15397333333 286.159551819
-8.14897066667 286.116880668
-8.143968 286.086498407
-8.13896533333 286.066549367
-8.13396266667 286.072406008
-8.12896 286.046765702
-8.12395733333 286.013765417
-8.11895466667 286.045855673
-8.113952 285.988409299
-8.10894933333 285.961605757
-8.10394666667 285.945313373
-8.098944 285.933238977
-8.09394133333 285.94406266
-8.08893866667 285.854811749
-8.083936 285.891287023
-8.07893333333 285.902962563
-8.07393066667 285.872168601
-8.068928 285.83755422
-8.06392533333 285.826899886
-8.05892266667 285.776031277
-8.05392 285.794886572
-8.04891733333 285.72788453
-8.04391466667 285.759158697
-8.038912 285.747953612
-8.03390933333 285.6599596
-8.02890666667 285.600346177
-8.023904 285.59077705
-8.01890133333 285.542837228
-8.01389866667 285.547156726
-8.008896 285.585055299
-8.00389333333 285.531328118
-7.99889066667 285.540103195
-7.993888 285.549167305
-7.98888533333 285.535697721
-7.98388266667 285.51290571
-7.97888 285.511999677
-7.97387733333 285.465843212
-7.96887466667 285.406199238
-7.963872 285.336074937
-7.95886933333 285.304621477
-7.95386666667 285.237653763
-7.948864 285.151192653
-7.94386133333 285.100381219
-7.93885866667 285.109276499
-7.933856 285.020223136
-7.92885333333 284.956150546
-7.92385066667 284.923496249
-7.918848 284.913642961
-7.91384533333 284.849532786
-7.90884266667 284.860624308
-7.90384 284.806856417
-7.89883733333 284.770662093
-7.89383466667 284.785561862
-7.888832 284.750161469
-7.88382933333 284.705288321
-7.87882666667 284.655763825
-7.873824 284.640358913
-7.86882133333 284.630497831
-7.86381866667 284.640865056
-7.858816 284.648565452
-7.85381333333 284.563232081
-7.84881066667 284.639834001
-7.843808 284.597574863
-7.83880533333 284.606342183
-7.83380266667 284.555489157
-7.8288 284.539586826
-7.82379733333 284.531393477
-7.81879466667 284.513484879
-7.813792 284.493773669
-7.80878933333 284.468582801
-7.80378666667 284.456013962
-7.798784 284.436961462
-7.79378133333 284.439649809
-7.78877866667 284.444079181
-7.783776 284.40939251
-7.77877333333 284.457724025
-7.77377066667 284.400522006
-7.768768 284.431526611
-7.76376533333 284.391391232
-7.75876266667 284.429225596
-7.75376 284.414382246
-7.74875733333 284.435520646
-7.74375466667 284.426759001
-7.738752 284.428373072
-7.73374933333 284.364382235
-7.72874666667 284.456070755
-7.723744 284.401357258
-7.71874133333 284.420422877
-7.71373866667 284.417565357
-7.708736 284.425990144
-7.70373333333 284.416283851
-7.69873066667 284.449676965
-7.693728 284.435262248
-7.68872533333 284.468810469
-7.68372266667 284.452304587
-7.67872 284.48522304
-7.67371733333 284.485218166
-7.66871466667 284.564087015
-7.663712 284.576848721
-7.65870933333 284.608525759
-7.65370666667 284.635378649
-7.648704 284.711739597
-7.64370133333 284.724536466
-7.63869866667 284.76510506
-7.633696 284.776786604
-7.62869333333 284.822397326
-7.62369066667 284.840678931
-7.618688 284.883088678
-7.61368533333 284.933147345
-7.60868266667 284.975758003
-7.60368 285.003797014
-7.59867733333 285.07090965
-7.59367466667 285.040836322
-7.588672 285.112073134
-7.58366933333 285.057179159
-7.57866666667 285.101725011
-7.573664 285.08305258
-7.56866133333 285.063673714
-7.56365866667 285.065930091
-7.558656 285.102979902
-7.55365333333 285.041891176
-7.54865066667 285.130335684
-7.543648 285.09548436
-7.53864533333 285.100679514
-7.53364266667 285.042935237
-7.52864 285.006268377
-7.52363733333 284.990308118
-7.51863466667 284.987193067
-7.513632 285.004044517
-7.50862933333 285.006244192
-7.50362666667 284.976826126
-7.498624 285.007649489
-7.49362133333 284.944533119
-7.48861866667 284.938401888
-7.483616 284.902483842
-7.47861333333 284.988056173
-7.47361066667 284.961385102
-7.468608 284.950003972
-7.46360533333 284.953422078
-7.45860266667 284.992343224
-7.4536 284.997133931
-7.44859733333 285.010556985
-7.44359466667 285.018439689
-7.438592 285.059439242
-7.43358933333 285.07149261
-7.42858666667 285.087846971
-7.423584 285.119530238
-7.41858133333 285.222483554
-7.41357866667 285.181923244
-7.408576 285.227059429
-7.40357333333 285.192557978
-7.39857066667 285.262325682
-7.393568 285.201389528
-7.38856533333 285.262687516
-7.38356266667 285.224754921
-7.37856 285.295997077
-7.37355733333 285.263571449
-7.36855466667 285.313935601
-7.363552 285.325555539
-7.35854933333 285.415737527
-7.35354666667 285.451370864
-7.348544 285.384129247
-7.34354133333 285.362815729
-7.33853866667 285.425993635
-7.333536 285.43214959
-7.32853333333 285.46758878
-7.32353066667 285.409942118
-7.318528 285.484579334
-7.31352533333 285.419687074
-7.30852266667 285.499370062
-7.30352 285.457796153
-7.29851733333 285.569203111
-7.29351466667 285.502368455
-7.288512 285.546845848
-7.28350933333 285.513284998
-7.27850666667 285.626867568
-7.273504 285.545439612
-7.26850133333 285.595211904
-7.26349866667 285.578987372
-7.258496 285.632247542
-7.25349333333 285.569532389
-7.24849066667 285.685860241
-7.243488 285.620175851
-7.23848533333 285.712064529
-7.23348266667 285.71171345
-7.22848 285.771055341
-7.22347733333 285.734944498
-7.21847466667 285.787852098
-7.213472 285.792993622
-7.20846933333 285.903425224
-7.20346666667 285.853638205
-7.198464 285.900274723
-7.19346133333 285.869255853
-7.18845866667 285.924753284
-7.183456 285.920672096
-7.17845333333 285.98566302
-7.17345066667 285.972763368
-7.168448 286.063629897
-7.16344533333 286.001621459
-7.15844266667 286.076685904
-7.15344 286.207696561
-7.14843733333 286.184025162
-7.14343466667 286.130321919
-7.138432 286.203891036
-7.13342933333 286.186997942
-7.12842666667 286.341788318
-7.123424 286.285846671
-7.11842133333 286.386925818
-7.11341866667 286.353412039
-7.108416 286.434940348
-7.10341333333 286.471382533
-7.09841066667 286.598304773
-7.093408 286.580171255
-7.08840533333 286.696017803
-7.08340266667 286.732574292
-7.0784 286.817345037
-7.07339733333 286.828925371
-7.06839466667 286.927208033
-7.063392 286.912982116
-7.05838933333 287.030627308
-7.05338666667 286.986658467
-7.048384 287.170799449
-7.04338133333 287.101461814
-7.03837866667 287.21470189
-7.033376 287.18407872
-7.02837333333 287.235640981
-7.02337066667 287.206954096
-7.018368 287.277850263
-7.01336533333 287.267893847
-7.00836266667 287.35999242
-7.00336 287.347372935
-6.99835733333 287.453923535
-6.99335466667 287.457162659
-6.988352 287.516006214
-6.98334933333 287.505748811
-6.97834666667 287.61272812
-6.973344 287.508452598
-6.96834133333 287.604407521
-6.96333866667 287.5094631
-6.958336 287.549354975
-6.95333333333 287.571499508
-6.94833066667 287.633200839
-6.943328 287.648156252
-6.93832533333 287.792323525
-6.93332266667 287.74117482
-6.92832 287.867811084
-6.92331733333 287.798803498
-6.91831466667 287.895842458
-6.913312 287.844156461
-6.90830933333 287.971668136
-6.90330666667 287.954276108
-6.898304 288.076474778
-6.89330133333 288.129180499
-6.88829866667 288.271145382
-6.883296 288.301668243
-6.87829333333 288.421320241
-6.87329066667 288.465399523
-6.868288 288.566492276
-6.86328533333 288.600051524
-6.85828266667 288.703280029
-6.85328 288.71637647
-6.84827733333 288.861789944
-6.84327466667 288.82167599
-6.838272 288.962853947
-6.83326933333 288.926596654
-6.82826666667 289.036813821
-6.823264 288.9754096
-6.81826133333 289.107221317
-6.81325866667 289.049397028
-6.808256 289.166973278
-6.80325333333 289.170628272
-6.79825066667 289.273758458
-6.793248 289.257801958
-6.78824533333 289.331002296
-6.78324266667 289.293347927
-6.77824 289.407699712
-6.77323733333 289.377914372
-6.76823466667 289.466536514
-6.763232 289.455163954
-6.75822933333 289.554127715
-6.75322666667 289.528722376
-6.748224 289.645257961
-6.74322133333 289.612136856
-6.73821866667 289.727665532
-6.733216 289.65255762
-6.72821333333 289.764418595
-6.72321066667 289.701459679
-6.718208 289.791213696
-6.71320533333 289.697572686
-6.70820266667 289.737275973
-6.7032 289.717043446
-6.69819733333 289.805475133
-6.69319466667 289.730451739
-6.688192 289.805609262
-6.68318933333 289.734111726
-6.67818666667 289.822877638
-6.673184 289.73878079
-6.66818133333 289.824551601
-6.66317866667 289.792860254
-6.658176 289.871606499
-6.65317333333 289.775086907
-6.64817066667 289.850038904
-6.643168 289.760066412
-6.63816533333 289.820974721
-6.63316266667 289.753518459
-6.62816 289.82707581
-6.62315733333 289.735340816
-6.61815466667 289.767565622
-6.613152 289.715453839
-6.60814933333 289.721297974
-6.60314666667 289.633562753
-6.598144 289.707040087
-6.59314133333 289.60287173
-6.58813866667 289.697772941
-6.583136 289.567735268
-6.57813333333 289.621420165
-6.57313066667 289.505919182
-6.568128 289.521127127
-6.56312533333 289.420608793
-6.55812266667 289.45755041
-6.55312 289.309383872
-6.54811733333 289.330373386
-6.54311466667 289.186336308
-6.538112 289.232672338
-6.53310933333 289.083180566
-6.52810666667 289.088323368
-6.523104 288.994889574
-6.51810133333 289.047602763
-6.51309866667 288.932600378
-6.508096 289.039102505
-6.50309333333 288.920086391
-6.49809066667 288.978648957
-6.493088 288.899616686
-6.48808533333 289.031571517
-6.48308266667 289.008040772
-6.47808 289.121070511
-6.47307733333 289.038181827
-6.46807466667 289.155784229
-6.463072 289.158553529
-6.45806933333 289.252605122
-6.45306666667 289.168354617
-6.448064 289.230869052
-6.44306133333 289.119618454
-6.43805866667 289.247843656
-6.433056 289.070771318
-6.42805333333 289.119020448
-6.42305066667 288.995362124
-6.418048 288.991975017
-6.41304533333 288.884745413
-6.40804266667 288.944853864
-6.40304 288.787723178
-6.39803733333 288.818674639
-6.39303466667 288.740862213
-6.388032 288.816449163
-6.38302933333 288.700142151
-6.37802666667 288.795080814
-6.373024 288.708587392
-6.36802133333 288.828553914
-6.36301866667 288.723152203
-6.358016 288.830350209
-6.35301333333 288.739066916
-6.34801066667 288.827582781
-6.343008 288.767075027
-6.33800533333 288.851965455
-6.33300266667 288.798605399
-6.328 288.927843475
-6.32299733333 288.852303072
-6.31799466667 288.963269295
-6.312992 288.881272497
-6.30798933333 288.95708801
-6.30298666667 288.902300782
-6.297984 289.001424439
-6.29298133333 288.837586806
-6.28797866667 288.883995568
-6.282976 288.728867853
-6.27797333333 288.794558037
-6.27297066667 288.572395397
-6.267968 288.64315214
-6.26296533333 288.512142794
-6.25796266667 288.492645348
-6.25296 288.287223453
-6.24795733333 288.219517716
-6.24295466667 288.078043596
-6.237952 288.062212866
-6.23294933333 287.855149617
-6.22794666667 287.844386255
-6.222944 287.663171456
-6.21794133333 287.540251899
-6.21293866667 287.341845285
-6.207936 287.276484522
-6.20293333333 287.098432525
-6.19793066667 287.111587637
-6.192928 286.907431698
-6.18792533333 286.929608652
-6.18292266667 286.760732161
-6.17792 286.835873154
-6.17291733333 286.643196388
-6.16791466667 286.654501093
-6.162912 286.494024065
-6.15790933333 286.52918501
-6.15290666667 286.381711347
-6.147904 286.461631155
-6.14290133333 286.329613868
-6.13789866667 286.38710282
-6.132896 286.244118641
-6.12789333333 286.295871981
-6.12289066667 286.180462731
-6.117888 286.240390645
-6.11288533333 286.168019928
-6.10788266667 286.243100153
-6.10288 286.129259566
-6.09787733333 286.199559342
-6.09287466667 286.096852101
-6.087872 286.21131951
-6.08286933333 286.129376936
-6.07786666667 286.201198603
-6.072864 286.066437855
-6.06786133333 286.191557154
-6.06285866667 286.131813761
-6.057856 286.277752348
-6.05285333333 286.186465879
-6.04785066667 286.242379135
-6.042848 286.238336266
-6.03784533333 286.37521069
-6.03284266667 286.300364075
-6.02784 286.452327123
-6.02283733333 286.345031093
-6.01783466667 286.505001392
-6.012832 286.433462482
-6.00782933333 286.567648806
-6.00282666667 286.449770537
-5.997824 286.567373581
-5.99282133333 286.395607917
-5.98781866667 286.505009503
-5.982816 286.384181605
-5.97781333333 286.454011755
-5.97281066667 286.315768803
-5.967808 286.395782629
-5.96280533333 286.222543306
-5.95780266667 286.268471708
-5.9528 286.094089129
-5.94779733333 286.177692656
-5.94279466667 285.965908821
-5.937792 286.015984559
-5.93278933333 285.843269449
-5.92778666667 285.944349921
-5.922784 285.820171143
-5.91778133333 285.910640979
-5.91277866667 285.804472183
-5.907776 285.888018823
-5.90277333333 285.729792739
-5.89777066667 285.767673143
-5.892768 285.644112871
-5.88776533333 285.723485517
-5.88276266667 285.57978077
-5.87776 285.646766018
-5.87275733333 285.482869316
-5.86775466667 285.515214561
-5.862752 285.361752047
-5.85774933333 285.40713127
-5.85274666667 285.161204504
-5.847744 285.294501056
-5.84274133333 285.038640962
-5.83773866667 285.042541129
-5.832736 284.854538877
-5.82773333333 284.891273588
-5.82273066667 284.720092068
-5.817728 284.75669638
-5.81272533333 284.596113496
-5.80772266667 284.664651778
-5.80272 284.52703302
-5.79771733333 284.58264095
-5.79271466667 284.440570646
-5.787712 284.507296225
-5.78270933333 284.360214835
-5.77770666667 284.466627944
-5.772704 284.320537563
-5.76770133333 284.429243039
-5.76269866667 284.314296297
-5.757696 284.411481819
-5.75269333333 284.319399144
-5.74769066667 284.38287599
-5.742688 284.304813211
-5.73768533333 284.408976381
-5.73268266667 284.292364143
-5.72768 284.38225461
-5.72267733333 284.298858669
-5.71767466667 284.36105376
-5.712672 284.263967316
-5.70766933333 284.374678859
-5.70266666667 284.274316535
-5.697664 284.349909264
-5.69266133333 284.247291674
-5.68765866667 284.373122339
-5.682656 284.260790469
-5.67765333333 284.357181719
-5.67265066667 284.215614898
-5.667648 284.331046215
-5.66264533333 284.211913192
-5.65764266667 284.303228639
-5.65264 284.170184135
-5.64763733333 284.270286888
-5.64263466667 284.12641249
-5.637632 284.222421295
-5.63262933333 284.153918168
-5.62762666667 284.284052768
-5.622624 284.178955844
-5.61762133333 284.307861755
-5.61261866667 284.171249679
-5.607616 284.319142421
-5.60261333333 284.218758601
-5.59761066667 284.326768717
-5.592608 284.174792584
-5.58760533333 284.308396734
-5.58260266667 284.182382075
-5.5776 284.264091335
-5.57259733333 284.120393837
-5.56759466667 284.221450865
-5.562592 284.064020573
-5.55758933333 284.121653142
-5.55258666667 283.945460646
-5.547584 283.955470561
-5.54258133333 283.887333392
-5.53757866667 283.971428637
-5.532576 283.85005352
-5.52757333333 283.946756801
-5.52257066667 283.865860819
-5.517568 284.022685492
-5.51256533333 283.861284608
-5.50756266667 284.011254781
-5.50256 283.912732597
-5.49755733333 284.094525986
-5.49255466667 284.004925497
-5.487552 284.177701085
-5.48254933333 284.108568331
-5.47754666667 284.131594674
-5.472544 283.96407992
-5.46754133333 284.079747153
-5.46253866667 283.945699315
-5.457536 284.085189715
-5.45253333333 283.985446779
-5.44753066667 284.073016668
-5.442528 283.996882544
-5.43752533333 284.111698465
-5.43252266667 283.977120004
-5.42752 284.086566569
-5.42251733333 284.005340661
-5.41751466667 284.110399425
-5.412512 283.988729663
-5.40750933333 284.129463843
-5.40250666667 284.032389436
-5.397504 284.189146252
-5.39250133333 284.069016819
-5.38749866667 284.19812996
-5.382496 284.16089849
-5.37749333333 284.23056522
-5.37249066667 284.174116679
-5.367488 284.337739133
-5.36248533333 284.282134072
-5.35748266667 284.416198177
-5.35248 284.320750791
-5.34747733333 284.513216911
-5.34247466667 284.399387645
-5.337472 284.572681842
-5.33246933333 284.500064394
-5.32746666667 284.678655442
-5.322464 284.620581613
-5.31746133333 284.768040136
-5.31245866667 284.70674262
-5.307456 284.872251152
-5.30245333333 284.852103666
-5.29745066667 284.964643364
-5.292448 284.896674119
-5.28744533333 285.075943149
-5.28244266667 285.021220601
-5.27744 285.16036581
-5.27243733333 285.06644005
-5.26743466667 285.195480881
-5.262432 285.132958752
-5.25742933333 285.234278581
-5.25242666667 285.138843606
-5.247424 285.267913763
-5.24242133333 285.156476967
-5.23741866667 285.261846786
-5.232416 285.089532756
-5.22741333333 285.227048946
-5.22241066667 285.087537129
-5.217408 285.188911171
-5.21240533333 285.037307356
-5.20740266667 285.093164379
-5.2024 284.97154652
-5.19739733333 285.036250797
-5.19239466667 284.903194074
-5.187392 284.949131576
-5.18238933333 284.790366615
-5.17738666667 284.831216225
-5.172384 284.704668785
-5.16738133333 284.800213691
-5.16237866667 284.763420927
-5.157376 284.877054738
-5.15237333333 284.747595519
-5.14737066667 284.909021862
-5.142368 284.804159045
-5.13736533333 284.889870909
-5.13236266667 284.781067248
-5.12736 284.887768057
-5.12235733333 284.820558908
-5.11735466667 284.926865356
-5.112352 284.852190027
-5.10734933333 284.933623842
-5.10234666667 284.867987958
-5.097344 284.993106227
-5.09234133333 284.903728779
-5.08733866667 285.005293588
-5.082336 284.979232071
-5.07733333333 285.107847423
-5.07233066667 285.021013771
-5.067328 285.150664048
-5.06232533333 285.100575465
-5.05732266667 285.288330898
-5.05232 285.230334259
-5.04731733333 285.395714061
-5.04231466667 285.422783381
-5.037312 285.597437642
-5.03230933333 285.499866669
-5.02730666667 285.619609587
-5.022304 285.597878301
-5.01730133333 285.733821385
-5.01229866667 285.649057159
-5.007296 285.805376543
-5.00229333333 285.740382713
-4.99729066667 285.891026073
-4.992288 285.801487177
-4.98728533333 285.927758421
-4.98228266667 285.859614589
-4.97728 285.954865727
-4.97227733333 285.881723997
-4.96727466667 286.002937254
-4.962272 285.920377394
-4.95726933333 286.018977308
-4.95226666667 285.942846604
-4.947264 286.017085296
-4.94226133333 285.971860502
-4.93725866667 286.100657859
-4.932256 285.970522793
-4.92725333333 286.065822211
-4.92225066667 285.963820701
-4.917248 286.053577581
-4.91224533333 285.904945609
-4.90724266667 286.002845139
-4.90224 285.935727558
-4.89723733333 286.029262813
-4.89223466667 285.897805097
-4.887232 285.974603322
-4.88222933333 285.868652602
-4.87722666667 285.965188915
-4.872224 285.828281695
-4.86722133333 285.905786095
-4.86221866667 285.79757281
-4.857216 285.870643841
-4.85221333333 285.728778962
-4.84721066667 285.794979616
-4.842208 285.656079957
-4.83720533333 285.707620675
-4.83220266667 285.52203269
-4.8272 285.593181086
-4.82219733333 285.493071043
-4.81719466667 285.614663867
-4.812192 285.493331132
-4.80718933333 285.606010429
-4.80218666667 285.531565779
-4.797184 285.619508739
-4.79218133333 285.50896356
-4.78717866667 285.665155869
-4.782176 285.606357284
-4.77717333333 285.710508804
-4.77217066667 285.608714403
-4.767168 285.752118982
-4.76216533333 285.72119103
-4.75716266667 285.87961249
-4.75216 285.786236556
-4.74715733333 285.898487417
-4.74215466667 285.806978474
-4.737152 285.910724662
-4.73214933333 285.778099732
-4.72714666667 285.905365765
-4.722144 285.835153881
-4.71714133333 285.985563483
-4.71213866667 285.924161399
-4.707136 286.098003463
-4.70213333333 286.098500018
-4.69713066667 286.219574515
-4.692128 286.140989799
-4.68712533333 286.257640821
-4.68212266667 286.226995481
-4.67712 286.343928724
-4.67211733333 286.298746862
-4.66711466667 286.392818365
-4.662112 286.333335179
-4.65710933333 286.450427427
-4.65210666667 286.334497804
-4.647104 286.451806969
-4.64210133333 286.263892405
-4.63709866667 286.457226192
-4.632096 286.355942329
-4.62709333333 286.476232564
-4.62209066667 286.385047499
-4.617088 286.515643866
-4.61208533333 286.449474741
-4.60708266667 286.557372763
-4.60208 286.48723784
-4.59707733333 286.563334867
-4.59207466667 286.494138687
-4.587072 286.586498965
-4.58206933333 286.542836706
-4.57706666667 286.620849278
-4.572064 286.524094122
-4.56706133333 286.682928244
-4.56205866667 286.650671324
-4.557056 286.721237634
-4.55205333333 286.620681523
-4.54705066667 286.715392572
-4.542048 286.688524069
-4.53704533333 286.798658264
-4.53204266667 286.750020691
-4.52704 286.884346855
-4.52203733333 286.857191658
-4.51703466667 286.969472082
-4.512032 286.874548064
-4.50702933333 287.015371103
-4.50202666667 286.964562914
-4.497024 287.030390877
-4.49202133333 287.004780687
-4.48701866667 287.121205679
-4.482016 287.087742975
-4.47701333333 287.258958421
-4.47201066667 287.19875164
-4.467008 287.357425074
-4.46200533333 287.369675012
-4.45700266667 287.518815662
-4.452 287.537846029
-4.44699733333 287.687481229
-4.44199466667 287.663221795
-4.436992 287.805703219
-4.43198933333 287.783789097
-4.42698666667 287.946733433
-4.421984 287.974118918
-4.41698133333 288.153135036
-4.41197866667 288.1476349
-4.406976 288.301342097
-4.40197333333 288.331985247
-4.39697066667 288.45330162
-4.391968 288.392439502
-4.38696533333 288.530801033
-4.38196266667 288.514881416
-4.37696 288.588190031
-4.37195733333 288.529234925
-4.36695466667 288.59378509
-4.361952 288.533547039
-4.35694933333 288.593249632
-4.35194666667 288.490075321
-4.346944 288.572049933
-4.34194133333 288.487509409
-4.33693866667 288.618016241
-4.331936 288.467871641
-4.32693333333 288.468161653
-4.32193066667 288.374610995
-4.316928 288.403175531
-4.31192533333 288.264874203
-4.30692266667 288.213860143
-4.30192 288.068578991
-4.29691733333 288.056084533
-4.29191466667 287.873674483
-4.286912 287.832769678
-4.28190933333 287.671308414
-4.27690666667 287.636386169
-4.271904 287.409861849
-4.26690133333 287.382008771
-4.26189866667 287.257720214
-4.256896 287.193649495
-4.25189333333 286.986728856
-4.24689066667 286.994309425
-4.241888 286.858896897
-4.23688533333 286.834402979
-4.23188266667 286.6753979
-4.22688 286.695026927
-4.22187733333 286.58349389
-4.21687466667 286.607171125
-4.211872 286.479462296
-4.20686933333 286.512091106
-4.20186666667 286.446460602
-4.196864 286.441152363
-4.19186133333 286.343378717
-4.18685866667 286.389195539
-4.181856 286.2828178
-4.17685333333 286.269304384
-4.17185066667 286.135287702
-4.166848 286.12322455
-4.16184533333 285.999678616
-4.15684266667 285.944600469
-4.15184 285.870977123
-4.14683733333 285.905047798
-4.14183466667 285.862037507
-4.136832 285.897498239
-4.13182933333 285.823856857
-4.12682666667 285.874347696
-4.121824 285.796657132
-4.11682133333 285.839860206
-4.11181866667 285.735466338
-4.106816 285.812152201
-4.10181333333 285.772611262
-4.09681066667 285.800155492
-4.091808 285.725929797
-4.08680533333 285.760284768
-4.08180266667 285.654011735
-4.0768 285.690393801
-4.07179733333 285.580344354
-4.06679466667 285.640472565
-4.061792 285.638899231
-4.05678933333 285.681695119
-4.05178666667 285.577449918
-4.046784 285.672051271
-4.04178133333 285.640196476
-4.03677866667 285.770606941
-4.031776 285.672516708
-4.02677333333 285.763114444
-4.02177066667 285.763689631
-4.016768 285.828172577
-4.01176533333 285.792997635
-4.00676266667 285.884404657
-4.00176 285.829393127
-3.99675733333 285.942269016
-3.99175466667 285.89382324
-3.986752 285.964943192
-3.98174933333 285.949259923
-3.97674666667 286.005520671
-3.971744 285.944621171
-3.96674133333 285.998192563
-3.96173866667 285.960800189
-3.956736 286.036248789
-3.95173333333 286.003729703
-3.94673066667 286.055165861
-3.941728 286.087842318
-3.93672533333 286.089347605
-3.93172266667 285.97563746
-3.92672 286.01588724
-3.92171733333 285.968952577
-3.91671466667 285.958984163
-3.911712 285.878878584
-3.90670933333 285.93540947
-3.90170666667 285.857237795
-3.896704 285.878196802
-3.89170133333 285.769356928
-3.88669866667 285.87420921
-3.881696 285.823707633
-3.87669333333 285.912210363
-3.87169066667 285.811129126
-3.866688 285.858232111
-3.86168533333 285.822701279
-3.85668266667 285.943365986
-3.85168 285.84430847
-3.84667733333 285.909170758
-3.84167466667 285.917824495
-3.836672 286.007340186
-3.83166933333 285.978834818
-3.82666666667 286.03430591
-3.821664 286.02027501
-3.81666133333 286.124506257
-3.81165866667 286.07210599
-3.806656 286.14319203
-3.80165333333 286.158866902
-3.79665066667 286.181673528
-3.791648 286.173137836
-3.78664533333 286.256402642
-3.78164266667 286.282979988
-3.77664 286.437546143
-3.77163733333 286.465922531
-3.76663466667 286.570258888
-3.761632 286.619154976
-3.75662933333 286.736513039
-3.75162666667 286.76178398
-3.746624 286.857954815
-3.74162133333 286.895074953
-3.73661866667 287.00710963
-3.731616 287.028981959
-3.72661333333 287.149728455
-3.72161066667 287.161536955
-3.716608 287.277089242
-3.71160533333 287.316028332
-3.70660266667 287.488110854
-3.7016 287.576614397
-3.69659733333 287.724806262
-3.69159466667 287.746925484
-3.686592 287.836815617
-3.68158933333 287.904287291
-3.67658666667 288.003372688
-3.671584 288.021621505
-3.66658133333 288.116663154
-3.66157866667 288.142129971
-3.656576 288.257190242
-3.65157333333 288.235562694
-3.64657066667 288.324045117
-3.641568 288.377927298
-3.63656533333 288.510481771
-3.63156266667 288.502370886
-3.62656 288.640928146
-3.62155733333 288.670025285
-3.61655466667 288.739427637
-3.611552 288.697050374
-3.60654933333 288.798841196
-3.60154666667 288.79649765
-3.596544 288.854352584
-3.59154133333 288.879986353
-3.58653866667 288.955644147
-3.581536 288.994972
-3.57653333333 289.119902833
-3.57153066667 289.142386447
-3.566528 289.241442172
-3.56152533333 289.282237664
-3.55652266667 289.36238244
-3.55152 289.415941336
-3.54651733333 289.453997874
-3.54151466667 289.45996935
-3.536512 289.549409123
-3.53150933333 289.501121684
-3.52650666667 289.554656895
-3.521504 289.541345727
-3.51650133333 289.634073071
-3.51149866667 289.588782733
-3.506496 289.680858972
-3.50149333333 289.68303918
-3.49649066667 289.756622296
-3.491488 289.738855593
-3.48648533333 289.825262784
-3.48148266667 289.86257892
-3.47648 289.928940454
-3.47147733333 289.899991989
-3.46647466667 290.005216631
-3.461472 290.032674436
-3.45646933333 290.104812308
-3.45146666667 290.114669645
-3.446464 290.17395143
-3.44146133333 290.20930753
-3.43645866667 290.270023409
-3.431456 290.250722806
-3.42645333333 290.2969368
-3.42145066667 290.231694194
-3.416448 290.285886591
-3.41144533333 290.233826937
-3.40644266667 290.238918964
-3.40144 290.16095292
-3.39643733333 290.177907428
-3.39143466667 290.064565394
-3.386432 290.06248461
-3.38142933333 290.019367617
-3.37642666667 289.981097989
-3.371424 289.893789057
-3.36642133333 289.952788086
-3.36141866667 289.954463014
-3.356416 289.970079053
-3.35141333333 289.898009101
-3.34641066667 289.94557536
-3.341408 289.92143998
-3.33640533333 289.939521875
-3.33140266667 289.8769335
-3.3264 289.85751147
-3.32139733333 289.802974208
-3.31639466667 289.801749952
-3.311392 289.747331064
-3.30638933333 289.74845102
-3.30138666667 289.711209228
-3.296384 289.727426543
-3.29138133333 289.645622249
-3.28637866667 289.667090312
-3.281376 289.654463371
-3.27637333333 289.682894586
-3.27137066667 289.67417053
-3.266368 289.707681124
-3.26136533333 289.712058625
-3.25636266667 289.795657741
-3.25136 289.715529211
-3.24635733333 289.813447591
-3.24135466667 289.79894754
-3.236352 289.820165291
-3.23134933333 289.794417374
-3.22634666667 289.741511532
-3.221344 289.696391889
-3.21634133333 289.656855932
-3.21133866667 289.582019671
-3.206336 289.518954233
-3.20133333333 289.467686791
-3.19633066667 289.342440363
-3.191328 289.209993677
-3.18632533333 289.19359881
-3.18132266667 289.058825977
-3.17632 289.032223488
-3.17131733333 288.890801438
-3.16631466667 288.865947972
-3.161312 288.805307779
-3.15630933333 288.768017844
-3.15130666667 288.703544277
-3.146304 288.625099319
-3.14130133333 288.5313478
-3.13629866667 288.487067525
-3.131296 288.417743294
-3.12629333333 288.421501512
-3.12129066667 288.408079429
-3.116288 288.389835192
-3.11128533333 288.365633892
-3.10628266667 288.362163384
-3.10128 288.355186529
-3.09627733333 288.414109134
-3.09127466667 288.343460658
-3.086272 288.381383532
-3.08126933333 288.385191006
-3.07626666667 288.353325686
-3.071264 288.285624065
-3.06626133333 288.217970547
-3.06125866667 288.13939296
-3.056256 288.205710064
-3.05125333333 288.090897251
-3.04625066667 288.013833922
-3.041248 287.928063599
-3.03624533333 287.937398395
-3.03124266667 287.870442914
-3.02624 287.849351439
-3.02123733333 287.780895907
-3.01623466667 287.6486408
-3.011232 287.510699236
-3.00622933333 287.390867057
-3.00122666667 287.238399962
-2.996224 286.983817071
-2.99122133333 286.810101099
-2.98621866667 286.649149063
-2.981216 286.527104684
-2.97621333333 286.417131238
-2.97121066667 286.297251128
-2.966208 286.176804756
-2.96120533333 286.063847327
-2.95620266667 285.947615718
-2.9512 285.921752053
-2.94619733333 285.872286613
-2.94119466667 285.805470739
-2.936192 285.660777285
-2.93118933333 285.563104853
-2.92618666667 285.516685756
-2.921184 285.439544143
-2.91618133333 285.393945537
-2.91117866667 285.348827402
-2.906176 285.326554954
-2.90117333333 285.247634924
-2.89617066667 285.206062799
-2.891168 285.156760931
-2.88616533333 285.124745348
-2.88116266667 285.07560353
-2.87616 285.104624215
-2.87115733333 285.093198216
-2.86615466667 285.076873579
-2.861152 285.077319658
-2.85614933333 285.063380363
-2.85114666667 285.126359431
-2.846144 285.123537394
-2.84114133333 285.173023173
-2.83613866667 285.179631003
-2.831136 285.189876185
-2.82613333333 285.235917258
-2.82113066667 285.273469645
-2.816128 285.287531948
-2.81112533333 285.298663971
-2.80612266667 285.310889913
-2.80112 285.365526344
-2.79611733333 285.396395223
-2.79111466667 285.439140809
-2.786112 285.437619686
-2.78110933333 285.506411911
-2.77610666667 285.495071073
-2.771104 285.490334175
-2.76610133333 285.543197839
-2.76109866667 285.557197918
-2.756096 285.555539885
-2.75109333333 285.533797484
-2.74609066667 285.529123831
-2.741088 285.535553755
-2.73608533333 285.482458214
-2.73108266667 285.459559493
-2.72608 285.412077928
-2.72107733333 285.38653441
-2.71607466667 285.331312913
-2.711072 285.266129842
-2.70606933333 285.248676933
-2.70106666667 285.234233241
-2.696064 285.171891325
-2.69106133333 285.153440637
-2.68605866667 285.111378599
-2.681056 285.064709377
-2.67605333333 285.099782905
-2.67105066667 285.062418305
-2.666048 284.985356091
-2.66104533333 284.97436515
-2.65604266667 284.915414555
-2.65104 284.882156451
-2.64603733333 284.817958838
-2.64103466667 284.788800504
-2.636032 284.709968081
-2.63102933333 284.55133313
-2.62602666667 284.580215772
-2.621024 284.53011209
-2.61602133333 284.430692239
-2.61101866667 284.331903179
-2.606016 284.263502313
-2.60101333333 284.257232762
-2.59601066667 284.205753207
-2.591008 284.188981117
-2.58600533333 284.192223328
-2.58100266667 284.145502082
-2.576 284.13616917
-2.57099733333 284.111749135
-2.56599466667 284.106098728
-2.560992 284.107810458
-2.55598933333 284.090617827
-2.55098666667 284.112460082
-2.545984 284.110613488
-2.54098133333 284.178271663
-2.53597866667 284.16220672
-2.530976 284.220299091
-2.52597333333 284.242710401
-2.52097066667 284.252757961
-2.515968 284.26971824
-2.51096533333 284.320473831
-2.50596266667 284.304006128
-2.50096 284.336032316
-2.49595733333 284.339272406
-2.49095466667 284.407896928
-2.485952 284.369737361
-2.48094933333 284.429192776
-2.47594666667 284.451574292
-2.470944 284.503033839
-2.46594133333 284.481630912
-2.46093866667 284.542816116
-2.455936 284.579423439
-2.45093333333 284.612286846
-2.44593066667 284.623251445
-2.440928 284.658414534
-2.43592533333 284.658384641
-2.43092266667 284.68389217
-2.42592 284.697602561
-2.42091733333 284.768748524
-2.41591466667 284.741621079
-2.410912 284.727754059
-2.40590933333 284.739232953
-2.40090666667 284.746037226
-2.395904 284.694689032
-2.39090133333 284.734321163
-2.38589866667 284.713880837
-2.380896 284.769395826
-2.37589333333 284.740762936
-2.37089066667 284.725549737
-2.365888 284.719671526
-2.36088533333 284.715706839
-2.35588266667 284.661147966
-2.35088 284.627605543
-2.34587733333 284.565023679
-2.34087466667 284.532518449
-2.335872 284.466267133
-2.33086933333 284.448182152
-2.32586666667 284.40154609
-2.320864 284.418625763
-2.31586133333 284.403721934
-2.31085866667 284.456337325
-2.305856 284.429949184
-2.30085333333 284.492603858
-2.29585066667 284.445954795
-2.290848 284.491811793
-2.28584533333 284.474615729
-2.28084266667 284.549611675
-2.27584 284.522415677
-2.27083733333 284.536935655
-2.26583466667 284.556615312
-2.260832 284.589460182
-2.25582933333 284.578208138
-2.25082666667 284.634512466
-2.245824 284.607742878
-2.24082133333 284.642221596
-2.23581866667 284.639530404
-2.230816 284.697031754
-2.22581333333 284.65861702
-2.22081066667 284.710044461
-2.215808 284.696749883
-2.21080533333 284.71627149
-2.20580266667 284.740116018
-2.2008 284.82429544
-2.19579733333 284.81056289
-2.19079466667 284.8670317
-2.185792 284.890634459
-2.18078933333 284.97753134
-2.17578666667 284.981950248
-2.170784 285.077745549
-2.16578133333 285.058271025
-2.16077866667 285.119074807
-2.155776 285.106805447
-2.15077333333 285.123952984
-2.14577066667 285.092302396
-2.140768 285.115524333
-2.13576533333 285.097153984
-2.13076266667 285.128615734
-2.12576 285.126032903
-2.12075733333 285.183457198
-2.11575466667 285.169142016
-2.110752 285.217223191
-2.10574933333 285.138171086
-2.10074666667 285.196726546
-2.095744 285.142370195
-2.09074133333 285.176757642
-2.08573866667 285.131112491
-2.080736 285.177905129
-2.07573333333 285.134086137
-2.07073066667 285.165001045
-2.065728 285.14721242
-2.06072533333 285.226952262
-2.05572266667 285.214718084
-2.05072 285.285728909
-2.04571733333 285.251019598
-2.04071466667 285.300977908
-2.035712 285.291078366
-2.03070933333 285.392437263
-2.02570666667 285.341759269
-2.020704 285.432818215
-2.01570133333 285.416591479
-2.01069866667 285.475139128
-2.005696 285.42768467
-2.00069333333 285.49611023
-1.99569066667 285.42681794
-1.990688 285.464164841
-1.98568533333 285.394624359
-1.98068266667 285.464581109
-1.97568 285.403975974
-1.97067733333 285.504323539
-1.96567466667 285.456509481
-1.960672 285.548470924
-1.95566933333 285.522279075
-1.95066666667 285.61210162
-1.945664 285.553517033
-1.94066133333 285.637393367
-1.93565866667 285.559689357
-1.930656 285.647673309
-1.92565333333 285.598813459
-1.92065066667 285.643822785
-1.915648 285.57980374
-1.91064533333 285.6052962
-1.90564266667 285.574108861
-1.90064 285.680118579
-1.89563733333 285.613191023
-1.89063466667 285.666430902
-1.885632 285.616768599
-1.88062933333 285.701314576
-1.87562666667 285.635006581
-1.870624 285.745208512
-1.86562133333 285.711964033
-1.86061866667 285.746927565
-1.855616 285.697646304
-1.85061333333 285.737133821
-1.84561066667 285.690777293
-1.840608 285.740966861
-1.83560533333 285.726616215
-1.83060266667 285.784732645
-1.8256 285.676909004
-1.82059733333 285.752885028
-1.81559466667 285.676391565
-1.810592 285.742780698
-1.80558933333 285.71498082
-1.80058666667 285.76868969
-1.795584 285.704405353
-1.79058133333 285.777015798
-1.78557866667 285.732141633
-1.780576 285.777028434
-1.77557333333 285.752928951
-1.77057066667 285.818998554
-1.765568 285.778232231
-1.76056533333 285.886277075
-1.75556266667 285.876199975
-1.75056 285.927820889
-1.74555733333 285.898923427
-1.74055466667 285.974555336
-1.735552 285.904518399
-1.73054933333 285.972711054
-1.72554666667 285.922070363
-1.720544 285.971523894
-1.71554133333 285.895328857
-1.71053866667 285.975045175
-1.705536 285.908907417
-1.70053333333 285.99805748
-1.69553066667 285.928737882
-1.690528 286.018342079
-1.68552533333 285.926498376
-1.68052266667 285.986881674
-1.67552 285.920530768
-1.67051733333 285.97769367
-1.66551466667 285.927954308
-1.660512 286.001161673
-1.65550933333 285.945120189
-1.65050666667 285.93039859
-1.645504 285.913410775
-1.64050133333 285.958207538
-1.63549866667 285.904689806
-1.630496 285.952958262
-1.62549333333 285.929721566
-1.62049066667 286.002214562
-1.615488 285.885868417
-1.61048533333 285.888073408
-1.60548266667 285.821321209
-1.60048 285.86486281
-1.59547733333 285.742521799
-1.59047466667 285.790321978
-1.585472 285.681486709
-1.58046933333 285.691683072
-1.57546666667 285.628089849
-1.570464 285.678081472
-1.56546133333 285.616122894
-1.56045866667 285.733941972
-1.555456 285.631082967
-1.55045333333 285.704726511
-1.54545066667 285.605189875
-1.540448 285.676372081
-1.53544533333 285.623123858
-1.53044266667 285.729740758
-1.52544 285.633279511
-1.52043733333 285.725410743
-1.51543466667 285.646976294
-1.510432 285.766602235
-1.50542933333 285.697295134
-1.50042666667 285.776855235
-1.495424 285.712619315
-1.49042133333 285.775476079
-1.48541866667 285.675739532
-1.480416 285.739154693
-1.47541333333 285.648482204
-1.47041066667 285.722182152
-1.465408 285.698978512
-1.46040533333 285.7593472
-1.45540266667 285.693038656
-1.4504 285.797298777
-1.44539733333 285.760603499
-1.44039466667 285.862642061
-1.435392 285.771108213
-1.43038933333 285.870684741
-1.42538666667 285.817248533
-1.420384 285.874833448
-1.41538133333 285.806875789
-1.41037866667 285.919737599
-1.405376 285.824621999
-1.40037333333 285.92689263
-1.39537066667 285.841530955
-1.390368 285.945981903
-1.38536533333 285.825812493
-1.38036266667 285.942859255
-1.37536 285.854473448
-1.37035733333 285.958062048
-1.36535466667 285.852037313
-1.360352 285.967025361
-1.35534933333 285.837828468
-1.35034666667 285.978806826
-1.345344 285.890444746
-1.34034133333 285.991889746
-1.33533866667 285.890924336
-1.330336 286.014750068
-1.32533333333 285.976422021
-1.32033066667 286.016382111
-1.315328 285.968000551
-1.31032533333 286.090128369
-1.30532266667 286.001675469
-1.30032 286.104217916
-1.29531733333 285.975462772
-1.29031466667 286.007262099
-1.285312 285.922270925
-1.28030933333 285.991992002
-1.27530666667 285.891773299
-1.270304 285.973423711
-1.26530133333 285.908492773
-1.26029866667 285.960742167
-1.255296 285.894569718
-1.25029333333 285.954620071
-1.24529066667 285.907114304
-1.240288 285.978678747
-1.23528533333 285.902893524
-1.23028266667 286.01707164
-1.22528 285.910714821
-1.22027733333 286.013679097
-1.21527466667 285.933649229
-1.210272 286.022503626
-1.20526933333 285.952254426
-1.20026666667 286.04453557
-1.195264 285.90355729
-1.19026133333 286.005823574
-1.18525866667 285.863286271
-1.180256 285.966384713
-1.17525333333 285.884454453
-1.17025066667 285.9665098
-1.165248 285.912426167
-1.16024533333 285.974227867
-1.15524266667 285.9026414
-1.15024 285.998231043
-1.14523733333 285.922845074
-1.14023466667 286.043903934
-1.135232 285.947490112
-1.13022933333 286.02630829
-1.12522666667 285.960008296
-1.120224 286.0567954
-1.11522133333 285.959517502
-1.11021866667 286.059715439
-1.105216 285.943195727
-1.10021333333 286.043075361
-1.09521066667 285.94513288
-1.090208 286.047365354
-1.08520533333 285.953206151
-1.08020266667 286.0387644
-1.0752 285.937769638
-1.07019733333 286.032980346
-1.06519466667 285.939400071
-1.060192 286.05586426
-1.05518933333 285.980226775
-1.05018666667 286.065862274
-1.045184 285.942526049
-1.04018133333 286.037848248
-1.03517866667 285.991715517
-1.030176 286.081667887
-1.02517333333 285.985749144
-1.02017066667 286.09337323
-1.015168 285.979494159
-1.01016533333 286.138544013
-1.00516266667 286.060769811
-1.00016 286.148108311
-0.995157333333 286.011663085
-0.990154666667 286.098359904
-0.985152 285.984748353
-0.980149333333 286.059784942
-0.975146666667 285.923717836
-0.970144 285.987820242
-0.965141333333 285.900498974
-0.960138666667 285.959248436
-0.955136 285.896968733
-0.950133333333 285.994751635
-0.945130666667 285.879359479
-0.940128 285.94101832
-0.935125333333 285.815186868
-0.930122666667 285.912147911
-0.92512 285.797070374
-0.920117333333 285.86401926
-0.915114666667 285.728548541
-0.910112 285.869854159
-0.905109333333 285.706939638
-0.900106666667 285.763578364
-0.895104 285.598411384
-0.890101333333 285.715226097
-0.885098666667 285.606638081
-0.880096 285.664643382
-0.875093333333 285.520566241
-0.870090666667 285.601376396
-0.865088 285.523512836
-0.860085333333 285.635737435
-0.855082666667 285.498148452
-0.85008 285.648121356
-0.845077333333 285.482072564
-0.840074666667 285.615143739
-0.835072 285.467213508
-0.830069333333 285.601162472
-0.825066666667 285.498078148
-0.820064 285.563849772
-0.815061333333 285.44057236
-0.810058666667 285.540104396
-0.805056 285.434919705
-0.800053333333 285.530845935
-0.795050666667 285.424395255
-0.790048 285.497856551
-0.785045333333 285.415275142
-0.780042666667 285.517625306
-0.77504 285.381478523
-0.770037333333 285.481588444
-0.765034666667 285.401734421
-0.760032 285.486048229
-0.755029333333 285.362321843
-0.750026666667 285.49896076
-0.745024 285.374538383
-0.740021333333 285.442591987
-0.735018666667 285.343366545
-0.730016 285.440535815
-0.725013333333 285.362042752
-0.720010666667 285.455755051
-0.715008 285.363260961
-0.710005333333 285.488211116
-0.705002666667 285.389591288
-0.7 285.492728923
-0.694997333333 285.373739345
-0.689994666667 285.480808038
-0.684992 285.42380354
-0.679989333333 285.532133794
-0.674986666667 285.37792794
-0.669984 285.520449032
-0.664981333333 285.41864731
-0.659978666667 285.493152564
-0.654976 285.374585358
-0.649973333333 285.48847701
-0.644970666667 285.361436729
-0.639968 285.483646318
-0.634965333333 285.362870411
-0.629962666667 285.451506696
-0.62496 285.365413927
-0.619957333333 285.433918901
-0.614954666667 285.308876605
-0.609952 285.445117298
-0.604949333333 285.344040572
-0.599946666667 285.467423727
-0.594944 285.336894318
-0.589941333333 285.480652667
-0.584938666667 285.386884936
-0.579936 285.484955036
-0.574933333333 285.395571978
-0.569930666667 285.511083048
-0.564928 285.420695212
-0.559925333333 285.523898874
-0.554922666667 285.372739529
-0.54992 285.476497765
-0.544917333333 285.372785807
-0.539914666667 285.45727999
-0.534912 285.334876451
-0.529909333333 285.436376779
-0.524906666667 285.331617083
-0.519904 285.439682388
-0.514901333333 285.281813695
-0.509898666667 285.422684258
-0.504896 285.311223808
-0.499893333333 285.40462153
-0.494890666667 285.262271744
-0.489888 285.396966032
-0.484885333333 285.288641424
-0.479882666667 285.387992646
-0.47488 285.246998065
-0.469877333333 285.369877285
-0.464874666667 285.255958227
-0.459872 285.350228794
-0.454869333333 285.278068859
-0.449866666667 285.329518174
-0.444864 285.241089756
-0.439861333333 285.366483188
-0.434858666667 285.220431618
-0.429856 285.345807396
-0.424853333333 285.245658473
-0.419850666667 285.3137241
-0.414848 285.251725707
-0.409845333333 285.340649696
-0.404842666667 285.244398037
-0.39984 285.36848712
-0.394837333333 285.244471126
-0.389834666667 285.355569115
-0.384832 285.280502346
-0.379829333333 285.456396468
-0.374826666667 285.301282021
-0.369824 285.391290646
-0.364821333333 285.298908877
-0.359818666667 285.453163522
-0.354816 285.337099966
-0.349813333333 285.440675644
-0.344810666667 285.345865171
-0.339808 285.42973415
-0.334805333333 285.318195646
-0.329802666667 285.462892248
-0.3248 285.36277388
-0.319797333333 285.511785038
-0.314794666667 285.37231314
-0.309792 285.509009762
-0.304789333333 285.421747832
-0.299786666667 285.555018691
-0.294784 285.416050043
-0.289781333333 285.570003367
-0.284778666667 285.460968179
-0.279776 285.587564653
-0.274773333333 285.469991231
-0.269770666667 285.582734099
-0.264768 285.504109596
-0.259765333333 285.6283477
-0.254762666667 285.477726107
-0.24976 285.599833314
-0.244757333333 285.506996057
-0.239754666667 285.587733762
-0.234752 285.451750709
-0.229749333333 285.548238732
-0.224746666667 285.454704931
-0.219744 285.550150556
-0.214741333333 285.43933742
-0.209738666667 285.538848615
-0.204736 285.451552069
-0.199733333333 285.541427392
-0.194730666667 285.462274061
-0.189728 285.552731395
-0.184725333333 285.444027112
-0.179722666667 285.578432547
-0.17472 285.476388073
-0.169717333333 285.516617826
-0.164714666667 285.48677268
-0.159712 285.596314977
-0.154709333333 285.437438561
-0.149706666667 285.563646387
-0.144704 285.430046554
-0.139701333333 285.5407248
-0.134698666667 285.347341089
-0.129696 285.438641983
-0.124693333333 285.304839997
-0.119690666667 285.407978003
-0.114688 285.274074934
-0.109685333333 285.351246869
-0.104682666667 285.259550186
-0.09968 285.375040029
-0.0946773333333 285.238479694
-0.0896746666667 285.38626189
-0.084672 285.272737744
-0.0796693333333 285.40900631
-0.0746666666667 285.31565743
-0.069664 285.45735893
-0.0646613333333 285.38370846
-0.0596586666667 285.497201451
-0.054656 285.416000682
-0.0496533333333 285.558316943
-0.0446506666667 285.441338062
-0.039648 285.533735078
-0.0346453333333 285.418745765
-0.0296426666667 285.516540717
-0.02464 285.419387102
-0.0196373333333 285.507616766
-0.0146346666667 285.4209632
-0.009632 285.50768538
-0.00462933333333 285.406210588
