（-9.64477,1.5），（-6.84327,2），（-4.8222,2），（-2.1,2）
-9.99995733333 284.348248763
-9.99495466667 284.405824514
-9.989952 284.320043686
-9.98494933333 284.376460087
-9.97994666667 284.301395498
-9.974944 284.291649112
-9.96994133333 284.231534149
-9.96493866667 284.348366266
-9.959936 284.265087567
-9.95493333333 284.342105897
-9.94993066667 284.329457375
-9.944928 284.431758937
-9.93992533333 284.426971984
-9.93492266667 284.527656012
-9.92992 284.544141379
-9.92491733333 284.609546692
-9.91991466667 284.564673739
-9.914912 284.643170836
-9.90990933333 284.602352202
-9.90490666667 284.723160042
-9.899904 284.712596017
-9.89490133333 284.782706093
-9.88989866667 284.762211944
-9.884896 284.885195923
-9.87989333333 284.85138491
-9.87489066667 284.944663867
-9.869888 284.917439592
-9.86488533333 285.032088855
-9.85988266667 285.019134434
-9.85488 285.087108409
-9.84987733333 285.038660158
-9.84487466667 285.096959997
-9.839872 285.141243249
-9.83486933333 285.184496159
-9.82986666667 285.180644173
-9.824864 285.291915236
-9.81986133333 285.268112017
-9.81485866667 285.347997415
-9.809856 285.315304169
-9.80485333333 285.411601916
-9.79985066667 285.356640223
-9.794848 285.447081059
-9.78984533333 285.402212752
-9.78484266667 285.477470924
-9.77984 285.453751938
-9.77483733333 285.536462792
-9.76983466667 285.506874179
-9.764832 285.578705845
-9.75982933333 285.558090224
-9.75482666667 285.64315389
-9.749824 285.591333435
-9.74482133333 285.71980459
-9.73981866667 285.630219
-9.734816 285.686350945
-9.72981333333 285.645827066
-9.72481066667 285.707707933
-9.719808 285.608440169
-9.71480533333 285.608712738
-9.70980266667 285.542448525
-9.7048 285.62589894
-9.69979733333 285.511438365
-9.69479466667 285.547842534
-9.689792 285.479548547
-9.68478933333 285.536319872
-9.67978666667 285.424131388
-9.674784 285.510109465
-9.66978133333 285.414683824
-9.66477866667 285.436823916
-9.659776 285.348271974
-9.65477333333 285.387402112
-9.64977066667 285.315873732
-9.644768 285.47036271
-9.63976533333 285.34182983
-9.63476266667 285.391973111
-9.62976 285.348230181
-9.62475733333 285.419400073
-9.61975466667 285.38274599
-9.614752 285.493195285
-9.60974933333 285.392027196
-9.60474666667 285.486082551
-9.599744 285.424947774
-9.59474133333 285.476310571
-9.58973866667 285.376357784
-9.584736 285.443961483
-9.57973333333 285.334708806
-9.57473066667 285.415475615
-9.569728 285.285862498
-9.56472533333 285.363318607
-9.55972266667 285.258811277
-9.55472 285.336039457
-9.54971733333 285.24478451
-9.54471466667 285.334466301
-9.539712 285.244701064
-9.53470933333 285.280414117
-9.52970666667 285.232451587
-9.524704 285.274309831
-9.51970133333 285.196279023
-9.51469866667 285.287422678
-9.509696 285.176431861
-9.50469333333 285.274046634
-9.49969066667 285.155697036
-9.494688 285.203636006
-9.48968533333 285.118011559
-9.48468266667 285.194376637
-9.47968 285.087999489
-9.47467733333 285.160651787
-9.46967466667 285.042682888
-9.464672 285.136103061
-9.45966933333 285.002960023
-9.45466666667 285.063977583
-9.449664 284.981075004
-9.44466133333 285.10846825
-9.43965866667 285.022649022
-9.434656 285.187398548
-9.42965333333 285.089924383
-9.42465066667 285.217331822
-9.419648 285.159936153
-9.41464533333 285.264079829
-9.40964266667 285.215668249
-9.40464 285.301112922
-9.39963733333 285.194285676
-9.39463466667 285.336952055
-9.389632 285.259286961
-9.38462933333 285.415489616
-9.37962666667 285.332885125
-9.374624 285.470891798
-9.36962133333 285.450773425
-9.36461866667 285.677829571
-9.359616 285.597805646
-9.35461333333 285.783966591
-9.34961066667 285.773567342
-9.344608 285.923938635
-9.33960533333 285.922854447
-9.33460266667 286.064695549
-9.3296 286.089520052
-9.32459733333 286.252656025
-9.31959466667 286.225416968
-9.314592 286.379319611
-9.30958933333 286.378822684
-9.30458666667 286.605478975
-9.299584 286.599114882
-9.29458133333 286.855666325
-9.28957866667 286.867002928
-9.284576 287.072813495
-9.27957333333 287.076569516
-9.27457066667 287.219303105
-9.269568 287.240903054
-9.26456533333 287.370092746
-9.25956266667 287.338942897
-9.25456 287.451365789
-9.24955733333 287.376271094
-9.24455466667 287.513943474
-9.239552 287.444809661
-9.23454933333 287.608671629
-9.22954666667 287.634804564
-9.224544 287.792255095
-9.21954133333 287.740178469
-9.21453866667 287.873904726
-9.209536 287.826317483
-9.20453333333 287.999769096
-9.19953066667 287.937200634
-9.194528 288.061308997
-9.18952533333 288.018278061
-9.18452266667 288.153049692
-9.17952 288.039510618
-9.17451733333 288.195754258
-9.16951466667 288.164865049
-9.164512 288.272400486
-9.15950933333 288.184622986
-9.15450666667 288.344779768
-9.149504 288.299161851
-9.14450133333 288.443440863
-9.13949866667 288.382507625
-9.134496 288.522486934
-9.12949333333 288.52469526
-9.12449066667 288.65916421
-9.119488 288.568223757
-9.11448533333 288.722967907
-9.10948266667 288.638659351
-9.10448 288.75636416
-9.09947733333 288.7017264
-9.09447466667 288.894888592
-9.089472 288.832418003
-9.08446933333 288.982833306
-9.07946666667 288.878589854
-9.074464 289.059301838
-9.06946133333 288.989981191
-9.06445866667 289.144554012
-9.059456 289.024789519
-9.05445333333 289.121394456
-9.04945066667 289.088985733
-9.044448 289.24273593
-9.03944533333 289.087320222
-9.03444266667 289.189888177
-9.02944 289.143420192
-9.02443733333 289.242413801
-9.01943466667 289.135579278
-9.014432 289.274941291
-9.00942933333 289.194984616
-9.00442666667 289.312232711
-8.999424 289.177707356
-8.99442133333 289.287601909
-8.98941866667 289.201045051
-8.984416 289.299461596
-8.97941333333 289.180068681
-8.97441066667 289.29811541
-8.969408 289.251045797
-8.96440533333 289.372941246
-8.95940266667 289.285175515
-8.9544 289.404310246
-8.94939733333 289.309929168
-8.94439466667 289.417094777
-8.939392 289.297630532
-8.93438933333 289.394992321
-8.92938666667 289.220138815
-8.924384 289.29532622
-8.91938133333 289.118009574
-8.91437866667 289.18779498
-8.909376 289.038676712
-8.90437333333 289.111518908
-8.89937066667 288.914121323
-8.894368 289.014532264
-8.88936533333 288.884023551
-8.88436266667 288.95372277
-8.87936 288.826969795
-8.87435733333 288.901697381
-8.86935466667 288.769051175
-8.864352 288.896198103
-8.85934933333 288.767614258
-8.85434666667 288.902947996
-8.849344 288.826486688
-8.84434133333 288.968053789
-8.83933866667 288.8976784
-8.834336 289.067710447
-8.82933333333 289.032501084
-8.82433066667 289.125003934
-8.819328 289.025905462
-8.81432533333 289.190416892
-8.80932266667 289.067541723
-8.80432 289.18140739
-8.79931733333 289.012298635
-8.79431466667 289.075955145
-8.789312 288.95172425
-8.78430933333 288.980239372
-8.77930666667 288.812553316
-8.774304 288.854679281
-8.76930133333 288.727662714
-8.76429866667 288.808161366
-8.759296 288.619731246
-8.75429333333 288.644953491
-8.74929066667 288.479516439
-8.744288 288.558188228
-8.73928533333 288.314992313
-8.73428266667 288.389754302
-8.72928 288.190881917
-8.72427733333 288.305112035
-8.71927466667 288.045289184
-8.714272 288.089409286
-8.70926933333 287.937558679
-8.70426666667 288.031311673
-8.699264 287.902682812
-8.69426133333 288.013068977
-8.68925866667 287.917709092
-8.684256 288.031294911
-8.67925333333 287.968467593
-8.67425066667 288.09634186
-8.669248 288.01067558
-8.66424533333 288.217435342
-8.65924266667 288.128614372
-8.65424 288.228214665
-8.64923733333 288.150392266
-8.64423466667 288.287337582
-8.639232 288.164278653
-8.63422933333 288.302324359
-8.62922666667 288.223142681
-8.624224 288.369915962
-8.61922133333 288.251375505
-8.61421866667 288.355545151
-8.609216 288.247765844
-8.60421333333 288.345509405
-8.59921066667 288.119174185
-8.594208 288.202601676
-8.58920533333 288.02527225
-8.58420266667 288.124964618
-8.5792 287.965924654
-8.57419733333 287.967920945
-8.56919466667 287.803868613
-8.564192 287.764925201
-8.55918933333 287.511164679
-8.55418666667 287.546306589
-8.549184 287.366875855
-8.54418133333 287.36031849
-8.53917866667 287.093843587
-8.534176 287.129674448
-8.52917333333 286.926973975
-8.52417066667 286.934659327
-8.519168 286.701567272
-8.51416533333 286.656949546
-8.50916266667 286.449741491
-8.50416 286.435563175
-8.49915733333 286.225764234
-8.49415466667 286.303381434
-8.489152 286.163610498
-8.48414933333 286.206821817
-8.47914666667 286.047465225
-8.474144 286.09881571
-8.46914133333 285.92859323
-8.46413866667 285.961758414
-8.459136 285.800057212
-8.45413333333 285.874201598
-8.44913066667 285.716988504
-8.444128 285.800470916
-8.43912533333 285.592850453
-8.43412266667 285.737314569
-8.42912 285.601921367
-8.42411733333 285.692013412
-8.41911466667 285.569538278
-8.414112 285.677144028
-8.40910933333 285.596474906
-8.40410666667 285.713619492
-8.399104 285.584649204
-8.39410133333 285.694335098
-8.38909866667 285.595322605
-8.384096 285.683441694
-8.37909333333 285.624030481
-8.37409066667 285.742979681
-8.369088 285.64699242
-8.36408533333 285.727493903
-8.35908266667 285.597703159
-8.35408 285.664910258
-8.34907733333 285.535741492
-8.34407466667 285.649394055
-8.339072 285.56221095
-8.33406933333 285.63659762
-8.32906666667 285.515644088
-8.324064 285.580759471
-8.31906133333 285.381264349
-8.31405866667 285.466911363
-8.309056 285.421451663
-8.30405333333 285.538871455
-8.29905066667 285.425653192
-8.294048 285.519278657
-8.28904533333 285.495487437
-8.28404266667 285.593127003
-8.27904 285.431846018
-8.27403733333 285.530613602
-8.26903466667 285.454773538
-8.264032 285.419291256
-8.25902933333 285.229814885
-8.25402666667 285.297417432
-8.249024 285.145350092
-8.24402133333 285.129820813
-8.23901866667 284.895723085
-8.234016 284.891689208
-8.22901333333 284.751055373
-8.22401066667 284.817622052
-8.219008 284.703953378
-8.21400533333 284.793215655
-8.20900266667 284.68611725
-8.204 284.764842631
-8.19899733333 284.658255049
-8.19399466667 284.653408496
-8.188992 284.45350984
-8.18398933333 284.425957388
-8.17898666667 284.190205272
-8.173984 284.165362798
-8.16898133333 284.085553302
-8.16397866667 284.149857368
-8.158976 284.019534986
-8.15397333333 284.093341844
-8.14897066667 284.011766007
-8.143968 284.114180593
-8.13896533333 284.051180142
-8.13396266667 284.1203418
-8.12896 284.080949635
-8.12395733333 284.179922955
-8.11895466667 284.024827094
-8.113952 284.103786069
-8.10894933333 284.010906957
-8.10394666667 284.061719337
-8.098944 283.943416844
-8.09394133333 284.011765397
-8.08893866667 283.981506127
-8.083936 284.14140935
-8.07893333333 284.101406
-8.07393066667 284.299515826
-8.068928 284.3078167
-8.06392533333 284.424605778
-8.05892266667 284.358374966
-8.05392 284.521467914
-8.04891733333 284.413611789
-8.04391466667 284.517826583
-8.038912 284.358358046
-8.03390933333 284.422368336
-8.02890666667 284.473951374
-8.023904 284.592257191
-8.01890133333 284.59604579
-8.01389866667 284.754203386
-8.008896 284.752960425
-8.00389333333 284.881930196
-7.99889066667 284.835782367
-7.993888 284.927522064
-7.98888533333 284.903730219
-7.98388266667 285.002008918
-7.97888 284.917769994
-7.97387733333 284.99924538
-7.96887466667 284.963951761
-7.963872 285.080440363
-7.95886933333 285.036175991
-7.95386666667 285.164717728
-7.948864 285.158478154
-7.94386133333 285.290018422
-7.93885866667 285.250011405
-7.933856 285.37023547
-7.92885333333 285.384158824
-7.92385066667 285.490727952
-7.918848 285.418071536
-7.91384533333 285.579752993
-7.90884266667 285.583179197
-7.90384 285.730664786
-7.89883733333 285.686818249
-7.89383466667 285.805374911
-7.888832 285.812443828
-7.88382933333 285.91669218
-7.87882666667 285.890603563
-7.873824 286.00105159
-7.86882133333 285.99058651
-7.86381866667 286.108694354
-7.858816 286.069401925
-7.85381333333 286.143764491
-7.84881066667 286.089858293
-7.843808 286.17152268
-7.83880533333 286.058152
-7.83380266667 286.175097926
-7.8288 286.195512099
-7.82379733333 286.278006652
-7.81879466667 286.21907877
-7.813792 286.308888535
-7.80878933333 286.312341375
-7.80378666667 286.374704622
-7.798784 286.30625863
-7.79378133333 286.409399528
-7.78877866667 286.367852029
-7.783776 286.471822811
-7.77877333333 286.409647585
-7.77377066667 286.50150652
-7.768768 286.430578539
-7.76376533333 286.525914947
-7.75876266667 286.469335308
-7.75376 286.540794505
-7.74875733333 286.499784285
-7.74375466667 286.570289338
-7.738752 286.500365258
-7.73374933333 286.587699526
-7.72874666667 286.54356625
-7.723744 286.622439701
-7.71874133333 286.534777294
-7.71373866667 286.671592293
-7.708736 286.636294688
-7.70373333333 286.736234648
-7.69873066667 286.675814209
-7.693728 286.786201627
-7.68872533333 286.766831989
-7.68372266667 286.901074625
-7.67872 286.88571732
-7.67371733333 286.986884284
-7.66871466667 286.981808708
-7.663712 287.085474571
-7.65870933333 287.022843162
-7.65370666667 287.109907008
-7.648704 287.083256828
-7.64370133333 287.125078204
-7.63869866667 287.000087393
-7.633696 287.123722018
-7.62869333333 286.981286744
-7.62369066667 286.969286078
-7.618688 286.82291809
-7.61368533333 286.792945798
-7.60868266667 286.689736335
-7.60368 286.639019995
-7.59867733333 286.501875497
-7.59367466667 286.472992846
-7.588672 286.380910053
-7.58366933333 286.410154626
-7.57866666667 286.305364888
-7.573664 286.327285767
-7.56866133333 286.222420559
-7.56365866667 286.300302595
-7.558656 286.146477305
-7.55365333333 286.235787658
-7.54865066667 286.177285752
-7.543648 286.226110299
-7.53864533333 286.134356903
-7.53364266667 286.107002982
-7.52864 286.103388881
-7.52363733333 286.147270128
-7.51863466667 286.085165009
-7.513632 286.167771114
-7.50862933333 286.126735935
-7.50362666667 286.209710233
-7.498624 286.184318964
-7.49362133333 286.229544194
-7.48861866667 286.258672697
-7.483616 286.322016995
-7.47861333333 286.279952472
-7.47361066667 286.378242027
-7.468608 286.394029567
-7.46360533333 286.496880849
-7.45860266667 286.446586403
-7.4536 286.546016466
-7.44859733333 286.559127168
-7.44359466667 286.646520096
-7.438592 286.612707503
-7.43358933333 286.792310005
-7.42858666667 286.813441813
-7.423584 286.920844883
-7.41858133333 286.95388823
-7.41357866667 287.086610798
-7.408576 287.102330334
-7.40357333333 287.214052706
-7.39857066667 287.213017837
-7.393568 287.306878018
-7.38856533333 287.34517006
-7.38356266667 287.478291807
-7.37856 287.42338027
-7.37355733333 287.548043901
-7.36855466667 287.557196536
-7.363552 287.634022583
-7.35854933333 287.645715604
-7.35354666667 287.737009555
-7.348544 287.745474668
-7.34354133333 287.79048659
-7.33853866667 287.742543175
-7.333536 287.818831224
-7.32853333333 287.766787768
-7.32353066667 287.833656308
-7.318528 287.747042853
-7.31352533333 287.73928733
-7.30852266667 287.686236309
-7.30352 287.661042977
-7.29851733333 287.561203477
-7.29351466667 287.638975911
-7.288512 287.599756495
-7.28350933333 287.624070086
-7.27850666667 287.535823511
-7.273504 287.579401626
-7.26850133333 287.508264937
-7.26349866667 287.557888699
-7.258496 287.48327407
-7.25349333333 287.474505397
-7.24849066667 287.426123787
-7.243488 287.475521647
-7.23848533333 287.421466072
-7.23348266667 287.432309945
-7.22848 287.463720931
-7.22347733333 287.396944971
-7.21847466667 287.308909191
-7.213472 287.356284577
-7.20846933333 287.311078852
-7.20346666667 287.329583846
-7.198464 287.261198434
-7.19346133333 287.249651278
-7.18845866667 287.209945981
-7.183456 287.209900441
-7.17845333333 287.105896105
-7.17345066667 287.076896932
-7.168448 286.957794662
-7.16344533333 286.938245085
-7.15844266667 286.844129029
-7.15344 286.845236481
-7.14843733333 286.815455233
-7.14343466667 286.822438052
-7.138432 286.718293339
-7.13342933333 286.732050718
-7.12842666667 286.686271159
-7.123424 286.725378788
-7.11842133333 286.660953439
-7.11341866667 286.697388636
-7.108416 286.697860486
-7.10341333333 286.750503875
-7.09841066667 286.687810484
-7.093408 286.721901459
-7.08840533333 286.696328261
-7.08340266667 286.705753807
-7.0784 286.670494967
-7.07339733333 286.655780795
-7.06839466667 286.55715163
-7.063392 286.5942886
-7.05838933333 286.57494088
-7.05338666667 286.572846571
-7.048384 286.563471319
-7.04338133333 286.580477305
-7.03837866667 286.526446589
-7.033376 286.481774299
-7.02837333333 286.461231811
-7.02337066667 286.482948596
-7.018368 286.388426024
-7.01336533333 286.397348663
-7.00836266667 286.363182406
-7.00336 286.363982674
-6.99835733333 286.306996292
-6.99335466667 286.27179792
-6.988352 286.191855769
-6.98334933333 286.185485973
-6.97834666667 286.107804315
-6.973344 286.040285603
-6.96834133333 285.974850244
-6.96333866667 286.01256735
-6.958336 285.921443773
-6.95333333333 285.955699074
-6.94833066667 285.883923991
-6.943328 285.899102905
-6.93832533333 285.871586823
-6.93332266667 285.858296114
-6.92832 285.850331728
-6.92331733333 285.853032512
-6.91831466667 285.818782914
-6.913312 285.875548182
-6.90830933333 285.907994361
-6.90330666667 285.935212542
-6.898304 285.924826781
-6.89330133333 285.975859582
-6.88829866667 286.027227473
-6.883296 286.008754201
-6.87829333333 285.977055407
-6.87329066667 285.996413761
-6.868288 286.015180052
-6.86328533333 286.020521408
-6.85828266667 286.009965143
-6.85328 286.036974018
-6.84827733333 286.022499925
-6.84327466667 286.063400372
-6.838272 286.032391815
-6.83326933333 286.055461008
-6.82826666667 286.002184697
-6.823264 286.021258204
-6.81826133333 286.005956249
-6.81325866667 285.987796679
-6.808256 285.941692154
-6.80325333333 285.943855011
-6.79825066667 285.866294916
-6.793248 285.906454938
-6.78824533333 285.881780339
-6.78324266667 285.883457645
-6.77824 285.836466013
-6.77323733333 285.788708321
-6.76823466667 285.75496595
-6.763232 285.74851929
-6.75822933333 285.729539679
-6.75322666667 285.713003673
-6.748224 285.724763963
-6.74322133333 285.681088276
-6.73821866667 285.65419093
-6.733216 285.691024624
-6.72821333333 285.664699512
-6.72321066667 285.673506385
-6.718208 285.670861354
-6.71320533333 285.652220035
-6.70820266667 285.657256143
-6.7032 285.652550834
-6.69819733333 285.612937677
-6.69319466667 285.663019047
-6.688192 285.691471385
-6.68318933333 285.745136061
-6.67818666667 285.765438704
-6.673184 285.788355984
-6.66818133333 285.83114843
-6.66317866667 285.848628483
-6.658176 285.831338154
-6.65317333333 285.837522191
-6.64817066667 285.819100383
-6.643168 285.853754913
-6.63816533333 285.843646384
-6.63316266667 285.867243074
-6.62816 285.931061257
-6.62315733333 285.913233238
-6.61815466667 285.903530508
-6.613152 285.923274265
-6.60814933333 285.979458642
-6.60314666667 285.996584488
-6.598144 286.000847781
-6.59314133333 286.054891898
-6.58813866667 286.098443864
-6.583136 286.161570359
-6.57813333333 286.228812182
-6.57313066667 286.277593321
-6.568128 286.343419148
-6.56312533333 286.351852195
-6.55812266667 286.391960218
-6.55312 286.460341047
-6.54811733333 286.490446601
-6.54311466667 286.47802475
-6.538112 286.484093485
-6.53310933333 286.522549272
-6.52810666667 286.549407495
-6.523104 286.578252015
-6.51810133333 286.576731102
-6.51309866667 286.611723453
-6.508096 286.670424521
-6.50309333333 286.692311586
-6.49809066667 286.721699333
-6.493088 286.714018671
-6.48808533333 286.721610669
-6.48308266667 286.725909237
-6.47808 286.749284778
-6.47307733333 286.791826385
-6.46807466667 286.789893248
-6.463072 286.858569714
-6.45806933333 286.88873156
-6.45306666667 286.881857006
-6.448064 286.948114159
-6.44306133333 286.961809648
-6.43805866667 286.957236926
-6.433056 286.983971845
-6.42805333333 286.97850047
-6.42305066667 286.980930311
-6.418048 286.959517003
-6.41304533333 286.972675975
-6.40804266667 287.041098357
-6.40304 287.048081136
-6.39803733333 287.111568017
-6.39303466667 287.072957363
-6.388032 287.14660186
-6.38302933333 287.090938115
-6.37802666667 287.04701114
-6.373024 287.040059194
-6.36802133333 287.062485622
-6.36301866667 287.021762803
-6.358016 287.046317404
-6.35301333333 287.000324274
-6.34801066667 287.092475473
-6.343008 287.004423074
-6.33800533333 286.985366227
-6.33300266667 287.008726334
-6.328 287.048335935
-6.32299733333 287.033657897
-6.31799466667 287.094822712
-6.312992 287.112592863
-6.30798933333 287.161173305
-6.30298666667 287.201622233
-6.297984 287.283928972
-6.29298133333 287.310429522
-6.28797866667 287.399892446
-6.282976 287.439871169
-6.27797333333 287.536163752
-6.27297066667 287.591715616
-6.267968 287.663762859
-6.26296533333 287.693687688
-6.25796266667 287.811894188
-6.25296 287.831659645
-6.24795733333 287.930685405
-6.24295466667 287.958353049
-6.237952 288.054886202
-6.23294933333 288.103230526
-6.22794666667 288.203461083
-6.222944 288.204868593
-6.21794133333 288.313723813
-6.21293866667 288.308872823
-6.207936 288.407984091
-6.20293333333 288.411232995
-6.19793066667 288.46137901
-6.192928 288.463668075
-6.18792533333 288.545590388
-6.18292266667 288.538547145
-6.17792 288.60048763
-6.17291733333 288.619440483
-6.16791466667 288.670825233
-6.162912 288.663303154
-6.15790933333 288.773441129
-6.15290666667 288.7096346
-6.147904 288.809049991
-6.14290133333 288.767824794
-6.13789866667 288.852807176
-6.132896 288.813511736
-6.12789333333 288.884148626
-6.12289066667 288.89181775
-6.117888 288.968453222
-6.11288533333 288.965295367
-6.10788266667 289.05000923
-6.10288 289.004664069
-6.09787733333 289.067272934
-6.09287466667 289.061543481
-6.087872 289.093897134
-6.08286933333 289.070143522
-6.07786666667 289.10295777
-6.072864 289.036359631
-6.06786133333 289.025145506
-6.06285866667 288.991380851
-6.057856 289.020405562
-6.05285333333 288.953325444
-6.04785066667 288.927416406
-6.042848 288.893064129
-6.03784533333 288.886555275
-6.03284266667 288.839079616
-6.02784 288.836288512
-6.02283733333 288.756072769
-6.01783466667 288.781923179
-6.012832 288.694108809
-6.00782933333 288.715153166
-6.00282666667 288.635231228
-5.997824 288.674286241
-5.99282133333 288.631767153
-5.98781866667 288.682989481
-5.982816 288.600945995
-5.97781333333 288.666089751
-5.97281066667 288.525732775
-5.967808 288.554113413
-5.96280533333 288.489413652
-5.95780266667 288.49448611
-5.9528 288.419192312
-5.94779733333 288.484926442
-5.94279466667 288.31519701
-5.937792 288.360624216
-5.93278933333 288.260481983
-5.92778666667 288.32485604
-5.922784 288.230675227
-5.91778133333 288.23091207
-5.91277866667 288.142513068
-5.907776 288.169792812
-5.90277333333 288.06584109
-5.89777066667 288.08193223
-5.892768 287.960073024
-5.88776533333 288.010721964
-5.88276266667 287.865633842
-5.87776 287.896086017
-5.87275733333 287.803502632
-5.86775466667 287.835003257
-5.862752 287.770817986
-5.85774933333 287.786702875
-5.85274666667 287.684977981
-5.847744 287.665904113
-5.84274133333 287.583764937
-5.83773866667 287.636970588
-5.832736 287.540496907
-5.82773333333 287.586776862
-5.82273066667 287.511160617
-5.817728 287.549609783
-5.81272533333 287.492246197
-5.80772266667 287.578823853
-5.80272 287.505298242
-5.79771733333 287.621722136
-5.79271466667 287.523922524
-5.787712 287.578367978
-5.78270933333 287.494147047
-5.77770666667 287.529866627
-5.772704 287.434721426
-5.76770133333 287.472902081
-5.76269866667 287.361560337
-5.757696 287.423245798
-5.75269333333 287.293574691
-5.74769066667 287.344675896
-5.742688 287.276104818
-5.73768533333 287.314090523
-5.73268266667 287.286825732
-5.72768 287.302983773
-5.72267733333 287.214755847
-5.71767466667 287.309144879
-5.712672 287.208381646
-5.70766933333 287.250986183
-5.70266666667 287.171427369
-5.697664 287.192861119
-5.69266133333 287.096933286
-5.68765866667 287.18589688
-5.682656 287.08750763
-5.67765333333 287.158299915
-5.67265066667 287.040211657
-5.667648 287.10061494
-5.66264533333 287.025221452
-5.65764266667 287.041414819
-5.65264 286.971487682
-5.64763733333 287.082708457
-5.64263466667 286.971185794
-5.637632 287.030611261
-5.63262933333 286.942627246
-5.62762666667 286.995266529
-5.622624 286.881094908
-5.61762133333 286.956581787
-5.61261866667 286.864122036
-5.607616 286.907957078
-5.60261333333 286.829901969
-5.59761066667 286.892140252
-5.592608 286.783309683
-5.58760533333 286.826693382
-5.58260266667 286.743639584
-5.5776 286.814221898
-5.57259733333 286.691089191
-5.56759466667 286.779073764
-5.562592 286.65218124
-5.55758933333 286.703279949
-5.55258666667 286.581056929
-5.547584 286.638293663
-5.54258133333 286.497365036
-5.53757866667 286.525539951
-5.532576 286.474408867
-5.52757333333 286.53196034
-5.52257066667 286.391454619
-5.517568 286.491239791
-5.51256533333 286.36380248
-5.50756266667 286.401517368
-5.50256 286.272813325
-5.49755733333 286.333289492
-5.49255466667 286.197097207
-5.487552 286.226057991
-5.48254933333 286.112797898
-5.47754666667 286.123501249
-5.472544 285.998353433
-5.46754133333 286.03251979
-5.46253866667 285.916613962
-5.457536 285.956730427
-5.45253333333 285.818766097
-5.44753066667 285.905125467
-5.442528 285.69118585
-5.43752533333 285.776076344
-5.43252266667 285.711108398
-5.42752 285.763172659
-5.42251733333 285.627736186
-5.41751466667 285.753834478
-5.412512 285.651200309
-5.40750933333 285.709573512
-5.40250666667 285.599982392
-5.397504 285.695514659
-5.39250133333 285.566880021
-5.38749866667 285.654325315
-5.382496 285.500997014
-5.37749333333 285.570182642
-5.37249066667 285.427232615
-5.367488 285.503463222
-5.36248533333 285.360265651
-5.35748266667 285.441255979
-5.35248 285.332258889
-5.34747733333 285.408261869
-5.34247466667 285.34735302
-5.337472 285.395739185
-5.33246933333 285.330083545
-5.32746666667 285.463025722
-5.322464 285.340884918
-5.31746133333 285.447864845
-5.31245866667 285.376934469
-5.307456 285.480498782
-5.30245333333 285.382713292
-5.29745066667 285.518440291
-5.292448 285.435467479
-5.28744533333 285.531047563
-5.28244266667 285.406502668
-5.27744 285.537398288
-5.27243733333 285.403203839
-5.26743466667 285.471614922
-5.262432 285.364403144
-5.25742933333 285.458219942
-5.25242666667 285.340557315
-5.247424 285.380786143
-5.24242133333 285.288299814
-5.23741866667 285.388798798
-5.232416 285.289683328
-5.22741333333 285.365971838
-5.22241066667 285.239341312
-5.217408 285.31669688
-5.21240533333 285.218408163
-5.20740266667 285.31445803
-5.2024 285.169481398
-5.19739733333 285.252120814
-5.19239466667 285.127730701
-5.187392 285.237934041
-5.18238933333 285.123768648
-5.17738666667 285.188786777
-5.172384 285.092358378
-5.16738133333 285.181640713
-5.16237866667 285.009361149
-5.157376 285.132630544
-5.15237333333 285.008389926
-5.14737066667 285.121482294
-5.142368 284.934301259
-5.13736533333 285.055818916
-5.13236266667 284.952445177
-5.12736 285.055941076
-5.12235733333 284.94943757
-5.11735466667 285.04160252
-5.112352 285.004458739
-5.10734933333 285.096636593
-5.10234666667 284.974555748
-5.097344 285.107800179
-5.09234133333 284.987592744
-5.08733866667 285.108639023
-5.082336 284.994893123
-5.07733333333 285.095607238
-5.07233066667 284.983539418
-5.067328 285.087938562
-5.06232533333 284.983419054
-5.05732266667 285.118066997
-5.05232 285.003768926
-5.04731733333 285.077262312
-5.04231466667 284.996081213
-5.037312 285.045968274
-5.03230933333 284.985853192
-5.02730666667 285.098375286
-5.022304 284.990953155
-5.01730133333 285.068239948
-5.01229866667 284.94299906
-5.007296 285.055315034
-5.00229333333 284.919952508
-4.99729066667 284.983402804
-4.992288 284.876390479
-4.98728533333 284.966253477
-4.98228266667 284.801961472
-4.97728 284.892026706
-4.97227733333 284.808350395
-4.96727466667 284.937987086
-4.962272 284.825478118
-4.95726933333 284.946184311
-4.95226666667 284.868810438
-4.947264 285.042306005
-4.94226133333 284.907150423
-4.93725866667 284.985383252
-4.932256 284.954677231
-4.92725333333 285.09580402
-4.92225066667 284.972703173
-4.917248 285.12815417
-4.91224533333 285.019426174
-4.90724266667 285.121279971
-4.90224 284.991825978
-4.89723733333 285.141964059
-4.89223466667 285.057103828
-4.887232 285.153623981
-4.88222933333 285.099667865
-4.87722666667 285.257409225
-4.872224 285.189335416
-4.86722133333 285.319943166
-4.86221866667 285.251115224
-4.857216 285.383051737
-4.85221333333 285.369282225
-4.84721066667 285.478228497
-4.842208 285.466280157
-4.83720533333 285.593426193
-4.83220266667 285.543437072
-4.8272 285.680975964
-4.82219733333 285.577589924
-4.81719466667 285.688997341
-4.812192 285.643077928
-4.80718933333 285.730877561
-4.80218666667 285.61357088
-4.797184 285.745451462
-4.79218133333 285.640381884
-4.78717866667 285.769381525
-4.782176 285.659587882
-4.77717333333 285.78993702
-4.77217066667 285.756841201
-4.767168 285.844642263
-4.76216533333 285.708955399
-4.75716266667 285.827444816
-4.75216 285.794194188
-4.74715733333 285.907810443
-4.74215466667 285.827405882
-4.737152 285.957771514
-4.73214933333 285.893201383
-4.72714666667 286.06609655
-4.722144 285.937203929
-4.71714133333 286.066813355
-4.71213866667 285.988050983
-4.707136 286.148812741
-4.70213333333 286.0292083
-4.69713066667 286.159834806
-4.692128 286.088463189
-4.68712533333 286.188662064
-4.68212266667 286.068318712
-4.67712 286.19949677
-4.67211733333 286.102420983
-4.66711466667 286.178714228
-4.662112 286.04346623
-4.65710933333 286.206512961
-4.65210666667 286.092093688
-4.647104 286.19658108
-4.64210133333 286.075760747
-4.63709866667 286.211463479
-4.632096 286.13984137
-4.62709333333 286.241871552
-4.62209066667 286.153186318
-4.617088 286.263774131
-4.61208533333 286.19448893
-4.60708266667 286.268195079
-4.60208 286.189626091
-4.59707733333 286.309397906
-4.59207466667 286.217818893
-4.587072 286.326737033
-4.58206933333 286.207569141
-4.57706666667 286.32496487
-4.572064 286.212815435
-4.56706133333 286.294731135
-4.56205866667 286.170494866
-4.557056 286.240536966
-4.55205333333 286.134091357
-4.54705066667 286.217264273
-4.542048 286.075913895
-4.53704533333 286.166495831
-4.53204266667 286.055696115
-4.52704 286.099340301
-4.52203733333 285.928944261
-4.51703466667 285.993173801
-4.512032 285.889068234
-4.50702933333 285.982013989
-4.50202666667 285.822432564
-4.497024 285.951025529
-4.49202133333 285.830952164
-4.48701866667 285.922236845
-4.482016 285.767301647
-4.47701333333 285.874143958
-4.47201066667 285.743828367
-4.467008 285.883223719
-4.46200533333 285.746355652
-4.45700266667 285.840556956
-4.452 285.781855243
-4.44699733333 285.902106642
-4.44199466667 285.798122838
-4.436992 285.890567741
-4.43198933333 285.849993991
-4.42698666667 285.973306597
-4.421984 285.867102088
-4.41698133333 286.001805183
-4.41197866667 285.891247307
-4.406976 286.044222702
-4.40197333333 285.92858174
-4.39697066667 286.084182575
-4.391968 286.018333812
-4.38696533333 286.184147347
-4.38196266667 286.110569133
-4.37696 286.289002451
-4.37195733333 286.250405264
-4.36695466667 286.370074551
-4.361952 286.290184042
-4.35694933333 286.442053076
-4.35194666667 286.435652702
-4.346944 286.617559013
-4.34194133333 286.52704678
-4.33693866667 286.729386924
-4.331936 286.737648321
-4.32693333333 286.901490009
-4.32193066667 286.859025017
-4.316928 287.043964563
-4.31192533333 287.039289836
-4.30692266667 287.182182968
-4.30192 287.115622649
-4.29691733333 287.289441129
-4.29191466667 287.295175623
-4.286912 287.418370419
-4.28190933333 287.38680368
-4.27690666667 287.515786989
-4.271904 287.480345749
-4.26690133333 287.627936943
-4.26189866667 287.57952958
-4.256896 287.73508645
-4.25189333333 287.689029637
-4.24689066667 287.848915319
-4.241888 287.763701724
-4.23688533333 287.917977256
-4.23188266667 287.872427321
-4.22688 288.028334764
-4.22187733333 287.95385759
-4.21687466667 288.087801771
-4.211872 288.050750937
-4.20686933333 288.214077761
-4.20186666667 288.118332269
-4.196864 288.271848225
-4.19186133333 288.184316367
-4.18685866667 288.326073945
-4.181856 288.279474537
-4.17685333333 288.402247373
-4.17185066667 288.318276001
-4.166848 288.420548282
-4.16184533333 288.318867593
-4.15684266667 288.437494662
-4.15184 288.382843135
-4.14683733333 288.458304984
-4.14183466667 288.305223494
-4.136832 288.432002086
-4.13182933333 288.410196646
-4.12682666667 288.498325615
-4.121824 288.429861687
-4.11682133333 288.542460308
-4.11181866667 288.452683712
-4.106816 288.589063215
-4.10181333333 288.550057262
-4.09681066667 288.676723925
-4.091808 288.639511005
-4.08680533333 288.777639415
-4.08180266667 288.657704994
-4.0768 288.799034122
-4.07179733333 288.739216789
-4.06679466667 288.834489085
-4.061792 288.761049207
-4.05678933333 288.911696431
-4.05178666667 288.859516941
-4.046784 289.034057286
-4.04178133333 288.895424965
-4.03677866667 289.054669244
-4.031776 289.033197291
-4.02677333333 289.145284301
-4.02177066667 289.066555798
-4.016768 289.219455118
-4.01176533333 289.150463476
-4.00676266667 289.287602587
-4.00176 289.233078657
-3.99675733333 289.349480694
-3.99175466667 289.329081787
-3.986752 289.429793199
-3.98174933333 289.338405475
-3.97674666667 289.484131145
-3.971744 289.447527311
-3.96674133333 289.557459756
-3.96173866667 289.482784586
-3.956736 289.662549426
-3.95173333333 289.613722801
-3.94673066667 289.742970067
-3.941728 289.695377002
-3.93672533333 289.845939759
-3.93172266667 289.826952738
-3.92672 289.961510421
-3.92171733333 289.900023298
-3.91671466667 290.028176284
-3.911712 289.983862133
-3.90670933333 290.150490713
-3.90170666667 290.127032872
-3.896704 290.229059898
-3.89170133333 290.171570349
-3.88669866667 290.30982383
-3.881696 290.203616415
-3.87669333333 290.282997623
-3.87169066667 290.235330126
-3.866688 290.35745385
-3.86168533333 290.297013399
-3.85668266667 290.46127272
-3.85168 290.41158963
-3.84667733333 290.53230798
-3.84167466667 290.483971185
-3.836672 290.564434753
-3.83166933333 290.554926598
-3.82666666667 290.650304106
-3.821664 290.608506337
-3.81666133333 290.712139663
-3.81165866667 290.652278844
-3.806656 290.746990191
-3.80165333333 290.689320768
-3.79665066667 290.777918288
-3.791648 290.701127802
-3.78664533333 290.785578757
-3.78164266667 290.694623871
-3.77664 290.784338034
-3.77163733333 290.774165331
-3.76663466667 290.829542078
-3.761632 290.741515407
-3.75662933333 290.838459556
-3.75162666667 290.811907904
-3.746624 290.87028077
-3.74162133333 290.777910306
-3.73661866667 290.872433048
-3.731616 290.779093905
-3.72661333333 290.857674078
-3.72161066667 290.753187408
-3.716608 290.844948628
-3.71160533333 290.783012219
-3.70660266667 290.816257995
-3.7016 290.70095915
-3.69659733333 290.793273244
-3.69159466667 290.687601402
-3.686592 290.741010435
-3.68158933333 290.593652105
-3.67658666667 290.643015872
-3.671584 290.518959932
-3.66658133333 290.557042704
-3.66157866667 290.387912429
-3.656576 290.417793921
-3.65157333333 290.299695937
-3.64657066667 290.370778549
-3.641568 290.272052315
-3.63656533333 290.33160427
-3.63156266667 290.274143113
-3.62656 290.343475002
-3.62155733333 290.216573956
-3.61655466667 290.275955412
-3.611552 290.200033039
-3.60654933333 290.264750888
-3.60154666667 290.141585981
-3.596544 290.220594478
-3.59154133333 290.128221754
-3.58653866667 290.241299264
-3.581536 290.129226137
-3.57653333333 290.170931036
-3.57153066667 290.142640475
-3.566528 290.223136091
-3.56152533333 290.184187745
-3.55652266667 290.274617006
-3.55152 290.224821023
-3.54651733333 290.283417621
-3.54151466667 290.22150896
-3.536512 290.243543341
-3.53150933333 290.21890137
-3.52650666667 290.262357827
-3.521504 290.165772817
-3.51650133333 290.217352839
-3.51149866667 290.133361136
-3.506496 290.202194121
-3.50149333333 290.056667846
-3.49649066667 290.117326024
-3.491488 290.054456994
-3.48648533333 290.084827816
-3.48148266667 289.98434375
-3.47648 289.989873017
-3.47147733333 289.930642268
-3.46647466667 290.005600354
-3.461472 289.884383044
-3.45646933333 289.972657083
-3.45146666667 289.911171536
-3.446464 289.934051161
-3.44146133333 289.796596154
-3.43645866667 289.81062156
-3.431456 289.680940386
-3.42645333333 289.736251769
-3.42145066667 289.639785019
-3.416448 289.741306772
-3.41144533333 289.658564537
-3.40644266667 289.665256135
-3.40144 289.59568989
-3.39643733333 289.710371756
-3.39143466667 289.687636419
-3.386432 289.743749172
-3.38142933333 289.688096035
-3.37642666667 289.708216345
-3.371424 289.604673586
-3.36642133333 289.667281622
-3.36141866667 289.530158032
-3.356416 289.571792985
-3.35141333333 289.499865833
-3.34641066667 289.422188161
-3.341408 289.304493478
-3.33640533333 289.263209497
-3.33140266667 289.131720643
-3.3264 289.131464835
-3.32139733333 289.002014438
-3.31639466667 288.9878904
-3.311392 288.897764194
-3.30638933333 288.932449238
-3.30138666667 288.834355036
-3.296384 288.894529006
-3.29138133333 288.900882432
-3.28637866667 288.998705791
-3.281376 289.038196702
-3.27637333333 289.128061913
-3.27137066667 289.168266462
-3.266368 289.245640252
-3.26136533333 289.220335586
-3.25636266667 289.285498046
-3.25136 289.230074082
-3.24635733333 289.365317599
-3.24135466667 289.341364245
-3.236352 289.327402331
-3.23134933333 289.368189033
-3.22634666667 289.384809979
-3.221344 289.322500038
-3.21634133333 289.285434669
-3.21133866667 289.161174162
-3.206336 289.171060987
-3.20133333333 289.086992125
-3.19633066667 289.124803333
-3.191328 288.999957812
-3.18632533333 289.018604795
-3.18132266667 288.854338507
-3.17632 288.811054788
-3.17131733333 288.743972346
-3.16631466667 288.762923006
-3.161312 288.543622551
-3.15630933333 288.514925164
-3.15130666667 288.34227007
-3.146304 288.26999977
-3.14130133333 288.105027556
-3.13629866667 288.034777014
-3.131296 287.805499592
-3.12629333333 287.66840987
-3.12129066667 287.479442484
-3.116288 287.453232263
-3.11128533333 287.279934014
-3.10628266667 287.193808699
-3.10128 287.004705119
-3.09627733333 286.970362277
-3.09127466667 286.904433286
-3.086272 286.910193502
-3.08126933333 286.823953085
-3.07626666667 286.819750774
-3.071264 286.745088481
-3.06626133333 286.823040178
-3.06125866667 286.751937076
-3.056256 286.766477661
-3.05125333333 286.748930237
-3.04625066667 286.765880813
-3.041248 286.714338281
-3.03624533333 286.737133042
-3.03124266667 286.698343368
-3.02624 286.753438801
-3.02123733333 286.660897038
-3.01623466667 286.709995792
-3.011232 286.690344805
-3.00622933333 286.713130602
-3.00122666667 286.65448068
-2.996224 286.675810525
-2.99122133333 286.640725625
-2.98621866667 286.735722321
-2.981216 286.664358062
-2.97621333333 286.700459311
-2.97121066667 286.648263995
-2.966208 286.703570367
-2.96120533333 286.658631474
-2.95620266667 286.690426007
-2.9512 286.651520346
-2.94619733333 286.605012685
-2.94119466667 286.474681635
-2.936192 286.428922009
-2.93118933333 286.361961337
-2.92618666667 286.356916239
-2.921184 286.209300291
-2.91618133333 286.195351084
-2.91117866667 286.136698658
-2.906176 286.159732085
-2.90117333333 286.11704376
-2.89617066667 286.192761453
-2.891168 286.172681707
-2.88616533333 286.207154193
-2.88116266667 286.196823529
-2.87616 286.225519766
-2.87115733333 286.199762688
-2.86615466667 286.233288456
-2.861152 286.150630966
-2.85614933333 286.118178594
-2.85114666667 286.078369389
-2.846144 286.003892051
-2.84114133333 285.855207106
-2.83613866667 285.753147734
-2.831136 285.610728093
-2.82613333333 285.531034048
-2.82113066667 285.404720218
-2.816128 285.31693438
-2.81112533333 285.218131377
-2.80612266667 285.124963366
-2.80112 285.006908679
-2.79611733333 284.930238452
-2.79111466667 284.83424996
-2.786112 284.754931042
-2.78110933333 284.607289364
-2.77610666667 284.543009744
-2.771104 284.407435258
-2.76610133333 284.361736278
-2.76109866667 284.311334733
-2.756096 284.321073539
-2.75109333333 284.317526981
-2.74609066667 284.249127787
-2.741088 284.241977856
-2.73608533333 284.191288366
-2.73108266667 284.135623954
-2.72608 284.105600348
-2.72107733333 283.968022315
-2.71607466667 283.974765378
-2.711072 283.999411364
-2.70606933333 284.023559123
-2.70106666667 283.945240313
-2.696064 284.004779071
-2.69106133333 284.034108834
-2.68605866667 284.073922435
-2.681056 284.013894091
-2.67605333333 284.018144373
-2.67105066667 283.994608095
-2.666048 284.047023772
-2.66104533333 284.003814988
-2.65604266667 284.05507173
-2.65104 284.047200032
-2.64603733333 284.048444737
-2.64103466667 284.072024224
-2.636032 284.084926271
-2.63102933333 284.106554787
-2.62602666667 284.154759329
-2.621024 284.175258456
-2.61602133333 284.246758343
-2.61101866667 284.29542383
-2.606016 284.342972583
-2.60101333333 284.369569574
-2.59601066667 284.387313745
-2.591008 284.412658798
-2.58600533333 284.440057461
-2.58100266667 284.397597333
-2.576 284.451897691
-2.57099733333 284.396592339
-2.56599466667 284.423300691
-2.560992 284.427864514
-2.55598933333 284.432210181
-2.55098666667 284.417874919
-2.545984 284.444305554
-2.54098133333 284.423883829
-2.53597866667 284.458612579
-2.530976 284.482369131
-2.52597333333 284.495586426
-2.52097066667 284.465509756
-2.515968 284.491337416
-2.51096533333 284.477589405
-2.50596266667 284.511100924
-2.50096 284.474040664
-2.49595733333 284.470093975
-2.49095466667 284.489086181
-2.485952 284.569389337
-2.48094933333 284.588474762
-2.47594666667 284.61324283
-2.470944 284.593231041
-2.46594133333 284.639540502
-2.46093866667 284.639252894
-2.455936 284.655842107
-2.45093333333 284.683860235
-2.44593066667 284.720595599
-2.440928 284.756994889
-2.43592533333 284.800698619
-2.43092266667 284.842269337
-2.42592 284.861780583
-2.42091733333 284.87630615
-2.41591466667 284.900830153
-2.410912 284.926245952
-2.40590933333 284.976805053
-2.40090666667 284.954007622
-2.395904 284.991794878
-2.39090133333 284.979974354
-2.38589866667 284.985632833
-2.380896 284.987511578
-2.37589333333 284.942651374
-2.37089066667 284.942995319
-2.365888 284.960232996
-2.36088533333 284.97541624
-2.35588266667 284.950509627
-2.35088 284.95918344
-2.34587733333 284.997183929
-2.34087466667 284.966435566
-2.335872 285.000024489
-2.33086933333 285.035502714
-2.32586666667 285.012354564
-2.320864 285.004270731
-2.31586133333 284.982382719
-2.31085866667 285.001020236
-2.305856 284.94673612
-2.30085333333 284.873474177
-2.29585066667 284.887979748
-2.290848 284.848466784
-2.28584533333 284.794173507
-2.28084266667 284.758955771
-2.27584 284.810761246
-2.27083733333 284.819891313
-2.26583466667 284.837281606
-2.260832 284.860647646
-2.25582933333 284.882749177
-2.25082666667 284.930573714
-2.245824 284.924526186
-2.24082133333 284.928385649
-2.23581866667 284.958804097
-2.230816 284.949203653
-2.22581333333 285.001087348
-2.22081066667 285.02101463
-2.215808 285.0114773
-2.21080533333 285.039194021
-2.20580266667 285.020052304
-2.2008 284.961861153
-2.19579733333 284.946342082
-2.19079466667 284.942768148
-2.185792 284.913271703
-2.18078933333 284.87753289
-2.17578666667 284.905513158
-2.170784 284.920953306
-2.16578133333 284.922425038
-2.16077866667 284.943137206
-2.155776 284.902308831
-2.15077333333 284.918567645
-2.14577066667 284.865120225
-2.140768 284.853415084
-2.13576533333 284.826443182
-2.13076266667 284.786082249
-2.12576 284.820414432
-2.12075733333 284.858649616
-2.11575466667 284.877397867
-2.110752 284.881825091
-2.10574933333 284.856829142
-2.10074666667 284.865612032
-2.095744 284.847851835
-2.09074133333 284.856562582
-2.08573866667 284.847507526
-2.080736 284.814322578
-2.07573333333 284.78497807
-2.07073066667 284.760608726
-2.065728 284.716758217
-2.06072533333 284.683444037
-2.05572266667 284.620023477
-2.05072 284.624696068
-2.04571733333 284.575835435
-2.04071466667 284.560869224
-2.035712 284.550020186
-2.03070933333 284.537177257
-2.02570666667 284.514587003
-2.020704 284.510975389
-2.01570133333 284.489095855
-2.01069866667 284.529591849
-2.005696 284.523537533
-2.00069333333 284.560007948
-1.99569066667 284.537476429
-1.990688 284.557013905
-1.98568533333 284.531800264
-1.98068266667 284.529575763
-1.97568 284.507941886
-1.97067733333 284.528941183
-1.96567466667 284.529681235
-1.960672 284.568524527
-1.95566933333 284.526886095
-1.95066666667 284.593448698
-1.945664 284.579993855
-1.94066133333 284.644087061
-1.93565866667 284.616621675
-1.930656 284.660435998
-1.92565333333 284.720153803
-1.92065066667 284.823026194
-1.915648 284.810519694
-1.91064533333 284.915422306
-1.90564266667 284.936953107
-1.90064 284.941245211
-1.89563733333 284.932884225
-1.89063466667 285.006317255
-1.885632 284.999507167
-1.88062933333 284.971488942
-1.87562666667 284.945741211
-1.870624 284.986259686
-1.86562133333 284.967750999
-1.86061866667 284.991651311
-1.855616 284.969190896
-1.85061333333 285.053180397
-1.84561066667 285.023737383
-1.840608 285.082090203
-1.83560533333 285.067621203
-1.83060266667 285.164281897
-1.8256 285.144385035
-1.82059733333 285.188176802
-1.81559466667 285.219503455
-1.810592 285.284482085
-1.80558933333 285.283997128
-1.80058666667 285.415282667
-1.795584 285.392554945
-1.79058133333 285.510015531
-1.78557866667 285.538931223
-1.780576 285.630451253
-1.77557333333 285.598983341
-1.77057066667 285.668016122
-1.765568 285.648225849
-1.76056533333 285.662895981
-1.75556266667 285.63807759
-1.75056 285.656020716
-1.74555733333 285.637438128
-1.74055466667 285.758813534
-1.735552 285.720286593
-1.73054933333 285.819969855
-1.72554666667 285.834185063
-1.720544 285.966257542
-1.71554133333 285.981231625
-1.71053866667 286.050582201
-1.705536 286.093373612
-1.70053333333 286.183161149
-1.69553066667 286.121127873
-1.690528 286.170257412
-1.68552533333 286.152386309
-1.68052266667 286.232466881
-1.67552 286.254103701
-1.67051733333 286.386984302
-1.66551466667 286.391993881
-1.660512 286.462790811
-1.65550933333 286.502816116
-1.65050666667 286.634227075
-1.645504 286.58780599
-1.64050133333 286.66054871
-1.63549866667 286.715389891
-1.630496 286.849295429
-1.62549333333 286.862541549
-1.62049066667 286.958529159
-1.615488 286.990275206
-1.61048533333 287.124438778
-1.60548266667 287.149285925
-1.60048 287.253101176
-1.59547733333 287.299828906
-1.59047466667 287.411506879
-1.585472 287.466449449
-1.58046933333 287.672648009
-1.57546666667 287.704232852
-1.570464 287.846765997
-1.56546133333 287.893058774
-1.56045866667 288.021606595
-1.555456 288.105005702
-1.55045333333 288.267150182
-1.54545066667 288.271529679
-1.540448 288.431604524
-1.53544533333 288.416702173
-1.53044266667 288.582606467
-1.52544 288.543377329
-1.52043733333 288.692207487
-1.51543466667 288.758950351
-1.510432 288.91502147
-1.50542933333 288.935632959
-1.50042666667 289.096919639
-1.495424 289.125602404
-1.49042133333 289.244508875
-1.48541866667 289.27263601
-1.480416 289.403601478
-1.47541333333 289.376485546
-1.47041066667 289.486125391
-1.465408 289.49383665
-1.46040533333 289.671316207
-1.45540266667 289.660563874
-1.4504 289.814684401
-1.44539733333 289.797084507
-1.44039466667 289.964950729
-1.435392 289.933717846
-1.43038933333 290.05695717
-1.42538666667 290.033479229
-1.420384 290.155896125
-1.41538133333 290.156109545
-1.41037866667 290.339218919
-1.405376 290.288947231
-1.40037333333 290.413392083
-1.39537066667 290.396131757
-1.390368 290.543477441
-1.38536533333 290.494569056
-1.38036266667 290.609035789
-1.37536 290.623263059
-1.37035733333 290.734032803
-1.36535466667 290.673852444
-1.360352 290.783158444
-1.35534933333 290.778803196
-1.35034666667 290.886146098
-1.345344 290.830409099
-1.34034133333 290.900235129
-1.33533866667 290.817226978
-1.330336 290.885308483
-1.32533333333 290.813093867
-1.32033066667 290.894487264
-1.315328 290.80376114
-1.31032533333 290.896118333
-1.30532266667 290.811042218
-1.30032 290.853780537
-1.29531733333 290.801248266
-1.29031466667 290.847253764
-1.285312 290.756185221
-1.28030933333 290.819505387
-1.27530666667 290.730186593
-1.270304 290.808392225
-1.26530133333 290.704314205
-1.26029866667 290.703353606
-1.255296 290.634752115
-1.25029333333 290.717341806
-1.24529066667 290.594610002
-1.240288 290.649485198
-1.23528533333 290.516564977
-1.23028266667 290.61762564
-1.22528 290.519658643
-1.22027733333 290.598284193
-1.21527466667 290.438570347
-1.210272 290.486048278
-1.20526933333 290.339831319
-1.20026666667 290.400923778
-1.195264 290.239724492
-1.19026133333 290.248369617
-1.18525866667 290.108230935
-1.180256 290.176584479
-1.17525333333 290.075694551
-1.17025066667 290.169252519
-1.165248 290.002729362
-1.16024533333 290.095267111
-1.15524266667 289.973966161
-1.15024 290.035700043
-1.14523733333 289.925998871
-1.14023466667 289.948026519
-1.135232 289.831993141
-1.13022933333 289.979640391
-1.12522666667 289.839144363
-1.120224 289.889600074
-1.11522133333 289.78569268
-1.11021866667 289.812767823
-1.105216 289.690386907
-1.10021333333 289.75761445
-1.09521066667 289.605444538
-1.090208 289.614432252
-1.08520533333 289.344773477
-1.08020266667 289.348875219
-1.0752 289.181444913
-1.07019733333 289.09604713
-1.06519466667 288.906889635
-1.060192 288.900383663
-1.05518933333 288.745821613
-1.05018666667 288.773177639
-1.045184 288.628259807
-1.04018133333 288.71879696
-1.03517866667 288.624481771
-1.030176 288.797341944
-1.02517333333 288.666952747
-1.02017066667 288.839579335
-1.015168 288.79071953
-1.01016533333 288.963354998
-1.00516266667 288.941911942
-1.00016 289.121037732
-0.995157333333 289.09526409
-0.990154666667 289.244536055
-0.985152 289.166434351
-0.980149333333 289.285200782
-0.975146666667 289.18982961
-0.970144 289.26019513
-0.965141333333 289.166425397
-0.960138666667 289.178326444
-0.955136 289.045810627
-0.950133333333 289.075860854
-0.945130666667 288.914956876
-0.940128 288.953089087
-0.935125333333 288.829412023
-0.930122666667 288.884840152
-0.92512 288.644624372
-0.920117333333 288.68446958
-0.915114666667 288.491692302
-0.910112 288.441640745
-0.905109333333 288.204353201
-0.900106666667 288.155207389
-0.895104 287.862103945
-0.890101333333 287.819152312
-0.885098666667 287.611929713
-0.880096 287.557477342
-0.875093333333 287.320680849
-0.870090666667 287.245381632
-0.865088 286.962050915
-0.860085333333 286.917506208
-0.855082666667 286.61183704
-0.85008 286.55444577
-0.845077333333 286.348658837
-0.840074666667 286.290360592
-0.835072 286.152645495
-0.830069333333 286.10348707
-0.825066666667 285.929667577
-0.820064 285.943898489
-0.815061333333 285.795351629
-0.810058666667 285.870760758
-0.805056 285.691686058
-0.800053333333 285.722586488
-0.795050666667 285.680789867
-0.790048 285.705927583
-0.785045333333 285.588939726
-0.780042666667 285.685207739
-0.77504 285.620714805
-0.770037333333 285.715565787
-0.765034666667 285.60160385
-0.760032 285.68781596
-0.755029333333 285.6088551
-0.750026666667 285.708152408
-0.745024 285.568433429
-0.740021333333 285.715384003
-0.735018666667 285.542533997
-0.730016 285.718519069
-0.725013333333 285.60731562
-0.720010666667 285.753195964
-0.715008 285.667572543
-0.710005333333 285.78693162
-0.705002666667 285.741038159
-0.7 285.814350361
-0.694997333333 285.702095466
-0.689994666667 285.781862124
-0.684992 285.699993361
-0.679989333333 285.8439663
-0.674986666667 285.764765072
-0.669984 285.893818332
-0.664981333333 285.800092566
-0.659978666667 285.901273394
-0.654976 285.830071938
-0.649973333333 285.851063661
-0.644970666667 285.686736592
-0.639968 285.780285349
-0.634965333333 285.587737082
-0.629962666667 285.570516104
-0.62496 285.293625357
-0.619957333333 285.254151326
-0.614954666667 285.017852645
-0.609952 285.028701293
-0.604949333333 284.878688503
-0.599946666667 284.983536677
-0.594944 284.857112501
-0.589941333333 284.941236687
-0.584938666667 284.783447762
-0.579936 284.903573841
-0.574933333333 284.760491626
-0.569930666667 284.83223785
-0.564928 284.679079241
-0.559925333333 284.730590562
-0.554922666667 284.614843065
-0.54992 284.64973903
-0.544917333333 284.487042991
-0.539914666667 284.52178504
-0.534912 284.353945417
-0.529909333333 284.431118905
-0.524906666667 284.269989245
-0.519904 284.304842046
-0.514901333333 284.047520165
-0.509898666667 284.06704949
-0.504896 283.938814817
-0.499893333333 284.040853038
-0.494890666667 283.955026996
-0.489888 284.042329558
-0.484885333333 283.935625046
-0.479882666667 284.070466967
-0.47488 283.970682465
-0.469877333333 284.043017057
-0.464874666667 283.939246274
-0.459872 283.973689928
-0.454869333333 283.889422518
-0.449866666667 283.987411499
-0.444864 283.878096809
-0.439861333333 284.007674833
-0.434858666667 283.926484449
-0.429856 284.043643108
-0.424853333333 283.905813626
-0.419850666667 284.042417622
-0.414848 283.920941581
-0.409845333333 284.052674546
-0.404842666667 283.916238671
-0.39984 284.078019165
-0.394837333333 283.960775576
-0.389834666667 284.137954085
-0.384832 283.996595589
-0.379829333333 284.135690817
-0.374826666667 284.067578284
-0.369824 284.201130239
-0.364821333333 284.147984064
-0.359818666667 284.311980576
-0.354816 284.280502432
-0.349813333333 284.441061299
-0.344810666667 284.341178934
-0.339808 284.485116869
-0.334805333333 284.416525829
-0.329802666667 284.551787318
-0.3248 284.437964494
-0.319797333333 284.591427337
-0.314794666667 284.482164593
-0.309792 284.589132968
-0.304789333333 284.45389938
-0.299786666667 284.55514503
-0.294784 284.441858633
-0.289781333333 284.487254143
-0.284778666667 284.401209965
-0.279776 284.49655549
-0.274773333333 284.425179356
-0.269770666667 284.523692539
-0.264768 284.431834238
-0.259765333333 284.563635153
-0.254762666667 284.485570578
-0.24976 284.635627625
-0.244757333333 284.520379982
-0.239754666667 284.688787871
-0.234752 284.639620312
-0.229749333333 284.77894597
-0.224746666667 284.707879792
-0.219744 284.79857097
-0.214741333333 284.686607783
-0.209738666667 284.780198508
-0.204736 284.625664504
-0.199733333333 284.706346004
-0.194730666667 284.586710808
-0.189728 284.727626298
-0.184725333333 284.62501555
-0.179722666667 284.750992106
-0.17472 284.689467887
-0.169717333333 284.796510739
-0.164714666667 284.689872082
-0.159712 284.813747872
-0.154709333333 284.731821601
-0.149706666667 284.87866076
-0.144704 284.787284824
-0.139701333333 284.981882363
-0.134698666667 284.933962428
-0.129696 285.084622734
-0.124693333333 284.976232235
-0.119690666667 285.148213827
-0.114688 285.042095557
-0.109685333333 285.195673718
-0.104682666667 285.077709781
-0.09968 285.164836576
-0.0946773333333 285.061641366
-0.0896746666667 285.172489129
-0.084672 285.046632085
-0.0796693333333 285.159494786
-0.0746666666667 285.026649941
-0.069664 285.18654936
-0.0646613333333 285.064842108
-0.0596586666667 285.174806006
-0.054656 285.102864075
-0.0496533333333 285.269319074
-0.0446506666667 285.143237449
-0.039648 285.253787122
-0.0346453333333 285.143523494
-0.0296426666667 285.290106898
-0.02464 285.169211424
-0.0196373333333 285.315601936
-0.0146346666667 285.22985706
-0.009632 285.353543194
-0.00462933333333 285.231813306
