（-8.19399,1.5），（-2.71107,1.5）
-9.99995733333 274.65023458
-9.99495466667 274.484549633
-9.989952 274.573965049
-9.98494933333 274.540853499
-9.97994666667 274.64244456
-9.974944 274.545090817
-9.96994133333 274.648521355
-9.96493866667 274.550529281
-9.959936 274.667390683
-9.95493333333 274.555551017
-9.94993066667 274.688007783
-9.944928 274.591632257
-9.93992533333 274.692901988
-9.93492266667 274.598143973
-9.92992 274.724962664
-9.92491733333 274.610103591
-9.91991466667 274.74319004
-9.914912 274.673026631
-9.90990933333 274.751548942
-9.90490666667 274.667633797
-9.899904 274.777870987
-9.89490133333 274.703112114
-9.88989866667 274.791163412
-9.884896 274.719083837
-9.87989333333 274.848844926
-9.87489066667 274.709615971
-9.869888 274.866071129
-9.86488533333 274.74394863
-9.85988266667 274.857738254
-9.85488 274.748774149
-9.84987733333 274.866720552
-9.84487466667 274.805353282
-9.839872 274.913089961
-9.83486933333 274.822262364
-9.82986666667 274.956146689
-9.824864 274.871733144
-9.81986133333 274.993412295
-9.81485866667 274.895999697
-9.809856 275.02462631
-9.80485333333 274.932329822
-9.79985066667 275.064961242
-9.794848 274.972749065
-9.78984533333 275.082045019
-9.78484266667 275.002134879
-9.77984 275.14291394
-9.77483733333 275.027564355
-9.76983466667 275.154563095
-9.764832 275.093759586
-9.75982933333 275.180032235
-9.75482666667 275.095317969
-9.749824 275.185631839
-9.74482133333 275.072659479
-9.73981866667 275.20490389
-9.734816 275.102514739
-9.72981333333 275.205366417
-9.72481066667 275.143064016
-9.719808 275.249148338
-9.71480533333 275.118771958
-9.70980266667 275.240747349
-9.7048 275.186082425
-9.69979733333 275.329816052
-9.69479466667 275.178041632
-9.689792 275.292874041
-9.68478933333 275.235031962
-9.67978666667 275.324014567
-9.674784 275.20273664
-9.66978133333 275.332716902
-9.66477866667 275.233019133
-9.659776 275.316136929
-9.65477333333 275.227286228
-9.64977066667 275.336259926
-9.644768 275.20867444
-9.63976533333 275.301594578
-9.63476266667 275.20541304
-9.62976 275.281888818
-9.62475733333 275.210723602
-9.61975466667 275.320872343
-9.614752 275.181636983
-9.60974933333 275.282931859
-9.60474666667 275.201294723
-9.599744 275.244477888
-9.59474133333 275.1299144
-9.58973866667 275.24084658
-9.584736 275.120740132
-9.57973333333 275.253927302
-9.57473066667 275.127380598
-9.569728 275.198211485
-9.56472533333 275.160593174
-9.55972266667 275.197664879
-9.55472 275.107480583
-9.54971733333 275.206929745
-9.54471466667 275.152146512
-9.539712 275.232983996
-9.53470933333 275.113098439
-9.52970666667 275.21262238
-9.524704 275.129621302
-9.51970133333 275.216340479
-9.51469866667 275.121879877
-9.509696 275.204930419
-9.50469333333 275.139413602
-9.49969066667 275.206812881
-9.494688 275.132141822
-9.48968533333 275.212168695
-9.48468266667 275.133024106
-9.47968 275.22771301
-9.47467733333 275.126753066
-9.46967466667 275.173294127
-9.464672 275.110298813
-9.45966933333 275.202621034
-9.45466666667 275.081504255
-9.449664 275.143357299
-9.44466133333 275.079442308
-9.43965866667 275.09765837
-9.434656 275.049771679
-9.42965333333 275.102513161
-9.42465066667 275.003523327
-9.419648 275.101528539
-9.41464533333 275.002045666
-9.40964266667 275.059069152
-9.40464 274.980309762
-9.39963733333 275.074594703
-9.39463466667 275.005020953
-9.389632 275.050198859
-9.38462933333 274.99726707
-9.37962666667 275.092522481
-9.374624 274.982478108
-9.36962133333 275.054609854
-9.36461866667 274.993897341
-9.359616 275.065537506
-9.35461333333 274.955674258
-9.34961066667 275.034204622
-9.344608 274.964168832
-9.33960533333 275.054694906
-9.33460266667 274.986865374
-9.3296 275.042394016
-9.32459733333 275.007387084
-9.31959466667 275.094160071
-9.314592 274.997907089
-9.30958933333 275.092411535
-9.30458666667 275.053207633
-9.299584 275.147917777
-9.29458133333 275.074589109
-9.28957866667 275.178532065
-9.284576 275.087669933
-9.27957333333 275.218846434
-9.27457066667 275.151992407
-9.269568 275.235738036
-9.26456533333 275.196949167
-9.25956266667 275.281055511
-9.25456 275.191717971
-9.24955733333 275.28708227
-9.24455466667 275.270284068
-9.239552 275.351643027
-9.23454933333 275.273064202
-9.22954666667 275.379117766
-9.224544 275.331585864
-9.21954133333 275.42200022
-9.21453866667 275.34068982
-9.209536 275.454557867
-9.20453333333 275.455179225
-9.19953066667 275.51551382
-9.194528 275.456246343
-9.18952533333 275.523313251
-9.18452266667 275.538444792
-9.17952 275.606667022
-9.17451733333 275.56535313
-9.16951466667 275.652462804
-9.164512 275.639684529
-9.15950933333 275.691444916
-9.15450666667 275.605379691
-9.149504 275.667847575
-9.14450133333 275.654334624
-9.13949866667 275.732523894
-9.134496 275.660436094
-9.12949333333 275.724227463
-9.12449066667 275.691265865
-9.119488 275.788918577
-9.11448533333 275.710299484
-9.10948266667 275.799683037
-9.10448 275.760787476
-9.09947733333 275.830921005
-9.09447466667 275.748487539
-9.089472 275.836836858
-9.08446933333 275.822593747
-9.07946666667 275.896166348
-9.074464 275.805519638
-9.06946133333 275.878240135
-9.06445866667 275.862876268
-9.059456 275.88690646
-9.05445333333 275.844499713
-9.04945066667 275.907017599
-9.044448 275.857169362
-9.03944533333 275.929440657
-9.03444266667 275.863341068
-9.02944 275.892003876
-9.02443733333 275.85895463
-9.01943466667 275.955874163
-9.014432 275.871918931
-9.00942933333 275.930209076
-9.00442666667 275.905488022
-8.999424 275.960411437
-8.99442133333 275.859139331
-8.98941866667 275.953246483
-8.984416 275.914800695
-8.97941333333 275.989789755
-8.97441066667 275.884952044
-8.969408 275.976880611
-8.96440533333 275.900063387
-8.95940266667 275.970555788
-8.9544 275.896219376
-8.94939733333 275.949823888
-8.94439466667 275.892402896
-8.939392 275.932454795
-8.93438933333 275.859203997
-8.92938666667 275.894131721
-8.924384 275.867087804
-8.91938133333 275.877281587
-8.91437866667 275.810463783
-8.909376 275.83308125
-8.90437333333 275.771332951
-8.89937066667 275.793772353
-8.894368 275.691559908
-8.88936533333 275.692970063
-8.88436266667 275.628550146
-8.87936 275.596783811
-8.87435733333 275.497379696
-8.86935466667 275.506038914
-8.864352 275.423532142
-8.85934933333 275.420097441
-8.85434666667 275.34648728
-8.849344 275.35103266
-8.84434133333 275.245332491
-8.83933866667 275.301612546
-8.834336 275.236035215
-8.82933333333 275.262239384
-8.82433066667 275.235556461
-8.819328 275.259288592
-8.81432533333 275.167178922
-8.80932266667 275.202151506
-8.80432 275.16063969
-8.79931733333 275.190800879
-8.79431466667 275.063155446
-8.789312 275.095625505
-8.78430933333 275.0404997
-8.77930666667 275.097854981
-8.774304 275.00705265
-8.76930133333 275.067899848
-8.76429866667 275.030769293
-8.759296 275.080461466
-8.75429333333 275.064925052
-8.74929066667 275.128540123
-8.744288 275.063489422
-8.73928533333 275.144675972
-8.73428266667 275.078087
-8.72928 275.132096419
-8.72427733333 274.965913482
-8.71927466667 275.085431286
-8.714272 274.989894721
-8.70926933333 274.99201133
-8.70426666667 274.95467845
-8.699264 274.944887817
-8.69426133333 274.849553389
-8.68925866667 274.85461832
-8.684256 274.774057264
-8.67925333333 274.757382511
-8.67425066667 274.637819669
-8.669248 274.623859808
-8.66424533333 274.561838097
-8.65924266667 274.561823084
-8.65424 274.49381288
-8.64923733333 274.467117207
-8.64423466667 274.434089376
-8.639232 274.504426529
-8.63422933333 274.506297563
-8.62922666667 274.584967912
-8.624224 274.658882685
-8.61922133333 274.788626752
-8.61421866667 274.871922053
-8.609216 275.021708651
-8.60421333333 275.116503622
-8.59921066667 275.268630049
-8.594208 275.345452588
-8.58920533333 275.487057957
-8.58420266667 275.530018963
-8.5792 275.588995404
-8.57419733333 275.550712408
-8.56919466667 275.670483106
-8.564192 275.70081482
-8.55918933333 275.793098826
-8.55418666667 275.831840891
-8.549184 275.923201959
-8.54418133333 275.879082245
-8.53917866667 275.909284369
-8.534176 275.817219987
-8.52917333333 275.846515533
-8.52417066667 275.78979203
-8.519168 275.802121504
-8.51416533333 275.735069895
-8.50916266667 275.754380395
-8.50416 275.735976087
-8.49915733333 275.736812603
-8.49415466667 275.693167873
-8.489152 275.759147136
-8.48414933333 275.80260182
-8.47914666667 275.785742935
-8.474144 275.751127371
-8.46914133333 275.822139723
-8.46413866667 275.730874087
-8.459136 275.760049668
-8.45413333333 275.72963959
-8.44913066667 275.736335
-8.444128 275.694962533
-8.43912533333 275.750479338
-8.43412266667 275.677899139
-8.42912 275.662698821
-8.42411733333 275.63421557
-8.41911466667 275.692213059
-8.414112 275.640536507
-8.40910933333 275.66335923
-8.40410666667 275.652442197
-8.399104 275.623484111
-8.39410133333 275.553914742
-8.38909866667 275.536753782
-8.384096 275.508453116
-8.37909333333 275.506694484
-8.37409066667 275.442458975
-8.369088 275.419853532
-8.36408533333 275.374709436
-8.35908266667 275.307372759
-8.35408 275.232169004
-8.34907733333 275.181913087
-8.34407466667 275.152892875
-8.339072 275.114623559
-8.33406933333 275.034918441
-8.32906666667 274.990032675
-8.324064 274.951870927
-8.31906133333 274.878285012
-8.31405866667 274.789538337
-8.309056 274.824661605
-8.30405333333 274.815202872
-8.29905066667 274.797800419
-8.294048 274.769265877
-8.28904533333 274.790702427
-8.28404266667 274.805353687
-8.27904 274.812002305
-8.27403733333 274.790978785
-8.26903466667 274.79582116
-8.264032 274.808532038
-8.25902933333 274.849442445
-8.25402666667 274.757274176
-8.249024 274.801095781
-8.24402133333 274.799780652
-8.23901866667 274.83349978
-8.234016 274.78457428
-8.22901333333 274.78172274
-8.22401066667 274.759689173
-8.219008 274.789905718
-8.21400533333 274.739143954
-8.20900266667 274.744121227
-8.204 274.741383859
-8.19899733333 274.735447442
-8.19399466667 274.703035285
-8.188992 274.683638237
-8.18398933333 274.690422831
-8.17898666667 274.653403883
-8.173984 274.639515674
-8.16898133333 274.611934363
-8.16397866667 274.618563292
-8.158976 274.605777249
-8.15397333333 274.541705243
-8.14897066667 274.571552707
-8.143968 274.523039787
-8.13896533333 274.526335301
-8.13396266667 274.588679346
-8.12896 274.593146786
-8.12395733333 274.603135962
-8.11895466667 274.625518852
-8.113952 274.61968929
-8.10894933333 274.557913905
-8.10394666667 274.55397142
-8.098944 274.540161557
-8.09394133333 274.500910417
-8.08893866667 274.507412537
-8.083936 274.470829505
-8.07893333333 274.50931898
-8.07393066667 274.483822034
-8.068928 274.517623994
-8.06392533333 274.587390632
-8.05892266667 274.621257264
-8.05392 274.658852888
-8.04891733333 274.727906525
-8.04391466667 274.774786085
-8.038912 274.78398983
-8.03390933333 274.847425346
-8.02890666667 274.844292438
-8.023904 274.827198024
-8.01890133333 274.886778698
-8.01389866667 274.883254778
-8.008896 274.913237047
-8.00389333333 274.925755181
-7.99889066667 274.881965255
-7.993888 274.817244376
-7.98888533333 274.787132192
-7.98388266667 274.782865669
-7.97888 274.761915773
-7.97387733333 274.687901468
-7.96887466667 274.613729891
-7.963872 274.538959245
-7.95886933333 274.45582321
-7.95386666667 274.422470622
-7.948864 274.231528732
-7.94386133333 274.130432714
-7.93885866667 273.963279601
-7.933856 273.797553818
-7.92885333333 273.671604065
-7.92385066667 273.521232187
-7.918848 273.306078759
-7.91384533333 273.174237571
-7.90884266667 273.054278345
-7.90384 272.943755563
-7.89883733333 272.846333679
-7.89383466667 272.775855122
-7.888832 272.66160062
-7.88382933333 272.56520448
-7.87882666667 272.503556579
-7.873824 272.456120265
-7.86882133333 272.362343856
-7.86381866667 272.343412109
-7.858816 272.324928892
-7.85381333333 272.250657217
-7.84881066667 272.275415054
-7.843808 272.318619103
-7.83880533333 272.30693651
-7.83380266667 272.25241795
-7.8288 272.29662937
-7.82379733333 272.323551838
-7.81879466667 272.250897732
-7.813792 272.234001078
-7.80878933333 272.193121589
-7.80378666667 272.23308858
-7.798784 272.222874784
-7.79378133333 272.238860546
-7.78877866667 272.261924474
-7.783776 272.30565405
-7.77877333333 272.324876443
-7.77377066667 272.348585041
-7.768768 272.369781344
-7.76376533333 272.426764098
-7.75876266667 272.453912477
-7.75376 272.508436426
-7.74875733333 272.573849927
-7.74375466667 272.630997481
-7.738752 272.691639187
-7.73374933333 272.714330198
-7.72874666667 272.78504939
-7.723744 272.872160765
-7.71874133333 272.872423785
-7.71373866667 272.886308304
-7.708736 272.921209901
-7.70373333333 272.935924429
-7.69873066667 272.954148539
-7.693728 272.938734582
-7.68872533333 272.961945066
-7.68372266667 272.975162862
-7.67872 272.960560538
-7.67371733333 272.954278573
-7.66871466667 272.941051869
-7.663712 272.952424225
-7.65870933333 272.952784466
-7.65370666667 272.982554523
-7.648704 273.036123674
-7.64370133333 273.033080025
-7.63869866667 273.075768706
-7.633696 273.072932965
-7.62869333333 273.0987077
-7.62369066667 273.122563678
-7.618688 273.113544078
-7.61368533333 273.137045699
-7.60868266667 273.10585041
-7.60368 273.12807697
-7.59867733333 273.123153158
-7.59367466667 273.119498086
-7.588672 273.08807791
-7.58366933333 273.125082012
-7.57866666667 273.063575063
-7.573664 273.107695428
-7.56866133333 273.056570042
-7.56365866667 273.088023899
-7.558656 273.039838775
-7.55365333333 273.17354556
-7.54865066667 273.06022595
-7.543648 273.081310957
-7.53864533333 273.082609793
-7.53364266667 273.115145763
-7.52864 273.072271307
-7.52363733333 273.089375617
-7.51863466667 273.067739403
-7.513632 273.086958852
-7.50862933333 273.067583586
-7.50362666667 273.135955681
-7.498624 273.048492805
-7.49362133333 273.095478577
-7.48861866667 273.099922458
-7.483616 273.135784338
-7.47861333333 273.16204966
-7.47361066667 273.235245484
-7.468608 273.217309017
-7.46360533333 273.351653702
-7.45860266667 273.322685985
-7.4536 273.417950701
-7.44859733333 273.428190707
-7.44359466667 273.493508228
-7.438592 273.518044731
-7.43358933333 273.52466076
-7.42858666667 273.572135778
-7.423584 273.633330526
-7.41858133333 273.644936119
-7.41357866667 273.705248848
-7.408576 273.733518438
-7.40357333333 273.851466909
-7.39857066667 273.861017524
-7.393568 273.990000049
-7.38856533333 273.973019047
-7.38356266667 274.087942197
-7.37856 274.092863805
-7.37355733333 274.158897983
-7.36855466667 274.173624319
-7.363552 274.288829619
-7.35854933333 274.302311361
-7.35354666667 274.37396605
-7.348544 274.407203361
-7.34354133333 274.48531323
-7.33853866667 274.462331307
-7.333536 274.530295728
-7.32853333333 274.577368156
-7.32353066667 274.620086256
-7.318528 274.631327421
-7.31352533333 274.653250983
-7.30852266667 274.69819322
-7.30352 274.777966617
-7.29851733333 274.744050555
-7.29351466667 274.83136848
-7.288512 274.81899011
-7.28350933333 274.874100614
-7.27850666667 274.870869011
-7.273504 274.919154732
-7.26850133333 274.890296753
-7.26349866667 274.951091981
-7.258496 274.923317693
-7.25349333333 274.919461013
-7.24849066667 274.900125926
-7.243488 274.957893671
-7.23848533333 274.885487325
-7.23348266667 274.92742808
-7.22848 274.864729425
-7.22347733333 274.929915498
-7.21847466667 274.850101213
-7.213472 274.859933403
-7.20846933333 274.839184615
-7.20346666667 274.85265877
-7.198464 274.777410186
-7.19346133333 274.793503041
-7.18845866667 274.724031162
-7.183456 274.723259314
-7.17845333333 274.62731857
-7.17345066667 274.608264496
-7.168448 274.528054649
-7.16344533333 274.595818595
-7.15844266667 274.501649083
-7.15344 274.530038547
-7.14843733333 274.510728644
-7.14343466667 274.555782123
-7.138432 274.500742222
-7.13342933333 274.549599684
-7.12842666667 274.473787154
-7.123424 274.524438985
-7.11842133333 274.444517181
-7.11341866667 274.482488304
-7.108416 274.379489312
-7.10341333333 274.423244696
-7.09841066667 274.300091118
-7.093408 274.342872468
-7.08840533333 274.252807226
-7.08340266667 274.243258162
-7.0784 274.112235815
-7.07339733333 274.078972301
-7.06839466667 274.02435785
-7.063392 274.072106783
-7.05838933333 273.937304056
-7.05338666667 273.943959836
-7.048384 273.879660928
-7.04338133333 273.910635798
-7.03837866667 273.806729123
-7.033376 273.806736005
-7.02837333333 273.732907468
-7.02337066667 273.744607846
-7.018368 273.684280603
-7.01336533333 273.688178329
-7.00836266667 273.613020773
-7.00336 273.697121067
-6.99835733333 273.568794435
-6.99335466667 273.589057695
-6.988352 273.494208766
-6.98334933333 273.5707061
-6.97834666667 273.440049026
-6.973344 273.493896882
-6.96834133333 273.413337932
-6.96333866667 273.491763449
-6.958336 273.391059082
-6.95333333333 273.431659727
-6.94833066667 273.393983812
-6.943328 273.538400494
-6.93832533333 273.531582245
-6.93332266667 273.670448909
-6.92832 273.677871969
-6.92331733333 273.748337007
-6.91831466667 273.748835789
-6.913312 273.828642101
-6.90830933333 273.77405752
-6.90330666667 273.842622963
-6.898304 273.814398444
-6.89330133333 273.873774512
-6.88829866667 273.805583446
-6.883296 273.893041503
-6.87829333333 273.830310428
-6.87329066667 273.893663637
-6.868288 273.865792537
-6.86328533333 273.949826619
-6.85828266667 273.898066718
-6.85328 273.992747189
-6.84827733333 273.971571798
-6.84327466667 273.996544212
-6.838272 273.958841587
-6.83326933333 274.028235635
-6.82826666667 273.996321278
-6.823264 274.052779693
-6.81826133333 274.008164148
-6.81325866667 274.066022819
-6.808256 273.978945299
-6.80325333333 274.082331664
-6.79825066667 274.012091369
-6.793248 274.067752637
-6.78824533333 274.050818103
-6.78324266667 274.084373877
-6.77824 274.066072115
-6.77323733333 274.111550964
-6.76823466667 274.01839141
-6.763232 274.071189335
-6.75822933333 274.013943915
-6.75322666667 274.096595185
-6.748224 273.994869655
-6.74322133333 274.071221285
-6.73821866667 273.992917866
-6.733216 274.049683327
-6.72821333333 274.00432944
-6.72321066667 274.067530763
-6.718208 274.034708542
-6.71320533333 274.059196983
-6.70820266667 273.984060909
-6.7032 274.059822341
-6.69819733333 273.951932249
-6.69319466667 274.054308005
-6.688192 273.954542141
-6.68318933333 273.993984038
-6.67818666667 273.980581876
-6.673184 274.049506413
-6.66818133333 273.993744891
-6.66317866667 274.096553051
-6.658176 274.019359125
-6.65317333333 274.097266528
-6.64817066667 274.048581042
-6.643168 274.151808237
-6.63816533333 274.046568717
-6.63316266667 274.149671732
-6.62816 274.099515636
-6.62315733333 274.194543478
-6.61815466667 274.084559011
-6.613152 274.165563923
-6.60814933333 274.120644949
-6.60314666667 274.2017841
-6.598144 274.130786527
-6.59314133333 274.207831027
-6.58813866667 274.173413264
-6.583136 274.288179737
-6.57813333333 274.220641292
-6.57313066667 274.344098471
-6.568128 274.295866087
-6.56312533333 274.39999435
-6.55812266667 274.321688919
-6.55312 274.439869311
-6.54811733333 274.373727856
-6.54311466667 274.514829427
-6.538112 274.396841994
-6.53310933333 274.519353648
-6.52810666667 274.456073689
-6.523104 274.584036647
-6.51810133333 274.510315967
-6.51309866667 274.619946687
-6.508096 274.577021203
-6.50309333333 274.675950956
-6.49809066667 274.586128602
-6.493088 274.695719857
-6.48808533333 274.601335155
-6.48308266667 274.723741014
-6.47808 274.623369623
-6.47307733333 274.715975555
-6.46807466667 274.645033988
-6.463072 274.789263673
-6.45806933333 274.679202977
-6.45306666667 274.793433011
-6.448064 274.700466946
-6.44306133333 274.816650897
-6.43805866667 274.738833148
-6.433056 274.817877616
-6.42805333333 274.752617316
-6.42305066667 274.887097144
-6.418048 274.80177974
-6.41304533333 274.874634027
-6.40804266667 274.789555694
-6.40304 274.911862187
-6.39803733333 274.804909017
-6.39303466667 274.901937871
-6.388032 274.828906821
-6.38302933333 274.910058945
-6.37802666667 274.825666336
-6.373024 274.925850215
-6.36802133333 274.859735695
-6.36301866667 274.94432017
-6.358016 274.840342177
-6.35301333333 274.931236121
-6.34801066667 274.844876856
-6.343008 274.968146124
-6.33800533333 274.864887486
-6.33300266667 274.974971034
-6.328 274.908670654
-6.32299733333 274.95027698
-6.31799466667 274.844045569
-6.312992 274.97576474
-6.30798933333 274.888043977
-6.30298666667 275.005445388
-6.297984 274.904692398
-6.29298133333 275.002703627
-6.28797866667 274.911527586
-6.282976 275.069205935
-6.27797333333 274.970818746
-6.27297066667 275.118493336
-6.267968 275.012554195
-6.26296533333 275.122325587
-6.25796266667 275.041897372
-6.25296 275.201932305
-6.24795733333 275.073741387
-6.24295466667 275.173097741
-6.237952 275.057784507
-6.23294933333 275.182745941
-6.22794666667 275.077921594
-6.222944 275.173423063
-6.21794133333 275.03533411
-6.21293866667 275.166764863
-6.207936 275.079332911
-6.20293333333 275.165990904
-6.19793066667 275.060596049
-6.192928 275.20238288
-6.18792533333 275.07918322
-6.18292266667 275.184688363
-6.17792 275.062127294
-6.17291733333 275.152552844
-6.16791466667 275.036163648
-6.162912 275.094684631
-6.15790933333 274.976559197
-6.15290666667 275.062405048
-6.147904 274.948915642
-6.14290133333 275.045052134
-6.13789866667 274.937336216
-6.132896 275.017842141
-6.12789333333 274.947490288
-6.12289066667 275.03927809
-6.117888 274.882565082
-6.11288533333 274.962625306
-6.10788266667 274.861683827
-6.10288 274.94364198
-6.09787733333 274.760329071
-6.09287466667 274.85045671
-6.087872 274.729408864
-6.08286933333 274.807633358
-6.07786666667 274.637607188
-6.072864 274.752320845
-6.06786133333 274.628367317
-6.06285866667 274.737824197
-6.057856 274.584348596
-6.05285333333 274.680608888
-6.04785066667 274.540421593
-6.042848 274.603959245
-6.03784533333 274.475148528
-6.03284266667 274.56182742
-6.02784 274.470307088
-6.02283733333 274.531448999
-6.01783466667 274.378820392
-6.012832 274.498196613
-6.00782933333 274.37018145
-6.00282666667 274.434963051
-5.997824 274.319769498
-5.99282133333 274.406792027
-5.98781866667 274.284653526
-5.982816 274.366038421
-5.97781333333 274.272225024
-5.97281066667 274.373096539
-5.967808 274.271339834
-5.96280533333 274.376095233
-5.95780266667 274.256701622
-5.9528 274.325547551
-5.94779733333 274.204532278
-5.94279466667 274.289928047
-5.937792 274.165714683
-5.93278933333 274.254849654
-5.92778666667 274.150495222
-5.922784 274.237343031
-5.91778133333 274.096358082
-5.91277866667 274.1880436
-5.907776 274.093911993
-5.90277333333 274.159563422
-5.89777066667 274.055078942
-5.892768 274.156512367
-5.88776533333 274.067139494
-5.88276266667 274.139081792
-5.87776 274.012621878
-5.87275733333 274.103100722
-5.86775466667 274.023718019
-5.862752 274.075100384
-5.85774933333 273.974994036
-5.85274666667 274.074438927
-5.847744 273.973688611
-5.84274133333 274.057809838
-5.83773866667 273.943768087
-5.832736 274.054564268
-5.82773333333 273.934298382
-5.82273066667 274.051540162
-5.817728 273.920088705
-5.81272533333 274.005267
-5.80772266667 273.89742587
-5.80272 274.012189141
-5.79771733333 273.864697251
-5.79271466667 273.974747232
-5.787712 273.888136136
-5.78270933333 273.955691954
-5.77770666667 273.848920308
-5.772704 273.9695258
-5.76770133333 273.884323733
-5.76269866667 273.946013032
-5.757696 273.878206524
-5.75269333333 273.991979567
-5.74769066667 273.848185842
-5.742688 273.974379233
-5.73768533333 273.897942636
-5.73268266667 274.031303895
-5.72768 273.96125719
-5.72267733333 274.065412996
-5.71767466667 273.938498891
-5.712672 274.026555832
-5.70766933333 273.973505915
-5.70266666667 274.071789047
-5.697664 273.964034181
-5.69266133333 274.084717642
-5.68765866667 273.982918829
-5.682656 274.113709654
-5.67765333333 273.997696385
-5.67265066667 274.075152686
-5.667648 273.995323415
-5.66264533333 274.076696832
-5.65764266667 273.978279085
-5.65264 274.072578689
-5.64763733333 274.002460845
-5.64263466667 274.089775323
-5.637632 273.961641206
-5.63262933333 274.132127966
-5.62762666667 274.049330806
-5.622624 274.189156883
-5.61762133333 274.120318779
-5.61261866667 274.261839721
-5.607616 274.214797478
-5.60261333333 274.294515379
-5.59761066667 274.240742854
-5.592608 274.373644286
-5.58760533333 274.278597236
-5.58260266667 274.466138507
-5.5776 274.341335662
-5.57259733333 274.489837129
-5.56759466667 274.433560188
-5.562592 274.560222479
-5.55758933333 274.489709334
-5.55258666667 274.620750388
-5.547584 274.524879303
-5.54258133333 274.707601342
-5.53757866667 274.580430019
-5.532576 274.737164069
-5.52757333333 274.667279161
-5.52257066667 274.813470967
-5.517568 274.733422857
-5.51256533333 274.852274688
-5.50756266667 274.808747806
-5.50256 274.918027415
-5.49755733333 274.878096329
-5.49255466667 275.018383838
-5.487552 275.005410854
-5.48254933333 275.158046101
-5.47754666667 275.095838069
-5.472544 275.228449098
-5.46754133333 275.175187127
-5.46253866667 275.33924618
-5.457536 275.311375213
-5.45253333333 275.476241958
-5.44753066667 275.399969197
-5.442528 275.578626552
-5.43752533333 275.473088241
-5.43252266667 275.622544465
-5.42752 275.576807398
-5.42251733333 275.674492676
-5.41751466667 275.610685538
-5.412512 275.741281178
-5.40750933333 275.678502808
-5.40250666667 275.807903333
-5.397504 275.687451102
-5.39250133333 275.801131634
-5.38749866667 275.748100892
-5.382496 275.863160314
-5.37749333333 275.761837574
-5.37249066667 275.885328757
-5.367488 275.80914149
-5.36248533333 275.918386879
-5.35748266667 275.816775588
-5.35248 275.923271068
-5.34747733333 275.915761795
-5.34247466667 275.925015108
-5.337472 275.874099634
-5.33246933333 275.9539235
-5.32746666667 275.916272613
-5.322464 276.006327688
-5.31746133333 275.9275727
-5.31245866667 276.016197144
-5.307456 275.987391655
-5.30245333333 276.101183495
-5.29745066667 275.963190558
-5.292448 276.088651009
-5.28744533333 276.049999837
-5.28244266667 276.134916218
-5.27744 276.048926172
-5.27243733333 276.134822732
-5.26743466667 276.112017217
-5.262432 276.125546726
-5.25742933333 276.013610471
-5.25242666667 276.118335978
-5.247424 276.057917845
-5.24242133333 276.133428281
-5.23741866667 276.04760363
-5.232416 276.172187776
-5.22741333333 276.111352598
-5.22241066667 276.201352315
-5.217408 276.123849516
-5.21240533333 276.231663694
-5.20740266667 276.145069511
-5.2024 276.228775815
-5.19739733333 276.159458667
-5.19239466667 276.238065879
-5.187392 276.174841499
-5.18238933333 276.267675051
-5.17738666667 276.155673106
-5.172384 276.284733736
-5.16738133333 276.212484019
-5.16237866667 276.299483758
-5.157376 276.228364921
-5.15237333333 276.271590728
-5.14737066667 276.229088783
-5.142368 276.25256624
-5.13736533333 276.162922206
-5.13236266667 276.213351961
-5.12736 276.111265211
-5.12235733333 276.181111488
-5.11735466667 276.051410304
-5.112352 276.084766064
-5.10734933333 275.986364701
-5.10234666667 276.031447685
-5.097344 275.877902066
-5.09234133333 275.928193063
-5.08733866667 275.827951486
-5.082336 275.870928111
-5.07733333333 275.74403227
-5.07233066667 275.800309012
-5.067328 275.721666181
-5.06232533333 275.750863595
-5.05732266667 275.67221124
-5.05232 275.744772828
-5.04731733333 275.678056305
-5.04231466667 275.745021605
-5.037312 275.649446676
-5.03230933333 275.7389095
-5.02730666667 275.68482488
-5.022304 275.806450453
-5.01730133333 275.813672886
-5.01229866667 275.924579802
-5.007296 275.924327419
-5.00229333333 276.076918482
-4.99729066667 276.091910679
-4.992288 276.194867967
-4.98728533333 276.198907232
-4.98228266667 276.328868245
-4.97728 276.260722872
-4.97227733333 276.371922756
-4.96727466667 276.309574343
-4.962272 276.395666011
-4.95726933333 276.343593301
-4.95226666667 276.404032719
-4.947264 276.387596371
-4.94226133333 276.527944649
-4.93725866667 276.438653479
-4.932256 276.506708458
-4.92725333333 276.468939656
-4.92225066667 276.541053824
-4.917248 276.464187492
-4.91224533333 276.530468263
-4.90724266667 276.487920708
-4.90224 276.544093661
-4.89723733333 276.430737137
-4.89223466667 276.508088659
-4.887232 276.488592158
-4.88222933333 276.551630286
-4.87722666667 276.447013929
-4.872224 276.512218014
-4.86722133333 276.436630684
-4.86221866667 276.519785122
-4.857216 276.469765263
-4.85221333333 276.49365243
-4.84721066667 276.472521032
-4.842208 276.504907483
-4.83720533333 276.466376048
-4.83220266667 276.474696563
-4.8272 276.444986897
-4.82219733333 276.478364701
-4.81719466667 276.409471355
-4.812192 276.486252823
-4.80718933333 276.447824012
-4.80218666667 276.520725205
-4.797184 276.415534821
-4.79218133333 276.485075787
-4.78717866667 276.401833833
-4.782176 276.468571729
-4.77717333333 276.398250986
-4.77217066667 276.401295104
-4.767168 276.364778023
-4.76216533333 276.41853602
-4.75716266667 276.326120672
-4.75216 276.388643368
-4.74715733333 276.358199875
-4.74215466667 276.406515595
-4.737152 276.326308001
-4.73214933333 276.434370146
-4.72714666667 276.435206606
-4.722144 276.454950256
-4.71714133333 276.384024253
-4.71213866667 276.469199706
-4.707136 276.435552977
-4.70213333333 276.488627536
-4.69713066667 276.441852587
-4.692128 276.481410013
-4.68712533333 276.447738637
-4.68212266667 276.515745917
-4.67712 276.471351025
-4.67211733333 276.5291774
-4.66711466667 276.517341086
-4.662112 276.547565207
-4.65710933333 276.50300047
-4.65210666667 276.561148735
-4.647104 276.532368385
-4.64210133333 276.585385456
-4.63709866667 276.499068648
-4.632096 276.552034458
-4.62709333333 276.534507078
-4.62209066667 276.581302701
-4.617088 276.484073979
-4.61208533333 276.550085514
-4.60708266667 276.523952123
-4.60208 276.551564529
-4.59707733333 276.469673645
-4.59207466667 276.511203279
-4.587072 276.482633044
-4.58206933333 276.501002245
-4.57706666667 276.42646829
-4.572064 276.460340853
-4.56706133333 276.436422467
-4.56205866667 276.506131874
-4.557056 276.421698905
-4.55205333333 276.49284182
-4.54705066667 276.430860728
-4.542048 276.481420835
-4.53704533333 276.420123731
-4.53204266667 276.459142719
-4.52704 276.426181331
-4.52203733333 276.506388683
-4.51703466667 276.451061277
-4.512032 276.503080612
-4.50702933333 276.476361965
-4.50202666667 276.486165271
-4.497024 276.445191664
-4.49202133333 276.453232058
-4.48701866667 276.468144741
-4.482016 276.469860705
-4.47701333333 276.398617597
-4.47201066667 276.43650451
-4.467008 276.396922106
-4.46200533333 276.406237029
-4.45700266667 276.315071343
-4.452 276.30646624
-4.44699733333 276.227531157
-4.44199466667 276.231578476
-4.436992 276.124181385
-4.43198933333 276.113586057
-4.42698666667 276.009924079
-4.421984 276.048193965
-4.41698133333 275.959817794
-4.41197866667 275.928181179
-4.406976 275.832983035
-4.40197333333 275.824345073
-4.39697066667 275.722844386
-4.391968 275.740175209
-4.38696533333 275.716992129
-4.38196266667 275.68857146
-4.37696 275.61049732
-4.37195733333 275.623601411
-4.36695466667 275.63353045
-4.361952 275.694242971
-4.35694933333 275.720283781
-4.35194666667 275.795658534
-4.346944 275.87095294
-4.34194133333 275.953603161
-4.33693866667 275.9721082
-4.331936 276.079680947
-4.32693333333 276.115808756
-4.32193066667 276.158475702
-4.316928 276.182453467
-4.31192533333 276.226615631
-4.30692266667 276.262522394
-4.30192 276.302846995
-4.29691733333 276.309276749
-4.29191466667 276.370361983
-4.286912 276.430826486
-4.28190933333 276.502289632
-4.27690666667 276.524304046
-4.271904 276.569801878
-4.26690133333 276.563536143
-4.26189866667 276.642518054
-4.256896 276.611980798
-4.25189333333 276.683959686
-4.24689066667 276.700034462
-4.241888 276.757512763
-4.23688533333 276.745330345
-4.23188266667 276.82151878
-4.22688 276.814422921
-4.22187733333 276.891456912
-4.21687466667 276.849611356
-4.211872 276.903263946
-4.20686933333 276.86779872
-4.20186666667 276.8682934
-4.196864 276.85726319
-4.19186133333 276.891280455
-4.18685866667 276.895890216
-4.181856 276.884177581
-4.17685333333 276.882908298
-4.17185066667 276.90495118
-4.166848 276.914618628
-4.16184533333 276.914628017
-4.15684266667 276.876784354
-4.15184 276.873026696
-4.14683733333 276.890700001
-4.14183466667 276.92650704
-4.136832 276.87442344
-4.13182933333 276.886567879
-4.12682666667 276.897511357
-4.121824 276.901737166
-4.11682133333 276.868282263
-4.11181866667 276.855766561
-4.106816 276.820230208
-4.10181333333 276.823417734
-4.09681066667 276.815289744
-4.091808 276.786519413
-4.08680533333 276.750706504
-4.08180266667 276.766043995
-4.0768 276.738206891
-4.07179733333 276.755591893
-4.06679466667 276.771658413
-4.061792 276.778125305
-4.05678933333 276.773569902
-4.05178666667 276.760588783
-4.046784 276.763819379
-4.04178133333 276.757724354
-4.03677866667 276.722745799
-4.031776 276.741557325
-4.02677333333 276.713122615
-4.02177066667 276.749236092
-4.016768 276.709535914
-4.01176533333 276.696467017
-4.00676266667 276.703430991
-4.00176 276.709285685
-3.99675733333 276.702611406
-3.99175466667 276.690509556
-3.986752 276.727323831
-3.98174933333 276.709917735
-3.97674666667 276.675056627
-3.971744 276.678322061
-3.96674133333 276.661434903
-3.96173866667 276.676333529
-3.956736 276.672005274
-3.95173333333 276.631709949
-3.94673066667 276.628491558
-3.941728 276.647726295
-3.93672533333 276.632286077
-3.93172266667 276.632058166
-3.92672 276.627644076
-3.92171733333 276.624547633
-3.91671466667 276.666586915
-3.911712 276.632557936
-3.90670933333 276.660871154
-3.90170666667 276.619315864
-3.896704 276.586312152
-3.89170133333 276.582359328
-3.88669866667 276.619871303
-3.881696 276.599089719
-3.87669333333 276.577519552
-3.87169066667 276.587639108
-3.866688 276.622205516
-3.86168533333 276.640399622
-3.85668266667 276.617407607
-3.85168 276.61013281
-3.84667733333 276.61876027
-3.84167466667 276.630695855
-3.836672 276.607402986
-3.83166933333 276.614421656
-3.82666666667 276.6130187
-3.821664 276.615474583
-3.81666133333 276.550210566
-3.81165866667 276.566649863
-3.806656 276.579949222
-3.80165333333 276.554182347
-3.79665066667 276.527266813
-3.791648 276.512812282
-3.78664533333 276.503991204
-3.78164266667 276.478923129
-3.77664 276.425903243
-3.77163733333 276.400917865
-3.76663466667 276.404638635
-3.761632 276.347005892
-3.75662933333 276.291204713
-3.75162666667 276.25370336
-3.746624 276.267994073
-3.74162133333 276.238797157
-3.73661866667 276.215747115
-3.731616 276.195962778
-3.72661333333 276.23020744
-3.72161066667 276.196383239
-3.716608 276.221598802
-3.71160533333 276.211447548
-3.70660266667 276.228377712
-3.7016 276.195477816
-3.69659733333 276.200653426
-3.69159466667 276.211795763
-3.686592 276.285039962
-3.68158933333 276.258793065
-3.67658666667 276.301492201
-3.671584 276.29184287
-3.66658133333 276.394377971
-3.66157866667 276.334796258
-3.656576 276.351452808
-3.65157333333 276.352942911
-3.64657066667 276.370518058
-3.641568 276.396148791
-3.63656533333 276.33321579
-3.63156266667 276.373283469
-3.62656 276.42133746
-3.62155733333 276.389444842
-3.61655466667 276.372462599
-3.611552 276.372164808
-3.60654933333 276.360316327
-3.60154666667 276.388672815
-3.596544 276.398123196
-3.59154133333 276.354412848
-3.58653866667 276.382098264
-3.581536 276.374007773
-3.57653333333 276.399627644
-3.57153066667 276.337402458
-3.566528 276.342191552
-3.56152533333 276.323658601
-3.55652266667 276.353543666
-3.55152 276.309451506
-3.54651733333 276.352241149
-3.54151466667 276.326204121
-3.536512 276.373453869
-3.53150933333 276.328880252
-3.52650666667 276.340025618
-3.521504 276.336863023
-3.51650133333 276.365799241
-3.51149866667 276.346482483
-3.506496 276.368688362
-3.50149333333 276.341498131
-3.49649066667 276.343738611
-3.491488 276.345560219
-3.48648533333 276.378418256
-3.48148266667 276.356669908
-3.47648 276.322636677
-3.47147733333 276.359781334
-3.46647466667 276.348901693
-3.461472 276.333005522
-3.45646933333 276.337841752
-3.45146666667 276.326455129
-3.446464 276.314021303
-3.44146133333 276.349560832
-3.43645866667 276.341518039
-3.431456 276.296042355
-3.42645333333 276.364845402
-3.42145066667 276.310358202
-3.416448 276.321174108
-3.41144533333 276.310592561
-3.40644266667 276.348535935
-3.40144 276.282677805
-3.39643733333 276.284811799
-3.39143466667 276.256561779
-3.386432 276.228206444
-3.38142933333 276.225954085
-3.37642666667 276.224015537
-3.371424 276.210344138
-3.36642133333 276.191223969
-3.36141866667 276.166473021
-3.356416 276.177519816
-3.35141333333 276.119306661
-3.34641066667 276.185673201
-3.341408 276.14730403
-3.33640533333 276.151180502
-3.33140266667 276.141318736
-3.3264 276.204616994
-3.32139733333 276.203314363
-3.31639466667 276.239617974
-3.311392 276.196801316
-3.30638933333 276.281364813
-3.30138666667 276.237658088
-3.296384 276.263513403
-3.29138133333 276.237873303
-3.28637866667 276.261256538
-3.281376 276.23032771
-3.27637333333 276.270082682
-3.27137066667 276.218416973
-3.266368 276.230214812
-3.26136533333 276.20223786
-3.25636266667 276.235276658
-3.25136 276.179148932
-3.24635733333 276.192608728
-3.24135466667 276.178081924
-3.236352 276.237701628
-3.23134933333 276.167076768
-3.22634666667 276.189600679
-3.221344 276.144204235
-3.21634133333 276.179093111
-3.21133866667 276.099959653
-3.206336 276.156224689
-3.20133333333 276.123134564
-3.19633066667 276.121275935
-3.191328 276.082174039
-3.18632533333 276.121577287
-3.18132266667 276.036799164
-3.17632 276.041171042
-3.17131733333 275.99616752
-3.16631466667 276.033470914
-3.161312 275.94950983
-3.15630933333 275.978695919
-3.15130666667 275.913267737
-3.146304 275.894601871
-3.14130133333 275.876579855
-3.13629866667 275.886357416
-3.131296 275.821825653
-3.12629333333 275.822771562
-3.12129066667 275.760944266
-3.116288 275.75922979
-3.11128533333 275.697839081
-3.10628266667 275.726419361
-3.10128 275.617349135
-3.09627733333 275.651720498
-3.09127466667 275.512593715
-3.086272 275.490346735
-3.08126933333 275.376345713
-3.07626666667 275.338793484
-3.071264 275.187202139
-3.06626133333 275.133805169
-3.06125866667 275.038174121
-3.056256 275.055243114
-3.05125333333 274.920384092
-3.04625066667 274.997179242
-3.041248 274.943883508
-3.03624533333 274.983813293
-3.03124266667 274.994742024
-3.02624 275.102352796
-3.02123733333 275.109062852
-3.01623466667 275.18898912
-3.011232 275.175276393
-3.00622933333 275.242393138
-3.00122666667 275.237667668
-2.996224 275.375417964
-2.99122133333 275.330441883
-2.98621866667 275.383206577
-2.981216 275.329085492
-2.97621333333 275.35486469
-2.97121066667 275.285371742
-2.966208 275.3620687
-2.96120533333 275.314796401
-2.95620266667 275.383924506
-2.9512 275.306640797
-2.94619733333 275.38649819
-2.94119466667 275.359952483
-2.936192 275.419028906
-2.93118933333 275.401989364
-2.92618666667 275.5216422
-2.921184 275.475955546
-2.91618133333 275.598762956
-2.91117866667 275.601241874
-2.906176 275.72722811
-2.90117333333 275.720856024
-2.89617066667 275.848173914
-2.891168 275.833430757
-2.88616533333 275.969727135
-2.88116266667 275.933496231
-2.87616 276.020939598
-2.87115733333 276.035131044
-2.86615466667 276.151509751
-2.861152 276.108275139
-2.85614933333 276.171776772
-2.85114666667 276.114305936
-2.846144 276.186368215
-2.84114133333 276.117806336
-2.83613866667 276.198902857
-2.831136 276.097359695
-2.82613333333 276.161176978
-2.82113066667 276.081874076
-2.816128 276.138427174
-2.81112533333 275.999308773
-2.80612266667 276.029648757
-2.80112 275.90861306
-2.79611733333 275.914112052
-2.79111466667 275.790952305
-2.786112 275.842660448
-2.78110933333 275.70304434
-2.77610666667 275.724109815
-2.771104 275.621969585
-2.76610133333 275.644198441
-2.76109866667 275.574475592
-2.756096 275.597102862
-2.75109333333 275.468370896
-2.74609066667 275.517024148
-2.741088 275.396169736
-2.73608533333 275.430254618
-2.73108266667 275.288042885
-2.72608 275.328369791
-2.72107733333 275.235730029
-2.71607466667 275.304398303
-2.711072 275.205767549
-2.70606933333 275.296462657
-2.70106666667 275.207990122
-2.696064 275.23683829
-2.69106133333 275.108961746
-2.68605866667 275.113707488
-2.681056 275.075617299
-2.67605333333 275.166059191
-2.67105066667 275.074229168
-2.666048 275.155256284
-2.66104533333 275.079624961
-2.65604266667 275.194756155
-2.65104 275.10899004
-2.64603733333 275.204875382
-2.64103466667 275.155984995
-2.636032 275.244986734
-2.63102933333 275.219245195
-2.62602666667 275.32448202
-2.621024 275.250585679
-2.61602133333 275.355919344
-2.61101866667 275.316288354
-2.606016 275.394790384
-2.60101333333 275.343818405
-2.59601066667 275.463789591
-2.591008 275.437363967
-2.58600533333 275.552178177
-2.58100266667 275.497611125
-2.576 275.642811135
-2.57099733333 275.627428037
-2.56599466667 275.763448317
-2.560992 275.762155345
-2.55598933333 275.885357715
-2.55098666667 275.860512612
-2.545984 276.000150863
-2.54098133333 275.951500636
-2.53597866667 276.132026367
-2.530976 276.091844871
-2.52597333333 276.229647548
-2.52097066667 276.181797923
-2.515968 276.338492579
-2.51096533333 276.275188728
-2.50596266667 276.388394591
-2.50096 276.341752157
-2.49595733333 276.443675407
-2.49095466667 276.379436427
-2.485952 276.440886314
-2.48094933333 276.294309189
-2.47594666667 276.339321075
-2.470944 276.226678819
-2.46594133333 276.279556705
-2.46093866667 276.117766621
-2.455936 276.155299893
-2.45093333333 275.976306242
-2.44593066667 275.913099661
-2.440928 275.724652304
-2.43592533333 275.702435253
-2.43092266667 275.475360691
-2.42592 275.473275447
-2.42091733333 275.266893525
-2.41591466667 275.2713496
-2.410912 275.03936391
-2.40590933333 275.009953732
-2.40090666667 274.754952637
-2.395904 274.659319352
-2.39090133333 274.464991602
-2.38589866667 274.37652177
-2.380896 274.102184925
-2.37589333333 274.004123587
-2.37089066667 273.699915143
-2.365888 273.553862806
-2.36088533333 273.262071219
-2.35588266667 273.185130654
-2.35088 273.019616892
-2.34587733333 273.008385954
-2.34087466667 272.845664224
-2.335872 272.787702729
-2.33086933333 272.659258903
-2.32586666667 272.676135932
-2.320864 272.523349725
-2.31586133333 272.567464391
-2.31085866667 272.45394202
-2.305856 272.50667383
-2.30085333333 272.366180185
-2.29585066667 272.402338624
-2.290848 272.268737438
-2.28584533333 272.336829005
-2.28084266667 272.179496437
-2.27584 272.277782265
-2.27083733333 272.141918372
-2.26583466667 272.213185375
-2.260832 272.101858331
-2.25582933333 272.069110589
-2.25082666667 271.96166881
-2.245824 272.026318821
-2.24082133333 271.824178429
-2.23581866667 271.885112432
-2.230816 271.786388116
-2.22581333333 271.827934307
-2.22081066667 271.703660656
-2.215808 271.745607275
-2.21080533333 271.607572098
-2.20580266667 271.675478615
-2.2008 271.592026604
-2.19579733333 271.6610926
-2.19079466667 271.566154685
-2.185792 271.649768915
-2.18078933333 271.54228506
-2.17578666667 271.61827689
-2.170784 271.554329538
-2.16578133333 271.633010117
-2.16077866667 271.504958816
-2.155776 271.568720853
-2.15077333333 271.476674105
-2.14577066667 271.539029985
-2.140768 271.477925321
-2.13576533333 271.560161894
-2.13076266667 271.446840685
-2.12576 271.512795167
-2.12075733333 271.405698296
-2.11575466667 271.461134865
-2.110752 271.368400034
-2.10574933333 271.466677729
-2.10074666667 271.337088022
-2.095744 271.463139966
-2.09074133333 271.400725644
-2.08573866667 271.502844753
-2.080736 271.39604484
-2.07573333333 271.517567529
-2.07073066667 271.492373813
-2.065728 271.578878605
-2.06072533333 271.490361398
-2.05572266667 271.596560043
-2.05072 271.531444897
-2.04571733333 271.634186625
-2.04071466667 271.574550911
-2.035712 271.692963096
-2.03070933333 271.617177529
-2.02570666667 271.725590653
-2.020704 271.646948532
-2.01570133333 271.736917633
-2.01069866667 271.693189156
-2.005696 271.844992732
-2.00069333333 271.730030165
-1.99569066667 271.874948698
-1.990688 271.889208667
-1.98568533333 272.077279117
-1.98068266667 272.012564786
-1.97568 272.159271285
-1.97067733333 272.142552065
-1.96567466667 272.306636998
-1.960672 272.240568409
-1.95566933333 272.399194036
-1.95066666667 272.420800334
-1.945664 272.559977839
-1.94066133333 272.471414143
-1.93565866667 272.674831799
-1.930656 272.583784473
-1.92565333333 272.704511552
-1.92065066667 272.648355942
-1.915648 272.801660407
-1.91064533333 272.728109398
-1.90564266667 272.865742026
-1.90064 272.75805901
-1.89563733333 272.88487442
-1.89063466667 272.842534937
-1.885632 272.972608974
-1.88062933333 272.913500682
-1.87562666667 273.022029103
-1.870624 272.991053066
-1.86562133333 273.105344719
-1.86061866667 273.038478541
-1.855616 273.210940152
-1.85061333333 273.126849252
-1.84561066667 273.251084683
-1.840608 273.158958974
-1.83560533333 273.310207678
-1.83060266667 273.284882721
-1.8256 273.40341664
-1.82059733333 273.295576271
-1.81559466667 273.438864611
-1.810592 273.356639437
-1.80558933333 273.490935702
-1.80058666667 273.42414872
-1.795584 273.48843902
-1.79058133333 273.421650565
-1.78557866667 273.52039951
-1.780576 273.443438806
-1.77557333333 273.588475689
-1.77057066667 273.479930575
-1.765568 273.622446832
-1.76056533333 273.466886577
-1.75556266667 273.5916414
-1.75056 273.514347763
-1.74555733333 273.57940218
-1.74055466667 273.54450594
-1.735552 273.641411412
-1.73054933333 273.514059828
-1.72554666667 273.665649678
-1.720544 273.561105074
-1.71554133333 273.654829479
-1.71053866667 273.571881331
-1.705536 273.686275312
-1.70053333333 273.573990344
-1.69553066667 273.691366012
-1.690528 273.589204651
-1.68552533333 273.710040349
-1.68052266667 273.586261657
-1.67552 273.72593116
-1.67051733333 273.609307534
-1.66551466667 273.722743252
-1.660512 273.631093596
-1.65550933333 273.743595619
-1.65050666667 273.672732954
-1.645504 273.778103839
-1.64050133333 273.662249888
-1.63549866667 273.826670141
-1.630496 273.754192366
-1.62549333333 273.861553985
-1.62049066667 273.779433954
-1.615488 273.928799686
-1.61048533333 273.857030784
-1.60548266667 274.000585899
-1.60048 273.898548319
-1.59547733333 273.987436674
-1.59047466667 273.939241221
-1.585472 274.070668826
-1.58046933333 273.987508053
-1.57546666667 274.097687948
-1.570464 274.039464268
-1.56546133333 274.18586725
-1.56045866667 274.134330493
-1.555456 274.235656008
-1.55045333333 274.181816296
-1.54545066667 274.34581175
-1.540448 274.274429072
-1.53544533333 274.382055893
-1.53044266667 274.336997308
-1.52544 274.427325363
-1.52043733333 274.343004843
-1.51543466667 274.463667108
-1.510432 274.386230834
-1.50542933333 274.516990944
-1.50042666667 274.460099267
-1.495424 274.583589134
-1.49042133333 274.482050102
-1.48541866667 274.618750481
-1.480416 274.548206803
-1.47541333333 274.64493714
-1.47041066667 274.6017806
-1.465408 274.699321728
-1.46040533333 274.634390741
-1.45540266667 274.775005563
-1.4504 274.691060465
-1.44539733333 274.817344486
-1.44039466667 274.766510461
-1.435392 274.872000308
-1.43038933333 274.822524534
-1.42538666667 274.896849149
-1.420384 274.86832753
-1.41538133333 274.984618431
-1.41037866667 274.922302631
-1.405376 275.025407876
-1.40037333333 274.904922477
-1.39537066667 275.022413968
-1.390368 274.962093545
-1.38536533333 275.08814306
-1.38036266667 274.958719855
-1.37536 275.060687476
-1.37035733333 274.959533522
-1.36535466667 275.045050272
-1.360352 274.994518284
-1.35534933333 275.014899118
-1.35034666667 274.908727825
-1.345344 274.980846383
-1.34034133333 274.822208058
-1.33533866667 274.941421644
-1.330336 274.787200377
-1.32533333333 274.875328162
-1.32033066667 274.713112591
-1.315328 274.798792912
-1.31032533333 274.672653995
-1.30532266667 274.740377012
-1.30032 274.60547068
-1.29531733333 274.692319316
-1.29031466667 274.589833582
-1.285312 274.65077984
-1.28030933333 274.529862805
-1.27530666667 274.602191596
-1.270304 274.491696509
-1.26530133333 274.61142608
-1.26029866667 274.461054932
-1.255296 274.517772725
-1.25029333333 274.426918915
-1.24529066667 274.501499659
-1.240288 274.342438893
-1.23528533333 274.47646145
-1.23028266667 274.338979799
-1.22528 274.435733882
-1.22027733333 274.296070166
-1.21527466667 274.368582544
-1.210272 274.2851264
-1.20526933333 274.361436435
-1.20026666667 274.235984529
-1.195264 274.295911786
-1.19026133333 274.222962202
-1.18525866667 274.279260748
-1.180256 274.194159242
-1.17525333333 274.280686781
-1.17025066667 274.17486544
-1.165248 274.278515687
-1.16024533333 274.186042607
-1.15524266667 274.234403104
-1.15024 274.160042708
-1.14523733333 274.185898585
-1.14023466667 274.083475976
-1.135232 274.173208958
-1.13022933333 274.082821842
-1.12522666667 274.17552664
-1.120224 274.070150154
-1.11522133333 274.12869319
-1.11021866667 274.057137809
-1.105216 274.16241633
-1.10021333333 274.052087473
-1.09521066667 274.172773844
-1.090208 274.057026589
-1.08520533333 274.147308398
-1.08020266667 274.060066237
-1.0752 274.140083087
-1.07019733333 274.065154442
-1.06519466667 274.154115303
-1.060192 273.996287587
-1.05518933333 274.057439931
-1.05018666667 274.021929648
-1.045184 274.061872944
-1.04018133333 273.951027094
-1.03517866667 274.066111343
-1.030176 273.9749038
-1.02517333333 274.046660569
-1.02017066667 273.922867421
-1.015168 274.022524173
-1.01016533333 273.98836314
-1.00516266667 274.049331871
-1.00016 273.953301136
-0.995157333333 274.052287443
-0.990154666667 274.002716277
-0.985152 274.036974326
-0.980149333333 273.985979011
-0.975146666667 274.072304402
-0.970144 274.032426888
-0.965141333333 274.096880489
-0.960138666667 274.029941853
-0.955136 274.105226359
-0.950133333333 274.044902363
-0.945130666667 274.159863177
-0.940128 274.044402572
-0.935125333333 274.114576089
-0.930122666667 274.062890156
-0.92512 274.185624871
-0.920117333333 274.06634179
-0.915114666667 274.147092656
-0.910112 274.073039079
-0.905109333333 274.166438684
-0.900106666667 274.107516601
-0.895104 274.19495968
-0.890101333333 274.135037929
-0.885098666667 274.25140708
-0.880096 274.175733158
-0.875093333333 274.274584807
-0.870090666667 274.260610576
-0.865088 274.312653047
-0.860085333333 274.234704664
-0.855082666667 274.35530923
-0.85008 274.318312189
-0.845077333333 274.379270067
-0.840074666667 274.23948406
-0.835072 274.407761168
-0.830069333333 274.323188744
-0.825066666667 274.383841083
-0.820064 274.299803112
-0.815061333333 274.415016416
-0.810058666667 274.323412696
-0.805056 274.385621701
-0.800053333333 274.344199393
-0.795050666667 274.381499648
-0.790048 274.346268784
-0.785045333333 274.41243734
-0.780042666667 274.32458049
-0.77504 274.401014128
-0.770037333333 274.359013762
-0.765034666667 274.442013056
-0.760032 274.347517936
-0.755029333333 274.414765284
-0.750026666667 274.412084831
-0.745024 274.446782435
-0.740021333333 274.355372376
-0.735018666667 274.463012401
-0.730016 274.409362297
-0.725013333333 274.481158172
-0.720010666667 274.366658381
-0.715008 274.455818358
-0.710005333333 274.419001178
-0.705002666667 274.473904271
-0.7 274.407548767
-0.694997333333 274.475675446
-0.689994666667 274.452362329
-0.684992 274.505969866
-0.679989333333 274.464062419
-0.674986666667 274.506987508
-0.669984 274.473072968
-0.664981333333 274.516088535
-0.659978666667 274.462556354
-0.654976 274.512799657
-0.649973333333 274.471668101
-0.644970666667 274.53359654
-0.639968 274.475869414
-0.634965333333 274.505458938
-0.629962666667 274.495275225
-0.62496 274.548115439
-0.619957333333 274.487704481
-0.614954666667 274.565532186
-0.609952 274.551702651
-0.604949333333 274.5804688
-0.599946666667 274.540065972
-0.594944 274.617031057
-0.589941333333 274.570486873
-0.584938666667 274.625844865
-0.579936 274.543319594
-0.574933333333 274.633155865
-0.569930666667 274.609558206
-0.564928 274.652183156
-0.559925333333 274.592305359
-0.554922666667 274.641708941
-0.54992 274.636210613
-0.544917333333 274.668833191
-0.539914666667 274.614363732
-0.534912 274.675600049
-0.529909333333 274.636555276
-0.524906666667 274.707112137
-0.519904 274.603963491
-0.514901333333 274.683149603
-0.509898666667 274.643270908
-0.504896 274.677902228
-0.499893333333 274.609743886
-0.494890666667 274.65343054
-0.489888 274.621852079
-0.484885333333 274.650153869
-0.479882666667 274.568398748
-0.47488 274.640837485
-0.469877333333 274.591357563
-0.464874666667 274.641269987
-0.459872 274.586059639
-0.454869333333 274.599958572
-0.449866666667 274.572901608
-0.444864 274.612716994
-0.439861333333 274.553037351
-0.434858666667 274.572974008
-0.429856 274.519189776
-0.424853333333 274.555026834
-0.419850666667 274.481931004
-0.414848 274.535038427
-0.409845333333 274.466867517
-0.404842666667 274.517527244
-0.39984 274.414104917
-0.394837333333 274.44551333
-0.389834666667 274.443204621
-0.384832 274.437673912
-0.379829333333 274.370192817
-0.374826666667 274.417948897
-0.369824 274.369105393
-0.364821333333 274.416907313
-0.359818666667 274.398931094
-0.354816 274.391187609
-0.349813333333 274.383093354
-0.344810666667 274.405633196
-0.339808 274.349626887
-0.334805333333 274.309708775
-0.329802666667 274.320931735
-0.3248 274.377333878
-0.319797333333 274.347489473
-0.314794666667 274.381532455
-0.309792 274.331897825
-0.304789333333 274.372747141
-0.299786666667 274.337354882
-0.294784 274.365778815
-0.289781333333 274.322457133
-0.284778666667 274.349586809
-0.279776 274.272537879
-0.274773333333 274.27154387
-0.269770666667 274.26048847
-0.264768 274.280991721
-0.259765333333 274.189889392
-0.254762666667 274.227263302
-0.24976 274.176005649
-0.244757333333 274.20935739
-0.239754666667 274.129482992
-0.234752 274.184525206
-0.229749333333 274.147511607
-0.224746666667 274.186173597
-0.219744 274.126419239
-0.214741333333 274.169950816
-0.209738666667 274.160109289
-0.204736 274.176269886
-0.199733333333 274.156848922
-0.194730666667 274.178857108
-0.189728 274.144407587
-0.184725333333 274.171463447
-0.179722666667 274.117494496
-0.17472 274.176996792
-0.169717333333 274.162810079
-0.164714666667 274.174392184
-0.159712 274.14378512
-0.154709333333 274.175516907
-0.149706666667 274.241893265
-0.144704 274.214898967
-0.139701333333 274.191134785
-0.134698666667 274.216185701
-0.129696 274.18996329
-0.124693333333 274.228982723
-0.119690666667 274.18065734
-0.114688 274.221771171
-0.109685333333 274.195461866
-0.104682666667 274.227796797
-0.09968 274.186872884
-0.0946773333333 274.228162105
-0.0896746666667 274.218241212
-0.084672 274.255820207
-0.0796693333333 274.193976264
-0.0746666666667 274.226889154
-0.069664 274.235582752
-0.0646613333333 274.279578757
-0.0596586666667 274.278511497
-0.054656 274.298871924
-0.0496533333333 274.320946673
-0.0446506666667 274.345927427
-0.039648 274.338007429
-0.0346453333333 274.328157799
-0.0296426666667 274.323998835
-0.02464 274.365491264
-0.0196373333333 274.273129876
-0.0146346666667 274.347173167
-0.009632 274.328778579
-0.00462933333333 274.370007986
