（-8.80432,1.5），（-6.1429,1.5），（-2.21581,1.5）
-9.99995733333 275.523515838
-9.99495466667 275.467538969
-9.989952 275.305482913
-9.98494933333 275.326122841
-9.97994666667 275.20938313
-9.974944 275.215144557
-9.96994133333 275.136880683
-9.96493866667 275.189485072
-9.959936 275.085305513
-9.95493333333 275.116282897
-9.94993066667 275.049273986
-9.944928 275.087301102
-9.93992533333 275.01362819
-9.93492266667 275.060764939
-9.92992 275.011259081
-9.92491733333 275.074790985
-9.91991466667 275.034596627
-9.914912 275.062710668
-9.90990933333 275.053164958
-9.90490666667 275.13072561
-9.899904 275.088807885
-9.89490133333 275.173862658
-9.88989866667 275.115964975
-9.884896 275.192915458
-9.87989333333 275.180744496
-9.87489066667 275.246320753
-9.869888 275.275029933
-9.86488533333 275.319626253
-9.85988266667 275.299907889
-9.85488 275.384030413
-9.84987733333 275.351353443
-9.84487466667 275.432103922
-9.839872 275.39233019
-9.83486933333 275.479616948
-9.82986666667 275.413044717
-9.824864 275.483916863
-9.81986133333 275.425626219
-9.81485866667 275.486312876
-9.809856 275.45022212
-9.80485333333 275.505623593
-9.79985066667 275.456411185
-9.794848 275.519411965
-9.78984533333 275.471143672
-9.78484266667 275.524700325
-9.77984 275.534944621
-9.77483733333 275.562196358
-9.76983466667 275.560407281
-9.764832 275.624707056
-9.75982933333 275.56648597
-9.75482666667 275.666361709
-9.749824 275.634300378
-9.74482133333 275.720622374
-9.73981866667 275.639412566
-9.734816 275.724611199
-9.72981333333 275.686516571
-9.72481066667 275.738573556
-9.719808 275.693875818
-9.71480533333 275.784826678
-9.70980266667 275.710633766
-9.7048 275.763143433
-9.69979733333 275.705381334
-9.69479466667 275.797129634
-9.689792 275.776565103
-9.68478933333 275.805033472
-9.67978666667 275.770958466
-9.674784 275.86713152
-9.66978133333 275.76278294
-9.66477866667 275.860328504
-9.659776 275.785043817
-9.65477333333 275.841719363
-9.64977066667 275.763597126
-9.644768 275.804113641
-9.63976533333 275.769628133
-9.63476266667 275.822270132
-9.62976 275.739411159
-9.62475733333 275.802123716
-9.61975466667 275.730019412
-9.614752 275.815599764
-9.60974933333 275.719031919
-9.60474666667 275.80133188
-9.599744 275.676851196
-9.59474133333 275.774649877
-9.58973866667 275.667171136
-9.584736 275.731713318
-9.57973333333 275.642095931
-9.57473066667 275.714459052
-9.569728 275.706658416
-9.56472533333 275.711052158
-9.55972266667 275.648842504
-9.55472 275.691669173
-9.54971733333 275.644034752
-9.54471466667 275.705854148
-9.539712 275.600092362
-9.53470933333 275.705978203
-9.52970666667 275.602892118
-9.524704 275.688555815
-9.51970133333 275.608244289
-9.51469866667 275.684680426
-9.509696 275.611698789
-9.50469333333 275.699829969
-9.49969066667 275.657792686
-9.494688 275.743051672
-9.48968533333 275.664836461
-9.48468266667 275.747921909
-9.47968 275.687126744
-9.47467733333 275.801531972
-9.46967466667 275.698786398
-9.464672 275.699850829
-9.45966933333 275.692802998
-9.45466666667 275.770703465
-9.449664 275.66803922
-9.44466133333 275.734607555
-9.43965866667 275.638866293
-9.434656 275.701354809
-9.42965333333 275.638167081
-9.42465066667 275.726224645
-9.419648 275.663348383
-9.41464533333 275.707527799
-9.40964266667 275.585138426
-9.40464 275.637724182
-9.39963733333 275.528913907
-9.39463466667 275.611172518
-9.389632 275.528898284
-9.38462933333 275.651423059
-9.37962666667 275.536009274
-9.374624 275.668201505
-9.36962133333 275.525249013
-9.36461866667 275.632415592
-9.359616 275.552828827
-9.35461333333 275.670859369
-9.34961066667 275.613525291
-9.344608 275.706879096
-9.33960533333 275.649518767
-9.33460266667 275.760171332
-9.3296 275.689133435
-9.32459733333 275.774816408
-9.31959466667 275.689097219
-9.314592 275.766622245
-9.30958933333 275.658886829
-9.30458666667 275.783460895
-9.299584 275.724525333
-9.29458133333 275.820933969
-9.28957866667 275.69385089
-9.284576 275.830379123
-9.27957333333 275.695600282
-9.27457066667 275.770689133
-9.269568 275.695807096
-9.26456533333 275.819595344
-9.25956266667 275.66537814
-9.25456 275.75657189
-9.24955733333 275.6913426
-9.24455466667 275.794876634
-9.239552 275.690548132
-9.23454933333 275.758674637
-9.22954666667 275.699242348
-9.224544 275.812953196
-9.21954133333 275.713590252
-9.21453866667 275.864970861
-9.209536 275.784402479
-9.20453333333 275.895459533
-9.19953066667 275.770937467
-9.194528 275.90612906
-9.18952533333 275.839912182
-9.18452266667 275.939596386
-9.17952 275.82413055
-9.17451733333 275.943750777
-9.16951466667 275.891736519
-9.164512 275.975495972
-9.15950933333 275.871720371
-9.15450666667 275.941708153
-9.149504 275.845892881
-9.14450133333 275.930532723
-9.13949866667 275.809733483
-9.134496 275.917951645
-9.12949333333 275.847874764
-9.12449066667 276.000740636
-9.119488 275.946767876
-9.11448533333 276.066047921
-9.10948266667 276.024341168
-9.10448 276.177476934
-9.09947733333 276.098223459
-9.09447466667 276.219858718
-9.089472 276.161002204
-9.08446933333 276.249389061
-9.07946666667 276.148669352
-9.074464 276.233837372
-9.06946133333 276.141172082
-9.06445866667 276.229039001
-9.059456 276.0464285
-9.05445333333 276.108226044
-9.04945066667 275.969575654
-9.044448 276.037687296
-9.03944533333 275.849785663
-9.03444266667 275.914890791
-9.02944 275.783316829
-9.02443733333 275.824132696
-9.01943466667 275.691208078
-9.014432 275.74425265
-9.00942933333 275.603277112
-9.00442666667 275.681848452
-8.999424 275.579629051
-8.99442133333 275.688441853
-8.98941866667 275.605512873
-8.984416 275.729748214
-8.97941333333 275.639387642
-8.97441066667 275.721946253
-8.969408 275.666612661
-8.96440533333 275.83020671
-8.95940266667 275.783151332
-8.9544 275.954590141
-8.94939733333 275.896715255
-8.94439466667 276.088165996
-8.939392 276.026617821
-8.93438933333 276.164027875
-8.92938666667 276.126080731
-8.924384 276.244945253
-8.91938133333 276.136084435
-8.91437866667 276.238888055
-8.909376 276.148061193
-8.90437333333 276.248070915
-8.89937066667 276.135797816
-8.894368 276.279625003
-8.88936533333 276.172608131
-8.88436266667 276.279604618
-8.87936 276.177954685
-8.87435733333 276.265468501
-8.86935466667 276.101755194
-8.864352 276.243518667
-8.85934933333 276.078522684
-8.85434666667 276.139315606
-8.849344 276.057514964
-8.84434133333 276.182428973
-8.83933866667 276.064011298
-8.834336 276.191562584
-8.82933333333 276.158820169
-8.82433066667 276.304276714
-8.819328 276.199656643
-8.81432533333 276.346935354
-8.80932266667 276.301543945
-8.80432 276.489445151
-8.79931733333 276.410515404
-8.79431466667 276.551434124
-8.789312 276.532744334
-8.78430933333 276.674609999
-8.77930666667 276.600440652
-8.774304 276.739799491
-8.76930133333 276.699745015
-8.76429866667 276.784188817
-8.759296 276.699130314
-8.75429333333 276.819042322
-8.74929066667 276.737600458
-8.744288 276.860286328
-8.73928533333 276.722420997
-8.73428266667 276.863002538
-8.72928 276.764918099
-8.72427733333 276.84964944
-8.71927466667 276.721613746
-8.714272 276.807313237
-8.70926933333 276.698209835
-8.70426666667 276.742796059
-8.699264 276.594968648
-8.69426133333 276.648257126
-8.68925866667 276.493516453
-8.684256 276.564082035
-8.67925333333 276.402205418
-8.67425066667 276.474746398
-8.669248 276.367225872
-8.66424533333 276.49800329
-8.65924266667 276.301648319
-8.65424 276.400772012
-8.64923733333 276.279453402
-8.64423466667 276.390177652
-8.639232 276.259020262
-8.63422933333 276.418541304
-8.62922666667 276.302021463
-8.624224 276.369075864
-8.61922133333 276.257771025
-8.61421866667 276.365596029
-8.609216 276.255265408
-8.60421333333 276.381626943
-8.59921066667 276.250859396
-8.594208 276.32271156
-8.58920533333 276.237769974
-8.58420266667 276.34120412
-8.5792 276.206886946
-8.57419733333 276.2806142
-8.56919466667 276.164642833
-8.564192 276.24590515
-8.55918933333 276.147320005
-8.55418666667 276.133081874
-8.549184 276.020522492
-8.54418133333 276.060896385
-8.53917866667 275.882613329
-8.534176 275.900016036
-8.52917333333 275.780430628
-8.52417066667 275.826294555
-8.519168 275.666206463
-8.51416533333 275.709696071
-8.50916266667 275.528193326
-8.50416 275.586234929
-8.49915733333 275.37048119
-8.49415466667 275.396746102
-8.489152 275.229467009
-8.48414933333 275.271451832
-8.47914666667 275.078279694
-8.474144 275.146203006
-8.46914133333 274.968369395
-8.46413866667 275.040140257
-8.459136 274.902829427
-8.45413333333 274.983330512
-8.44913066667 274.882096122
-8.444128 274.974411705
-8.43912533333 274.875451144
-8.43412266667 274.99820446
-8.42912 274.920673996
-8.42411733333 275.031057154
-8.41911466667 274.892194927
-8.414112 275.023391629
-8.40910933333 274.933357696
-8.40410666667 275.021209189
-8.399104 274.822667346
-8.39410133333 274.948836524
-8.38909866667 274.791696099
-8.384096 274.841525342
-8.37909333333 274.686212926
-8.37409066667 274.752981791
-8.369088 274.624843254
-8.36408533333 274.754306603
-8.35908266667 274.607820424
-8.35408 274.69229087
-8.34907733333 274.55378988
-8.34407466667 274.577849184
-8.339072 274.385127517
-8.33406933333 274.481770287
-8.32906666667 274.318157335
-8.324064 274.406486456
-8.31906133333 274.275050835
-8.31405866667 274.339534331
-8.309056 274.238789192
-8.30405333333 274.334282918
-8.29905066667 274.176768083
-8.294048 274.264981919
-8.28904533333 274.149529879
-8.28404266667 274.232121185
-8.27904 274.082773595
-8.27403733333 274.236889656
-8.26903466667 274.12335062
-8.264032 274.20788368
-8.25902933333 274.077625003
-8.25402666667 274.190165097
-8.249024 274.110973514
-8.24402133333 274.195734698
-8.23901866667 274.110160558
-8.234016 274.205731037
-8.22901333333 274.130029727
-8.22401066667 274.232554057
-8.219008 274.117541141
-8.21400533333 274.187215927
-8.20900266667 274.079947488
-8.204 274.160375818
-8.19899733333 274.056240708
-8.19399466667 274.130912355
-8.188992 274.036614303
-8.18398933333 274.133284102
-8.17898666667 274.00051494
-8.173984 274.107210356
-8.16898133333 273.999751666
-8.16397866667 274.080509476
-8.158976 273.978695714
-8.15397333333 274.069996126
-8.14897066667 274.004754645
-8.143968 274.077534069
-8.13896533333 273.959593254
-8.13396266667 274.039745308
-8.12896 273.950800425
-8.12395733333 274.078659155
-8.11895466667 273.975700731
-8.113952 274.073031758
-8.10894933333 273.918321198
-8.10394666667 274.078324286
-8.098944 273.978647958
-8.09394133333 274.071191885
-8.08893866667 274.005500312
-8.083936 274.065544903
-8.07893333333 273.962039907
-8.07393066667 274.038087294
-8.068928 274.02909212
-8.06392533333 274.091940698
-8.05892266667 273.960628437
-8.05392 274.060646607
-8.04891733333 273.947817366
-8.04391466667 274.037667886
-8.038912 273.941479321
-8.03390933333 274.034720252
-8.02890666667 273.992441383
-8.023904 274.060517594
-8.01890133333 273.953294131
-8.01389866667 274.030057677
-8.008896 273.975547242
-8.00389333333 274.071022421
-7.99889066667 273.986830429
-7.993888 274.085889771
-7.98888533333 274.051917812
-7.98388266667 274.138990313
-7.97888 274.049417441
-7.97387733333 274.170368599
-7.96887466667 274.12148922
-7.963872 274.186964341
-7.95886933333 274.047563669
-7.95386666667 274.193254635
-7.948864 274.135023452
-7.94386133333 274.257343129
-7.93885866667 274.206439191
-7.933856 274.319129287
-7.92885333333 274.281957698
-7.92385066667 274.421636744
-7.918848 274.362819875
-7.91384533333 274.507319246
-7.90884266667 274.48673564
-7.90384 274.635672343
-7.89883733333 274.542567166
-7.89383466667 274.694290436
-7.888832 274.707147938
-7.88382933333 274.82876293
-7.87882666667 274.762646994
-7.873824 274.887777699
-7.86882133333 274.892697379
-7.86381866667 274.964105554
-7.858816 274.882383569
-7.85381333333 274.976798176
-7.84881066667 274.914516619
-7.843808 275.013768048
-7.83880533333 274.916399092
-7.83380266667 274.990901249
-7.8288 274.903832519
-7.82379733333 274.948299884
-7.81879466667 274.843291481
-7.813792 274.916078513
-7.80878933333 274.863898364
-7.80378666667 274.928869558
-7.798784 274.85267724
-7.79378133333 274.900014034
-7.78877866667 274.830581166
-7.783776 274.89480589
-7.77877333333 274.797363227
-7.77377066667 274.877889709
-7.768768 274.815294527
-7.76376533333 274.916155688
-7.75876266667 274.830932928
-7.75376 274.911914042
-7.74875733333 274.875112013
-7.74375466667 274.967152286
-7.738752 274.938339578
-7.73374933333 275.027220951
-7.72874666667 274.979659226
-7.723744 275.061425662
-7.71874133333 274.962764648
-7.71373866667 275.054865644
-7.708736 275.00783209
-7.70373333333 275.090008448
-7.69873066667 275.050272966
-7.693728 275.180602397
-7.68872533333 275.157521182
-7.68372266667 275.229031373
-7.67872 275.167470185
-7.67371733333 275.289456576
-7.66871466667 275.260580584
-7.663712 275.356826947
-7.65870933333 275.332326791
-7.65370666667 275.430224881
-7.648704 275.3935022
-7.64370133333 275.488893197
-7.63869866667 275.426046234
-7.633696 275.523755616
-7.62869333333 275.561063145
-7.62369066667 275.652048385
-7.618688 275.607088251
-7.61368533333 275.732557473
-7.60868266667 275.735883189
-7.60368 275.802389774
-7.59867733333 275.822808317
-7.59367466667 275.894931371
-7.588672 275.888103044
-7.58366933333 276.004720532
-7.57866666667 275.966502881
-7.573664 276.068059492
-7.56866133333 276.091202678
-7.56365866667 276.193243613
-7.558656 276.143102915
-7.55365333333 276.254708358
-7.54865066667 276.276414221
-7.543648 276.352445975
-7.53864533333 276.317385758
-7.53364266667 276.425001404
-7.52864 276.415203797
-7.52363733333 276.514624439
-7.51863466667 276.47760166
-7.513632 276.602875884
-7.50862933333 276.602912665
-7.50362666667 276.67122421
-7.498624 276.676435015
-7.49362133333 276.81050266
-7.48861866667 276.765344364
-7.483616 276.881584722
-7.47861333333 276.844476237
-7.47361066667 276.9109457
-7.468608 276.898879054
-7.46360533333 276.944039474
-7.45860266667 276.893910809
-7.4536 276.928504959
-7.44859733333 276.884834113
-7.44359466667 276.900369325
-7.438592 276.78758813
-7.43358933333 276.767802257
-7.42858666667 276.689289039
-7.423584 276.612848077
-7.41858133333 276.446854114
-7.41357866667 276.430883083
-7.408576 276.309597825
-7.40357333333 276.274011423
-7.39857066667 276.12872291
-7.393568 276.138571985
-7.38856533333 276.059600334
-7.38356266667 276.144645639
-7.37856 276.075209539
-7.37355733333 276.132859813
-7.36855466667 276.117946129
-7.363552 276.125307741
-7.35854933333 276.079657714
-7.35354666667 276.132966701
-7.348544 276.169631965
-7.34354133333 276.223799593
-7.33853866667 276.230597537
-7.333536 276.269583537
-7.32853333333 276.273962982
-7.32353066667 276.370338259
-7.318528 276.306110087
-7.31352533333 276.429883663
-7.30852266667 276.461729636
-7.30352 276.534581428
-7.29851733333 276.507013925
-7.29351466667 276.606463829
-7.288512 276.600885044
-7.28350933333 276.641045718
-7.27850666667 276.574743006
-7.273504 276.596736539
-7.26850133333 276.500984842
-7.26349866667 276.575430366
-7.258496 276.5151588
-7.25349333333 276.530729198
-7.24849066667 276.49532139
-7.243488 276.549654645
-7.23848533333 276.488124588
-7.23348266667 276.509170891
-7.22848 276.477767667
-7.22347733333 276.518601538
-7.21847466667 276.426564547
-7.213472 276.412587612
-7.20846933333 276.383457332
-7.20346666667 276.444203434
-7.198464 276.383260572
-7.19346133333 276.405766048
-7.18845866667 276.397819376
-7.183456 276.382568668
-7.17845333333 276.327414623
-7.17345066667 276.328758435
-7.168448 276.249008468
-7.16344533333 276.253425893
-7.15844266667 276.195119031
-7.15344 276.146599223
-7.14843733333 276.075448379
-7.14343466667 276.07985812
-7.138432 276.025147205
-7.13342933333 276.002136966
-7.12842666667 275.971029891
-7.123424 275.9931977
-7.11842133333 275.934771809
-7.11341866667 275.961577587
-7.108416 275.975304807
-7.10341333333 276.021641839
-7.09841066667 275.969625502
-7.093408 276.03018207
-7.08840533333 276.016450498
-7.08340266667 276.106674272
-7.0784 276.070976536
-7.07339733333 276.13998088
-7.06839466667 276.172045282
-7.063392 276.196452501
-7.05838933333 276.158335042
-7.05338666667 276.20662159
-7.048384 276.261802031
-7.04338133333 276.281648467
-7.03837866667 276.256874565
-7.033376 276.321215195
-7.02837333333 276.336356414
-7.02337066667 276.376556487
-7.018368 276.374102262
-7.01336533333 276.398167398
-7.00836266667 276.425091747
-7.00336 276.438942898
-6.99835733333 276.422715987
-6.99335466667 276.446471283
-6.988352 276.437287253
-6.98334933333 276.483039746
-6.97834666667 276.432186534
-6.973344 276.471948364
-6.96834133333 276.480203212
-6.96333866667 276.51698915
-6.958336 276.470308338
-6.95333333333 276.516894913
-6.94833066667 276.514350216
-6.943328 276.53484199
-6.93832533333 276.476019051
-6.93332266667 276.547236761
-6.92832 276.556352831
-6.92331733333 276.575671075
-6.91831466667 276.511817088
-6.913312 276.569819664
-6.90830933333 276.539519625
-6.90330666667 276.536890446
-6.898304 276.502851552
-6.89330133333 276.564797459
-6.88829866667 276.560221349
-6.883296 276.584258685
-6.87829333333 276.572210046
-6.87329066667 276.57662419
-6.868288 276.549983052
-6.86328533333 276.557805148
-6.85828266667 276.509628816
-6.85328 276.529516404
-6.84827733333 276.443355826
-6.84327466667 276.424231786
-6.838272 276.3829085
-6.83326933333 276.392563579
-6.82826666667 276.385777808
-6.823264 276.405909304
-6.81826133333 276.37328777
-6.81325866667 276.372336555
-6.808256 276.361493886
-6.80325333333 276.37926051
-6.79825066667 276.379543505
-6.793248 276.404826424
-6.78824533333 276.460417994
-6.78324266667 276.461654295
-6.77824 276.480434704
-6.77323733333 276.475521569
-6.76823466667 276.525193031
-6.763232 276.600852495
-6.75822933333 276.584378714
-6.75322666667 276.610127701
-6.748224 276.643728411
-6.74322133333 276.67706897
-6.73821866667 276.688707276
-6.733216 276.731611249
-6.72821333333 276.746679939
-6.72321066667 276.784147589
-6.718208 276.815101352
-6.71320533333 276.833538345
-6.70820266667 276.896759059
-6.7032 276.926866051
-6.69819733333 276.965458271
-6.69319466667 276.992886488
-6.688192 277.037354148
-6.68318933333 277.040345656
-6.67818666667 277.056335999
-6.673184 277.107298389
-6.66818133333 277.121950013
-6.66317866667 277.211070223
-6.658176 277.178689171
-6.65317333333 277.261514592
-6.64817066667 277.30134904
-6.643168 277.320417697
-6.63816533333 277.34340042
-6.63316266667 277.400341995
-6.62816 277.424006676
-6.62315733333 277.482413682
-6.61815466667 277.53973414
-6.613152 277.54439665
-6.60814933333 277.570335286
-6.60314666667 277.612950743
-6.598144 277.600940218
-6.59314133333 277.638360444
-6.58813866667 277.64336814
-6.583136 277.662779507
-6.57813333333 277.663746415
-6.57313066667 277.669957487
-6.568128 277.652375338
-6.56312533333 277.67549954
-6.55812266667 277.724091636
-6.55312 277.711523645
-6.54811733333 277.721369116
-6.54311466667 277.706079954
-6.538112 277.660776463
-6.53310933333 277.644211029
-6.52810666667 277.64184718
-6.523104 277.603756651
-6.51810133333 277.567786439
-6.51309866667 277.505349463
-6.508096 277.529910538
-6.50309333333 277.480518111
-6.49809066667 277.432718393
-6.493088 277.430021014
-6.48808533333 277.420828993
-6.48308266667 277.401783423
-6.47808 277.353429339
-6.47307733333 277.39675455
-6.46807466667 277.403403171
-6.463072 277.37780966
-6.45806933333 277.371356481
-6.45306666667 277.381842278
-6.448064 277.385821219
-6.44306133333 277.348638914
-6.43805866667 277.371698184
-6.433056 277.365354529
-6.42805333333 277.354668515
-6.42305066667 277.399118253
-6.418048 277.418781954
-6.41304533333 277.418913952
-6.40804266667 277.412947792
-6.40304 277.419459425
-6.39803733333 277.411003149
-6.39303466667 277.421418464
-6.388032 277.393959389
-6.38302933333 277.406217135
-6.37802666667 277.385111576
-6.373024 277.367014648
-6.36802133333 277.370037289
-6.36301866667 277.306627694
-6.358016 277.306650638
-6.35301333333 277.249410721
-6.34801066667 277.288770819
-6.343008 277.243217081
-6.33800533333 277.195656673
-6.33300266667 277.128217442
-6.328 277.063408146
-6.32299733333 277.009394335
-6.31799466667 276.914681357
-6.312992 276.895257204
-6.30798933333 276.858790332
-6.30298666667 276.782990916
-6.297984 276.70842203
-6.29298133333 276.645191065
-6.28797866667 276.59211813
-6.282976 276.525944022
-6.27797333333 276.506853461
-6.27297066667 276.455500688
-6.267968 276.467589797
-6.26296533333 276.533642062
-6.25796266667 276.548209152
-6.25296 276.584715623
-6.24795733333 276.625129469
-6.24295466667 276.658659965
-6.237952 276.691104385
-6.23294933333 276.747766387
-6.22794666667 276.80977227
-6.222944 276.796300761
-6.21794133333 276.818819397
-6.21293866667 276.821906861
-6.207936 276.831627401
-6.20293333333 276.857432369
-6.19793066667 276.867522199
-6.192928 276.829961572
-6.18792533333 276.884077695
-6.18292266667 276.885033515
-6.17792 276.884152951
-6.17291733333 276.830862234
-6.16791466667 276.810015736
-6.162912 276.786337204
-6.15790933333 276.752300332
-6.15290666667 276.746150767
-6.147904 276.752014751
-6.14290133333 276.701578271
-6.13789866667 276.704404977
-6.132896 276.622584035
-6.12789333333 276.691911814
-6.12289066667 276.63579375
-6.117888 276.657982013
-6.11288533333 276.590081171
-6.10788266667 276.651843441
-6.10288 276.585410294
-6.09787733333 276.6039079
-6.09287466667 276.589239627
-6.087872 276.631182535
-6.08286933333 276.607825889
-6.07786666667 276.619440465
-6.072864 276.626781677
-6.06786133333 276.683260452
-6.06285866667 276.64842058
-6.057856 276.771599675
-6.05285333333 276.71521033
-6.04785066667 276.756460878
-6.042848 276.707256398
-6.03784533333 276.729151115
-6.03284266667 276.672290093
-6.02784 276.696994864
-6.02283733333 276.639999356
-6.01783466667 276.68203435
-6.012832 276.59239099
-6.00782933333 276.59842661
-6.00282666667 276.563886723
-5.997824 276.576969938
-5.99282133333 276.498313382
-5.98781866667 276.504812952
-5.982816 276.410270578
-5.97781333333 276.400971572
-5.97281066667 276.299494273
-5.967808 276.269102098
-5.96280533333 276.168492025
-5.95780266667 276.177819377
-5.9528 276.110802803
-5.94779733333 276.120747593
-5.94279466667 276.032738608
-5.937792 276.006591079
-5.93278933333 275.963032897
-5.92778666667 275.945985037
-5.922784 275.903942526
-5.91778133333 275.940145647
-5.91277866667 275.86626758
-5.907776 275.897107792
-5.90277333333 275.847552814
-5.89777066667 275.923712557
-5.892768 275.835494445
-5.88776533333 275.881058048
-5.88276266667 275.83679104
-5.87776 275.844321787
-5.87275733333 275.841228555
-5.86775466667 275.943032626
-5.862752 275.895922036
-5.85774933333 275.928866614
-5.85274666667 275.893659316
-5.847744 275.986434783
-5.84274133333 275.938919549
-5.83773866667 276.005045011
-5.832736 275.941706135
-5.82773333333 275.998581383
-5.82273066667 275.949186842
-5.817728 275.963159115
-5.81272533333 275.862451188
-5.80772266667 275.920677343
-5.80272 275.778833261
-5.79771733333 275.787218636
-5.79271466667 275.634281454
-5.787712 275.624996886
-5.78270933333 275.512978416
-5.77770666667 275.460650986
-5.772704 275.30927879
-5.76770133333 275.202329393
-5.76269866667 275.101458651
-5.757696 275.060641031
-5.75269333333 274.972272297
-5.74769066667 274.983259485
-5.742688 274.895927217
-5.73768533333 274.968663285
-5.73268266667 274.894455248
-5.72768 275.009027685
-5.72267733333 274.97050672
-5.71767466667 275.033708176
-5.712672 275.015089653
-5.70766933333 275.086328306
-5.70266666667 275.063358166
-5.697664 275.127665049
-5.69266133333 275.065985117
-5.68765866667 275.141286846
-5.682656 275.07062041
-5.67765333333 275.090340876
-5.67265066667 275.044983718
-5.667648 275.112169753
-5.66264533333 275.04912259
-5.65764266667 275.177073221
-5.65264 275.133949902
-5.64763733333 275.234254109
-5.64263466667 275.104292104
-5.637632 275.120095346
-5.63262933333 274.999299933
-5.62762666667 275.04484245
-5.622624 274.941018832
-5.61762133333 275.030077844
-5.61261866667 274.921880634
-5.607616 274.948484269
-5.60261333333 274.838774818
-5.59761066667 274.874572317
-5.592608 274.829139819
-5.58760533333 274.78042789
-5.58260266667 274.664396776
-5.5776 274.669437267
-5.57259733333 274.567864621
-5.56759466667 274.629650304
-5.562592 274.482639666
-5.55758933333 274.529180716
-5.55258666667 274.448560597
-5.547584 274.477063081
-5.54258133333 274.408688274
-5.53757866667 274.44680934
-5.532576 274.407639993
-5.52757333333 274.50210836
-5.52257066667 274.448612473
-5.517568 274.521757277
-5.51256533333 274.449009432
-5.50756266667 274.496369412
-5.50256 274.42674981
-5.49755733333 274.501061948
-5.49255466667 274.459398181
-5.487552 274.540580673
-5.48254933333 274.482092872
-5.47754666667 274.590945233
-5.472544 274.515409076
-5.46754133333 274.639572458
-5.46253866667 274.599841201
-5.457536 274.741748851
-5.45253333333 274.696569282
-5.44753066667 274.826162268
-5.442528 274.792187339
-5.43752533333 274.960526113
-5.43252266667 274.843468621
-5.42752 274.942677845
-5.42251733333 274.886631671
-5.41751466667 274.94546477
-5.412512 274.897216448
-5.40750933333 274.948466601
-5.40250666667 274.869201662
-5.397504 274.918500972
-5.39250133333 274.857416768
-5.38749866667 274.952888391
-5.382496 274.849584041
-5.37749333333 274.934238127
-5.37249066667 274.854932681
-5.367488 274.955510278
-5.36248533333 274.8431274
-5.35748266667 274.929628229
-5.35248 274.863939018
-5.34747733333 274.959563801
-5.34247466667 274.842972313
-5.337472 274.94400281
-5.33246933333 274.90047958
-5.32746666667 274.962030939
-5.322464 274.94482054
-5.31746133333 275.029300235
-5.31245866667 274.933966016
-5.307456 275.083862644
-5.30245333333 275.003740977
-5.29745066667 275.105646964
-5.292448 275.089322523
-5.28744533333 275.284245296
-5.28244266667 275.167931144
-5.27744 275.300172986
-5.27243733333 275.240976327
-5.26743466667 275.343414472
-5.262432 275.304349245
-5.25742933333 275.407060403
-5.25242666667 275.355681845
-5.247424 275.501138416
-5.24242133333 275.42991082
-5.23741866667 275.557464266
-5.232416 275.46828726
-5.22741333333 275.578205515
-5.22241066667 275.472925392
-5.217408 275.62124529
-5.21240533333 275.544918748
-5.20740266667 275.672554435
-5.2024 275.583804367
-5.19739733333 275.684092089
-5.19239466667 275.588854113
-5.187392 275.698751193
-5.18238933333 275.613816566
-5.17738666667 275.717156256
-5.172384 275.672391924
-5.16738133333 275.8116941
-5.16237866667 275.719205902
-5.157376 275.868222404
-5.15237333333 275.714585659
-5.14737066667 275.903587044
-5.142368 275.860686039
-5.13736533333 275.957253845
-5.13236266667 275.940257888
-5.12736 276.089608375
-5.12235733333 276.043156365
-5.11735466667 276.177270171
-5.112352 276.161413226
-5.10734933333 276.295323362
-5.10234666667 276.233499286
-5.097344 276.431350158
-5.09234133333 276.381026557
-5.08733866667 276.584270606
-5.082336 276.524095085
-5.07733333333 276.64743892
-5.07233066667 276.681801984
-5.067328 276.783528055
-5.06232533333 276.698147075
-5.05732266667 276.807789457
-5.05232 276.7706881
-5.04731733333 276.93248398
-5.04231466667 276.839314594
-5.037312 276.94906532
-5.03230933333 276.899422537
-5.02730666667 276.989145933
-5.022304 276.908445309
-5.01730133333 277.019943237
-5.01229866667 276.960468564
-5.007296 277.066392987
-5.00229333333 276.942387689
-4.99729066667 277.051951365
-4.992288 276.947684306
-4.98728533333 277.047103764
-4.98228266667 276.896934411
-4.97728 276.973220884
-4.97227733333 276.871972918
-4.96727466667 276.948001912
-4.962272 276.818932051
-4.95726933333 276.894271017
-4.95226666667 276.781489547
-4.947264 276.85161362
-4.94226133333 276.749993734
-4.93725866667 276.815128894
-4.932256 276.706218868
-4.92725333333 276.805683515
-4.92225066667 276.701713626
-4.917248 276.834481074
-4.91224533333 276.705288226
-4.90724266667 276.816983698
-4.90224 276.695220038
-4.89723733333 276.80850085
-4.89223466667 276.719212095
-4.887232 276.855273906
-4.88222933333 276.713073989
-4.87722666667 276.821430455
-4.872224 276.72420802
-4.86722133333 276.797629702
-4.86221866667 276.698209304
-4.857216 276.85929018
-4.85221333333 276.691870654
-4.84721066667 276.7871243
-4.842208 276.650650507
-4.83720533333 276.786309166
-4.83220266667 276.652758434
-4.8272 276.733306033
-4.82219733333 276.600959628
-4.81719466667 276.686848818
-4.812192 276.618038817
-4.80718933333 276.67423067
-4.80218666667 276.574471466
-4.797184 276.66721688
-4.79218133333 276.530165185
-4.78717866667 276.668713452
-4.782176 276.535064157
-4.77717333333 276.589435991
-4.77217066667 276.490467705
-4.767168 276.581844821
-4.76216533333 276.43016573
-4.75716266667 276.529418512
-4.75216 276.432265341
-4.74715733333 276.544856574
-4.74215466667 276.417950519
-4.737152 276.499874178
-4.73214933333 276.405364422
-4.72714666667 276.514214303
-4.722144 276.385338078
-4.71714133333 276.548088561
-4.71213866667 276.451727528
-4.707136 276.567286619
-4.70213333333 276.483531656
-4.69713066667 276.587549799
-4.692128 276.50319057
-4.68712533333 276.620653268
-4.68212266667 276.498569894
-4.67712 276.619056658
-4.67211733333 276.530556221
-4.66711466667 276.644216119
-4.662112 276.500257997
-4.65710933333 276.631592234
-4.65210666667 276.532390863
-4.647104 276.656985295
-4.64210133333 276.517922229
-4.63709866667 276.617586875
-4.632096 276.505916804
-4.62709333333 276.605482675
-4.62209066667 276.459458767
-4.617088 276.589808447
-4.61208533333 276.493266124
-4.60708266667 276.590448894
-4.60208 276.47515478
-4.59707733333 276.56646607
-4.59207466667 276.484612585
-4.587072 276.554658738
-4.58206933333 276.452301717
-4.57706666667 276.580375755
-4.572064 276.402733975
-4.56706133333 276.578745272
-4.56205866667 276.47196071
-4.557056 276.581253707
-4.55205333333 276.527831618
-4.54705066667 276.628566051
-4.542048 276.525886077
-4.53704533333 276.622924927
-4.53204266667 276.566727808
-4.52704 276.679759001
-4.52203733333 276.553952401
-4.51703466667 276.708605753
-4.512032 276.649012682
-4.50702933333 276.788926832
-4.50202666667 276.698232032
-4.497024 276.80495228
-4.49202133333 276.773291946
-4.48701866667 276.904560487
-4.482016 276.805425567
-4.47701333333 276.975119667
-4.47201066667 276.891364093
-4.467008 277.006059706
-4.46200533333 276.886437755
-4.45700266667 277.022886839
-4.452 276.947191419
-4.44699733333 277.066840299
-4.44199466667 276.980266283
-4.436992 277.089990791
-4.43198933333 277.018790107
-4.42698666667 277.144156649
-4.421984 277.033402456
-4.41698133333 277.181793601
-4.41197866667 277.083277102
-4.406976 277.204749265
-4.40197333333 277.145625365
-4.39697066667 277.257901813
-4.391968 277.160626989
-4.38696533333 277.298480852
-4.38196266667 277.181540697
-4.37696 277.283480314
-4.37195733333 277.217651682
-4.36695466667 277.322641802
-4.361952 277.211330078
-4.35694933333 277.356370049
-4.35194666667 277.252287365
-4.346944 277.391671271
-4.34194133333 277.222234752
-4.33693866667 277.350347884
-4.331936 277.246180811
-4.32693333333 277.34557523
-4.32193066667 277.235474696
-4.316928 277.339546988
-4.31192533333 277.22559477
-4.30692266667 277.335562592
-4.30192 277.196500855
-4.29691733333 277.27957553
-4.29191466667 277.182671565
-4.286912 277.206181344
-4.28190933333 277.063415517
-4.27690666667 277.141638544
-4.271904 276.952079661
-4.26690133333 277.049986934
-4.26189866667 276.86791783
-4.256896 276.969794187
-4.25189333333 276.834880955
-4.24689066667 276.904198195
-4.241888 276.769461915
-4.23688533333 276.836221035
-4.23188266667 276.706699574
-4.22688 276.753785527
-4.22187733333 276.608776582
-4.21687466667 276.683330352
-4.211872 276.602283912
-4.20686933333 276.689583121
-4.20186666667 276.557937055
-4.196864 276.679822162
-4.19186133333 276.580933732
-4.18685866667 276.677921305
-4.181856 276.538521832
-4.17685333333 276.648007754
-4.17185066667 276.552979671
-4.166848 276.653650317
-4.16184533333 276.482775975
-4.15684266667 276.579780384
-4.15184 276.499891411
-4.14683733333 276.577790888
-4.14183466667 276.432024879
-4.136832 276.505979204
-4.13182933333 276.390268862
-4.12682666667 276.440024718
-4.121824 276.313463831
-4.11682133333 276.402028403
-4.11181866667 276.304248195
-4.106816 276.377138168
-4.10181333333 276.253918213
-4.09681066667 276.343364574
-4.091808 276.240940614
-4.08680533333 276.364899672
-4.08180266667 276.207286079
-4.0768 276.289218174
-4.07179733333 276.202559958
-4.06679466667 276.329286643
-4.061792 276.208234527
-4.05678933333 276.285665709
-4.05178666667 276.227191163
-4.046784 276.267086059
-4.04178133333 276.123014614
-4.03677866667 276.198776984
-4.031776 276.116992252
-4.02677333333 276.182698082
-4.02177066667 276.052389847
-4.016768 276.12649787
-4.01176533333 276.014250197
-4.00676266667 276.112526451
-4.00176 275.988463683
-3.99675733333 276.025019331
-3.99175466667 275.974233415
-3.986752 276.02979001
-3.98174933333 275.860769697
-3.97674666667 275.962201482
-3.971744 275.863836455
-3.96674133333 275.966463657
-3.96173866667 275.805439659
-3.956736 275.8567889
-3.95173333333 275.759234335
-3.94673066667 275.816559205
-3.941728 275.680190778
-3.93672533333 275.77673183
-3.93172266667 275.734031076
-3.92672 275.775585347
-3.92171733333 275.655105357
-3.91671466667 275.740094078
-3.911712 275.64640451
-3.90670933333 275.720555776
-3.90170666667 275.5945459
-3.896704 275.658915258
-3.89170133333 275.571837248
-3.88669866667 275.631838734
-3.881696 275.515021946
-3.87669333333 275.594331798
-3.87169066667 275.555671783
-3.866688 275.599376203
-3.86168533333 275.526741725
-3.85668266667 275.560039525
-3.85168 275.481418227
-3.84667733333 275.585186273
-3.84167466667 275.4726661
-3.836672 275.571649409
-3.83166933333 275.50893622
-3.82666666667 275.577912938
-3.821664 275.433534809
-3.81666133333 275.539917148
-3.81165866667 275.458967438
-3.806656 275.523155039
-3.80165333333 275.460440094
-3.79665066667 275.513396801
-3.791648 275.466562459
-3.78664533333 275.521908601
-3.78164266667 275.409436624
-3.77664 275.481368972
-3.77163733333 275.429302677
-3.76663466667 275.484033321
-3.761632 275.424418612
-3.75662933333 275.497679322
-3.75162666667 275.420107764
-3.746624 275.521274776
-3.74162133333 275.447831985
-3.73661866667 275.556105536
-3.731616 275.508596169
-3.72661333333 275.619031751
-3.72161066667 275.569724951
-3.716608 275.702675816
-3.71160533333 275.687160566
-3.70660266667 275.815577519
-3.7016 275.795591837
-3.69659733333 275.904203889
-3.69159466667 275.915061345
-3.686592 276.010684789
-3.68158933333 275.973658277
-3.67658666667 276.147541408
-3.671584 276.166420577
-3.66658133333 276.365038914
-3.66157866667 276.260516385
-3.656576 276.419619466
-3.65157333333 276.411310581
-3.64657066667 276.559475692
-3.641568 276.526049199
-3.63656533333 276.688883737
-3.63156266667 276.68241383
-3.62656 276.828382174
-3.62155733333 276.778224844
-3.61655466667 276.905165694
-3.611552 276.880792069
-3.60654933333 276.993820765
-3.60154666667 276.977451872
-3.596544 277.085714874
-3.59154133333 277.048830823
-3.58653866667 277.145983953
-3.581536 277.065556524
-3.57653333333 277.165716637
-3.57153066667 277.156925891
-3.566528 277.257283506
-3.56152533333 277.148433924
-3.55652266667 277.227339818
-3.55152 277.172531646
-3.54651733333 277.218263954
-3.54151466667 277.096552652
-3.536512 277.172558335
-3.53150933333 277.086661264
-3.52650666667 277.15326032
-3.521504 277.055618686
-3.51650133333 277.11523294
-3.51149866667 277.029740596
-3.506496 277.078549626
-3.50149333333 276.993104787
-3.49649066667 277.036228432
-3.491488 276.94141682
-3.48648533333 276.991059922
-3.48148266667 276.889630153
-3.47648 276.923748616
-3.47147733333 276.83727726
-3.46647466667 276.863250904
-3.461472 276.753847741
-3.45646933333 276.745809999
-3.45146666667 276.617206509
-3.446464 276.637049072
-3.44146133333 276.477300665
-3.43645866667 276.447752942
-3.431456 276.320393043
-3.42645333333 276.310922661
-3.42145066667 276.148285159
-3.416448 276.136704471
-3.41144533333 276.035086637
-3.40644266667 276.012382737
-3.40144 275.894187204
-3.39643733333 275.869561457
-3.39143466667 275.794817432
-3.386432 275.774527081
-3.38142933333 275.666597971
-3.37642666667 275.693891127
-3.371424 275.653390282
-3.36642133333 275.665376712
-3.36141866667 275.559523794
-3.356416 275.624966205
-3.35141333333 275.577078224
-3.34641066667 275.633843267
-3.341408 275.549557871
-3.33640533333 275.627816376
-3.33140266667 275.565941285
-3.3264 275.627998659
-3.32139733333 275.566827641
-3.31639466667 275.631521014
-3.311392 275.628678702
-3.30638933333 275.666292317
-3.30138666667 275.611792194
-3.296384 275.703082074
-3.29138133333 275.697694994
-3.28637866667 275.753145348
-3.281376 275.694260056
-3.27637333333 275.762957721
-3.27137066667 275.748423665
-3.266368 275.809497924
-3.26136533333 275.741665483
-3.25636266667 275.823788062
-3.25136 275.800379511
-3.24635733333 275.835773697
-3.24135466667 275.796568509
-3.236352 275.850727939
-3.23134933333 275.832254506
-3.22634666667 275.928730741
-3.221344 275.885747842
-3.21634133333 275.949182509
-3.21133866667 275.945926635
-3.206336 276.023153967
-3.20133333333 275.977318199
-3.19633066667 276.015825273
-3.191328 275.998768441
-3.18632533333 276.124478803
-3.18132266667 276.059344328
-3.17632 276.159068161
-3.17131733333 276.173463466
-3.16631466667 276.241018647
-3.161312 276.218121542
-3.15630933333 276.278767936
-3.15130666667 276.267246588
-3.146304 276.351075197
-3.14130133333 276.312204929
-3.13629866667 276.384056919
-3.131296 276.361427272
-3.12629333333 276.434300191
-3.12129066667 276.424558881
-3.116288 276.50728496
-3.11128533333 276.539427983
-3.10628266667 276.616599677
-3.10128 276.607546726
-3.09627733333 276.661113176
-3.09127466667 276.724352704
-3.086272 276.724814324
-3.08126933333 276.720917385
-3.07626666667 276.806204437
-3.071264 276.861197408
-3.06626133333 276.882606007
-3.06125866667 276.864100635
-3.056256 276.954395133
-3.05125333333 276.990411313
-3.04625066667 277.047736445
-3.041248 277.03769697
-3.03624533333 277.089419993
-3.03124266667 277.067264623
-3.02624 277.134028623
-3.02123733333 277.081151605
-3.01623466667 277.160812659
-3.011232 277.164576732
-3.00622933333 277.237836229
-3.00122666667 277.191874052
-2.996224 277.269917778
-2.99122133333 277.238768315
-2.98621866667 277.326272865
-2.981216 277.316522918
-2.97621333333 277.326491397
-2.97121066667 277.335719576
-2.966208 277.389551727
-2.96120533333 277.319065723
-2.95620266667 277.392685998
-2.9512 277.398081525
-2.94619733333 277.404833637
-2.94119466667 277.375612979
-2.936192 277.405072863
-2.93118933333 277.403600457
-2.92618666667 277.451627544
-2.921184 277.404922505
-2.91618133333 277.450012643
-2.91117866667 277.435074525
-2.906176 277.486343039
-2.90117333333 277.462680702
-2.89617066667 277.505252241
-2.891168 277.503810738
-2.88616533333 277.537575954
-2.88116266667 277.507335955
-2.87616 277.533145824
-2.87115733333 277.495100241
-2.86615466667 277.53382751
-2.861152 277.45213101
-2.85614933333 277.46011152
-2.85114666667 277.508182879
-2.846144 277.543721413
-2.84114133333 277.473914216
-2.83613866667 277.521604953
-2.831136 277.493286035
-2.82613333333 277.481250362
-2.82113066667 277.442661069
-2.816128 277.477299403
-2.81112533333 277.470986677
-2.80612266667 277.472127554
-2.80112 277.458676685
-2.79611733333 277.438729902
-2.79111466667 277.388684654
-2.786112 277.403441624
-2.78110933333 277.375770635
-2.77610666667 277.377738951
-2.771104 277.346086999
-2.76610133333 277.298295973
-2.76109866667 277.277924802
-2.756096 277.303487847
-2.75109333333 277.267666048
-2.74609066667 277.300448546
-2.741088 277.232232062
-2.73608533333 277.243243849
-2.73108266667 277.218453657
-2.72608 277.241609255
-2.72107733333 277.203712611
-2.71607466667 277.228558365
-2.711072 277.225922809
-2.70606933333 277.26218709
-2.70106666667 277.230750409
-2.696064 277.251616505
-2.69106133333 277.306864988
-2.68605866667 277.273495899
-2.681056 277.230850309
-2.67605333333 277.27835899
-2.67105066667 277.233575901
-2.666048 277.365441161
-2.66104533333 277.238393704
-2.65604266667 277.250127065
-2.65104 277.250597361
-2.64603733333 277.238917774
-2.64103466667 277.230715568
-2.636032 277.23883148
-2.63102933333 277.188829625
-2.62602666667 277.193361615
-2.621024 277.173495316
-2.61602133333 277.098843852
-2.61101866667 277.094687182
-2.606016 277.032179119
-2.60101333333 276.969602402
-2.59601066667 276.896615619
-2.591008 276.826969038
-2.58600533333 276.783504814
-2.58100266667 276.732273517
-2.576 276.650493612
-2.57099733333 276.59064089
-2.56599466667 276.566800606
-2.560992 276.503145174
-2.55598933333 276.497301184
-2.55098666667 276.456855017
-2.545984 276.444548743
-2.54098133333 276.40904242
-2.53597866667 276.39969696
-2.530976 276.396404028
-2.52597333333 276.415845389
-2.52097066667 276.407152066
-2.515968 276.393149155
-2.51096533333 276.432490805
-2.50596266667 276.414038531
-2.50096 276.411788202
-2.49595733333 276.379752926
-2.49095466667 276.367173486
-2.485952 276.384136712
-2.48094933333 276.329133698
-2.47594666667 276.31745874
-2.470944 276.299865285
-2.46594133333 276.234269214
-2.46093866667 276.226986676
-2.455936 276.247222568
-2.45093333333 276.241599685
-2.44593066667 276.254105562
-2.440928 276.234761711
-2.43592533333 276.191891141
-2.43092266667 276.216241141
-2.42592 276.211482084
-2.42091733333 276.1617514
-2.41591466667 276.210221279
-2.410912 276.208815811
-2.40590933333 276.189255925
-2.40090666667 276.203375034
-2.395904 276.232655582
-2.39090133333 276.264806063
-2.38589866667 276.296800017
-2.380896 276.335751106
-2.37589333333 276.3615381
-2.37089066667 276.465804361
-2.365888 276.512242574
-2.36088533333 276.539089923
-2.35588266667 276.609208248
-2.35088 276.692167627
-2.34587733333 276.68677534
-2.34087466667 276.725627896
-2.335872 276.736469708
-2.33086933333 276.741789366
-2.32586666667 276.73655358
-2.320864 276.716180337
-2.31586133333 276.647626631
-2.31085866667 276.639375062
-2.305856 276.601841354
-2.30085333333 276.618593662
-2.29585066667 276.58185367
-2.290848 276.612285863
-2.28584533333 276.530728261
-2.28084266667 276.516741132
-2.27584 276.558048031
-2.27083733333 276.547457662
-2.26583466667 276.540908744
-2.260832 276.598715925
-2.25582933333 276.58044226
-2.25082666667 276.593237302
-2.245824 276.598024568
-2.24082133333 276.548995606
-2.23581866667 276.56110331
-2.230816 276.576418599
-2.22581333333 276.563481841
-2.22081066667 276.514504439
-2.215808 276.50327594
-2.21080533333 276.501638682
-2.20580266667 276.425667917
-2.2008 276.397630659
-2.19579733333 276.33830454
-2.19079466667 276.303075796
-2.185792 276.21571657
-2.18078933333 276.120945205
-2.17578666667 276.074312195
-2.170784 276.025441635
-2.16578133333 275.911352052
-2.16077866667 275.942951468
-2.155776 275.911175599
-2.15077333333 275.88900629
-2.14577066667 275.850912221
-2.140768 275.827915125
-2.13576533333 275.806653124
-2.13076266667 275.831477546
-2.12576 275.782142793
-2.12075733333 275.845543592
-2.11575466667 275.837590052
-2.110752 275.871237573
-2.10574933333 275.886663954
-2.10074666667 275.918745707
-2.095744 275.989229122
-2.09074133333 276.053206707
-2.08573866667 276.094059597
-2.080736 276.158303507
-2.07573333333 276.167158262
-2.07073066667 276.247241465
-2.065728 276.265623749
-2.06072533333 276.313318871
-2.05572266667 276.321244271
-2.05072 276.413679366
-2.04571733333 276.377999271
-2.04071466667 276.361227032
-2.035712 276.37454354
-2.03070933333 276.373350579
-2.02570666667 276.309919524
-2.020704 276.27954494
-2.01570133333 276.161653629
-2.01069866667 276.113341526
-2.005696 276.00265223
-2.00069333333 275.915986497
-1.99569066667 275.808487198
-1.990688 275.74231654
-1.98568533333 275.609755996
-1.98068266667 275.526629737
-1.97568 275.454328763
-1.97067733333 275.392979642
-1.96567466667 275.311748264
-1.960672 275.169162974
-1.95566933333 275.147885285
-1.95066666667 275.137669796
-1.945664 275.060280395
-1.94066133333 275.063966117
-1.93565866667 275.073110112
-1.930656 275.106099809
-1.92565333333 275.086526326
-1.92065066667 275.121109309
-1.915648 275.074031288
-1.91064533333 275.069510071
-1.90564266667 275.018565414
-1.90064 275.052060093
-1.89563733333 274.962431496
-1.89063466667 274.962248029
-1.885632 274.893565069
-1.88062933333 274.913892047
-1.87562666667 274.836782948
-1.870624 274.857906297
-1.86562133333 274.836644874
-1.86061866667 274.858982171
-1.855616 274.787222941
-1.85061333333 274.806117221
-1.84561066667 274.742096973
-1.840608 274.77434929
-1.83560533333 274.751073386
-1.83060266667 274.788226562
-1.8256 274.74190377
-1.82059733333 274.76723875
-1.81559466667 274.684438385
-1.810592 274.636634966
-1.80558933333 274.584062018
-1.80058666667 274.588118226
-1.795584 274.472472162
-1.79058133333 274.489974427
-1.78557866667 274.449305433
-1.780576 274.483490612
-1.77557333333 274.404703636
-1.77057066667 274.451378718
-1.765568 274.373637593
-1.76056533333 274.467148175
-1.75556266667 274.360999249
-1.75056 274.37613744
-1.74555733333 274.339816898
-1.74055466667 274.376614567
-1.735552 274.392520706
-1.73054933333 274.455053894
-1.72554666667 274.404238883
-1.720544 274.476604277
-1.71554133333 274.451631763
-1.71053866667 274.575991303
-1.705536 274.524624167
-1.70053333333 274.553290858
-1.69553066667 274.55375342
-1.690528 274.621669005
-1.68552533333 274.561009448
-1.68052266667 274.659914939
-1.67552 274.632229287
-1.67051733333 274.698308637
-1.66551466667 274.634540507
-1.660512 274.743564319
-1.65550933333 274.716518239
-1.65050666667 274.788013848
-1.645504 274.733759154
-1.64050133333 274.801983964
-1.63549866667 274.728305649
-1.630496 274.81823651
-1.62549333333 274.730207567
-1.62049066667 274.7929795
-1.615488 274.767630331
-1.61048533333 274.890511473
-1.60548266667 274.793448502
-1.60048 274.894778049
-1.59547733333 274.81941356
-1.59047466667 274.889932732
-1.585472 274.848774869
-1.58046933333 274.903407371
-1.57546666667 274.888235353
-1.570464 274.991630573
-1.56546133333 274.939121548
-1.56045866667 275.003591131
-1.555456 274.989946301
-1.55045333333 275.090247706
-1.54545066667 275.048737098
-1.540448 275.130842698
-1.53544533333 275.081345371
-1.53044266667 275.177843579
-1.52544 275.118089287
-1.52043733333 275.228802472
-1.51543466667 275.174497757
-1.510432 275.284868116
-1.50542933333 275.187599011
-1.50042666667 275.263968628
-1.495424 275.252626898
-1.49042133333 275.300559099
-1.48541866667 275.251157145
-1.480416 275.340533744
-1.47541333333 275.253547375
-1.47041066667 275.32426185
-1.465408 275.30938621
-1.46040533333 275.344379004
-1.45540266667 275.318031298
-1.4504 275.414608118
-1.44539733333 275.355767762
-1.44039466667 275.425218425
-1.435392 275.395362922
-1.43038933333 275.493245525
-1.42538666667 275.424242584
-1.420384 275.532426315
-1.41538133333 275.443074688
-1.41037866667 275.569826286
-1.405376 275.504434842
-1.40037333333 275.617119274
-1.39537066667 275.533928381
-1.390368 275.638686527
-1.38536533333 275.55318743
-1.38036266667 275.64262274
-1.37536 275.636009528
-1.37035733333 275.73430969
-1.36535466667 275.689663918
-1.360352 275.769366747
-1.35534933333 275.742718418
-1.35034666667 275.829137817
-1.345344 275.813469269
-1.34034133333 275.924472656
-1.33533866667 275.888342466
-1.330336 276.019974191
-1.32533333333 275.979941561
-1.32033066667 276.065439275
-1.315328 276.057238844
-1.31032533333 276.131885465
-1.30532266667 276.089945516
-1.30032 276.19016957
-1.29531733333 276.130283751
-1.29031466667 276.260328897
-1.285312 276.163269905
-1.28030933333 276.264458975
-1.27530666667 276.181803912
-1.270304 276.327264101
-1.26530133333 276.205366036
-1.26029866667 276.334474066
-1.255296 276.271969485
-1.25029333333 276.357914889
-1.24529066667 276.270298704
-1.240288 276.369352398
-1.23528533333 276.2917239
-1.23028266667 276.39355133
-1.22528 276.298456821
-1.22027733333 276.430895326
-1.21527466667 276.369035849
-1.210272 276.450647736
-1.20526933333 276.373853891
-1.20026666667 276.480275478
-1.195264 276.410219027
-1.19026133333 276.519768454
-1.18525866667 276.437616837
-1.180256 276.554793138
-1.17525333333 276.470184763
-1.17025066667 276.585132085
-1.165248 276.513437082
-1.16024533333 276.637050173
-1.15524266667 276.530535744
-1.15024 276.672487367
-1.14523733333 276.578111271
-1.14023466667 276.663181883
-1.135232 276.585782089
-1.13022933333 276.660683717
-1.12522666667 276.604057815
-1.120224 276.656524637
-1.11522133333 276.616227796
-1.11021866667 276.689855731
-1.105216 276.63115723
-1.10021333333 276.703501005
-1.09521066667 276.604070334
-1.090208 276.740266268
-1.08520533333 276.606608016
-1.08020266667 276.712713958
-1.0752 276.645729506
-1.07019733333 276.70616675
-1.06519466667 276.604911831
-1.060192 276.717314942
-1.05518933333 276.62951428
-1.05018666667 276.708589275
-1.045184 276.656707898
-1.04018133333 276.760552616
-1.03517866667 276.665726619
-1.030176 276.768340838
-1.02517333333 276.656814855
-1.02017066667 276.791601043
-1.015168 276.700210204
-1.01016533333 276.795275602
-1.00516266667 276.693912086
-1.00016 276.765662297
-0.995157333333 276.65667449
-0.990154666667 276.78260672
-0.985152 276.691192614
-0.980149333333 276.750814087
-0.975146666667 276.694418637
-0.970144 276.776200358
-0.965141333333 276.649122704
-0.960138666667 276.775226254
-0.955136 276.70163381
-0.950133333333 276.758159098
-0.945130666667 276.6527047
-0.940128 276.77059
-0.935125333333 276.668511864
-0.930122666667 276.759709659
-0.92512 276.646974745
-0.920117333333 276.7617009
-0.915114666667 276.690722672
-0.910112 276.749806694
-0.905109333333 276.659324784
-0.900106666667 276.746254394
-0.895104 276.6857116
-0.890101333333 276.792305229
-0.885098666667 276.699772236
-0.880096 276.776948733
-0.875093333333 276.72744246
-0.870090666667 276.812859707
-0.865088 276.704517162
-0.860085333333 276.830578397
-0.855082666667 276.693098231
-0.85008 276.757659243
-0.845077333333 276.71563958
-0.840074666667 276.803712531
-0.835072 276.703184172
-0.830069333333 276.802870242
-0.825066666667 276.674821204
-0.820064 276.79953385
-0.815061333333 276.709918601
-0.810058666667 276.827341078
-0.805056 276.696192161
-0.800053333333 276.810992052
-0.795050666667 276.714176549
-0.790048 276.814969746
-0.785045333333 276.726478613
-0.780042666667 276.831819261
-0.77504 276.714462892
-0.770037333333 276.837559838
-0.765034666667 276.699924441
-0.760032 276.808650222
-0.755029333333 276.720498651
-0.750026666667 276.860610397
-0.745024 276.749684689
-0.740021333333 276.834278118
-0.735018666667 276.763431991
-0.730016 276.855672372
-0.725013333333 276.736804587
-0.720010666667 276.881595131
-0.715008 276.761377689
-0.710005333333 276.89521083
-0.705002666667 276.784216497
-0.7 276.868985874
-0.694997333333 276.789884305
-0.689994666667 276.881931698
-0.684992 276.749035521
-0.679989333333 276.885208199
-0.674986666667 276.79593101
-0.669984 276.893205135
-0.664981333333 276.765231273
-0.659978666667 276.906571951
-0.654976 276.785251522
-0.649973333333 276.866868438
-0.644970666667 276.784549793
-0.639968 276.884721612
-0.634965333333 276.732341782
-0.629962666667 276.864158411
-0.62496 276.728625042
-0.619957333333 276.807462729
-0.614954666667 276.738560062
-0.609952 276.834110624
-0.604949333333 276.704701271
-0.599946666667 276.794063541
-0.594944 276.694073027
-0.589941333333 276.76740348
-0.584938666667 276.603839591
-0.579936 276.696699076
-0.574933333333 276.578335721
-0.569930666667 276.664207254
-0.564928 276.507864165
-0.559925333333 276.58619789
-0.554922666667 276.473074084
-0.54992 276.578454857
-0.544917333333 276.436951174
-0.539914666667 276.531031565
-0.534912 276.422308589
-0.529909333333 276.505062313
-0.524906666667 276.349214438
-0.519904 276.466681316
-0.514901333333 276.371296853
-0.509898666667 276.440362527
-0.504896 276.305776771
-0.499893333333 276.435146761
-0.494890666667 276.330810173
-0.489888 276.428312271
-0.484885333333 276.338159625
-0.479882666667 276.494202751
-0.47488 276.365127555
-0.469877333333 276.476530096
-0.464874666667 276.369585063
-0.459872 276.473329052
-0.454869333333 276.397655435
-0.449866666667 276.479866284
-0.444864 276.403515337
-0.439861333333 276.495593846
-0.434858666667 276.393131159
-0.429856 276.482569252
-0.424853333333 276.397303381
-0.419850666667 276.508731695
-0.414848 276.415827863
-0.409845333333 276.52331427
-0.404842666667 276.402520486
-0.39984 276.502746309
-0.394837333333 276.429968194
-0.389834666667 276.51182154
-0.384832 276.449211532
-0.379829333333 276.525395456
-0.374826666667 276.424042151
-0.369824 276.554830431
-0.364821333333 276.431636232
-0.359818666667 276.578080417
-0.354816 276.43086417
-0.349813333333 276.611707365
-0.344810666667 276.506362116
-0.339808 276.587042979
-0.334805333333 276.495086248
-0.329802666667 276.637008852
-0.3248 276.536663069
-0.319797333333 276.622863294
-0.314794666667 276.55583099
-0.309792 276.667580028
-0.304789333333 276.535790642
-0.299786666667 276.59339509
-0.294784 276.543348956
-0.289781333333 276.636524518
-0.284778666667 276.505686184
-0.279776 276.595300547
-0.274773333333 276.471268219
-0.269770666667 276.558487681
-0.264768 276.452139445
-0.259765333333 276.533032786
-0.254762666667 276.449461938
-0.24976 276.549966544
-0.244757333333 276.396229649
-0.239754666667 276.492304181
-0.234752 276.370426673
-0.229749333333 276.44877696
-0.224746666667 276.338768023
-0.219744 276.43780509
-0.214741333333 276.328021047
-0.209738666667 276.392999838
-0.204736 276.29761201
-0.199733333333 276.370272084
-0.194730666667 276.303585729
-0.189728 276.387158765
-0.184725333333 276.226147583
-0.179722666667 276.303696065
-0.17472 276.243637489
-0.169717333333 276.336529842
-0.164714666667 276.216450608
-0.159712 276.300783556
-0.154709333333 276.185746896
-0.149706666667 276.292773053
-0.144704 276.177221983
-0.139701333333 276.245517227
-0.134698666667 276.156637984
-0.129696 276.16974188
-0.124693333333 276.047376332
-0.119690666667 276.150476113
-0.114688 276.026680177
-0.109685333333 276.117634051
-0.104682666667 275.98775092
-0.09968 276.03476384
-0.0946773333333 275.937260011
-0.0896746666667 276.038735801
-0.084672 275.856685835
-0.0796693333333 275.961813372
-0.0746666666667 275.841420749
-0.069664 275.938463268
-0.0646613333333 275.793510613
-0.0596586666667 275.878004414
-0.054656 275.796046889
-0.0496533333333 275.86476925
-0.0446506666667 275.750378496
-0.039648 275.817254635
-0.0346453333333 275.731550003
-0.0296426666667 275.779248976
-0.02464 275.646835069
-0.0196373333333 275.735004089
-0.0146346666667 275.630888902
-0.009632 275.743904431
-0.00462933333333 275.562327954
