（-8,1.5），（-6.1,1.5），（-4.41698,1.5），（-2.88116,1.5），（-1.37536,1）
-9.99995733333 295.125695959
-9.99495466667 295.17942467
-9.989952 295.241606129
-9.98494933333 295.321485899
-9.97994666667 295.436437249
-9.974944 295.667692636
-9.96994133333 295.856523746
-9.96493866667 296.170940027
-9.959936 296.591542137
-9.95493333333 297.105447661
-9.94993066667 297.6482181
-9.944928 298.278300807
-9.93992533333 298.876250376
-9.93492266667 299.64656624
-9.92992 300.388333387
-9.92491733333 301.080725738
-9.91991466667 301.671410425
-9.914912 302.299860665
-9.90990933333 302.749063118
-9.90490666667 303.245126696
-9.899904 303.598506196
-9.89490133333 303.94526895
-9.88989866667 304.163593778
-9.884896 304.401245064
-9.87989333333 304.521356452
-9.87489066667 304.829486332
-9.869888 304.900613925
-9.86488533333 305.094705856
-9.85988266667 305.21503194
-9.85488 305.398660147
-9.84987733333 305.457601445
-9.84487466667 305.617029511
-9.839872 305.639708719
-9.83486933333 305.709610261
-9.82986666667 305.664747299
-9.824864 305.740238522
-9.81986133333 305.68944552
-9.81485866667 305.759619226
-9.809856 305.662421198
-9.80485333333 305.654385105
-9.79985066667 305.573828708
-9.794848 305.596950835
-9.78984533333 305.492736123
-9.78484266667 305.480238761
-9.77984 305.378821087
-9.77483733333 305.401531831
-9.76983466667 305.287294816
-9.764832 305.378009592
-9.75982933333 305.316991015
-9.75482666667 305.380213421
-9.749824 305.293544087
-9.74482133333 305.334852837
-9.73981866667 305.301391371
-9.734816 305.402028635
-9.72981333333 305.327338814
-9.72481066667 305.40620476
-9.719808 305.344968294
-9.71480533333 305.434382406
-9.70980266667 305.400155839
-9.7048 305.483788256
-9.69979733333 305.451938464
-9.69479466667 305.534674721
-9.689792 305.504650353
-9.68478933333 305.619846087
-9.67978666667 305.518389388
-9.674784 305.602788234
-9.66978133333 305.58940883
-9.66477866667 305.668607701
-9.659776 305.614283951
-9.65477333333 305.712986398
-9.64977066667 305.666670563
-9.644768 305.784292494
-9.63976533333 305.663331647
-9.63476266667 305.849017421
-9.62976 305.751332863
-9.62475733333 305.855029989
-9.61975466667 305.795946663
-9.614752 305.910472244
-9.60974933333 305.817509171
-9.60474666667 305.919211697
-9.599744 305.870558073
-9.59474133333 305.952029136
-9.58973866667 305.906121523
-9.584736 305.987386765
-9.57973333333 305.912866408
-9.57473066667 306.023954651
-9.569728 305.91495983
-9.56472533333 305.99066312
-9.55972266667 305.924814843
-9.55472 305.957374376
-9.54971733333 305.917089129
-9.54471466667 306.017633392
-9.539712 305.91625214
-9.53470933333 305.962591624
-9.52970666667 305.88689253
-9.524704 305.96073175
-9.51970133333 305.892052812
-9.51469866667 305.987617955
-9.509696 305.818574424
-9.50469333333 305.945192195
-9.49969066667 305.792378537
-9.494688 305.886958655
-9.48968533333 305.719197082
-9.48468266667 305.784598228
-9.47968 305.629884194
-9.47467733333 305.695991371
-9.46967466667 305.513141487
-9.464672 305.556050211
-9.45966933333 305.349453275
-9.45466666667 305.367953086
-9.449664 305.148017103
-9.44466133333 305.14956985
-9.43965866667 304.967018838
-9.434656 304.926301176
-9.42965333333 304.645027887
-9.42465066667 304.637287693
-9.419648 304.44029421
-9.41464533333 304.39007347
-9.40964266667 304.160591284
-9.40464 304.143550691
-9.39963733333 303.940206711
-9.39463466667 303.964824082
-9.389632 303.694673716
-9.38462933333 303.637932284
-9.37962666667 303.465400056
-9.374624 303.480983779
-9.36962133333 303.247711034
-9.36461866667 303.25165853
-9.359616 303.062644756
-9.35461333333 303.079719098
-9.34961066667 302.792545244
-9.344608 302.736534676
-9.33960533333 302.553107708
-9.33460266667 302.342254171
-9.3296 302.050465124
-9.32459733333 301.934424726
-9.31959466667 301.653605738
-9.314592 301.597679574
-9.30958933333 301.312791895
-9.30458666667 301.300961944
-9.299584 301.093916204
-9.29458133333 301.149832292
-9.28957866667 300.889676292
-9.284576 300.964316
-9.27957333333 300.738443889
-9.27457066667 300.817893297
-9.269568 300.593684346
-9.26456533333 300.645173617
-9.25956266667 300.438076597
-9.25456 300.443795513
-9.24955733333 300.246753671
-9.24455466667 300.221720225
-9.239552 299.944788735
-9.23454933333 299.951852251
-9.22954666667 299.687055879
-9.224544 299.706074986
-9.21954133333 299.500825599
-9.21453866667 299.488243431
-9.209536 299.267400496
-9.20453333333 299.308609123
-9.19953066667 299.063761947
-9.194528 299.093225337
-9.18952533333 298.877701346
-9.18452266667 298.894626381
-9.17952 298.690437259
-9.17451733333 298.680366455
-9.16951466667 298.440477034
-9.164512 298.440055963
-9.15950933333 298.183201007
-9.15450666667 298.159861874
-9.149504 297.9581578
-9.14450133333 297.954297094
-9.13949866667 297.785920065
-9.134496 297.752103643
-9.12949333333 297.491234627
-9.12449066667 297.482988355
-9.119488 297.290747951
-9.11448533333 297.330997045
-9.10948266667 297.133175866
-9.10448 297.156841795
-9.09947733333 296.957842237
-9.09447466667 296.980906421
-9.089472 296.795742812
-9.08446933333 296.817574779
-9.07946666667 296.616286665
-9.074464 296.66520568
-9.06946133333 296.485113313
-9.06445866667 296.520887177
-9.059456 296.298829843
-9.05445333333 296.336816778
-9.04945066667 296.151317505
-9.044448 296.207491501
-9.03944533333 296.046183283
-9.03444266667 296.095587339
-9.02944 295.892892217
-9.02443733333 295.933300304
-9.01943466667 295.731339047
-9.014432 295.838616859
-9.00942933333 295.629983551
-9.00442666667 295.704342825
-8.999424 295.556985457
-8.99442133333 295.613603036
-8.98941866667 295.432895231
-8.984416 295.511446138
-8.97941333333 295.343737917
-8.97441066667 295.425333699
-8.969408 295.276028634
-8.96440533333 295.350504983
-8.95940266667 295.18212684
-8.9544 295.275734344
-8.94939733333 295.137696525
-8.94439466667 295.252811466
-8.939392 295.132171077
-8.93438933333 295.175778313
-8.92938666667 295.046827583
-8.924384 295.149636001
-8.91938133333 294.982029069
-8.91437866667 295.101756573
-8.909376 294.944631721
-8.90437333333 295.071892757
-8.89937066667 294.905283185
-8.894368 295.021960875
-8.88936533333 294.862207094
-8.88436266667 294.973399701
-8.87936 294.847012083
-8.87435733333 294.992151008
-8.86935466667 294.806499226
-8.864352 294.932512345
-8.85934933333 294.780605695
-8.85434666667 294.911337654
-8.849344 294.754912022
-8.84434133333 294.871214994
-8.83933866667 294.731899214
-8.834336 294.901684994
-8.82933333333 294.737405489
-8.82433066667 294.866829733
-8.819328 294.752051437
-8.81432533333 294.859535717
-8.80932266667 294.663233287
-8.80432 294.77846355
-8.79931733333 294.679574776
-8.79431466667 294.795297231
-8.789312 294.620959449
-8.78430933333 294.779567178
-8.77930666667 294.604199788
-8.774304 294.709186031
-8.76930133333 294.571142087
-8.76429866667 294.688261834
-8.759296 294.562347315
-8.75429333333 294.694205936
-8.74929066667 294.540883731
-8.744288 294.671958515
-8.73928533333 294.61495051
-8.73428266667 294.676768286
-8.72928 294.535267289
-8.72427733333 294.645208361
-8.71927466667 294.557203152
-8.714272 294.682518825
-8.70926933333 294.517862254
-8.70426666667 294.689246071
-8.699264 294.560807201
-8.69426133333 294.68291502
-8.68925866667 294.536023549
-8.684256 294.651619632
-8.67925333333 294.538150391
-8.67425066667 294.652587722
-8.669248 294.506071541
-8.66424533333 294.649002612
-8.65924266667 294.505909574
-8.65424 294.638625916
-8.64923733333 294.47208018
-8.64423466667 294.588786119
-8.639232 294.484565178
-8.63422933333 294.601472905
-8.62922666667 294.473548813
-8.624224 294.574305634
-8.61922133333 294.475158957
-8.61421866667 294.557402351
-8.609216 294.411554561
-8.60421333333 294.585398555
-8.59921066667 294.426581429
-8.594208 294.587261869
-8.58920533333 294.464676686
-8.58420266667 294.546072909
-8.5792 294.426005198
-8.57419733333 294.53402065
-8.56919466667 294.39170642
-8.564192 294.529367919
-8.55918933333 294.445636146
-8.55418666667 294.525679233
-8.549184 294.371169377
-8.54418133333 294.534364942
-8.53917866667 294.377055481
-8.534176 294.543257188
-8.52917333333 294.364225674
-8.52417066667 294.496755075
-8.519168 294.350960816
-8.51416533333 294.471166582
-8.50916266667 294.346554536
-8.50416 294.472088814
-8.49915733333 294.378031381
-8.49415466667 294.516147256
-8.489152 294.338777194
-8.48414933333 294.449978923
-8.47914666667 294.327620556
-8.474144 294.461468147
-8.46914133333 294.336932593
-8.46413866667 294.455643498
-8.459136 294.352859173
-8.45413333333 294.466400609
-8.44913066667 294.266950386
-8.444128 294.433564067
-8.43912533333 294.354431155
-8.43412266667 294.475039562
-8.42912 294.310527169
-8.42411733333 294.472940476
-8.41911466667 294.334633705
-8.414112 294.458487414
-8.40910933333 294.321866012
-8.40410666667 294.454134499
-8.399104 294.315992832
-8.39410133333 294.4639848
-8.38909866667 294.328022461
-8.384096 294.492997423
-8.37909333333 294.363054389
-8.37409066667 294.459928162
-8.369088 294.331494969
-8.36408533333 294.427355882
-8.35908266667 294.342650917
-8.35408 294.473929937
-8.34907733333 294.342670461
-8.34407466667 294.468815201
-8.339072 294.376526193
-8.33406933333 294.513307951
-8.32906666667 294.338832034
-8.324064 294.483033538
-8.31906133333 294.402125136
-8.31405866667 294.512451085
-8.309056 294.40556401
-8.30405333333 294.519558843
-8.29905066667 294.44178355
-8.294048 294.542587544
-8.28904533333 294.436096347
-8.28404266667 294.563434946
-8.27904 294.47780405
-8.27403733333 294.591448256
-8.26903466667 294.456259183
-8.264032 294.600618102
-8.25902933333 294.50799696
-8.25402666667 294.616569798
-8.249024 294.486401632
-8.24402133333 294.635976017
-8.23901866667 294.540824199
-8.234016 294.669705112
-8.22901333333 294.513510611
-8.22401066667 294.728495664
-8.219008 294.564611953
-8.21400533333 294.682253748
-8.20900266667 294.545101032
-8.204 294.723117598
-8.19899733333 294.609734833
-8.19399466667 294.700863721
-8.188992 294.595568627
-8.18398933333 294.759952629
-8.17898666667 294.6643142
-8.173984 294.788751969
-8.16898133333 294.651376168
-8.16397866667 294.795969222
-8.158976 294.720704225
-8.15397333333 294.817694984
-8.14897066667 294.731105231
-8.143968 294.850358933
-8.13896533333 294.713789748
-8.13396266667 294.8949731
-8.12896 294.756269571
-8.12395733333 294.903607289
-8.11895466667 294.790451635
-8.113952 294.970271735
-8.10894933333 294.807621157
-8.10394666667 294.941573887
-8.098944 294.872117792
-8.09394133333 294.997881654
-8.08893866667 294.846298122
-8.083936 294.971750581
-8.07893333333 294.906495081
-8.07393066667 295.000239476
-8.068928 294.906624834
-8.06392533333 294.996135636
-8.05892266667 294.970815518
-8.05392 295.053911688
-8.04891733333 294.921619013
-8.04391466667 295.04779325
-8.038912 295.033955085
-8.03390933333 295.052621634
-8.02890666667 294.921684714
-8.023904 295.052270098
-8.01890133333 294.914703995
-8.01389866667 295.037476201
-8.008896 294.882199996
-8.00389333333 294.984516374
-7.99889066667 294.875695715
-7.993888 294.986638754
-7.98888533333 294.831148293
-7.98388266667 294.958090302
-7.97888 294.813871353
-7.97387733333 294.896758075
-7.96887466667 294.788856732
-7.963872 294.900582525
-7.95886933333 294.858961069
-7.95386666667 295.072082188
-7.948864 295.051738409
-7.94386133333 295.309028919
-7.93885866667 295.391544956
-7.933856 295.818791291
-7.92885333333 296.075912253
-7.92385066667 296.664975264
-7.918848 297.215915961
-7.91384533333 298.123362539
-7.90884266667 298.880808101
-7.90384 299.971810619
-7.89883733333 300.824220915
-7.89383466667 301.854241663
-7.888832 302.482212781
-7.88382933333 303.191970451
-7.87882666667 303.549160594
-7.873824 303.959187413
-7.86882133333 304.060865042
-7.86381866667 304.424660265
-7.858816 304.566645929
-7.85381333333 304.866807005
-7.84881066667 304.970087259
-7.843808 305.334047469
-7.83880533333 305.431776478
-7.83380266667 305.758106555
-7.8288 305.706310891
-7.82379733333 305.918827343
-7.81879466667 305.916795896
-7.813792 306.105569154
-7.80878933333 306.011318076
-7.80378666667 306.168892296
-7.798784 306.075803399
-7.79378133333 306.234817223
-7.78877866667 306.064952352
-7.783776 306.119914671
-7.77877333333 306.027957742
-7.77377066667 306.071518286
-7.768768 305.893784444
-7.76376533333 305.960364608
-7.75876266667 305.851095529
-7.75376 305.85836693
-7.74875733333 305.709442847
-7.74375466667 305.730363009
-7.738752 305.523875705
-7.73374933333 305.630924321
-7.72874666667 305.46970994
-7.723744 305.530045715
-7.71874133333 305.423230588
-7.71373866667 305.461074618
-7.708736 305.334140029
-7.70373333333 305.377631259
-7.69873066667 305.305337571
-7.693728 305.350957502
-7.68872533333 305.243876863
-7.68372266667 305.28179704
-7.67872 305.203479416
-7.67371733333 305.284359848
-7.66871466667 305.161308862
-7.663712 305.255279604
-7.65870933333 305.176622325
-7.65370666667 305.25354746
-7.648704 305.144544947
-7.64370133333 305.24255719
-7.63869866667 305.214796622
-7.633696 305.294813134
-7.62869333333 305.241563235
-7.62369066667 305.315468029
-7.618688 305.264101257
-7.61368533333 305.361730558
-7.60868266667 305.285454887
-7.60368 305.391861961
-7.59867733333 305.332173672
-7.59367466667 305.437730477
-7.588672 305.362295893
-7.58366933333 305.492557804
-7.57866666667 305.414790867
-7.573664 305.529556757
-7.56866133333 305.390419704
-7.56365866667 305.529334853
-7.558656 305.435670268
-7.55365333333 305.574785248
-7.54865066667 305.47485908
-7.543648 305.56204897
-7.53864533333 305.499467529
-7.53364266667 305.589987727
-7.52864 305.477319136
-7.52363733333 305.529881176
-7.51863466667 305.439459631
-7.513632 305.524908418
-7.50862933333 305.423301066
-7.50362666667 305.463690361
-7.498624 305.360976213
-7.49362133333 305.440019553
-7.48861866667 305.315906647
-7.483616 305.340417135
-7.47861333333 305.224566922
-7.47361066667 305.21957276
-7.468608 305.080374125
-7.46360533333 305.079353938
-7.45860266667 304.977412992
-7.4536 304.965430299
-7.44859733333 304.782617283
-7.44359466667 304.81707675
-7.438592 304.643053513
-7.43358933333 304.726472107
-7.42858666667 304.502514689
-7.423584 304.522489593
-7.41858133333 304.39874055
-7.41357866667 304.399352063
-7.408576 304.216401864
-7.40357333333 304.222991555
-7.39857066667 304.05834084
-7.393568 304.059825229
-7.38856533333 303.863939371
-7.38356266667 303.827251818
-7.37856 303.694816159
-7.37355733333 303.609424317
-7.36855466667 303.338157191
-7.363552 303.286276929
-7.35854933333 303.075560171
-7.35354666667 302.975955572
-7.348544 302.755335903
-7.34354133333 302.751448434
-7.33853866667 302.666454095
-7.333536 302.637816374
-7.32853333333 302.469139497
-7.32353066667 302.485573694
-7.318528 302.280566372
-7.31352533333 302.201384424
-7.30852266667 301.925446756
-7.30352 301.811797175
-7.29851733333 301.640046005
-7.29351466667 301.543222885
-7.288512 301.34823495
-7.28350933333 301.312494101
-7.27850666667 301.138200469
-7.273504 301.074789723
-7.26850133333 300.797832223
-7.26349866667 300.746371515
-7.258496 300.514971758
-7.25349333333 300.389219031
-7.24849066667 300.123786849
-7.243488 300.016246091
-7.23848533333 299.732067791
-7.23348266667 299.559252839
-7.22848 299.312103403
-7.22347733333 299.172009846
-7.21847466667 298.906305169
-7.213472 298.82383947
-7.20846933333 298.5595312
-7.20346666667 298.466132093
-7.198464 298.29173035
-7.19346133333 298.143704908
-7.18845866667 297.935059313
-7.183456 297.82528181
-7.17845333333 297.633070552
-7.17345066667 297.554478443
-7.168448 297.295261486
-7.16344533333 297.246590096
-7.15844266667 297.079045219
-7.15344 297.039642351
-7.14843733333 296.849033961
-7.14343466667 296.848192497
-7.138432 296.760705623
-7.13342933333 296.805277798
-7.12842666667 296.636438928
-7.123424 296.632245804
-7.11842133333 296.542791909
-7.11341866667 296.529501728
-7.108416 296.40360925
-7.10341333333 296.397230618
-7.09841066667 296.295721252
-7.093408 296.270799574
-7.08840533333 296.138164711
-7.08340266667 296.164378512
-7.0784 296.086027642
-7.07339733333 296.066740546
-7.06839466667 295.917104227
-7.063392 295.925619776
-7.05838933333 295.82986288
-7.05338666667 295.827582498
-7.048384 295.680600662
-7.04338133333 295.717256619
-7.03837866667 295.624367129
-7.033376 295.618138042
-7.02837333333 295.552116763
-7.02337066667 295.554329764
-7.018368 295.443476332
-7.01336533333 295.460232568
-7.00836266667 295.352584916
-7.00336 295.366737886
-6.99835733333 295.307090902
-6.99335466667 295.342776224
-6.988352 295.24232228
-6.98334933333 295.249257728
-6.97834666667 295.235611861
-6.973344 295.260133134
-6.96834133333 295.184060507
-6.96333866667 295.201629803
-6.958336 295.128050942
-6.95333333333 295.178969638
-6.94833066667 295.075881332
-6.943328 295.07315599
-6.93832533333 295.03674896
-6.93332266667 295.041762004
-6.92832 294.926401982
-6.92331733333 294.956127052
-6.91831466667 294.911267341
-6.913312 294.894747851
-6.90830933333 294.826282652
-6.90330666667 294.842394557
-6.898304 294.761940454
-6.89330133333 294.762386412
-6.88829866667 294.65218159
-6.883296 294.68649857
-6.87829333333 294.646586554
-6.87329066667 294.669966901
-6.868288 294.554817505
-6.86328533333 294.577227777
-6.85828266667 294.51698964
-6.85328 294.551691318
-6.84827733333 294.473213902
-6.84327466667 294.480028976
-6.838272 294.430436056
-6.83326933333 294.458868431
-6.82826666667 294.378150512
-6.823264 294.416394116
-6.81826133333 294.383273036
-6.81325866667 294.391009838
-6.808256 294.334444494
-6.80325333333 294.340390866
-6.79825066667 294.318012957
-6.793248 294.349593148
-6.78824533333 294.26240079
-6.78324266667 294.312376111
-6.77824 294.240088491
-6.77323733333 294.258310878
-6.76823466667 294.208535723
-6.763232 294.210072719
-6.75822933333 294.196707218
-6.75322666667 294.204865512
-6.748224 294.15210366
-6.74322133333 294.139370997
-6.73821866667 294.058030621
-6.733216 294.129902802
-6.72821333333 294.060946421
-6.72321066667 294.065819937
-6.718208 293.977764986
-6.71320533333 294.052426422
-6.70820266667 293.978142139
-6.7032 294.017571614
-6.69819733333 293.997422752
-6.69319466667 293.991514849
-6.688192 293.93436987
-6.68318933333 293.974002359
-6.67818666667 293.932735433
-6.673184 293.984431916
-6.66818133333 293.930385041
-6.66317866667 293.941748089
-6.658176 293.969137141
-6.65317333333 293.985430618
-6.64817066667 293.899003914
-6.643168 293.938501165
-6.63816533333 293.946389195
-6.63316266667 293.93051448
-6.62816 293.906068659
-6.62315733333 293.920969518
-6.61815466667 293.90352814
-6.613152 293.9250624
-6.60814933333 293.898129524
-6.60314666667 293.905437233
-6.598144 293.856332111
-6.59314133333 293.913622568
-6.58813866667 293.842086237
-6.583136 293.877970743
-6.57813333333 293.926932485
-6.57313066667 293.910604697
-6.568128 293.868389237
-6.56312533333 293.892706179
-6.55812266667 293.861023381
-6.55312 293.866033836
-6.54811733333 293.840687834
-6.54311466667 293.902266331
-6.538112 293.873778125
-6.53310933333 293.873091402
-6.52810666667 293.845356544
-6.523104 293.884161148
-6.51810133333 293.880202682
-6.51309866667 293.885021649
-6.508096 293.814763384
-6.50309333333 293.873358556
-6.49809066667 293.8786457
-6.493088 293.873185758
-6.48808533333 293.820896039
-6.48308266667 293.865774373
-6.47808 293.878949062
-6.47307733333 293.878970288
-6.46807466667 293.843761883
-6.463072 293.875307152
-6.45806933333 293.910492123
-6.45306666667 293.889217096
-6.448064 293.865432632
-6.44306133333 293.888929191
-6.43805866667 293.93249345
-6.433056 293.91911515
-6.42805333333 293.896604185
-6.42305066667 293.930542654
-6.418048 293.920451975
-6.41304533333 293.94515462
-6.40804266667 293.913202302
-6.40304 293.946612632
-6.39803733333 293.970182932
-6.39303466667 293.990469311
-6.388032 293.982349624
-6.38302933333 294.025110681
-6.37802666667 294.061249323
-6.373024 294.08608282
-6.36802133333 294.052412727
-6.36301866667 294.108060942
-6.358016 294.130640668
-6.35301333333 294.147832811
-6.34801066667 294.132383777
-6.343008 294.130359027
-6.33800533333 294.168983897
-6.33300266667 294.188896068
-6.328 294.18284841
-6.32299733333 294.194905395
-6.31799466667 294.254025353
-6.312992 294.231187918
-6.30798933333 294.215506981
-6.30298666667 294.262331682
-6.297984 294.260762938
-6.29298133333 294.279208822
-6.28797866667 294.293390803
-6.282976 294.279362341
-6.27797333333 294.271275437
-6.27297066667 294.285957788
-6.267968 294.249081097
-6.26296533333 294.276488889
-6.25796266667 294.33092552
-6.25296 294.313614693
-6.24795733333 294.32237956
-6.24295466667 294.312855943
-6.237952 294.320380059
-6.23294933333 294.299977
-6.22794666667 294.318695327
-6.222944 294.310152644
-6.21794133333 294.337605039
-6.21293866667 294.347396997
-6.207936 294.325916698
-6.20293333333 294.382230076
-6.19793066667 294.408831167
-6.192928 294.394951492
-6.18792533333 294.362585796
-6.18292266667 294.403900536
-6.17792 294.423158635
-6.17291733333 294.424969917
-6.16791466667 294.441426903
-6.162912 294.445239572
-6.15790933333 294.480513855
-6.15290666667 294.44773955
-6.147904 294.451553825
-6.14290133333 294.457206822
-6.13789866667 294.508587615
-6.132896 294.481290759
-6.12789333333 294.480958087
-6.12289066667 294.498019773
-6.117888 294.528761434
-6.11288533333 294.519000158
-6.10788266667 294.529930868
-6.10288 294.526025718
-6.09787733333 294.553217112
-6.09287466667 294.522289996
-6.087872 294.540863723
-6.08286933333 294.539015448
-6.07786666667 294.581599176
-6.072864 294.587263781
-6.06786133333 294.559757992
-6.06285866667 294.553035999
-6.057856 294.592766348
-6.05285333333 294.564650612
-6.04785066667 294.520513644
-6.042848 294.515085776
-6.03784533333 294.558469617
-6.03284266667 294.543299552
-6.02784 294.494435768
-6.02283733333 294.495934031
-6.01783466667 294.562081762
-6.012832 294.543798304
-6.00782933333 294.57697731
-6.00282666667 294.568041319
-5.997824 294.629675405
-5.99282133333 294.622699536
-5.98781866667 294.67455443
-5.982816 294.714823102
-5.97781333333 294.892287256
-5.97281066667 295.084842389
-5.967808 295.426859564
-5.96280533333 295.814317113
-5.95780266667 296.427752034
-5.9528 297.062796746
-5.94779733333 297.849245783
-5.94279466667 298.631815419
-5.937792 299.508444705
-5.93278933333 300.249556828
-5.92778666667 301.041902987
-5.922784 301.639466232
-5.91778133333 302.13241575
-5.91277866667 302.467911933
-5.907776 302.833445917
-5.90277333333 303.069974884
-5.89777066667 303.33548813
-5.892768 303.49735693
-5.88776533333 303.695358589
-5.88276266667 303.857051507
-5.87776 304.037853889
-5.87275733333 304.177451619
-5.86775466667 304.338301428
-5.862752 304.403370706
-5.85774933333 304.493323166
-5.85274666667 304.508647666
-5.847744 304.611828903
-5.84274133333 304.547541219
-5.83773866667 304.638992325
-5.832736 304.652421635
-5.82773333333 304.707363252
-5.82273066667 304.66550751
-5.817728 304.760274267
-5.81272533333 304.722209976
-5.80772266667 304.754196734
-5.80272 304.714786975
-5.79771733333 304.74778209
-5.79271466667 304.714223741
-5.787712 304.738210526
-5.78270933333 304.676883677
-5.77770666667 304.702700263
-5.772704 304.645748456
-5.76770133333 304.67353206
-5.76269866667 304.669408336
-5.757696 304.707795268
-5.75269333333 304.658991698
-5.74769066667 304.695195344
-5.742688 304.628635645
-5.73768533333 304.711688403
-5.73268266667 304.661327379
-5.72768 304.712920756
-5.72267733333 304.692100195
-5.71767466667 304.769952684
-5.712672 304.70010142
-5.70766933333 304.746350554
-5.70266666667 304.752469475
-5.697664 304.821398207
-5.69266133333 304.811140519
-5.68765866667 304.911995131
-5.682656 304.881921671
-5.67765333333 304.977259098
-5.67265066667 304.999122736
-5.667648 305.083443218
-5.66264533333 305.118052076
-5.65764266667 305.269745113
-5.65264 305.195613819
-5.64763733333 305.326429407
-5.64263466667 305.235525038
-5.637632 305.334175578
-5.63262933333 305.288068549
-5.62762666667 305.407239509
-5.622624 305.350225353
-5.61762133333 305.431053805
-5.61261866667 305.363412978
-5.607616 305.459484452
-5.60261333333 305.428453549
-5.59761066667 305.474645055
-5.592608 305.447442856
-5.58760533333 305.507425752
-5.58260266667 305.436453485
-5.5776 305.513108623
-5.57259733333 305.442821181
-5.56759466667 305.529275038
-5.562592 305.474177927
-5.55758933333 305.534721722
-5.55258666667 305.467835064
-5.547584 305.496942937
-5.54258133333 305.418089521
-5.53757866667 305.486204014
-5.532576 305.410219326
-5.52757333333 305.483183624
-5.52257066667 305.399758609
-5.517568 305.430845715
-5.51256533333 305.328184121
-5.50756266667 305.349584809
-5.50256 305.23659554
-5.49755733333 305.282603913
-5.49255466667 305.112136988
-5.487552 305.129882618
-5.48254933333 304.979243949
-5.47754666667 304.999267721
-5.472544 304.814507325
-5.46754133333 304.796643413
-5.46253866667 304.653358766
-5.457536 304.611704645
-5.45253333333 304.448815374
-5.44753066667 304.336679641
-5.442528 304.181048561
-5.43752533333 304.129805301
-5.43252266667 303.918668647
-5.42752 303.860039435
-5.42251733333 303.653426764
-5.41751466667 303.600748606
-5.412512 303.331291077
-5.40750933333 303.290811097
-5.40250666667 303.124182915
-5.397504 303.118308268
-5.39250133333 302.896385887
-5.38749866667 302.849326586
-5.382496 302.675762924
-5.37749333333 302.643805455
-5.37249066667 302.43400286
-5.367488 302.437405805
-5.36248533333 302.091962797
-5.35748266667 302.056387819
-5.35248 301.79074625
-5.34747733333 301.731413786
-5.34247466667 301.543147436
-5.337472 301.543493072
-5.33246933333 301.388882733
-5.32746666667 301.399280722
-5.322464 301.271603399
-5.31746133333 301.279621559
-5.31245866667 301.091443779
-5.307456 301.114160124
-5.30245333333 300.974827987
-5.29745066667 300.970871644
-5.292448 300.755953087
-5.28744533333 300.756208809
-5.28244266667 300.558271137
-5.27744 300.495405284
-5.27243733333 300.28120868
-5.26743466667 300.278110757
-5.262432 300.092176796
-5.25742933333 300.110501031
-5.25242666667 299.871842632
-5.247424 299.93587078
-5.24242133333 299.660915056
-5.23741866667 299.672140551
-5.232416 299.45529326
-5.22741333333 299.515465015
-5.22241066667 299.252381444
-5.217408 299.250091313
-5.21240533333 299.000975687
-5.20740266667 298.997113863
-5.2024 298.748366809
-5.19739733333 298.719369303
-5.19239466667 298.445791494
-5.187392 298.384088547
-5.18238933333 298.127165333
-5.17738666667 298.046856912
-5.172384 297.747261847
-5.16738133333 297.688864384
-5.16237866667 297.441834055
-5.157376 297.390480738
-5.15237333333 297.183060168
-5.14737066667 297.105726307
-5.142368 296.950152594
-5.13736533333 296.940847844
-5.13236266667 296.651400202
-5.12736 296.652744083
-5.12235733333 296.444046844
-5.11735466667 296.46823252
-5.112352 296.236053262
-5.10734933333 296.275755417
-5.10234666667 296.072553874
-5.097344 296.123887607
-5.09234133333 295.900272643
-5.08733866667 295.919063174
-5.082336 295.751231279
-5.07733333333 295.764480937
-5.07233066667 295.538811096
-5.067328 295.589594678
-5.06232533333 295.391424952
-5.05732266667 295.460358144
-5.05232 295.286087505
-5.04731733333 295.30700455
-5.04231466667 295.097588454
-5.037312 295.200556455
-5.03230933333 295.037481389
-5.02730666667 295.087886002
-5.022304 294.946411572
-5.01730133333 294.971239414
-5.01229866667 294.791210167
-5.007296 294.861655395
-5.00229333333 294.735484252
-4.99729066667 294.814749977
-4.992288 294.61979782
-4.98728533333 294.697751459
-4.98228266667 294.52354943
-4.97728 294.601444515
-4.97227733333 294.482194404
-4.96727466667 294.506017359
-4.962272 294.374169321
-4.95726933333 294.455283361
-4.95226666667 294.28681553
-4.947264 294.369958755
-4.94226133333 294.210178433
-4.93725866667 294.325724546
-4.932256 294.154641058
-4.92725333333 294.226408425
-4.92225066667 294.13184605
-4.917248 294.231382506
-4.91224533333 294.044067543
-4.90724266667 294.103202513
-4.90224 293.991174745
-4.89723733333 294.052448279
-4.89223466667 293.935534835
-4.887232 294.010694687
-4.88222933333 293.909389238
-4.87722666667 293.996034083
-4.872224 293.842917906
-4.86722133333 293.915755974
-4.86221866667 293.827766595
-4.857216 293.923618049
-4.85221333333 293.750135572
-4.84721066667 293.848788417
-4.842208 293.763095193
-4.83720533333 293.831731313
-4.83220266667 293.728923459
-4.8272 293.811398428
-4.82219733333 293.710666973
-4.81719466667 293.820864216
-4.812192 293.672143267
-4.80718933333 293.778406072
-4.80218666667 293.669757123
-4.797184 293.788655891
-4.79218133333 293.660186316
-4.78717866667 293.773418285
-4.782176 293.662462994
-4.77717333333 293.729523238
-4.77217066667 293.618475435
-4.767168 293.76481441
-4.76216533333 293.610826056
-4.75716266667 293.727081162
-4.75216 293.613513122
-4.74715733333 293.717813829
-4.74215466667 293.572031592
-4.737152 293.712580098
-4.73214933333 293.551022432
-4.72714666667 293.663401918
-4.722144 293.515606841
-4.71714133333 293.69873093
-4.71213866667 293.535198371
-4.707136 293.66922415
-4.70213333333 293.552349962
-4.69713066667 293.704893044
-4.692128 293.561899959
-4.68712533333 293.672516504
-4.68212266667 293.523310262
-4.67712 293.671022927
-4.67211733333 293.564951397
-4.66711466667 293.689190963
-4.662112 293.546890725
-4.65710933333 293.704478782
-4.65210666667 293.559869517
-4.647104 293.674705632
-4.64210133333 293.558178202
-4.63709866667 293.712028355
-4.632096 293.566720152
-4.62709333333 293.684229051
-4.62209066667 293.585797244
-4.617088 293.71695198
-4.61208533333 293.579088092
-4.60708266667 293.760553919
-4.60208 293.639866244
-4.59707733333 293.729622698
-4.59207466667 293.640255744
-4.587072 293.783282361
-4.58206933333 293.709314727
-4.57706666667 293.848317608
-4.572064 293.717420193
-4.56706133333 293.897177117
-4.56205866667 293.776679362
-4.557056 293.93202389
-4.55205333333 293.825783782
-4.54705066667 293.98623836
-4.542048 293.859197344
-4.53704533333 293.997175192
-4.53204266667 293.896068702
-4.52704 294.017666595
-4.52203733333 293.947815237
-4.51703466667 294.048351986
-4.512032 293.925994027
-4.50702933333 294.069694858
-4.50202666667 293.997078626
-4.497024 294.141568392
-4.49202133333 294.025464764
-4.48701866667 294.153455513
-4.482016 294.080341681
-4.47701333333 294.219218718
-4.47201066667 294.094387583
-4.467008 294.268110273
-4.46200533333 294.186763946
-4.45700266667 294.358767365
-4.452 294.242969077
-4.44699733333 294.393253284
-4.44199466667 294.254754937
-4.436992 294.418634679
-4.43198933333 294.318509117
-4.42698666667 294.448578745
-4.421984 294.366392414
-4.41698133333 294.515682195
-4.41197866667 294.386343674
-4.406976 294.54259167
-4.40197333333 294.399766431
-4.39697066667 294.53329263
-4.391968 294.419466649
-4.38696533333 294.584283916
-4.38196266667 294.490009308
-4.37696 294.582655627
-4.37195733333 294.460782591
-4.36695466667 294.613817477
-4.361952 294.444198203
-4.35694933333 294.629997995
-4.35194666667 294.475484125
-4.346944 294.613444225
-4.34194133333 294.507275287
-4.33693866667 294.68134274
-4.331936 294.501943844
-4.32693333333 294.689337913
-4.32193066667 294.529282495
-4.316928 294.730322099
-4.31192533333 294.589593834
-4.30692266667 294.724358276
-4.30192 294.62515606
-4.29691733333 294.748651101
-4.29191466667 294.633550458
-4.286912 294.827348917
-4.28190933333 294.903063555
-4.27690666667 295.273637427
-4.271904 295.480266227
-4.26690133333 296.116403241
-4.26189866667 296.58508154
-4.256896 297.422702691
-4.25189333333 298.10040513
-4.24689066667 299.194328076
-4.241888 299.928578091
-4.23688533333 300.99346846
-4.23188266667 301.690711374
-4.22688 302.464823364
-4.22187733333 302.827428474
-4.21687466667 303.296214648
-4.211872 303.395260716
-4.20686933333 303.799630857
-4.20186666667 303.90953315
-4.196864 304.27018845
-4.19186133333 304.383281572
-4.18685866667 304.72139399
-4.181856 304.814564478
-4.17685333333 305.110220811
-4.17185066667 305.063328687
-4.166848 305.319947441
-4.16184533333 305.271597915
-4.15684266667 305.451517167
-4.15184 305.386072736
-4.14683733333 305.536487209
-4.14183466667 305.484595839
-4.136832 305.6459693
-4.13182933333 305.503096859
-4.12682666667 305.667755405
-4.121824 305.518492999
-4.11682133333 305.660814862
-4.11181866667 305.469741185
-4.106816 305.559631404
-4.10181333333 305.326995387
-4.09681066667 305.458037659
-4.091808 305.233191261
-4.08680533333 305.278038914
-4.08180266667 305.10987532
-4.0768 305.161542553
-4.07179733333 304.940515414
-4.06679466667 304.969213843
-4.061792 304.785883615
-4.05678933333 304.821677984
-4.05178666667 304.578802628
-4.046784 304.636405043
-4.04178133333 304.41941949
-4.03677866667 304.558348419
-4.031776 304.358267656
-4.02677333333 304.495495451
-4.02177066667 304.352426647
-4.016768 304.475621933
-4.01176533333 304.346144729
-4.00676266667 304.522739472
-4.00176 304.424575964
-3.99675733333 304.600059889
-3.99175466667 304.552104406
-3.986752 304.703938699
-3.98174933333 304.638476229
-3.97674666667 304.818986416
-3.971744 304.726814938
-3.96674133333 304.877976368
-3.96173866667 304.788199434
-3.956736 304.95836964
-3.95173333333 304.858820241
-3.94673066667 304.99988177
-3.941728 304.936566152
-3.93672533333 305.121493447
-3.93172266667 304.994762166
-3.92672 305.175835837
-3.92171733333 305.075510484
-3.91671466667 305.23023155
-3.911712 305.15844812
-3.90670933333 305.304830569
-3.90170666667 305.195422135
-3.896704 305.319177653
-3.89170133333 305.162259005
-3.88669866667 305.307828105
-3.881696 305.177021452
-3.87669333333 305.323825518
-3.87169066667 305.164509019
-3.866688 305.320651131
-3.86168533333 305.21608742
-3.85668266667 305.344239592
-3.85168 305.153968526
-3.84667733333 305.25489406
-3.84167466667 305.103425374
-3.836672 305.212945981
-3.83166933333 305.097253298
-3.82666666667 305.164565508
-3.821664 304.996657586
-3.81666133333 305.156021022
-3.81165866667 304.887646535
-3.806656 304.968603051
-3.80165333333 304.780562493
-3.79665066667 304.863304472
-3.791648 304.642718016
-3.78664533333 304.641809892
-3.78164266667 304.421812509
-3.77664 304.470557366
-3.77163733333 304.209647769
-3.76663466667 304.199702587
-3.761632 303.990417495
-3.75662933333 303.950923197
-3.75162666667 303.686407161
-3.746624 303.644808104
-3.74162133333 303.464123915
-3.73661866667 303.487467606
-3.731616 303.234576789
-3.72661333333 303.274838085
-3.72161066667 303.124093405
-3.716608 303.13320844
-3.71160533333 302.931181398
-3.70660266667 302.943291386
-3.7016 302.786889755
-3.69659733333 302.843949406
-3.69159466667 302.66694013
-3.686592 302.707177311
-3.68158933333 302.572854697
-3.67658666667 302.587788777
-3.671584 302.389446656
-3.66658133333 302.422640659
-3.66157866667 302.276620892
-3.656576 302.311494307
-3.65157333333 302.129626981
-3.64657066667 302.247076304
-3.641568 302.154564673
-3.63656533333 302.247231775
-3.63156266667 302.111775854
-3.62656 302.215542121
-3.62155733333 302.094833299
-3.61655466667 302.214957657
-3.611552 302.101536987
-3.60654933333 302.190264706
-3.60154666667 302.109898224
-3.596544 302.1870505
-3.59154133333 302.067092935
-3.58653866667 302.157657639
-3.581536 302.033158654
-3.57653333333 302.10775567
-3.57153066667 301.920807794
-3.566528 301.984989019
-3.56152533333 301.799030876
-3.55652266667 301.839425465
-3.55152 301.616214074
-3.54651733333 301.660264578
-3.54151466667 301.450446218
-3.536512 301.434963077
-3.53150933333 301.234469721
-3.52650666667 301.224618968
-3.521504 301.048179385
-3.51650133333 301.016259008
-3.51149866667 300.805781425
-3.506496 300.808173136
-3.50149333333 300.603324786
-3.49649066667 300.524615848
-3.491488 300.258859616
-3.48648533333 300.214632928
-3.48148266667 299.959473688
-3.47648 299.885370527
-3.47147733333 299.626507947
-3.46647466667 299.574623051
-3.461472 299.368668848
-3.45646933333 299.295982289
-3.45146666667 299.036823165
-3.446464 299.040093396
-3.44146133333 298.797553665
-3.43645866667 298.779311342
-3.431456 298.511705322
-3.42645333333 298.484079665
-3.42145066667 298.235730865
-3.416448 298.197046958
-3.41144533333 297.919937802
-3.40644266667 297.887924944
-3.40144 297.703668341
-3.39643733333 297.691693402
-3.39143466667 297.517887279
-3.386432 297.50835641
-3.38142933333 297.329977407
-3.37642666667 297.374164656
-3.371424 297.172428433
-3.36642133333 297.192137086
-3.36141866667 297.062157003
-3.356416 297.050645456
-3.35141333333 296.876921084
-3.34641066667 296.861131786
-3.341408 296.739025266
-3.33640533333 296.734091336
-3.33140266667 296.543029644
-3.3264 296.57629407
-3.32139733333 296.459496089
-3.31639466667 296.471356709
-3.311392 296.33475875
-3.30638933333 296.359281658
-3.30138666667 296.24825376
-3.296384 296.269890579
-3.29138133333 296.15397388
-3.28637866667 296.20542594
-3.281376 296.092548128
-3.27637333333 296.113072373
-3.27137066667 295.988831033
-3.266368 296.003483362
-3.26136533333 295.947755344
-3.25636266667 295.968740964
-3.25136 295.786923079
-3.24635733333 295.851905817
-3.24135466667 295.753259184
-3.236352 295.805245834
-3.23134933333 295.666995843
-3.22634666667 295.687781121
-3.221344 295.592818212
-3.21634133333 295.64637211
-3.21133866667 295.561660984
-3.206336 295.59882744
-3.20133333333 295.539330057
-3.19633066667 295.55745414
-3.191328 295.449967454
-3.18632533333 295.506293987
-3.18132266667 295.470782759
-3.17632 295.535139136
-3.17131733333 295.417672376
-3.16631466667 295.475284498
-3.161312 295.39373545
-3.15630933333 295.494605605
-3.15130666667 295.403225121
-3.146304 295.482445004
-3.14130133333 295.393659062
-3.13629866667 295.492559774
-3.131296 295.406056284
-3.12629333333 295.467070657
-3.12129066667 295.391985591
-3.116288 295.438182263
-3.11128533333 295.344130967
-3.10628266667 295.403448023
-3.10128 295.322459782
-3.09627733333 295.401646915
-3.09127466667 295.285674726
-3.086272 295.328492675
-3.08126933333 295.279452035
-3.07626666667 295.298391915
-3.071264 295.189252761
-3.06626133333 295.255945607
-3.06125866667 295.199918485
-3.056256 295.240185547
-3.05125333333 295.160154682
-3.04625066667 295.21790169
-3.041248 295.126381569
-3.03624533333 295.250929506
-3.03124266667 295.205872451
-3.02624 295.20374982
-3.02123733333 295.16018672
-3.01623466667 295.2424749
-3.011232 295.149431331
-3.00622933333 295.219979084
-3.00122666667 295.171749129
-2.996224 295.266648265
-2.99122133333 295.22133381
-2.98621866667 295.252856723
-2.981216 295.173765494
-2.97621333333 295.266321011
-2.97121066667 295.191108092
-2.966208 295.277350835
-2.96120533333 295.234677818
-2.95620266667 295.312009274
-2.9512 295.265131708
-2.94619733333 295.373099739
-2.94119466667 295.326172018
-2.936192 295.391249288
-2.93118933333 295.334774941
-2.92618666667 295.418681128
-2.921184 295.350320087
-2.91618133333 295.428180672
-2.91117866667 295.348552229
-2.906176 295.431588059
-2.90117333333 295.386170358
-2.89617066667 295.421982409
-2.891168 295.424045936
-2.88616533333 295.473557178
-2.88116266667 295.482182381
-2.87616 295.532605734
-2.87115733333 295.471297629
-2.86615466667 295.523209485
-2.861152 295.545200995
-2.85614933333 295.583142406
-2.85114666667 295.549507913
-2.846144 295.648942285
-2.84114133333 295.574264698
-2.83613866667 295.641262399
-2.831136 295.568570609
-2.82613333333 295.686804576
-2.82113066667 295.729797965
-2.816128 295.971775187
-2.81112533333 296.139500061
-2.80612266667 296.536602339
-2.80112 296.908867963
-2.79611733333 297.498991231
-2.79111466667 298.092021433
-2.786112 298.81213689
-2.78110933333 299.573715251
-2.77610666667 300.438573768
-2.771104 301.161242194
-2.76610133333 301.942675537
-2.76109866667 302.52739386
-2.756096 303.156268673
-2.75109333333 303.490720832
-2.74609066667 303.871377975
-2.741088 304.093530217
-2.73608533333 304.377350708
-2.73108266667 304.58917712
-2.72608 304.844229447
-2.72107733333 305.025417116
-2.71607466667 305.23151819
-2.711072 305.277338748
-2.70606933333 305.491666375
-2.70106666667 305.551652972
-2.696064 305.656569242
-2.69106133333 305.61447404
-2.68605866667 305.679245199
-2.681056 305.646900349
-2.67605333333 305.70171971
-2.67105066667 305.594859357
-2.666048 305.595345773
-2.66104533333 305.535685743
-2.65604266667 305.500638335
-2.65104 305.312897324
-2.64603733333 305.26339979
-2.64103466667 305.192712353
-2.636032 305.114736704
-2.63102933333 304.94615714
-2.62602666667 304.861847389
-2.621024 304.711247945
-2.61602133333 304.634228128
-2.61101866667 304.468702641
-2.606016 304.4249747
-2.60101333333 304.292477105
-2.59601066667 304.281045001
-2.591008 304.1984247
-2.58600533333 304.183511758
-2.58100266667 304.156320905
-2.576 304.226063334
-2.57099733333 304.236148666
-2.56599466667 304.275045309
-2.560992 304.285019365
-2.55598933333 304.413126639
-2.55098666667 304.41973202
-2.545984 304.479754565
-2.54098133333 304.507736016
-2.53597866667 304.725529048
-2.530976 304.629176775
-2.52597333333 304.727928922
-2.52097066667 304.718355942
-2.515968 304.796397332
-2.51096533333 304.824377061
-2.50596266667 304.884901497
-2.50096 304.895979006
-2.49595733333 304.976196712
-2.49095466667 304.946258821
-2.485952 305.003102044
-2.48094933333 304.994587991
-2.47594666667 305.039702111
-2.470944 305.112544221
-2.46594133333 305.094813951
-2.46093866667 305.096980584
-2.455936 305.153010046
-2.45093333333 305.08737503
-2.44593066667 305.153413498
-2.440928 305.204322962
-2.43592533333 305.208853231
-2.43092266667 305.168655522
-2.42592 305.193553034
-2.42091733333 305.226624108
-2.41591466667 305.271340337
-2.410912 305.260694279
-2.40590933333 305.279462325
-2.40090666667 305.237738229
-2.395904 305.256726582
-2.39090133333 305.167257726
-2.38589866667 305.200677534
-2.380896 305.118850752
-2.37589333333 305.155713957
-2.37089066667 305.05453828
-2.365888 305.061611355
-2.36088533333 304.990773184
-2.35588266667 304.955798653
-2.35088 304.813879877
-2.34587733333 304.817676073
-2.34087466667 304.628968999
-2.335872 304.530842956
-2.33086933333 304.443203927
-2.32586666667 304.332793777
-2.320864 304.235064054
-2.31586133333 304.09353915
-2.31085866667 303.969407577
-2.305856 303.890916672
-2.30085333333 303.761034801
-2.29585066667 303.677980335
-2.290848 303.510657453
-2.28584533333 303.468631871
-2.28084266667 303.348732338
-2.27584 303.262465
-2.27083733333 303.107310528
-2.26583466667 303.054865425
-2.260832 302.877190028
-2.25582933333 302.774470281
-2.25082666667 302.617605805
-2.245824 302.556276692
-2.24082133333 302.479502638
-2.23581866667 302.347892428
-2.230816 302.219064471
-2.22581333333 302.12622951
-2.22081066667 302.014911375
-2.215808 301.897001899
-2.21080533333 301.70792194
-2.20580266667 301.590024059
-2.2008 301.349442887
-2.19579733333 301.193054734
-2.19079466667 300.935926162
-2.185792 300.768751648
-2.18078933333 300.550018713
-2.17578666667 300.367961725
-2.170784 300.218718701
-2.16578133333 300.102479746
-2.16077866667 299.960109537
-2.155776 299.827996329
-2.15077333333 299.71185309
-2.14577066667 299.542182582
-2.140768 299.489843956
-2.13576533333 299.368224095
-2.13076266667 299.246618157
-2.12576 299.187210324
-2.12075733333 299.113001732
-2.11575466667 299.020383139
-2.110752 298.91058563
-2.10574933333 298.782254719
-2.10074666667 298.682949186
-2.095744 298.509807514
-2.09074133333 298.391323961
-2.08573866667 298.265640214
-2.080736 298.11772533
-2.07573333333 297.964940492
-2.07073066667 297.808948851
-2.065728 297.655515933
-2.06072533333 297.521465282
-2.05572266667 297.377352015
-2.05072 297.220777165
-2.04571733333 297.120831611
-2.04071466667 297.036763579
-2.035712 296.893023383
-2.03070933333 296.819968646
-2.02570666667 296.659333792
-2.020704 296.551902299
-2.01570133333 296.458257243
-2.01069866667 296.349525014
-2.005696 296.257080799
-2.00069333333 296.177528312
-1.99569066667 296.074774345
-1.990688 296.027345845
-1.98568533333 295.907407993
-1.98068266667 295.835233166
-1.97568 295.723544019
-1.97067733333 295.654452983
-1.96567466667 295.592280914
-1.960672 295.535093718
-1.95566933333 295.479076501
-1.95066666667 295.432548132
-1.945664 295.37813908
-1.94066133333 295.247430243
-1.93565866667 295.283358622
-1.930656 295.23814904
-1.92565333333 295.164869811
-1.92065066667 295.181840971
-1.915648 295.086487418
-1.91064533333 295.085452193
-1.90564266667 295.03501845
-1.90064 295.0045557
-1.89563733333 294.976929258
-1.89063466667 294.925253464
-1.885632 294.908149111
-1.88062933333 294.873828607
-1.87562666667 294.856627257
-1.870624 294.848565389
-1.86562133333 294.778557687
-1.86061866667 294.768824921
-1.855616 294.747808849
-1.85061333333 294.752765567
-1.84561066667 294.73489043
-1.840608 294.708244486
-1.83560533333 294.728394066
-1.83060266667 294.710095657
-1.8256 294.702807877
-1.82059733333 294.719770623
-1.81559466667 294.729429929
-1.810592 294.760975658
-1.80558933333 294.694578699
-1.80058666667 294.741784613
-1.795584 294.688525053
-1.79058133333 294.72034526
-1.78557866667 294.699181733
-1.780576 294.680928736
-1.77557333333 294.673271066
-1.77057066667 294.664789039
-1.765568 294.622132548
-1.76056533333 294.677235793
-1.75556266667 294.612260141
-1.75056 294.593812176
-1.74555733333 294.64551364
-1.74055466667 294.676066594
-1.735552 294.581162634
-1.73054933333 294.642691711
-1.72554666667 294.597243592
-1.720544 294.61380314
-1.71554133333 294.56973535
-1.71053866667 294.607142057
-1.705536 294.564120569
-1.70053333333 294.580760957
-1.69553066667 294.567960716
-1.690528 294.61281018
-1.68552533333 294.562656931
-1.68052266667 294.589786584
-1.67552 294.587661649
-1.67051733333 294.593666597
-1.66551466667 294.542485653
-1.660512 294.588614054
-1.65550933333 294.545310186
-1.65050666667 294.556058758
-1.645504 294.536452528
-1.64050133333 294.525471712
-1.63549866667 294.531413589
-1.630496 294.530454189
-1.62549333333 294.498452648
-1.62049066667 294.50202242
-1.615488 294.475454688
-1.61048533333 294.498646251
-1.60548266667 294.447141498
-1.60048 294.517520158
-1.59547733333 294.473302756
-1.59047466667 294.515800403
-1.585472 294.468789164
-1.58046933333 294.504169803
-1.57546666667 294.488918339
-1.570464 294.533415769
-1.56546133333 294.484056624
-1.56045866667 294.502437807
-1.555456 294.518496408
-1.55045333333 294.530477291
-1.54545066667 294.521249273
-1.540448 294.535679351
-1.53544533333 294.543071543
-1.53044266667 294.530275262
-1.52544 294.528305359
-1.52043733333 294.597159699
-1.51543466667 294.547572672
-1.510432 294.564206263
-1.50542933333 294.537430217
-1.50042666667 294.611043304
-1.495424 294.570538805
-1.49042133333 294.597063429
-1.48541866667 294.550215163
-1.480416 294.620724453
-1.47541333333 294.542451683
-1.47041066667 294.603520455
-1.465408 294.566476192
-1.46040533333 294.598945561
-1.45540266667 294.597931988
-1.4504 294.643939868
-1.44539733333 294.632915733
-1.44039466667 294.689845489
-1.435392 294.601638978
-1.43038933333 294.730644087
-1.42538666667 294.631508195
-1.420384 294.715525045
-1.41538133333 294.673984542
-1.41037866667 294.69988161
-1.405376 294.64722343
-1.40037333333 294.739783031
-1.39537066667 294.652485062
-1.390368 294.716602662
-1.38536533333 294.682168812
-1.38036266667 294.790906186
-1.37536 294.722698642
-1.37035733333 294.773387174
-1.36535466667 294.724815644
-1.360352 294.806549574
-1.35534933333 294.741448381
-1.35034666667 294.862459185
-1.345344 294.956600448
-1.34034133333 295.237272046
-1.33533866667 295.480998402
-1.330336 296.030617087
-1.32533333333 296.57686724
-1.32033066667 297.383602302
-1.315328 298.190846904
-1.31032533333 299.161532781
-1.30532266667 299.979196977
-1.30032 300.858313774
-1.29531733333 301.53391969
-1.29031466667 302.202809514
-1.285312 302.595915768
-1.28030933333 303.043853625
-1.27530666667 303.178618444
-1.270304 303.424543384
-1.26530133333 303.549616433
-1.26029866667 303.840706906
-1.255296 303.92390245
-1.25029333333 304.154632243
-1.24529066667 304.253357059
-1.240288 304.496539517
-1.23528533333 304.480702792
-1.23028266667 304.665322455
-1.22528 304.656255455
-1.22027733333 304.753716895
-1.21527466667 304.704788786
-1.210272 304.807321808
-1.20526933333 304.793311784
-1.20026666667 304.870277556
-1.195264 304.768053705
-1.19026133333 304.821440771
-1.18525866667 304.695229557
-1.180256 304.70146534
-1.17525333333 304.581796558
-1.17025066667 304.611422423
-1.165248 304.497988763
-1.16024533333 304.504976848
-1.15524266667 304.354175973
-1.15024 304.358214237
-1.14523733333 304.239420936
-1.14023466667 304.225954369
-1.135232 304.032490262
-1.13022933333 304.139444789
-1.12522666667 303.988778314
-1.120224 304.05202897
-1.11522133333 303.945143637
-1.11021866667 304.04131928
-1.105216 303.995630814
-1.10021333333 304.13941705
-1.09521066667 304.030853443
-1.090208 304.139372116
-1.08520533333 304.068510914
-1.08020266667 304.161257135
-1.0752 304.112605858
-1.07019733333 304.225374475
-1.06519466667 304.162610703
-1.060192 304.273131519
-1.05518933333 304.213523494
-1.05018666667 304.384156696
-1.045184 304.311139111
-1.04018133333 304.440424569
-1.03517866667 304.414960119
-1.030176 304.573006822
-1.02517333333 304.520554129
-1.02017066667 304.664906319
-1.015168 304.613625232
-1.01016533333 304.754138786
-1.00516266667 304.728658662
-1.00016 304.892547106
-0.995157333333 304.814560548
-0.990154666667 304.967073703
-0.985152 304.939817085
-0.980149333333 305.059791267
-0.975146666667 304.999181634
-0.970144 305.126200678
-0.965141333333 305.057630931
-0.960138666667 305.204152039
-0.955136 305.103758852
-0.950133333333 305.200126639
-0.945130666667 305.168419673
-0.940128 305.261128105
-0.935125333333 305.160741224
-0.930122666667 305.322532441
-0.92512 305.208378685
-0.920117333333 305.295039462
-0.915114666667 305.153425058
-0.910112 305.275835989
-0.905109333333 305.140702048
-0.900106666667 305.217679275
-0.895104 305.057992549
-0.890101333333 305.124084047
-0.885098666667 304.956115193
-0.880096 305.010097361
-0.875093333333 304.8354079
-0.870090666667 304.850886243
-0.865088 304.706634721
-0.860085333333 304.728876676
-0.855082666667 304.529143493
-0.85008 304.515175275
-0.845077333333 304.296280391
-0.840074666667 304.314842858
-0.835072 304.045396619
-0.830069333333 304.060887638
-0.825066666667 303.757681483
-0.820064 303.760906608
-0.815061333333 303.441623027
-0.810058666667 303.387935516
-0.805056 303.103425207
-0.800053333333 303.026747089
-0.795050666667 302.748975796
-0.790048 302.72705744
-0.785045333333 302.463232885
-0.780042666667 302.428955585
-0.77504 302.180020462
-0.770037333333 302.179958128
-0.765034666667 301.957829928
-0.760032 301.986282374
-0.755029333333 301.711221805
-0.750026666667 301.662301649
-0.745024 301.363781157
-0.740021333333 301.277220988
-0.735018666667 300.940714477
-0.730016 300.785336468
-0.725013333333 300.479938961
-0.720010666667 300.37708583
-0.715008 300.123487701
-0.710005333333 300.103717917
-0.705002666667 299.880735216
-0.7 299.873386834
-0.694997333333 299.595662038
-0.689994666667 299.648131284
-0.684992 299.370040996
-0.679989333333 299.382327987
-0.674986666667 299.156083114
-0.669984 299.117382491
-0.664981333333 298.866463974
-0.659978666667 298.890023193
-0.654976 298.685572779
-0.649973333333 298.676345426
-0.644970666667 298.465049914
-0.639968 298.459962951
-0.634965333333 298.228606855
-0.629962666667 298.210842577
-0.62496 297.98748476
-0.619957333333 297.943533556
-0.614954666667 297.701915726
-0.609952 297.677404303
-0.604949333333 297.414297608
-0.599946666667 297.393600575
-0.594944 297.096787682
-0.589941333333 297.146245034
-0.584938666667 296.901201579
-0.579936 296.900794801
-0.574933333333 296.657400667
-0.569930666667 296.694478623
-0.564928 296.442914027
-0.559925333333 296.435536661
-0.554922666667 296.261903876
-0.54992 296.273909428
-0.544917333333 296.064966709
-0.539914666667 296.088333298
-0.534912 295.851636009
-0.529909333333 295.866509728
-0.524906666667 295.722791339
-0.519904 295.796936169
-0.514901333333 295.556496202
-0.509898666667 295.637213537
-0.504896 295.440072518
-0.499893333333 295.519791242
-0.494890666667 295.300372681
-0.489888 295.345486326
-0.484885333333 295.158514364
-0.479882666667 295.252336112
-0.47488 295.039019973
-0.469877333333 295.104448645
-0.464874666667 294.949365907
-0.459872 294.991313493
-0.454869333333 294.850800183
-0.449866666667 294.891954166
-0.444864 294.751278467
-0.439861333333 294.834655382
-0.434858666667 294.664169686
-0.429856 294.720428373
-0.424853333333 294.593991915
-0.419850666667 294.652331665
-0.414848 294.483025976
-0.409845333333 294.576800777
-0.404842666667 294.374977969
-0.39984 294.471826365
-0.394837333333 294.292609049
-0.389834666667 294.393120075
-0.384832 294.23425946
-0.379829333333 294.323090811
-0.374826666667 294.133780026
-0.369824 294.21745798
-0.364821333333 294.063191574
-0.359818666667 294.127529304
-0.354816 293.973294141
-0.349813333333 294.071062104
-0.344810666667 293.914977036
-0.339808 293.989008603
-0.334805333333 293.834727604
-0.329802666667 293.950485366
-0.3248 293.751621287
-0.319797333333 293.863655793
-0.314794666667 293.670644017
-0.309792 293.740846563
-0.304789333333 293.601383401
-0.299786666667 293.691441054
-0.294784 293.535211495
-0.289781333333 293.633832468
-0.284778666667 293.480939301
-0.279776 293.557528794
-0.274773333333 293.375220374
-0.269770666667 293.476140895
-0.264768 293.3235856
-0.259765333333 293.4488156
-0.254762666667 293.273335166
-0.24976 293.348998702
-0.244757333333 293.223360971
-0.239754666667 293.324667621
-0.234752 293.191686524
-0.229749333333 293.261141396
-0.224746666667 293.178487831
-0.219744 293.247405288
-0.214741333333 293.122476413
-0.209738666667 293.221480382
-0.204736 293.070652292
-0.199733333333 293.172095278
-0.194730666667 292.984255525
-0.189728 293.134690745
-0.184725333333 292.962003022
-0.179722666667 293.079862924
-0.17472 292.920696874
-0.169717333333 293.01702851
-0.164714666667 292.87433874
-0.159712 292.946081844
-0.154709333333 292.792724424
-0.149706666667 292.933952727
-0.144704 292.779134612
-0.139701333333 292.877086655
-0.134698666667 292.701919029
-0.129696 292.82780701
-0.124693333333 292.701046018
-0.119690666667 292.841652536
-0.114688 292.646087088
-0.109685333333 292.743096796
-0.104682666667 292.632825956
-0.09968 292.722224987
-0.0946773333333 292.590345729
-0.0896746666667 292.722189798
-0.084672 292.57322367
-0.0796693333333 292.656555899
-0.0746666666667 292.5444642
-0.069664 292.64894597
-0.0646613333333 292.550707905
-0.0596586666667 292.647301897
-0.054656 292.487701884
-0.0496533333333 292.602058938
-0.0446506666667 292.44461218
-0.039648 292.552835561
-0.0346453333333 292.38908475
-0.0296426666667 292.553669612
-0.02464 292.404303241
-0.0196373333333 292.523135305
-0.0146346666667 292.336752679
-0.009632 292.431928733
-0.00462933333333 292.349287278
