（-9.64977,2），（-7.13343,1.5），（-3.04125,1.5）
-9.99995733333 284.512652717
-9.99495466667 284.585525049
-9.989952 284.502640726
-9.98494933333 284.574162331
-9.97994666667 284.556145412
-9.974944 284.597958232
-9.96994133333 284.53926165
-9.96493866667 284.617642988
-9.959936 284.561519767
-9.95493333333 284.593445735
-9.94993066667 284.542417907
-9.944928 284.573313981
-9.93992533333 284.551087754
-9.93492266667 284.641079039
-9.92992 284.527138782
-9.92491733333 284.612838694
-9.91991466667 284.520725935
-9.914912 284.62134564
-9.90990933333 284.498949944
-9.90490666667 284.581760427
-9.899904 284.546398254
-9.89490133333 284.631339375
-9.88989866667 284.548056372
-9.884896 284.614933026
-9.87989333333 284.552958472
-9.87489066667 284.62411816
-9.869888 284.560233995
-9.86488533333 284.653552636
-9.85988266667 284.584290504
-9.85488 284.709763125
-9.84987733333 284.628227697
-9.84487466667 284.711666201
-9.839872 284.655980708
-9.83486933333 284.737873775
-9.82986666667 284.630623902
-9.824864 284.738765506
-9.81986133333 284.677367522
-9.81485866667 284.788590635
-9.809856 284.662356303
-9.80485333333 284.800194447
-9.79985066667 284.711840826
-9.794848 284.816515299
-9.78984533333 284.710458757
-9.78484266667 284.764371958
-9.77984 284.757002486
-9.77483733333 284.820097924
-9.76983466667 284.658507794
-9.764832 284.815113603
-9.75982933333 284.764093256
-9.75482666667 284.889078837
-9.749824 284.7592228
-9.74482133333 284.887376676
-9.73981866667 284.81035779
-9.734816 284.927764782
-9.72981333333 284.824742647
-9.72481066667 284.927153155
-9.719808 284.878559785
-9.71480533333 284.993396387
-9.70980266667 284.884913195
-9.7048 285.002540805
-9.69979733333 284.970749291
-9.69479466667 285.048846403
-9.689792 284.949862849
-9.68478933333 285.091489623
-9.67978666667 285.024883038
-9.674784 285.133686348
-9.66978133333 285.008932782
-9.66477866667 285.115692149
-9.659776 285.026123557
-9.65477333333 285.173059386
-9.64977066667 285.030589822
-9.644768 285.136479183
-9.63976533333 285.063893138
-9.63476266667 285.184354141
-9.62976 285.085638418
-9.62475733333 285.170343662
-9.61975466667 285.144448778
-9.614752 285.23818357
-9.60974933333 285.150940868
-9.60474666667 285.239410555
-9.599744 285.228513361
-9.59474133333 285.382825463
-9.58973866667 285.285486863
-9.584736 285.485021005
-9.57973333333 285.500823737
-9.57473066667 285.696880577
-9.569728 285.748114727
-9.56472533333 285.992880754
-9.55972266667 286.189881127
-9.55472 286.465419512
-9.54971733333 286.635937537
-9.54471466667 287.038161258
-9.539712 287.250278084
-9.53470933333 287.564580049
-9.52970666667 287.744220874
-9.524704 287.989262188
-9.51970133333 288.125134679
-9.51469866667 288.336862164
-9.509696 288.29812648
-9.50469333333 288.400000329
-9.49969066667 288.365080786
-9.494688 288.541926678
-9.48968533333 288.480993951
-9.48468266667 288.649216889
-9.47968 288.651377422
-9.47467733333 288.847006288
-9.46967466667 288.846070626
-9.464672 289.022585938
-9.45966933333 289.090326397
-9.45466666667 289.241703434
-9.449664 289.255451247
-9.44466133333 289.44015988
-9.43965866667 289.471148965
-9.434656 289.648291239
-9.42965333333 289.580478025
-9.42465066667 289.769225445
-9.419648 289.742343314
-9.41464533333 289.884198938
-9.40964266667 289.818285047
-9.40464 289.975176555
-9.39963733333 289.909389019
-9.39463466667 290.104291196
-9.389632 290.070830448
-9.38462933333 290.208339068
-9.37962666667 290.200975485
-9.374624 290.341289506
-9.36962133333 290.29344315
-9.36461866667 290.438500673
-9.359616 290.395449211
-9.35461333333 290.494751871
-9.34961066667 290.422497722
-9.344608 290.56109611
-9.33960533333 290.509349996
-9.33460266667 290.605358679
-9.3296 290.516151889
-9.32459733333 290.612762125
-9.31959466667 290.530977216
-9.314592 290.676358858
-9.30958933333 290.535926786
-9.30458666667 290.649994271
-9.299584 290.595967137
-9.29458133333 290.674420269
-9.28957866667 290.590000128
-9.284576 290.658906418
-9.27957333333 290.56709755
-9.27457066667 290.716957374
-9.269568 290.584547501
-9.26456533333 290.6117834
-9.25956266667 290.53851836
-9.25456 290.672591127
-9.24955733333 290.530636649
-9.24455466667 290.612317524
-9.239552 290.526238921
-9.23454933333 290.658229991
-9.22954666667 290.514717382
-9.224544 290.599536143
-9.21954133333 290.527163234
-9.21453866667 290.614619679
-9.209536 290.514930603
-9.20453333333 290.570188478
-9.19953066667 290.515811473
-9.194528 290.589300598
-9.18952533333 290.484054426
-9.18452266667 290.565352546
-9.17952 290.489822532
-9.17451733333 290.557412783
-9.16951466667 290.405321555
-9.164512 290.551577753
-9.15950933333 290.454307733
-9.15450666667 290.508304607
-9.149504 290.399561348
-9.14450133333 290.520961374
-9.13949866667 290.394614402
-9.134496 290.453727206
-9.12949333333 290.341516116
-9.12449066667 290.425802394
-9.119488 290.367047115
-9.11448533333 290.460618093
-9.10948266667 290.366586391
-9.10448 290.417651562
-9.09947733333 290.358696764
-9.09447466667 290.451285983
-9.089472 290.325637963
-9.08446933333 290.453205941
-9.07946666667 290.326361228
-9.074464 290.370748184
-9.06946133333 290.261102221
-9.06445866667 290.389944855
-9.059456 290.229159902
-9.05445333333 290.304179892
-9.04945066667 290.191338702
-9.044448 290.297437137
-9.03944533333 290.201102479
-9.03444266667 290.302140316
-9.02944 290.201630996
-9.02443733333 290.314679354
-9.01943466667 290.234892397
-9.014432 290.313337894
-9.00942933333 290.213779234
-9.00442666667 290.242693232
-8.999424 290.175339247
-8.99442133333 290.266985877
-8.98941866667 290.136463093
-8.984416 290.269064809
-8.97941333333 290.130381764
-8.97441066667 290.271513496
-8.969408 290.154723038
-8.96440533333 290.218824617
-8.95940266667 290.171714758
-8.9544 290.242527217
-8.94939733333 290.134527427
-8.94439466667 290.226519745
-8.939392 290.167487931
-8.93438933333 290.271119793
-8.92938666667 290.094500779
-8.924384 290.107502116
-8.91938133333 290.004887996
-8.91437866667 290.085120066
-8.909376 289.849584941
-8.90437333333 289.833816303
-8.89937066667 289.783443029
-8.894368 289.941494684
-8.88936533333 289.799816565
-8.88436266667 289.934735529
-8.87936 289.823914222
-8.87435733333 289.920317533
-8.86935466667 289.77873042
-8.864352 289.88391465
-8.85934933333 289.776935592
-8.85434666667 289.848379638
-8.849344 289.696341933
-8.84434133333 289.823850011
-8.83933866667 289.729637444
-8.834336 289.765571145
-8.82933333333 289.660215546
-8.82433066667 289.748117315
-8.819328 289.654576997
-8.81432533333 289.723080987
-8.80932266667 289.585098799
-8.80432 289.631650965
-8.79931733333 289.575089095
-8.79431466667 289.67994991
-8.789312 289.558885015
-8.78430933333 289.662656938
-8.77930666667 289.52213687
-8.774304 289.603663839
-8.76930133333 289.468385049
-8.76429866667 289.56505197
-8.759296 289.473700075
-8.75429333333 289.511504998
-8.74929066667 289.370483758
-8.744288 289.472084509
-8.73928533333 289.390153816
-8.73428266667 289.466818951
-8.72928 289.303432334
-8.72427733333 289.466168805
-8.71927466667 289.311131353
-8.714272 289.361859828
-8.70926933333 289.258680563
-8.70426666667 289.315904933
-8.699264 289.216022606
-8.69426133333 289.31953467
-8.68925866667 289.186720204
-8.684256 289.277886343
-8.67925333333 289.194863776
-8.67425066667 289.283426216
-8.669248 289.198890815
-8.66424533333 289.264638372
-8.65924266667 289.182292783
-8.65424 289.268021241
-8.64923733333 289.161255508
-8.64423466667 289.236521907
-8.639232 289.142832723
-8.63422933333 289.247053275
-8.62922666667 289.110048269
-8.624224 289.171222494
-8.61922133333 289.077000775
-8.61421866667 289.155411722
-8.609216 289.01644724
-8.60421333333 289.095216472
-8.59921066667 288.971896108
-8.594208 289.006319524
-8.58920533333 288.887668104
-8.58420266667 288.988164928
-8.5792 288.8860746
-8.57419733333 288.952152453
-8.56919466667 288.845250326
-8.564192 288.906267103
-8.55918933333 288.828579654
-8.55418666667 288.886268178
-8.549184 288.744980505
-8.54418133333 288.837411256
-8.53917866667 288.728536518
-8.534176 288.811286186
-8.52917333333 288.679896704
-8.52417066667 288.737961045
-8.519168 288.639676742
-8.51416533333 288.722990203
-8.50916266667 288.5866618
-8.50416 288.668493066
-8.49915733333 288.561546085
-8.49415466667 288.600192968
-8.489152 288.41908847
-8.48414933333 288.533947059
-8.47914666667 288.377708828
-8.474144 288.426088723
-8.46914133333 288.264003867
-8.46413866667 288.347821166
-8.459136 288.234368177
-8.45413333333 288.299084355
-8.44913066667 288.105144888
-8.444128 288.165995544
-8.43912533333 288.066053488
-8.43412266667 288.105959436
-8.42912 287.950816801
-8.42411733333 288.059868659
-8.41911466667 287.92043786
-8.414112 287.954678415
-8.40910933333 287.801713107
-8.40410666667 287.902045994
-8.399104 287.791931378
-8.39410133333 287.895103763
-8.38909866667 287.721038829
-8.384096 287.771858677
-8.37909333333 287.640630078
-8.37409066667 287.714785555
-8.369088 287.610512498
-8.36408533333 287.67194174
-8.35908266667 287.548914889
-8.35408 287.660865158
-8.34907733333 287.516903127
-8.34407466667 287.554482363
-8.339072 287.474714821
-8.33406933333 287.607479599
-8.32906666667 287.402414798
-8.324064 287.505899059
-8.31906133333 287.413413288
-8.31405866667 287.471746135
-8.309056 287.336950754
-8.30405333333 287.461464557
-8.29905066667 287.361871154
-8.294048 287.449613481
-8.28904533333 287.340705452
-8.28404266667 287.444748902
-8.27904 287.33516051
-8.27403733333 287.419553355
-8.26903466667 287.272385341
-8.264032 287.443735385
-8.25902933333 287.261441769
-8.25402666667 287.354507384
-8.249024 287.210706793
-8.24402133333 287.291748353
-8.23901866667 287.186762047
-8.234016 287.237104372
-8.22901333333 287.09744844
-8.22401066667 287.159830763
-8.219008 287.031856218
-8.21400533333 287.091427411
-8.20900266667 286.960401428
-8.204 287.041609093
-8.19899733333 286.904335767
-8.19399466667 287.039104114
-8.188992 286.840379507
-8.18398933333 286.929308183
-8.17898666667 286.834818916
-8.173984 286.910833235
-8.16898133333 286.693158318
-8.16397866667 286.850090949
-8.158976 286.737276908
-8.15397333333 286.814011452
-8.14897066667 286.663237072
-8.143968 286.772203253
-8.13896533333 286.637383268
-8.13396266667 286.706093337
-8.12896 286.573354254
-8.12395733333 286.682063859
-8.11895466667 286.608950491
-8.113952 286.663926872
-8.10894933333 286.582562867
-8.10394666667 286.628577178
-8.098944 286.522927793
-8.09394133333 286.645828446
-8.08893866667 286.492186615
-8.083936 286.57181223
-8.07893333333 286.490405622
-8.07393066667 286.567674587
-8.068928 286.48310622
-8.06392533333 286.56014548
-8.05892266667 286.427019523
-8.05392 286.533618365
-8.04891733333 286.413168352
-8.04391466667 286.489944086
-8.038912 286.415770635
-8.03390933333 286.523168042
-8.02890666667 286.381466345
-8.023904 286.475997065
-8.01890133333 286.412678862
-8.01389866667 286.513905256
-8.008896 286.395626487
-8.00389333333 286.460841604
-7.99889066667 286.388057455
-7.993888 286.475224898
-7.98888533333 286.357525371
-7.98388266667 286.467377019
-7.97888 286.415481734
-7.97387733333 286.473764214
-7.96887466667 286.446862798
-7.963872 286.474952998
-7.95886933333 286.365100928
-7.95386666667 286.480409348
-7.948864 286.342596115
-7.94386133333 286.494759878
-7.93885866667 286.379975274
-7.933856 286.483409311
-7.92885333333 286.349809842
-7.92385066667 286.459228794
-7.918848 286.36963184
-7.91384533333 286.484218614
-7.90884266667 286.312366159
-7.90384 286.451673908
-7.89883733333 286.355382384
-7.89383466667 286.428144952
-7.888832 286.294953168
-7.88382933333 286.375827284
-7.87882666667 286.301139513
-7.873824 286.393115787
-7.86882133333 286.243551586
-7.86381866667 286.364417974
-7.858816 286.237130374
-7.85381333333 286.312359555
-7.84881066667 286.198734574
-7.843808 286.295035141
-7.83880533333 286.179939232
-7.83380266667 286.291719754
-7.8288 286.182988517
-7.82379733333 286.281670332
-7.81879466667 286.206525729
-7.813792 286.313828295
-7.80878933333 286.219160857
-7.80378666667 286.336171319
-7.798784 286.228542329
-7.79378133333 286.348339195
-7.78877866667 286.218755172
-7.783776 286.318362298
-7.77877333333 286.232273382
-7.77377066667 286.339899299
-7.768768 286.211098821
-7.76376533333 286.374483352
-7.75876266667 286.255163984
-7.75376 286.359326885
-7.74875733333 286.188593993
-7.74375466667 286.400437319
-7.738752 286.227177586
-7.73374933333 286.303561356
-7.72874666667 286.221012899
-7.723744 286.295672907
-7.71874133333 286.189631287
-7.71373866667 286.29070167
-7.708736 286.134515732
-7.70373333333 286.218665733
-7.69873066667 286.115074522
-7.693728 286.195019327
-7.68872533333 286.032255372
-7.68372266667 286.104756011
-7.67872 285.980983903
-7.67371733333 286.018279807
-7.66871466667 285.852112415
-7.663712 285.90902714
-7.65870933333 285.736167358
-7.65370666667 285.832310061
-7.648704 285.626037169
-7.64370133333 285.70560871
-7.63869866667 285.558907237
-7.633696 285.61201342
-7.62869333333 285.492219423
-7.62369066667 285.531179058
-7.618688 285.408416612
-7.61368533333 285.468560666
-7.60868266667 285.326799709
-7.60368 285.403780487
-7.59867733333 285.270515294
-7.59367466667 285.358874201
-7.588672 285.190398574
-7.58366933333 285.27082268
-7.57866666667 285.188216522
-7.573664 285.28287441
-7.56866133333 285.11887027
-7.56365866667 285.259782002
-7.558656 285.15666996
-7.55365333333 285.24366638
-7.54865066667 285.108328946
-7.543648 285.213095335
-7.53864533333 285.126507144
-7.53364266667 285.238643637
-7.52864 285.116914497
-7.52363733333 285.224894513
-7.51863466667 285.144586046
-7.513632 285.20035024
-7.50862933333 285.097056838
-7.50362666667 285.212348926
-7.498624 285.114710725
-7.49362133333 285.231964178
-7.48861866667 285.105730422
-7.483616 285.218249653
-7.47861333333 285.145600398
-7.47361066667 285.236344486
-7.468608 285.11732874
-7.46360533333 285.308959318
-7.45860266667 285.157311852
-7.4536 285.225351923
-7.44859733333 285.133199357
-7.44359466667 285.237166122
-7.438592 285.184326886
-7.43358933333 285.269618849
-7.42858666667 285.207926712
-7.423584 285.322515734
-7.41858133333 285.24034868
-7.41357866667 285.369828286
-7.408576 285.292593878
-7.40357333333 285.399965115
-7.39857066667 285.328551309
-7.393568 285.438396988
-7.38856533333 285.307065538
-7.38356266667 285.436789657
-7.37856 285.352933172
-7.37355733333 285.465288723
-7.36855466667 285.357716819
-7.363552 285.411515495
-7.35854933333 285.394133957
-7.35354666667 285.522971857
-7.348544 285.387513765
-7.34354133333 285.498216645
-7.33853866667 285.421278476
-7.333536 285.555199506
-7.32853333333 285.424785771
-7.32353066667 285.559637754
-7.318528 285.472973575
-7.31352533333 285.5649363
-7.30852266667 285.459795055
-7.30352 285.586514049
-7.29851733333 285.460547157
-7.29351466667 285.592434893
-7.288512 285.456716733
-7.28350933333 285.596470194
-7.27850666667 285.472923688
-7.273504 285.604278771
-7.26850133333 285.459791406
-7.26349866667 285.5638913
-7.258496 285.47017182
-7.25349333333 285.623130196
-7.24849066667 285.479906375
-7.243488 285.593748724
-7.23848533333 285.527726205
-7.23348266667 285.587822121
-7.22848 285.48435415
-7.22347733333 285.586491684
-7.21847466667 285.470233872
-7.213472 285.603301854
-7.20846933333 285.479689564
-7.20346666667 285.60314383
-7.198464 285.504617603
-7.19346133333 285.610824361
-7.18845866667 285.465226125
-7.183456 285.586771299
-7.17845333333 285.464624186
-7.17345066667 285.588003666
-7.168448 285.443394024
-7.16344533333 285.536301046
-7.15844266667 285.405286435
-7.15344 285.517363894
-7.14843733333 285.343915254
-7.14343466667 285.45082178
-7.138432 285.356638814
-7.13342933333 285.445167751
-7.12842666667 285.30717768
-7.123424 285.393661247
-7.11842133333 285.297694638
-7.11341866667 285.357259717
-7.108416 285.234831412
-7.10341333333 285.343416351
-7.09841066667 285.236335983
-7.093408 285.365378615
-7.08840533333 285.227739401
-7.08340266667 285.335155441
-7.0784 285.258994062
-7.07339733333 285.362902916
-7.06839466667 285.224578061
-7.063392 285.297467229
-7.05838933333 285.268556931
-7.05338666667 285.378187561
-7.048384 285.233734065
-7.04338133333 285.346810107
-7.03837866667 285.222366777
-7.033376 285.367802465
-7.02837333333 285.218650905
-7.02337066667 285.343275561
-7.018368 285.270315102
-7.01336533333 285.377317886
-7.00836266667 285.276934337
-7.00336 285.405233818
-6.99835733333 285.296050476
-6.99335466667 285.448061056
-6.988352 285.335220475
-6.98334933333 285.49960093
-6.97834666667 285.385365202
-6.973344 285.545671357
-6.96834133333 285.418722841
-6.96333866667 285.555963693
-6.958336 285.459164357
-6.95333333333 285.617316545
-6.94833066667 285.480409906
-6.943328 285.567515028
-6.93832533333 285.504498599
-6.93332266667 285.674555321
-6.92832 285.543364304
-6.92331733333 285.657912497
-6.91831466667 285.621312574
-6.913312 285.762802771
-6.90830933333 285.656311768
-6.90330666667 285.780228441
-6.898304 285.713945509
-6.89330133333 285.836071226
-6.88829866667 285.673941313
-6.883296 285.86823347
-6.87829333333 285.774921727
-6.87329066667 285.896510032
-6.868288 285.830312693
-6.86328533333 285.943304423
-6.85828266667 285.875189922
-6.85328 286.013220146
-6.84827733333 285.920347969
-6.84327466667 286.050548793
-6.838272 285.928729554
-6.83326933333 286.108265033
-6.82826666667 286.019861335
-6.823264 286.221628472
-6.81826133333 286.1475629
-6.81325866667 286.290542477
-6.808256 286.194067362
-6.80325333333 286.365667117
-6.79825066667 286.336253012
-6.793248 286.477677017
-6.78824533333 286.415979376
-6.78324266667 286.605517812
-6.77824 286.525469087
-6.77323733333 286.711812791
-6.76823466667 286.592957979
-6.763232 286.895135181
-6.75822933333 286.739486852
-6.75322666667 286.880402761
-6.748224 286.816128962
-6.74322133333 286.922852092
-6.73821866667 286.842780496
-6.733216 286.951503859
-6.72821333333 286.832276014
-6.72321066667 286.95625783
-6.718208 286.87864954
-6.71320533333 287.023048186
-6.70820266667 286.965148051
-6.7032 287.158085702
-6.69819733333 287.178749029
-6.69319466667 287.400739686
-6.688192 287.412938348
-6.68318933333 287.69246247
-6.67818666667 287.779111594
-6.673184 288.140722868
-6.66818133333 288.213797607
-6.66317866667 288.523997475
-6.658176 288.600249859
-6.65317333333 288.935799724
-6.64817066667 288.955250796
-6.643168 289.234337236
-6.63816533333 289.331483151
-6.63316266667 289.578813093
-6.62816 289.545960324
-6.62315733333 289.747821515
-6.61815466667 289.703730936
-6.613152 289.876171155
-6.60814933333 289.761364325
-6.60314666667 289.924035373
-6.598144 289.814359346
-6.59314133333 289.938164318
-6.58813866667 289.84959808
-6.583136 289.966662629
-6.57813333333 289.838467084
-6.57313066667 289.991730431
-6.568128 289.856445226
-6.56312533333 290.030642586
-6.55812266667 289.950754839
-6.55312 290.140946177
-6.54811733333 290.02106981
-6.54311466667 290.20279155
-6.538112 290.153668595
-6.53310933333 290.309807685
-6.52810666667 290.202895295
-6.523104 290.39603388
-6.51810133333 290.325307252
-6.51309866667 290.525040035
-6.508096 290.424922825
-6.50309333333 290.571915838
-6.49809066667 290.495765867
-6.493088 290.631110959
-6.48808533333 290.495115582
-6.48308266667 290.63318963
-6.47808 290.560770753
-6.47307733333 290.699866149
-6.46807466667 290.520593959
-6.463072 290.672686982
-6.45806933333 290.503949328
-6.45306666667 290.646430474
-6.448064 290.466346296
-6.44306133333 290.567446604
-6.43805866667 290.435027221
-6.433056 290.479240772
-6.42805333333 290.349370104
-6.42305066667 290.483859551
-6.418048 290.398694278
-6.41304533333 290.472619621
-6.40804266667 290.337740759
-6.40304 290.403260981
-6.39803733333 290.28209058
-6.39303466667 290.364785345
-6.388032 290.22891647
-6.38302933333 290.39694032
-6.37802666667 290.247612377
-6.373024 290.34255343
-6.36802133333 290.172986719
-6.36301866667 290.196377975
-6.358016 290.127776091
-6.35301333333 290.224806915
-6.34801066667 290.06902685
-6.343008 290.127860467
-6.33800533333 290.070869322
-6.33300266667 290.14320113
-6.328 290.006828943
-6.32299733333 290.135097018
-6.31799466667 290.026665237
-6.312992 290.140067325
-6.30798933333 290.016413804
-6.30298666667 290.096409924
-6.297984 289.985402771
-6.29298133333 290.078678597
-6.28797866667 289.971060784
-6.282976 290.109746659
-6.27797333333 290.022644762
-6.27297066667 290.133113769
-6.267968 290.007001429
-6.26296533333 290.125859708
-6.25796266667 290.050509296
-6.25296 290.238691797
-6.24795733333 290.054487672
-6.24295466667 290.219153004
-6.237952 290.109011933
-6.23294933333 290.227106527
-6.22794666667 290.048999334
-6.222944 290.142971007
-6.21794133333 289.964785629
-6.21293866667 290.056664909
-6.207936 289.915679392
-6.20293333333 289.943063875
-6.19793066667 289.789136111
-6.192928 289.810590613
-6.18792533333 289.600481882
-6.18292266667 289.664280035
-6.17792 289.519227502
-6.17291733333 289.540949016
-6.16791466667 289.373203241
-6.162912 289.402218403
-6.15790933333 289.272030639
-6.15290666667 289.297801423
-6.147904 289.120171061
-6.14290133333 289.120382311
-6.13789866667 288.973926779
-6.132896 289.052150843
-6.12789333333 288.893919584
-6.12289066667 288.926886416
-6.117888 288.723105979
-6.11288533333 288.795873151
-6.10788266667 288.625893975
-6.10288 288.704459889
-6.09787733333 288.549806016
-6.09287466667 288.627931895
-6.087872 288.401817047
-6.08286933333 288.409229803
-6.07786666667 288.256011392
-6.072864 288.330293722
-6.06786133333 288.126240447
-6.06285866667 288.160955199
-6.057856 287.920940923
-6.05285333333 288.002019874
-6.04785066667 287.835371334
-6.042848 287.877504452
-6.03784533333 287.672583396
-6.03284266667 287.709931729
-6.02784 287.517224983
-6.02283733333 287.608599496
-6.01783466667 287.455939647
-6.012832 287.484813511
-6.00782933333 287.393968142
-6.00282666667 287.469424234
-5.997824 287.317574806
-5.99282133333 287.434056358
-5.98781866667 287.285052666
-5.982816 287.341599533
-5.97781333333 287.195863809
-5.97281066667 287.266263021
-5.967808 287.08730358
-5.96280533333 287.200982486
-5.95780266667 287.01930641
-5.9528 287.116184159
-5.94779733333 286.94383131
-5.94279466667 286.96756996
-5.937792 286.832645176
-5.93278933333 286.903232207
-5.92778666667 286.722089944
-5.922784 286.825666655
-5.91778133333 286.671915041
-5.91277866667 286.708983965
-5.907776 286.572527554
-5.90277333333 286.618664371
-5.89777066667 286.498335105
-5.892768 286.594965384
-5.88776533333 286.450900701
-5.88276266667 286.578883896
-5.87776 286.434929068
-5.87275733333 286.537852094
-5.86775466667 286.385731958
-5.862752 286.474918412
-5.85774933333 286.364074268
-5.85274666667 286.486938906
-5.847744 286.340007882
-5.84274133333 286.44403288
-5.83773866667 286.279616623
-5.832736 286.379139997
-5.82773333333 286.218106853
-5.82273066667 286.294020671
-5.817728 286.227699025
-5.81272533333 286.325812872
-5.80772266667 286.225622106
-5.80272 286.342689239
-5.79771733333 286.238898179
-5.79271466667 286.29747299
-5.787712 286.144662625
-5.78270933333 286.268806546
-5.77770666667 286.14087479
-5.772704 286.276853868
-5.76770133333 286.102898817
-5.76269866667 286.174266312
-5.757696 286.126593318
-5.75269333333 286.216909635
-5.74769066667 286.028445314
-5.742688 286.127755972
-5.73768533333 286.017972454
-5.73268266667 286.148475446
-5.72768 286.005126553
-5.72267733333 286.087024744
-5.71767466667 285.950857994
-5.712672 286.059014397
-5.70766933333 285.948133264
-5.70266666667 286.046303688
-5.697664 285.907335378
-5.69266133333 286.000438911
-5.68765866667 285.898780413
-5.682656 286.004658225
-5.67765333333 285.9004386
-5.67265066667 286.015554353
-5.667648 285.846982009
-5.66264533333 285.950610055
-5.65764266667 285.887956686
-5.65264 285.935333844
-5.64763733333 285.821570014
-5.64263466667 285.934782821
-5.637632 285.80188816
-5.63262933333 285.898022475
-5.62762666667 285.770792185
-5.622624 285.872168935
-5.61762133333 285.737543817
-5.61261866667 285.838694873
-5.607616 285.697052382
-5.60261333333 285.809038304
-5.59761066667 285.715203482
-5.592608 285.799902105
-5.58760533333 285.714612264
-5.58260266667 285.794640525
-5.5776 285.680429168
-5.57259733333 285.783911466
-5.56759466667 285.628926613
-5.562592 285.72677963
-5.55758933333 285.593447851
-5.55258666667 285.653166948
-5.547584 285.518628842
-5.54258133333 285.584596883
-5.53757866667 285.478966764
-5.532576 285.631827754
-5.52757333333 285.483337203
-5.52257066667 285.573487671
-5.517568 285.450672348
-5.51256533333 285.584770947
-5.50756266667 285.471468233
-5.50256 285.577720994
-5.49755733333 285.460931367
-5.49255466667 285.549991424
-5.487552 285.439258356
-5.48254933333 285.54811447
-5.47754666667 285.467307919
-5.472544 285.565075195
-5.46754133333 285.423228521
-5.46253866667 285.552077516
-5.457536 285.414728963
-5.45253333333 285.534747222
-5.44753066667 285.395711717
-5.442528 285.485314736
-5.43752533333 285.429832773
-5.43252266667 285.488706118
-5.42752 285.382307746
-5.42251733333 285.489003049
-5.41751466667 285.39511449
-5.412512 285.501930485
-5.40750933333 285.430165865
-5.40250666667 285.492886289
-5.397504 285.421729151
-5.39250133333 285.488145129
-5.38749866667 285.400877378
-5.382496 285.503781795
-5.37749333333 285.410574518
-5.37249066667 285.489460196
-5.367488 285.384397502
-5.36248533333 285.505849687
-5.35748266667 285.407701108
-5.35248 285.501365878
-5.34747733333 285.383911552
-5.34247466667 285.465004993
-5.337472 285.42206466
-5.33246933333 285.548837442
-5.32746666667 285.428429693
-5.322464 285.509743693
-5.31746133333 285.417110799
-5.31245866667 285.55247363
-5.307456 285.400549943
-5.30245333333 285.48395662
-5.29745066667 285.436653926
-5.292448 285.517884132
-5.28744533333 285.418675617
-5.28244266667 285.530200085
-5.27744 285.429672328
-5.27243733333 285.560244063
-5.26743466667 285.45454428
-5.262432 285.574090609
-5.25742933333 285.442006445
-5.25242666667 285.589913397
-5.247424 285.43662097
-5.24242133333 285.576825414
-5.23741866667 285.468898065
-5.232416 285.580128985
-5.22741333333 285.444346835
-5.22241066667 285.557166336
-5.217408 285.502889718
-5.21240533333 285.598737884
-5.20740266667 285.493986539
-5.2024 285.619421737
-5.19739733333 285.52974576
-5.19239466667 285.667370784
-5.187392 285.503371833
-5.18238933333 285.612332332
-5.17738666667 285.49066633
-5.172384 285.631150732
-5.16738133333 285.491493662
-5.16237866667 285.606161151
-5.157376 285.505173538
-5.15237333333 285.659537495
-5.14737066667 285.514906287
-5.142368 285.610640727
-5.13736533333 285.501784661
-5.13236266667 285.649123213
-5.12736 285.514670545
-5.12235733333 285.617333099
-5.11735466667 285.514859831
-5.112352 285.660311416
-5.10734933333 285.521796643
-5.10234666667 285.688122661
-5.097344 285.57742634
-5.09234133333 285.646199747
-5.08733866667 285.533000417
-5.082336 285.654231345
-5.07733333333 285.590280018
-5.07233066667 285.708201578
-5.067328 285.572991268
-5.06232533333 285.702110636
-5.05732266667 285.61537431
-5.05232 285.70369248
-5.04731733333 285.586464989
-5.04231466667 285.695791322
-5.037312 285.617908626
-5.03230933333 285.688525681
-5.02730666667 285.614161301
-5.022304 285.702545491
-5.01730133333 285.582649077
-5.01229866667 285.738116651
-5.007296 285.597318808
-5.00229333333 285.702864028
-4.99729066667 285.577920127
-4.992288 285.733022612
-4.98728533333 285.615883856
-4.98228266667 285.704372447
-4.97728 285.621692374
-4.97227733333 285.77539116
-4.96727466667 285.652456274
-4.962272 285.793024963
-4.95726933333 285.708756201
-4.95226666667 285.786762221
-4.947264 285.695370325
-4.94226133333 285.825754975
-4.93725866667 285.736405827
-4.932256 285.868401008
-4.92725333333 285.711804496
-4.92225066667 285.832368467
-4.917248 285.747023964
-4.91224533333 285.87157496
-4.90724266667 285.741613979
-4.90224 285.843252148
-4.89723733333 285.739255746
-4.89223466667 285.86085805
-4.887232 285.727035136
-4.88222933333 285.856406266
-4.87722666667 285.7120584
-4.872224 285.861448758
-4.86722133333 285.71083857
-4.86221866667 285.825636398
-4.857216 285.721947763
-4.85221333333 285.835920461
-4.84721066667 285.725234558
-4.842208 285.841790485
-4.83720533333 285.741328072
-4.83220266667 285.846265485
-4.8272 285.745801349
-4.82219733333 285.896156153
-4.81719466667 285.754785773
-4.812192 285.884732422
-4.80718933333 285.775352474
-4.80218666667 285.898252901
-4.797184 285.793390746
-4.79218133333 285.901385182
-4.78717866667 285.790085531
-4.782176 285.923180369
-4.77717333333 285.829698044
-4.77217066667 285.920096665
-4.767168 285.841335595
-4.76216533333 285.944869841
-4.75716266667 285.854189826
-4.75216 285.94391561
-4.74715733333 285.816646193
-4.74215466667 285.964485181
-4.737152 285.864961613
-4.73214933333 285.984640096
-4.72714666667 285.891862613
-4.722144 285.998856595
-4.71714133333 285.914637866
-4.71213866667 286.051207743
-4.707136 285.945421693
-4.70213333333 286.071558194
-4.69713066667 285.967522994
-4.692128 286.130539706
-4.68712533333 286.015106015
-4.68212266667 286.153556241
-4.67712 286.071627484
-4.67211733333 286.226356943
-4.66711466667 286.094943312
-4.662112 286.253734364
-4.65710933333 286.174791769
-4.65210666667 286.318820569
-4.647104 286.196530294
-4.64210133333 286.362113246
-4.63709866667 286.289878206
-4.632096 286.384168155
-4.62709333333 286.314798515
-4.62209066667 286.436890844
-4.617088 286.37778604
-4.61208533333 286.531046389
-4.60708266667 286.429809094
-4.60208 286.582001719
-4.59707733333 286.493338294
-4.59207466667 286.638408233
-4.587072 286.561301658
-4.58206933333 286.727993471
-4.57706666667 286.650419569
-4.572064 286.822731523
-4.56706133333 286.756862758
-4.56205866667 286.896704945
-4.557056 286.849990838
-4.55205333333 286.971534134
-4.54705066667 286.95232091
-4.542048 287.09593603
-4.53704533333 287.020604217
-4.53204266667 287.188911219
-4.52704 287.13879257
-4.52203733333 287.256551025
-4.51703466667 287.201135253
-4.512032 287.447099219
-4.50702933333 287.286403524
-4.50202666667 287.444124693
-4.497024 287.374563404
-4.49202133333 287.484870973
-4.48701866667 287.402480211
-4.482016 287.50543637
-4.47701333333 287.445242861
-4.47201066667 287.540965272
-4.467008 287.474149952
-4.46200533333 287.557386999
-4.45700266667 287.404435485
-4.452 287.482012385
-4.44699733333 287.288942995
-4.44199466667 287.404775519
-4.436992 287.276823644
-4.43198933333 287.387712561
-4.42698666667 287.213967979
-4.421984 287.296294843
-4.41698133333 287.185415722
-4.41197866667 287.296387561
-4.406976 287.162114031
-4.40197333333 287.292875064
-4.39697066667 287.176988908
-4.391968 287.292380864
-4.38696533333 287.15034848
-4.38196266667 287.239126121
-4.37696 287.152594793
-4.37195733333 287.230236592
-4.36695466667 287.095809116
-4.361952 287.203819023
-4.35694933333 287.146871985
-4.35194666667 287.226232775
-4.346944 287.119171288
-4.34194133333 287.263576005
-4.33693866667 287.14447353
-4.331936 287.22729897
-4.32693333333 287.134591575
-4.32193066667 287.224907029
-4.316928 287.140175861
-4.31192533333 287.246469399
-4.30692266667 287.111712406
-4.30192 287.157234423
-4.29691733333 287.070794216
-4.29191466667 287.233881565
-4.286912 287.092414129
-4.28190933333 287.209906042
-4.27690666667 287.102496183
-4.271904 287.217325589
-4.26690133333 287.096253889
-4.26189866667 287.179171485
-4.256896 287.09654655
-4.25189333333 287.169608143
-4.24689066667 287.077387827
-4.241888 287.144022808
-4.23688533333 287.0924052
-4.23188266667 287.211656609
-4.22688 287.013077529
-4.22187733333 287.145622727
-4.21687466667 286.996292743
-4.211872 287.065925507
-4.20686933333 286.917445435
-4.20186666667 287.025388607
-4.196864 286.88694915
-4.19186133333 286.925767541
-4.18685866667 286.842948607
-4.181856 286.904295484
-4.17685333333 286.773138425
-4.17185066667 286.880435522
-4.166848 286.740176449
-4.16184533333 286.839782145
-4.15684266667 286.716005833
-4.15184 286.796403412
-4.14683733333 286.68145639
-4.14183466667 286.79297688
-4.136832 286.623580604
-4.13182933333 286.727632928
-4.12682666667 286.607751204
-4.121824 286.68180814
-4.11682133333 286.623368252
-4.11181866667 286.699511067
-4.106816 286.57363943
-4.10181333333 286.667243318
-4.09681066667 286.549678345
-4.091808 286.702842234
-4.08680533333 286.579467612
-4.08180266667 286.677569794
-4.0768 286.585482608
-4.07179733333 286.715925671
-4.06679466667 286.631700347
-4.061792 286.739055893
-4.05678933333 286.670627078
-4.05178666667 286.808027556
-4.046784 286.709140315
-4.04178133333 286.8233561
-4.03677866667 286.745593344
-4.031776 286.874700028
-4.02677333333 286.772772208
-4.02177066667 286.863342888
-4.016768 286.75273841
-4.01176533333 286.856752423
-4.00676266667 286.707030692
-4.00176 286.789049007
-3.99675733333 286.657797504
-3.99175466667 286.786853353
-3.986752 286.665168441
-3.98174933333 286.761600825
-3.97674666667 286.612631257
-3.971744 286.727634746
-3.96674133333 286.655917424
-3.96173866667 286.702239352
-3.956736 286.643858967
-3.95173333333 286.754087359
-3.94673066667 286.583084339
-3.941728 286.712790557
-3.93672533333 286.597100754
-3.93172266667 286.691831288
-3.92672 286.565735163
-3.92171733333 286.677968907
-3.91671466667 286.583383857
-3.911712 286.71841122
-3.90670933333 286.58244663
-3.90170666667 286.665940531
-3.896704 286.54925757
-3.89170133333 286.630145303
-3.88669866667 286.495259499
-3.881696 286.627290434
-3.87669333333 286.489483854
-3.87169066667 286.575196607
-3.866688 286.487012534
-3.86168533333 286.575035755
-3.85668266667 286.442267251
-3.85168 286.511378442
-3.84667733333 286.396568893
-3.84167466667 286.421588932
-3.836672 286.318785335
-3.83166933333 286.429316199
-3.82666666667 286.274426954
-3.821664 286.385202046
-3.81666133333 286.293843346
-3.81165866667 286.355944683
-3.806656 286.262233576
-3.80165333333 286.427592612
-3.79665066667 286.294046538
-3.791648 286.389054026
-3.78664533333 286.28559351
-3.78164266667 286.345118404
-3.77664 286.232285475
-3.77163733333 286.3396515
-3.76663466667 286.153971161
-3.761632 286.31935281
-3.75662933333 286.142911074
-3.75162666667 286.252499794
-3.746624 286.120581578
-3.74162133333 286.188620393
-3.73661866667 286.082839412
-3.731616 286.200563863
-3.72661333333 286.059120129
-3.72161066667 286.1538235
-3.716608 285.995970251
-3.71160533333 286.108861193
-3.70660266667 286.004588089
-3.7016 286.125162109
-3.69659733333 286.003122557
-3.69159466667 286.138577948
-3.686592 285.98615854
-3.68158933333 286.063321016
-3.67658666667 285.975123596
-3.671584 286.08872439
-3.66658133333 285.978399613
-3.66157866667 286.096392558
-3.656576 285.950604125
-3.65157333333 286.075304026
-3.64657066667 285.976188991
-3.641568 286.078461908
-3.63656533333 285.950268128
-3.63156266667 286.08625268
-3.62656 285.943559713
-3.62155733333 286.04685569
-3.61655466667 285.94625287
-3.611552 286.043516909
-3.60654933333 285.914755228
-3.60154666667 286.01675086
-3.596544 285.918594572
-3.59154133333 285.994677877
-3.58653866667 285.916078098
-3.581536 286.01614347
-3.57653333333 285.893534915
-3.57153066667 286.001853547
-3.566528 285.943879443
-3.56152533333 286.006443119
-3.55652266667 285.873609786
-3.55152 285.981716217
-3.54651733333 285.880297464
-3.54151466667 285.981031756
-3.536512 285.894454993
-3.53150933333 286.02433599
-3.52650666667 285.911711006
-3.521504 286.039256908
-3.51650133333 285.913138584
-3.51149866667 286.017391915
-3.506496 285.912122817
-3.50149333333 286.021651596
-3.49649066667 285.903323779
-3.491488 285.991863427
-3.48648533333 285.881877222
-3.48148266667 286.02563033
-3.47648 285.919344099
-3.47147733333 286.034213443
-3.46647466667 285.85693111
-3.461472 286.012799638
-3.45646933333 285.894162523
-3.45146666667 285.979764171
-3.446464 285.859718044
-3.44146133333 285.984606323
-3.43645866667 285.843506394
-3.431456 285.989401537
-3.42645333333 285.868129168
-3.42145066667 285.99862299
-3.416448 285.87809336
-3.41144533333 285.984537433
-3.40644266667 285.871730077
-3.40144 285.954137914
-3.39643733333 285.873407988
-3.39143466667 285.979135711
-3.386432 285.847657853
-3.38142933333 285.979659235
-3.37642666667 285.846381131
-3.371424 285.951890987
-3.36642133333 285.852213682
-3.36141866667 285.981436755
-3.356416 285.852911882
-3.35141333333 285.977545763
-3.34641066667 285.848732371
-3.341408 285.967841051
-3.33640533333 285.843173955
-3.33140266667 285.97335564
-3.3264 285.859989521
-3.32139733333 285.918518054
-3.31639466667 285.841926298
-3.311392 285.977697481
-3.30638933333 285.854849584
-3.30138666667 285.917313127
-3.296384 285.876208695
-3.29138133333 285.988326541
-3.28637866667 285.860927617
-3.281376 285.984007217
-3.27637333333 285.891063842
-3.27137066667 286.046889215
-3.266368 285.908857201
-3.26136533333 286.040460797
-3.25636266667 285.936123707
-3.25136 286.042563044
-3.24635733333 285.98934672
-3.24135466667 286.07517279
-3.236352 286.009914158
-3.23134933333 286.15907894
-3.22634666667 286.060790357
-3.221344 286.20946067
-3.21634133333 286.110091051
-3.21133866667 286.228049693
-3.206336 286.14836859
-3.20133333333 286.238852543
-3.19633066667 286.176330338
-3.191328 286.301361126
-3.18632533333 286.200511971
-3.18132266667 286.319463207
-3.17632 286.256513532
-3.17131733333 286.380791151
-3.16631466667 286.283924699
-3.161312 286.483895166
-3.15630933333 286.297276871
-3.15130666667 286.455628949
-3.146304 286.335536034
-3.14130133333 286.438126171
-3.13629866667 286.354250812
-3.131296 286.529533588
-3.12629333333 286.395648499
-3.12129066667 286.555050033
-3.116288 286.460422001
-3.11128533333 286.53638589
-3.10628266667 286.495107937
-3.10128 286.620268148
-3.09627733333 286.531414299
-3.09127466667 286.645728076
-3.086272 286.573150114
-3.08126933333 286.71105569
-3.07626666667 286.60282173
-3.071264 286.743823412
-3.06626133333 286.647720603
-3.06125866667 286.724559757
-3.056256 286.655559489
-3.05125333333 286.766153403
-3.04625066667 286.653479835
-3.041248 286.80624058
-3.03624533333 286.707180375
-3.03124266667 286.816979013
-3.02624 286.709134646
-3.02123733333 286.847581871
-3.01623466667 286.755421408
-3.011232 286.873711763
-3.00622933333 286.757695402
-3.00122666667 286.875404698
-2.996224 286.786385184
-2.99122133333 286.913422519
-2.98621866667 286.775880241
-2.981216 286.949193241
-2.97621333333 286.829293133
-2.97121066667 286.939449293
-2.966208 286.821969339
-2.96120533333 286.987495124
-2.95620266667 286.876983104
-2.9512 287.052881686
-2.94619733333 286.942101643
-2.94119466667 287.069855582
-2.936192 287.023456249
-2.93118933333 287.133932537
-2.92618666667 287.063361656
-2.921184 287.20016208
-2.91618133333 287.152991219
-2.91117866667 287.283142678
-2.906176 287.204970819
-2.90117333333 287.326039411
-2.89617066667 287.315988388
-2.891168 287.414612233
-2.88616533333 287.314400091
-2.88116266667 287.467092544
-2.87616 287.371946047
-2.87115733333 287.498888641
-2.86615466667 287.351519745
-2.861152 287.536065501
-2.85614933333 287.422305743
-2.85114666667 287.553378099
-2.846144 287.455659216
-2.84114133333 287.604981814
-2.83613866667 287.474582468
-2.831136 287.63124259
-2.82613333333 287.531455601
-2.82113066667 287.603853412
-2.816128 287.513152967
-2.81112533333 287.646401827
-2.80612266667 287.526416906
-2.80112 287.693235419
-2.79611733333 287.574984169
-2.79111466667 287.701370464
-2.786112 287.563756787
-2.78110933333 287.702074164
-2.77610666667 287.55085111
-2.771104 287.698891568
-2.76610133333 287.603212087
-2.76109866667 287.679906262
-2.756096 287.562186248
-2.75109333333 287.624787868
-2.74609066667 287.503058534
-2.741088 287.598726493
-2.73608533333 287.500563399
-2.73108266667 287.625380156
-2.72608 287.530211561
-2.72107733333 287.698034018
-2.71607466667 287.679950694
-2.711072 287.951530557
-2.70606933333 288.020051483
-2.70106666667 288.355499812
-2.696064 288.519573302
-2.69106133333 288.908434587
-2.68605866667 289.082265198
-2.681056 289.434220063
-2.67605333333 289.606910727
-2.67105066667 289.927137901
-2.666048 290.018543221
-2.66104533333 290.241914937
-2.65604266667 290.317185264
-2.65104 290.537406895
-2.64603733333 290.539679734
-2.64103466667 290.733050881
-2.636032 290.658022133
-2.63102933333 290.795372951
-2.62602666667 290.690140132
-2.621024 290.82007731
-2.61602133333 290.681235441
-2.61101866667 290.870098583
-2.606016 290.733838661
-2.60101333333 290.863718312
-2.59601066667 290.745039706
-2.591008 290.845766271
-2.58600533333 290.736548338
-2.58100266667 290.756654506
-2.576 290.660605748
-2.57099733333 290.809362354
-2.56599466667 290.666797558
-2.560992 290.762624379
-2.55598933333 290.627320645
-2.55098666667 290.739361246
-2.545984 290.602291851
-2.54098133333 290.668295126
-2.53597866667 290.582062781
-2.530976 290.662963498
-2.52597333333 290.558910265
-2.52097066667 290.630621183
-2.515968 290.519516408
-2.51096533333 290.627197753
-2.50596266667 290.489261349
-2.50096 290.557225387
-2.49595733333 290.441637814
-2.49095466667 290.551166084
-2.485952 290.434442516
-2.48094933333 290.524959459
-2.47594666667 290.385655062
-2.470944 290.461254673
-2.46594133333 290.323191125
-2.46093866667 290.429480195
-2.455936 290.270095446
-2.45093333333 290.347830632
-2.44593066667 290.20925957
-2.440928 290.329974581
-2.43592533333 290.230815387
-2.43092266667 290.338954355
-2.42592 290.200891415
-2.42091733333 290.296359422
-2.41591466667 290.178345702
-2.410912 290.28162716
-2.40590933333 290.175523592
-2.40090666667 290.265823079
-2.395904 290.165534677
-2.39090133333 290.297523649
-2.38589866667 290.140457945
-2.380896 290.244441396
-2.37589333333 290.148664608
-2.37089066667 290.273438947
-2.365888 290.135993662
-2.36088533333 290.216032786
-2.35588266667 290.127019704
-2.35088 290.188191864
-2.34587733333 290.089799391
-2.34087466667 290.236930779
-2.335872 290.121354526
-2.33086933333 290.234891253
-2.32586666667 290.078489852
-2.320864 290.189786355
-2.31586133333 290.115840382
-2.31085866667 290.219317022
-2.305856 290.153173827
-2.30085333333 290.238385579
-2.29585066667 290.123737523
-2.290848 290.246322052
-2.28584533333 290.162098551
-2.28084266667 290.255836084
-2.27584 290.199565142
-2.27083733333 290.310309485
-2.26583466667 290.152927315
-2.260832 290.193594619
-2.25582933333 290.164989137
-2.25082666667 290.275030931
-2.245824 290.177732344
-2.24082133333 290.280889264
-2.23581866667 290.170170926
-2.230816 290.300725118
-2.22581333333 290.159877214
-2.22081066667 290.24671168
-2.215808 290.110124143
-2.21080533333 290.20874218
-2.20580266667 290.017669346
-2.2008 290.120904707
-2.19579733333 289.987841979
-2.19079466667 290.039587836
-2.185792 289.902263229
-2.18078933333 289.984601085
-2.17578666667 289.884352752
-2.170784 290.006992555
-2.16578133333 289.865743407
-2.16077866667 289.890428037
-2.155776 289.810150653
-2.15077333333 289.834213082
-2.14577066667 289.679476712
-2.140768 289.721789618
-2.13576533333 289.564867535
-2.13076266667 289.597606528
-2.12576 289.408446012
-2.12075733333 289.432950429
-2.11575466667 289.179173337
-2.110752 289.121288521
-2.10574933333 288.929765952
-2.10074666667 288.996973787
-2.095744 288.893776913
-2.09074133333 289.008054682
-2.08573866667 288.868509728
-2.080736 288.929821426
-2.07573333333 288.755437722
-2.07073066667 288.847966387
-2.065728 288.675754659
-2.06072533333 288.73782151
-2.05572266667 288.56902238
-2.05072 288.59758603
-2.04571733333 288.434574431
-2.04071466667 288.479300841
-2.035712 288.351041337
-2.03070933333 288.406739307
-2.02570666667 288.298989267
-2.020704 288.358839669
-2.01570133333 288.180407843
-2.01069866667 288.243494057
-2.005696 288.064922002
-2.00069333333 288.097116408
-1.99569066667 287.902085141
-1.990688 287.955768063
-1.98568533333 287.758392678
-1.98068266667 287.754698116
-1.97568 287.564628457
-1.97067733333 287.590468971
-1.96567466667 287.442134989
-1.960672 287.490867786
-1.95566933333 287.306135935
-1.95066666667 287.361950636
-1.945664 287.231901849
-1.94066133333 287.329850133
-1.93565866667 287.190815829
-1.930656 287.247417345
-1.92565333333 287.130571893
-1.92065066667 287.22869952
-1.915648 287.098535564
-1.91064533333 287.210277754
-1.90564266667 287.06961161
-1.90064 287.16791613
-1.89563733333 287.034165641
-1.89063466667 287.097017946
-1.885632 287.007347512
-1.88062933333 287.081783374
-1.87562666667 286.958510366
-1.870624 287.064874662
-1.86562133333 286.938631579
-1.86061866667 287.027497204
-1.855616 287.015014791
-1.85061333333 287.06225426
-1.84561066667 286.945359102
-1.840608 287.076103201
-1.83560533333 286.92837032
-1.83060266667 287.01414307
-1.8256 286.883838546
-1.82059733333 287.017689254
-1.81559466667 286.911104967
-1.810592 286.995588718
-1.80558933333 286.872294229
-1.80058666667 286.960532236
-1.795584 286.903451671
-1.79058133333 286.982432455
-1.78557866667 286.853258403
-1.780576 286.952336296
-1.77557333333 286.854691866
-1.77057066667 286.942096878
-1.765568 286.848960463
-1.76056533333 286.972030046
-1.75556266667 286.850581948
-1.75056 286.901271537
-1.74555733333 286.831282213
-1.74055466667 286.913883809
-1.735552 286.832988554
-1.73054933333 286.939330987
-1.72554666667 286.835237737
-1.720544 286.909436292
-1.71554133333 286.834193261
-1.71053866667 286.961481603
-1.705536 286.807206793
-1.70053333333 286.92236734
-1.69553066667 286.805762271
-1.690528 286.962574006
-1.68552533333 286.772339478
-1.68052266667 286.917327205
-1.67552 286.798595133
-1.67051733333 286.922672548
-1.66551466667 286.845310935
-1.660512 286.941040945
-1.65550933333 286.855461216
-1.65050666667 287.037146581
-1.645504 286.884043918
-1.64050133333 286.962544529
-1.63549866667 286.909006887
-1.630496 287.03899561
-1.62549333333 286.949361567
-1.62049066667 287.020192248
-1.615488 286.956795201
-1.61048533333 287.073194978
-1.60548266667 286.971069357
-1.60048 287.053824388
-1.59547733333 286.964488365
-1.59047466667 287.128855513
-1.585472 286.997514972
-1.58046933333 287.108974132
-1.57546666667 286.991832968
-1.570464 287.118710452
-1.56546133333 286.973645412
-1.56045866667 287.105499357
-1.555456 286.987176125
-1.55045333333 287.123441971
-1.54545066667 286.997809932
-1.540448 287.059322625
-1.53544533333 286.955316154
-1.53044266667 287.071111038
-1.52544 286.993043084
-1.52043733333 287.088138477
-1.51543466667 287.046841757
-1.510432 287.142841934
-1.50542933333 287.041978248
-1.50042666667 287.181129485
-1.495424 287.117934841
-1.49042133333 287.242689627
-1.48541866667 287.183659607
-1.480416 287.329797154
-1.47541333333 287.25860194
-1.47041066667 287.450051531
-1.465408 287.300014454
-1.46040533333 287.479598294
-1.45540266667 287.388511109
-1.4504 287.484429882
-1.44539733333 287.439615527
-1.44039466667 287.592495275
-1.435392 287.529058897
-1.43038933333 287.703342639
-1.42538666667 287.589762227
-1.420384 287.70394078
-1.41538133333 287.603118483
-1.41037866667 287.78119195
-1.405376 287.702741659
-1.40037333333 287.832368198
-1.39537066667 287.724742006
-1.390368 287.87270212
-1.38536533333 287.759072497
-1.38036266667 287.886307707
-1.37536 287.778978755
-1.37035733333 287.901274939
-1.36535466667 287.774460759
-1.360352 287.947782026
-1.35534933333 287.847499717
-1.35034666667 287.930025058
-1.345344 287.849312388
-1.34034133333 287.894773721
-1.33533866667 287.782207815
-1.330336 287.914280121
-1.32533333333 287.753440511
-1.32033066667 287.824272854
-1.315328 287.749858471
-1.31032533333 287.860090554
-1.30532266667 287.734625088
-1.30032 287.827275978
-1.29531733333 287.673274162
-1.29031466667 287.749022643
-1.285312 287.647206358
-1.28030933333 287.747949703
-1.27530666667 287.591955601
-1.270304 287.712803811
-1.26530133333 287.615054254
-1.26029866667 287.648477387
-1.255296 287.603252871
-1.25029333333 287.644421995
-1.24529066667 287.475172821
-1.240288 287.582141238
-1.23528533333 287.45989629
-1.23028266667 287.551654151
-1.22528 287.439295896
-1.22027733333 287.538782507
-1.21527466667 287.387179834
-1.210272 287.442569134
-1.20526933333 287.374399323
-1.20026666667 287.43330357
-1.195264 287.312680369
-1.19026133333 287.351667813
-1.18525866667 287.297137313
-1.180256 287.305056873
-1.17525333333 287.219566828
-1.17025066667 287.304135928
-1.165248 287.221660428
-1.16024533333 287.298764638
-1.15524266667 287.188396396
-1.15024 287.232759079
-1.14523733333 287.156265013
-1.14023466667 287.221937423
-1.135232 287.106840906
-1.13022933333 287.166711727
-1.12522666667 287.044857168
-1.120224 287.121744716
-1.11522133333 286.956137551
-1.11021866667 287.024692076
-1.105216 286.907035819
-1.10021333333 287.00308096
-1.09521066667 286.892386903
-1.090208 286.97270795
-1.08520533333 286.836724267
-1.08020266667 286.913381077
-1.0752 286.794187388
-1.07019733333 286.925271012
-1.06519466667 286.773413018
-1.060192 286.906266138
-1.05518933333 286.808286218
-1.05018666667 286.936110864
-1.045184 286.838677095
-1.04018133333 286.907924851
-1.03517866667 286.827682707
-1.030176 286.939015766
-1.02517333333 286.88154762
-1.02017066667 286.960383155
-1.015168 286.897949996
-1.01016533333 287.044529987
-1.00516266667 286.918895269
-1.00016 287.075937818
-0.995157333333 286.964820721
-0.990154666667 287.104194601
-0.985152 287.004776066
-0.980149333333 287.210121297
-0.975146666667 287.093024945
-0.970144 287.20037733
-0.965141333333 287.152208601
-0.960138666667 287.261283018
-0.955136 287.20865098
-0.950133333333 287.350856728
-0.945130666667 287.276566014
-0.940128 287.398811584
-0.935125333333 287.346469317
-0.930122666667 287.456718221
-0.92512 287.426591073
-0.920117333333 287.515852134
-0.915114666667 287.468340929
-0.910112 287.596875843
-0.905109333333 287.493431403
-0.900106666667 287.618879905
-0.895104 287.533582498
-0.890101333333 287.617849377
-0.885098666667 287.570932667
-0.880096 287.660682133
-0.875093333333 287.523847141
-0.870090666667 287.72323691
-0.865088 287.590662226
-0.860085333333 287.730742126
-0.855082666667 287.596165345
-0.85008 287.684663714
-0.845077333333 287.584588396
-0.840074666667 287.683541696
-0.835072 287.534415941
-0.830069333333 287.641499267
-0.825066666667 287.494370271
-0.820064 287.598150741
-0.815061333333 287.48845726
-0.810058666667 287.603433099
-0.805056 287.514019714
-0.800053333333 287.620798049
-0.795050666667 287.481677449
-0.790048 287.549261955
-0.785045333333 287.422610064
-0.780042666667 287.562795836
-0.77504 287.411536406
-0.770037333333 287.47505026
-0.765034666667 287.359177416
-0.760032 287.390851148
-0.755029333333 287.306011549
-0.750026666667 287.356383911
-0.745024 287.241732967
-0.740021333333 287.318941875
-0.735018666667 287.192059265
-0.730016 287.264027988
-0.725013333333 287.171421829
-0.720010666667 287.214904502
-0.715008 287.104721062
-0.710005333333 287.182279463
-0.705002666667 287.029530914
-0.7 287.089956614
-0.694997333333 286.995629428
-0.689994666667 287.115862321
-0.684992 286.994893853
-0.679989333333 287.036461368
-0.674986666667 286.967870688
-0.669984 287.013309221
-0.664981333333 286.894939906
-0.659978666667 287.021302488
-0.654976 286.931767632
-0.649973333333 287.017551199
-0.644970666667 286.90195426
-0.639968 287.024487433
-0.634965333333 286.929077631
-0.629962666667 286.994838665
-0.62496 286.899656192
-0.619957333333 286.955870045
-0.614954666667 286.86154649
-0.609952 287.008954874
-0.604949333333 286.888030579
-0.599946666667 286.950119995
-0.594944 286.884124754
-0.589941333333 286.982202507
-0.584938666667 286.852313854
-0.579936 286.950311682
-0.574933333333 286.901572303
-0.569930666667 286.980197274
-0.564928 286.82249505
-0.559925333333 286.876412726
-0.554922666667 286.75662226
-0.54992 286.820949225
-0.544917333333 286.750783434
-0.539914666667 286.820491495
-0.534912 286.686879383
-0.529909333333 286.795521696
-0.524906666667 286.688852117
-0.519904 286.73182018
-0.514901333333 286.649921085
-0.509898666667 286.742371291
-0.504896 286.586317764
-0.499893333333 286.7110574
-0.494890666667 286.584885518
-0.489888 286.714062638
-0.484885333333 286.579839109
-0.479882666667 286.660235469
-0.47488 286.541731612
-0.469877333333 286.645562258
-0.464874666667 286.493033646
-0.459872 286.582324427
-0.454869333333 286.480139595
-0.449866666667 286.577547921
-0.444864 286.445826691
-0.439861333333 286.529956242
-0.434858666667 286.442049128
-0.429856 286.501017817
-0.424853333333 286.407210601
-0.419850666667 286.482325858
-0.414848 286.368297049
-0.409845333333 286.50658225
-0.404842666667 286.367035791
-0.39984 286.466406614
-0.394837333333 286.351521745
-0.389834666667 286.456823838
-0.384832 286.335017858
-0.379829333333 286.467003179
-0.374826666667 286.355918167
-0.369824 286.427515027
-0.364821333333 286.326381477
-0.359818666667 286.424470998
-0.354816 286.336800159
-0.349813333333 286.387912045
-0.344810666667 286.34496484
-0.339808 286.455686209
-0.334805333333 286.314038932
-0.329802666667 286.415837519
-0.3248 286.313361158
-0.319797333333 286.392734272
-0.314794666667 286.278886034
-0.309792 286.373539767
-0.304789333333 286.289469275
-0.299786666667 286.352981209
-0.294784 286.261066078
-0.289781333333 286.396330091
-0.284778666667 286.257933313
-0.279776 286.34782276
-0.274773333333 286.251595832
-0.269770666667 286.356122725
-0.264768 286.214221205
-0.259765333333 286.321149599
-0.254762666667 286.226052104
-0.24976 286.267266401
-0.244757333333 286.199058508
-0.239754666667 286.270634448
-0.234752 286.194923619
-0.229749333333 286.345285525
-0.224746666667 286.190940016
-0.219744 286.291102735
-0.214741333333 286.231247793
-0.209738666667 286.33572241
-0.204736 286.1751281
-0.199733333333 286.278261634
-0.194730666667 286.194473544
-0.189728 286.222550995
-0.184725333333 286.150088334
-0.179722666667 286.242862028
-0.17472 286.121088632
-0.169717333333 286.223142996
-0.164714666667 286.11773535
-0.159712 286.17546073
-0.154709333333 286.118230384
-0.149706666667 286.172154878
-0.144704 286.111441734
-0.139701333333 286.184566182
-0.134698666667 286.088880052
-0.129696 286.159259078
-0.124693333333 286.025932714
-0.119690666667 286.110276429
-0.114688 286.00374191
-0.109685333333 286.113135088
-0.104682666667 285.980773347
-0.09968 286.057430663
-0.0946773333333 285.923861191
-0.0896746666667 286.051895017
-0.084672 285.914341104
-0.0796693333333 286.035415324
-0.0746666666667 285.92409607
-0.069664 285.979765503
-0.0646613333333 285.890405137
-0.0596586666667 285.956690245
-0.054656 285.89351503
-0.0496533333333 286.03567924
-0.0446506666667 285.926036182
-0.039648 286.005800941
-0.0346453333333 285.906248486
-0.0296426666667 285.970522031
-0.02464 285.909654626
-0.0196373333333 285.992412315
-0.0146346666667 285.884204645
-0.009632 285.968020898
-0.00462933333333 285.872792691
