（-9.08947,2），（-5.63763,2.5），（-2.0157,1.5）
-9.99995733333 283.187257484
-9.99495466667 283.240540995
-9.989952 283.170393207
-9.98494933333 283.225658869
-9.97994666667 283.161111314
-9.974944 283.241036675
-9.96994133333 283.124816536
-9.96493866667 283.220587792
-9.959936 283.153130785
-9.95493333333 283.220534316
-9.94993066667 283.118079254
-9.944928 283.172602578
-9.93992533333 283.123180673
-9.93492266667 283.192147033
-9.92992 283.028661727
-9.92491733333 283.115792984
-9.91991466667 283.00686395
-9.914912 283.137403834
-9.90990933333 283.05089197
-9.90490666667 283.077860066
-9.899904 282.999151508
-9.89490133333 283.139168169
-9.88989866667 283.016564369
-9.884896 282.97824107
-9.87989333333 282.952261722
-9.87489066667 282.968506612
-9.869888 282.837963828
-9.86488533333 282.883296788
-9.85988266667 282.797538558
-9.85488 282.847050462
-9.84987733333 282.69138515
-9.84487466667 282.841495086
-9.839872 282.629469863
-9.83486933333 282.77567922
-9.82986666667 282.626914071
-9.824864 282.707972577
-9.81986133333 282.629990792
-9.81485866667 282.6531053
-9.809856 282.513374721
-9.80485333333 282.565882908
-9.79985066667 282.515981669
-9.794848 282.622151538
-9.78984533333 282.462515163
-9.78484266667 282.505441835
-9.77984 282.424718934
-9.77483733333 282.456485352
-9.76983466667 282.390912363
-9.764832 282.439419263
-9.75982933333 282.382135125
-9.75482666667 282.4571043
-9.749824 282.287301511
-9.74482133333 282.387522946
-9.73981866667 282.386975569
-9.734816 282.441700332
-9.72981333333 282.308269652
-9.72481066667 282.351009574
-9.719808 282.288980274
-9.71480533333 282.387754307
-9.70980266667 282.245124508
-9.7048 282.394466977
-9.69979733333 282.252890198
-9.69479466667 282.299212575
-9.689792 282.206340798
-9.68478933333 282.402549385
-9.67978666667 282.239875701
-9.674784 282.288589362
-9.66978133333 282.215053072
-9.66477866667 282.326804139
-9.659776 282.375848028
-9.65477333333 282.375078813
-9.64977066667 282.252824688
-9.644768 282.228535807
-9.63976533333 282.269918115
-9.63476266667 282.330762111
-9.62976 282.209527042
-9.62475733333 282.301008469
-9.61975466667 282.204848088
-9.614752 282.364212012
-9.60974933333 282.308122081
-9.60474666667 282.394573642
-9.599744 282.36825678
-9.59474133333 282.378692322
-9.58973866667 282.290982596
-9.584736 282.419670417
-9.57973333333 282.4011306
-9.57473066667 282.466851699
-9.569728 282.425783462
-9.56472533333 282.469890463
-9.55972266667 282.381702143
-9.55472 282.494315503
-9.54971733333 282.407144661
-9.54471466667 282.528806731
-9.539712 282.503701752
-9.53470933333 282.680725712
-9.52970666667 282.536476638
-9.524704 282.618439843
-9.51970133333 282.58461749
-9.51469866667 282.67835676
-9.509696 282.551499394
-9.50469333333 282.671036055
-9.49969066667 282.616199606
-9.494688 282.719795024
-9.48968533333 282.668680485
-9.48468266667 282.737539005
-9.47968 282.686438267
-9.47467733333 282.802968832
-9.46967466667 282.670102065
-9.464672 282.844512528
-9.45966933333 282.822118396
-9.45466666667 282.90098291
-9.449664 282.825287776
-9.44466133333 282.906755405
-9.43965866667 282.846825996
-9.434656 282.93496526
-9.42965333333 282.864835957
-9.42465066667 283.000003936
-9.419648 282.95396719
-9.41464533333 283.029194537
-9.40964266667 282.964804085
-9.40464 283.057820738
-9.39963733333 283.038294174
-9.39463466667 283.10927125
-9.389632 283.028260092
-9.38462933333 283.136207626
-9.37962666667 283.085445865
-9.374624 283.19456616
-9.36962133333 283.113425382
-9.36461866667 283.186199137
-9.359616 283.131721719
-9.35461333333 283.233647348
-9.34961066667 283.1745888
-9.344608 283.228771812
-9.33960533333 283.205564633
-9.33460266667 283.285103662
-9.3296 283.210934674
-9.32459733333 283.293518816
-9.31959466667 283.284922896
-9.314592 283.338240065
-9.30958933333 283.266039155
-9.30458666667 283.354303487
-9.299584 283.312008418
-9.29458133333 283.382818247
-9.28957866667 283.281465503
-9.284576 283.348894079
-9.27957333333 283.29724416
-9.27457066667 283.343996896
-9.269568 283.24515217
-9.26456533333 283.363840111
-9.25956266667 283.279325061
-9.25456 283.328683598
-9.24955733333 283.220913711
-9.24455466667 283.25673362
-9.239552 283.173143937
-9.23454933333 283.233996902
-9.22954666667 283.126869131
-9.224544 283.189924424
-9.21954133333 283.118327847
-9.21453866667 283.142458421
-9.209536 283.044999641
-9.20453333333 283.087473914
-9.19953066667 283.05263717
-9.194528 283.108853665
-9.18952533333 283.05664293
-9.18452266667 283.121589154
-9.17952 283.046201534
-9.17451733333 283.15655282
-9.16951466667 283.025741533
-9.164512 283.142003262
-9.15950933333 283.094481917
-9.15450666667 283.170947631
-9.149504 283.055221615
-9.14450133333 283.189386503
-9.13949866667 283.15383582
-9.134496 283.1997311
-9.12949333333 283.107578519
-9.12449066667 283.204462942
-9.119488 283.141015333
-9.11448533333 283.224464557
-9.10948266667 283.149758121
-9.10448 283.189113938
-9.09947733333 283.144730764
-9.09447466667 283.242130262
-9.089472 283.163408364
-9.08446933333 283.206157603
-9.07946666667 283.160714603
-9.074464 283.247032801
-9.06946133333 283.159343844
-9.06445866667 283.276898035
-9.059456 283.148269436
-9.05445333333 283.228471677
-9.04945066667 283.129892384
-9.044448 283.224621319
-9.03944533333 283.153000342
-9.03444266667 283.262347776
-9.02944 283.190225623
-9.02443733333 283.215389203
-9.01943466667 283.187339647
-9.014432 283.294280093
-9.00942933333 283.218370454
-9.00442666667 283.29121227
-8.999424 283.244553442
-8.99442133333 283.348816799
-8.98941866667 283.305653844
-8.984416 283.401577187
-8.97941333333 283.367983763
-8.97441066667 283.509280343
-8.969408 283.391635671
-8.96440533333 283.563105396
-8.95940266667 283.500851197
-8.9544 283.636066016
-8.94939733333 283.599861674
-8.94439466667 283.691262104
-8.939392 283.684355812
-8.93438933333 283.784481806
-8.92938666667 283.711802597
-8.924384 283.826127732
-8.91938133333 283.805002538
-8.91437866667 283.957418497
-8.909376 283.893351568
-8.90437333333 284.033055239
-8.89937066667 283.996024725
-8.894368 284.148225786
-8.88936533333 284.100821906
-8.88436266667 284.209294418
-8.87936 284.209355219
-8.87435733333 284.371260546
-8.86935466667 284.301929552
-8.864352 284.464480159
-8.85934933333 284.519728187
-8.85434666667 284.610800405
-8.849344 284.598329624
-8.84434133333 284.736686785
-8.83933866667 284.77662171
-8.834336 284.899743108
-8.82933333333 284.911544687
-8.82433066667 285.09215789
-8.819328 285.138912282
-8.81432533333 285.340431587
-8.80932266667 285.359166174
-8.80432 285.519777053
-8.79931733333 285.505216489
-8.79431466667 285.603290062
-8.789312 285.562843304
-8.78430933333 285.66519002
-8.77930666667 285.657309157
-8.774304 285.77302169
-8.76930133333 285.740714705
-8.76429866667 285.840511353
-8.759296 285.809682817
-8.75429333333 285.901691795
-8.74929066667 285.867639176
-8.744288 285.938490155
-8.73928533333 285.924209926
-8.73428266667 285.993901465
-8.72928 285.911398541
-8.72427733333 285.974367266
-8.71927466667 285.925383559
-8.714272 285.99381821
-8.70926933333 285.888504931
-8.70426666667 285.976596138
-8.699264 285.940900756
-8.69426133333 286.005916575
-8.68925866667 285.973529783
-8.684256 286.049751752
-8.67925333333 286.058504941
-8.67425066667 286.140356114
-8.669248 286.053793313
-8.66424533333 286.129841153
-8.65924266667 286.172539165
-8.65424 286.273018352
-8.64923733333 286.252391422
-8.64423466667 286.338613869
-8.639232 286.283700376
-8.63422933333 286.350825633
-8.62922666667 286.312182565
-8.624224 286.380735132
-8.61922133333 286.369841537
-8.61421866667 286.452888361
-8.609216 286.417031739
-8.60421333333 286.473160431
-8.59921066667 286.460097248
-8.594208 286.584647618
-8.58920533333 286.493302142
-8.58420266667 286.596438012
-8.5792 286.573176182
-8.57419733333 286.683285907
-8.56919466667 286.599575874
-8.564192 286.713837686
-8.55918933333 286.717351594
-8.55418666667 286.795590022
-8.549184 286.721865626
-8.54418133333 286.829676864
-8.53917866667 286.801611773
-8.534176 286.8596017
-8.52917333333 286.789265758
-8.52417066667 286.881573209
-8.519168 286.807529895
-8.51416533333 286.870397009
-8.50916266667 286.740589458
-8.50416 286.804199104
-8.49915733333 286.764829065
-8.49415466667 286.787895387
-8.489152 286.671302715
-8.48414933333 286.688271767
-8.47914666667 286.574683155
-8.474144 286.545592497
-8.46914133333 286.356568363
-8.46413866667 286.422744267
-8.459136 286.299144366
-8.45413333333 286.288260104
-8.44913066667 286.11343472
-8.444128 286.114305303
-8.43912533333 285.982541486
-8.43412266667 285.979795058
-8.42912 285.774684464
-8.42411733333 285.761796921
-8.41911466667 285.637765979
-8.414112 285.631698317
-8.40910933333 285.43653635
-8.40410666667 285.48473684
-8.399104 285.301221746
-8.39410133333 285.310584949
-8.38909866667 285.131299905
-8.384096 285.147133252
-8.37909333333 285.009093466
-8.37409066667 285.030638653
-8.369088 284.889308556
-8.36408533333 284.921983272
-8.35908266667 284.773910266
-8.35408 284.804278805
-8.34907733333 284.640176749
-8.34407466667 284.630966057
-8.339072 284.551129288
-8.33406933333 284.608698729
-8.32906666667 284.452162158
-8.324064 284.519243404
-8.31906133333 284.386134265
-8.31405866667 284.42272829
-8.309056 284.315474711
-8.30405333333 284.368621879
-8.29905066667 284.290591755
-8.294048 284.33458363
-8.28904533333 284.205391804
-8.28404266667 284.224619739
-8.27904 284.173246795
-8.27403733333 284.208786555
-8.26903466667 284.072538516
-8.264032 284.131552018
-8.25902933333 284.045964049
-8.25402666667 284.078852869
-8.249024 283.967177674
-8.24402133333 284.044079436
-8.23901866667 283.879711974
-8.234016 283.976937877
-8.22901333333 283.853807155
-8.22401066667 283.940021915
-8.219008 283.892583347
-8.21400533333 283.914214911
-8.20900266667 283.826513176
-8.204 283.906183428
-8.19899733333 283.809533916
-8.19399466667 283.902747834
-8.188992 283.781668599
-8.18398933333 283.82248788
-8.17898666667 283.789290895
-8.173984 283.865403667
-8.16898133333 283.738387485
-8.16397866667 283.844062044
-8.158976 283.764349473
-8.15397333333 283.8170835
-8.14897066667 283.699261705
-8.143968 283.776673594
-8.13896533333 283.694809142
-8.13396266667 283.786093152
-8.12896 283.684703768
-8.12395733333 283.745254881
-8.11895466667 283.68595839
-8.113952 283.737676778
-8.10894933333 283.643215561
-8.10394666667 283.745411203
-8.098944 283.686663194
-8.09394133333 283.76507748
-8.08893866667 283.640575774
-8.083936 283.730821979
-8.07893333333 283.642814992
-8.07393066667 283.77011068
-8.068928 283.662688342
-8.06392533333 283.74012211
-8.05892266667 283.703507153
-8.05392 283.823501566
-8.04891733333 283.705599332
-8.04391466667 283.833531096
-8.038912 283.767552754
-8.03390933333 283.889108461
-8.02890666667 283.825337498
-8.023904 283.949440648
-8.01890133333 283.937019776
-8.01389866667 284.092508488
-8.008896 284.03035425
-8.00389333333 284.152761466
-7.99889066667 284.098673393
-7.993888 284.254608015
-7.98888533333 284.174253368
-7.98388266667 284.331964171
-7.97888 284.271193854
-7.97387733333 284.417793104
-7.96887466667 284.341106827
-7.963872 284.48159834
-7.95886933333 284.445719444
-7.95386666667 284.542384456
-7.948864 284.430429786
-7.94386133333 284.582835632
-7.93885866667 284.50874831
-7.933856 284.59083228
-7.92885333333 284.493091574
-7.92385066667 284.630215386
-7.918848 284.558719388
-7.91384533333 284.66433895
-7.90884266667 284.595444664
-7.90384 284.719007215
-7.89883733333 284.704400503
-7.89383466667 284.875172736
-7.888832 284.909811628
-7.88382933333 285.117602699
-7.87882666667 285.200221299
-7.873824 285.409679205
-7.86882133333 285.491831938
-7.86381866667 285.772904687
-7.858816 285.877561355
-7.85381333333 286.118448489
-7.84881066667 286.203840547
-7.843808 286.441389044
-7.83880533333 286.541707093
-7.83380266667 286.807578925
-7.8288 286.844521611
-7.82379733333 287.104860262
-7.81879466667 287.10645832
-7.813792 287.316394444
-7.80878933333 287.255483667
-7.80378666667 287.409057267
-7.798784 287.338174863
-7.79378133333 287.444539968
-7.78877866667 287.361249173
-7.783776 287.482987759
-7.77877333333 287.398352153
-7.77377066667 287.516801809
-7.768768 287.391475396
-7.76376533333 287.422466572
-7.75876266667 287.38290162
-7.75376 287.442239477
-7.74875733333 287.338343288
-7.74375466667 287.415080712
-7.738752 287.308045262
-7.73374933333 287.352468117
-7.72874666667 287.236564582
-7.723744 287.283763885
-7.71874133333 287.163523609
-7.71373866667 287.206187049
-7.708736 287.065345565
-7.70373333333 287.164491656
-7.69873066667 287.04016093
-7.693728 287.110520406
-7.68872533333 286.980626162
-7.68372266667 287.01687733
-7.67872 286.92347221
-7.67371733333 287.021305081
-7.66871466667 286.893994648
-7.663712 286.986394148
-7.65870933333 286.907958528
-7.65370666667 286.989030892
-7.648704 286.835914375
-7.64370133333 286.944037289
-7.63869866667 286.851241285
-7.633696 286.976365921
-7.62869333333 286.830947735
-7.62369066667 286.909036647
-7.618688 286.81545997
-7.61368533333 286.925110528
-7.60868266667 286.771501962
-7.60368 286.877514124
-7.59867733333 286.80099453
-7.59367466667 286.892167473
-7.588672 286.804291115
-7.58366933333 286.866447349
-7.57866666667 286.788948505
-7.573664 286.841082105
-7.56866133333 286.739345891
-7.56365866667 286.854936715
-7.558656 286.736741934
-7.55365333333 286.821859516
-7.54865066667 286.720059116
-7.543648 286.76881575
-7.53864533333 286.734175278
-7.53364266667 286.866403674
-7.52864 286.750923808
-7.52363733333 286.831051654
-7.51863466667 286.766871219
-7.513632 286.886251743
-7.50862933333 286.789610427
-7.50362666667 286.928205752
-7.498624 286.870859027
-7.49362133333 287.001500737
-7.48861866667 286.893081339
-7.483616 287.018324643
-7.47861333333 286.985460383
-7.47361066667 287.093886208
-7.468608 286.992969873
-7.46360533333 287.074232491
-7.45860266667 287.011415799
-7.4536 287.1225989
-7.44859733333 287.036552406
-7.44359466667 287.103890372
-7.438592 287.005255671
-7.43358933333 287.070542151
-7.42858666667 286.982641318
-7.423584 287.080994995
-7.41858133333 286.994372149
-7.41357866667 287.094759224
-7.408576 286.987305402
-7.40357333333 287.060473156
-7.39857066667 286.96965789
-7.393568 287.07433531
-7.38856533333 286.939472698
-7.38356266667 287.024478523
-7.37856 286.888764215
-7.37355733333 286.979277683
-7.36855466667 286.834616016
-7.363552 286.945684337
-7.35854933333 286.827915951
-7.35354666667 286.87864346
-7.348544 286.736867035
-7.34354133333 286.797154352
-7.33853866667 286.691696703
-7.333536 286.739525255
-7.32853333333 286.565372352
-7.32353066667 286.596480204
-7.318528 286.430436093
-7.31352533333 286.404044478
-7.30852266667 286.200689742
-7.30352 286.171983347
-7.29851733333 285.962776409
-7.29351466667 285.859779841
-7.288512 285.613581504
-7.28350933333 285.585240458
-7.27850666667 285.399742487
-7.273504 285.392215935
-7.26850133333 285.242309399
-7.26349866667 285.244741408
-7.258496 285.098147004
-7.25349333333 285.086902564
-7.24849066667 284.940505988
-7.243488 284.913185542
-7.23848533333 284.758637716
-7.23348266667 284.759015608
-7.22848 284.579406535
-7.22347733333 284.591972408
-7.21847466667 284.462950184
-7.213472 284.535533715
-7.20846933333 284.355285084
-7.20346666667 284.402226037
-7.198464 284.280239057
-7.19346133333 284.295805676
-7.18845866667 284.157267113
-7.183456 284.183054275
-7.17845333333 284.054427659
-7.17345066667 284.117363861
-7.168448 283.967934234
-7.16344533333 284.005592304
-7.15844266667 283.881915416
-7.15344 283.947649669
-7.14843733333 283.788371777
-7.14343466667 283.826886579
-7.138432 283.727241781
-7.13342933333 283.790524472
-7.12842666667 283.634095508
-7.123424 283.743176732
-7.11842133333 283.595215893
-7.11341866667 283.651429403
-7.108416 283.500956116
-7.10341333333 283.565060675
-7.09841066667 283.490594176
-7.093408 283.519424285
-7.08840533333 283.395532553
-7.08340266667 283.459941179
-7.0784 283.352043494
-7.07339733333 283.417646742
-7.06839466667 283.267745747
-7.063392 283.350691343
-7.05838933333 283.220531404
-7.05338666667 283.273007754
-7.048384 283.17743935
-7.04338133333 283.186169736
-7.03837866667 283.098001591
-7.033376 283.161506145
-7.02837333333 283.019980806
-7.02337066667 283.064250702
-7.018368 282.982652463
-7.01336533333 283.041879767
-7.00836266667 282.875472532
-7.00336 282.993343466
-6.99835733333 282.853994532
-6.99335466667 282.949946459
-6.988352 282.822846693
-6.98334933333 282.903522285
-6.97834666667 282.813028399
-6.973344 282.869472277
-6.96834133333 282.754051191
-6.96333866667 282.824399125
-6.958336 282.73900353
-6.95333333333 282.846836876
-6.94833066667 282.71597984
-6.943328 282.816097053
-6.93832533333 282.734016508
-6.93332266667 282.81384808
-6.92832 282.693504302
-6.92331733333 282.786056638
-6.91831466667 282.721142441
-6.913312 282.767378858
-6.90830933333 282.713629087
-6.90330666667 282.733402343
-6.898304 282.648094957
-6.89330133333 282.744974768
-6.88829866667 282.629318085
-6.883296 282.700913266
-6.87829333333 282.62246928
-6.87329066667 282.700261495
-6.868288 282.615923522
-6.86328533333 282.660574488
-6.85828266667 282.622240534
-6.85328 282.66699369
-6.84827733333 282.609614241
-6.84327466667 282.669344878
-6.838272 282.566463959
-6.83326933333 282.651923176
-6.82826666667 282.555540614
-6.823264 282.665501054
-6.81826133333 282.596500912
-6.81325866667 282.712976127
-6.808256 282.595994776
-6.80325333333 282.679276157
-6.79825066667 282.623392651
-6.793248 282.704985519
-6.78824533333 282.630874033
-6.78324266667 282.707814387
-6.77824 282.603575859
-6.77323733333 282.691596241
-6.76823466667 282.547611122
-6.763232 282.698018343
-6.75822933333 282.575289723
-6.75322666667 282.683854672
-6.748224 282.564515326
-6.74322133333 282.622483498
-6.73821866667 282.505843965
-6.733216 282.62348284
-6.72821333333 282.489091266
-6.72321066667 282.60064014
-6.718208 282.519518712
-6.71320533333 282.618292487
-6.70820266667 282.468115766
-6.7032 282.524518475
-6.69819733333 282.483722841
-6.69319466667 282.559185477
-6.688192 282.486755976
-6.68318933333 282.585884157
-6.67818666667 282.480945582
-6.673184 282.625191832
-6.66818133333 282.502104614
-6.66317866667 282.648383467
-6.658176 282.597805552
-6.65317333333 282.745354093
-6.64817066667 282.633505205
-6.643168 282.775444295
-6.63816533333 282.70300823
-6.63316266667 282.782172258
-6.62816 282.709173562
-6.62315733333 282.840848249
-6.61815466667 282.746994029
-6.613152 282.911049006
-6.60814933333 282.774748773
-6.60314666667 282.923641221
-6.598144 282.83591072
-6.59314133333 282.972516722
-6.58813866667 282.890315081
-6.583136 282.983938402
-6.57813333333 282.888093267
-6.57313066667 282.992230855
-6.568128 282.900409304
-6.56312533333 283.039507635
-6.55812266667 282.951453473
-6.55312 283.110727436
-6.54811733333 282.987665525
-6.54311466667 283.065038872
-6.538112 283.028350484
-6.53310933333 283.121635817
-6.52810666667 283.026580937
-6.523104 283.114039083
-6.51810133333 283.015195705
-6.51309866667 283.087127129
-6.508096 282.959387191
-6.50309333333 283.015263881
-6.49809066667 282.927597877
-6.493088 283.042329724
-6.48808533333 282.923170447
-6.48308266667 283.014633035
-6.47808 282.901147362
-6.47307733333 282.990196271
-6.46807466667 282.838854426
-6.463072 282.939965868
-6.45806933333 282.751103676
-6.45306666667 282.919836246
-6.448064 282.827053317
-6.44306133333 282.893309199
-6.43805866667 282.818363343
-6.433056 282.891602276
-6.42805333333 282.788704082
-6.42305066667 282.845189945
-6.418048 282.733782422
-6.41304533333 282.860950102
-6.40804266667 282.755988423
-6.40304 282.891858946
-6.39803733333 282.774244818
-6.39303466667 282.89876333
-6.388032 282.789595054
-6.38302933333 282.866823771
-6.37802666667 282.766604581
-6.373024 282.906172037
-6.36802133333 282.795124106
-6.36301866667 282.963388923
-6.358016 282.743721187
-6.35301333333 282.913060348
-6.34801066667 282.813361955
-6.343008 282.877816029
-6.33800533333 282.797217594
-6.33300266667 282.917368638
-6.328 282.767149905
-6.32299733333 282.838568807
-6.31799466667 282.814246648
-6.312992 282.858231866
-6.30798933333 282.725019462
-6.30298666667 282.852129644
-6.297984 282.798544446
-6.29298133333 282.85291125
-6.28797866667 282.730213855
-6.282976 282.816668776
-6.27797333333 282.765298158
-6.27297066667 282.841101481
-6.267968 282.736144657
-6.26296533333 282.837733116
-6.25796266667 282.745155277
-6.25296 282.853798842
-6.24795733333 282.747720629
-6.24295466667 282.831679412
-6.237952 282.741271677
-6.23294933333 282.832507163
-6.22794666667 282.724324118
-6.222944 282.830158034
-6.21794133333 282.706093226
-6.21293866667 282.836250361
-6.207936 282.728174085
-6.20293333333 282.823998419
-6.19793066667 282.75073382
-6.192928 282.837941398
-6.18792533333 282.71480979
-6.18292266667 282.811989973
-6.17792 282.724458267
-6.17291733333 282.849822803
-6.16791466667 282.748027701
-6.162912 282.8368207
-6.15790933333 282.725296884
-6.15290666667 282.832224861
-6.147904 282.682282622
-6.14290133333 282.843068519
-6.13789866667 282.717600005
-6.132896 282.865936229
-6.12789333333 282.73282456
-6.12289066667 282.834888093
-6.117888 282.767209288
-6.11288533333 282.882137463
-6.10788266667 282.74870162
-6.10288 282.849054506
-6.09787733333 282.787354677
-6.09287466667 282.911072585
-6.087872 282.815249304
-6.08286933333 282.927183217
-6.07786666667 282.830789375
-6.072864 282.949588326
-6.06786133333 282.826147552
-6.06285866667 282.944248855
-6.057856 282.852390521
-6.05285333333 282.991558309
-6.04785066667 282.842362765
-6.042848 282.91413498
-6.03784533333 282.830874782
-6.03284266667 282.974290309
-6.02784 282.841695287
-6.02283733333 282.970726387
-6.01783466667 282.908882374
-6.012832 282.985831493
-6.00782933333 282.868853266
-6.00282666667 282.99473262
-5.997824 282.913502681
-5.99282133333 283.037002519
-5.98781866667 282.930099181
-5.982816 283.052217333
-5.97781333333 282.910811296
-5.97281066667 283.05925247
-5.967808 282.945536998
-5.96280533333 283.06259308
-5.95780266667 282.957005061
-5.9528 283.050703769
-5.94779733333 282.936335984
-5.94279466667 283.013745868
-5.937792 282.957612376
-5.93278933333 283.058619208
-5.92778666667 282.928255917
-5.922784 283.040236627
-5.91778133333 282.914779518
-5.91277866667 283.043642475
-5.907776 282.899009614
-5.90277333333 283.025648928
-5.89777066667 282.959305981
-5.892768 283.048136123
-5.88776533333 282.920252055
-5.88276266667 283.02222729
-5.87776 282.924671092
-5.87275733333 282.963989396
-5.86775466667 282.841881942
-5.862752 282.915182561
-5.85774933333 282.748278207
-5.85274666667 282.83304975
-5.847744 282.675719679
-5.84274133333 282.769339635
-5.83773866667 282.622431508
-5.832736 282.708845182
-5.82773333333 282.559628108
-5.82273066667 282.642805104
-5.817728 282.546860669
-5.81272533333 282.641960143
-5.80772266667 282.503842531
-5.80272 282.613303108
-5.79771733333 282.515618865
-5.79271466667 282.588252526
-5.787712 282.466811575
-5.78270933333 282.586714501
-5.77770666667 282.473256143
-5.772704 282.615918381
-5.76770133333 282.48793371
-5.76269866667 282.613117127
-5.757696 282.515237454
-5.75269333333 282.604635603
-5.74769066667 282.49077645
-5.742688 282.6149278
-5.73768533333 282.523377831
-5.73268266667 282.67468668
-5.72768 282.549634049
-5.72267733333 282.672495368
-5.71767466667 282.585382169
-5.712672 282.676702439
-5.70766933333 282.580491326
-5.70266666667 282.713867009
-5.697664 282.609398393
-5.69266133333 282.721813919
-5.68765866667 282.643764646
-5.682656 282.766129839
-5.67765333333 282.677155173
-5.67265066667 282.841442899
-5.667648 282.753380501
-5.66264533333 282.863201476
-5.65764266667 282.809670162
-5.65264 282.986832381
-5.64763733333 282.901125461
-5.64263466667 282.997525235
-5.637632 282.934582343
-5.63262933333 283.035481546
-5.62762666667 282.940204646
-5.622624 283.067102315
-5.61762133333 282.99861388
-5.61261866667 283.147996607
-5.607616 283.037525994
-5.60261333333 283.156553721
-5.59761066667 283.037926815
-5.592608 283.090127475
-5.58760533333 282.951580967
-5.58260266667 283.029435872
-5.5776 282.932404321
-5.57259733333 283.025368456
-5.56759466667 282.851912735
-5.562592 282.923919302
-5.55758933333 282.828759203
-5.55258666667 282.83422086
-5.547584 282.719921091
-5.54258133333 282.751804302
-5.53757866667 282.596240885
-5.532576 282.634028215
-5.52757333333 282.448620301
-5.52257066667 282.505372193
-5.517568 282.408708174
-5.51256533333 282.549751373
-5.50756266667 282.506645417
-5.50256 282.711504306
-5.49755733333 282.822958721
-5.49255466667 283.157255712
-5.487552 283.314446518
-5.48254933333 283.69235633
-5.47754666667 283.940282829
-5.472544 284.319973701
-5.46754133333 284.541724713
-5.46253866667 284.909351633
-5.457536 285.104025136
-5.45253333333 285.331513431
-5.44753066667 285.350538345
-5.442528 285.531343926
-5.43752533333 285.521905426
-5.43252266667 285.671477525
-5.42752 285.582254844
-5.42251733333 285.728829819
-5.41751466667 285.649844963
-5.412512 285.794357679
-5.40750933333 285.654415043
-5.40250666667 285.760685506
-5.397504 285.719702518
-5.39250133333 285.82026112
-5.38749866667 285.65700381
-5.382496 285.780617635
-5.37749333333 285.672024209
-5.37249066667 285.781018916
-5.367488 285.714470027
-5.36248533333 285.886919151
-5.35748266667 285.770255637
-5.35248 285.974050487
-5.34747733333 285.895884582
-5.34247466667 286.095349432
-5.337472 286.056933996
-5.33246933333 286.233120727
-5.32746666667 286.20029373
-5.322464 286.393482105
-5.31746133333 286.334418414
-5.31245866667 286.520282552
-5.307456 286.419892561
-5.30245333333 286.615660417
-5.29745066667 286.601478202
-5.292448 286.773553423
-5.28744533333 286.68133556
-5.28244266667 286.865211913
-5.27744 286.76886591
-5.27243733333 286.918102733
-5.26743466667 286.847982145
-5.262432 286.977032633
-5.25742933333 286.920405831
-5.25242666667 287.075082617
-5.247424 286.969138595
-5.24242133333 287.153576524
-5.23741866667 287.069914355
-5.232416 287.250755379
-5.22741333333 287.164187891
-5.22241066667 287.297943017
-5.217408 287.250759359
-5.21240533333 287.427292899
-5.20740266667 287.35769332
-5.2024 287.494507993
-5.19739733333 287.411640795
-5.19239466667 287.494775001
-5.187392 287.395866819
-5.18238933333 287.491534558
-5.17738666667 287.420052446
-5.172384 287.546496887
-5.16738133333 287.428847457
-5.16237866667 287.546349747
-5.157376 287.463890086
-5.15237333333 287.575996855
-5.14737066667 287.449735521
-5.142368 287.57866725
-5.13736533333 287.498798936
-5.13236266667 287.564057013
-5.12736 287.450533056
-5.12235733333 287.572376101
-5.11735466667 287.463535585
-5.112352 287.576998605
-5.10734933333 287.431959081
-5.10234666667 287.563041091
-5.097344 287.435130583
-5.09234133333 287.511023122
-5.08733866667 287.420470539
-5.082336 287.508704473
-5.07733333333 287.379150652
-5.07233066667 287.466258355
-5.067328 287.350474299
-5.06232533333 287.450192678
-5.05732266667 287.338365985
-5.05232 287.415621083
-5.04731733333 287.305352336
-5.04231466667 287.408629239
-5.037312 287.276803941
-5.03230933333 287.383890174
-5.02730666667 287.243139117
-5.022304 287.372596674
-5.01730133333 287.277926057
-5.01229866667 287.409875374
-5.007296 287.274746525
-5.00229333333 287.386078825
-4.99729066667 287.290145828
-4.992288 287.416141306
-4.98728533333 287.287481508
-4.98228266667 287.449431669
-4.97728 287.347321234
-4.97227733333 287.479618127
-4.96727466667 287.341180587
-4.962272 287.477131164
-4.95726933333 287.393283712
-4.95226666667 287.516509692
-4.947264 287.439142716
-4.94226133333 287.53516071
-4.93725866667 287.483708063
-4.932256 287.628487817
-4.92725333333 287.486398834
-4.92225066667 287.653706533
-4.917248 287.530613605
-4.91224533333 287.655143677
-4.90724266667 287.50833533
-4.90224 287.644501903
-4.89723733333 287.486846778
-4.89223466667 287.585107758
-4.887232 287.480379701
-4.88222933333 287.577435628
-4.87722666667 287.475297486
-4.872224 287.528459619
-4.86722133333 287.410775626
-4.86221866667 287.51916708
-4.857216 287.435879781
-4.85221333333 287.473357362
-4.84721066667 287.318459852
-4.842208 287.421544724
-4.83720533333 287.323095538
-4.83220266667 287.391062294
-4.8272 287.257607642
-4.82219733333 287.355921813
-4.81719466667 287.236529789
-4.812192 287.347579107
-4.80718933333 287.220778848
-4.80218666667 287.281300283
-4.797184 287.194288425
-4.79218133333 287.282278282
-4.78717866667 287.161722008
-4.782176 287.245993863
-4.77717333333 287.096881926
-4.77217066667 287.255535639
-4.767168 287.118584179
-4.76216533333 287.224335809
-4.75716266667 287.077902744
-4.75216 287.132081429
-4.74715733333 287.016540574
-4.74215466667 287.092498606
-4.737152 286.991114314
-4.73214933333 287.062742984
-4.72714666667 286.892727018
-4.722144 287.022531221
-4.71714133333 286.895427149
-4.71213866667 286.984011321
-4.707136 286.843490823
-4.70213333333 286.85716654
-4.69713066667 286.771158059
-4.692128 286.831776353
-4.68712533333 286.725406337
-4.68212266667 286.79920224
-4.67712 286.694658927
-4.67211733333 286.781545658
-4.66711466667 286.681295535
-4.662112 286.749887492
-4.65710933333 286.601930952
-4.65210666667 286.725579012
-4.647104 286.590587865
-4.64210133333 286.690714204
-4.63709866667 286.583741993
-4.632096 286.687006283
-4.62709333333 286.549673448
-4.62209066667 286.651782873
-4.617088 286.527654597
-4.61208533333 286.60741075
-4.60708266667 286.453646136
-4.60208 286.577393278
-4.59707733333 286.443204159
-4.59207466667 286.566947857
-4.587072 286.395807257
-4.58206933333 286.517644282
-4.57706666667 286.336317245
-4.572064 286.438843067
-4.56706133333 286.305089835
-4.56205866667 286.411843442
-4.557056 286.308534852
-4.55205333333 286.442890946
-4.54705066667 286.255558627
-4.542048 286.303724277
-4.53704533333 286.161873206
-4.53204266667 286.236029138
-4.52704 286.086451022
-4.52203733333 286.12178741
-4.51703466667 285.973191314
-4.512032 286.07710325
-4.50702933333 285.920049711
-4.50202666667 285.972043847
-4.497024 285.853602546
-4.49202133333 285.95787963
-4.48701866667 285.80277802
-4.482016 285.881823946
-4.47701333333 285.73627185
-4.47201066667 285.810838954
-4.467008 285.630466678
-4.46200533333 285.682924651
-4.45700266667 285.542750701
-4.452 285.627001303
-4.44699733333 285.465924917
-4.44199466667 285.502911041
-4.436992 285.407695654
-4.43198933333 285.485049303
-4.42698666667 285.315273121
-4.421984 285.43322506
-4.41698133333 285.263608505
-4.41197866667 285.38105415
-4.406976 285.210389564
-4.40197333333 285.325599638
-4.39697066667 285.164796163
-4.391968 285.260252352
-4.38696533333 285.138714288
-4.38196266667 285.215977823
-4.37696 285.131663598
-4.37195733333 285.178258187
-4.36695466667 285.052627724
-4.361952 285.132399396
-4.35694933333 285.017744997
-4.35194666667 285.07606249
-4.346944 284.946414411
-4.34194133333 285.023919128
-4.33693866667 284.923145424
-4.331936 285.038797892
-4.32693333333 284.882988011
-4.32193066667 284.967331365
-4.316928 284.841746207
-4.31192533333 284.941910852
-4.30692266667 284.79756093
-4.30192 284.877009482
-4.29691733333 284.751782727
-4.29191466667 284.841925249
-4.286912 284.695051601
-4.28190933333 284.7288116
-4.27690666667 284.602459019
-4.271904 284.677785528
-4.26690133333 284.577220818
-4.26189866667 284.652658343
-4.256896 284.529430583
-4.25189333333 284.656938871
-4.24689066667 284.487945375
-4.241888 284.588137203
-4.23688533333 284.451622502
-4.23188266667 284.577818056
-4.22688 284.423319801
-4.22187733333 284.517030404
-4.21687466667 284.422014725
-4.211872 284.509683452
-4.20686933333 284.354486234
-4.20186666667 284.487794792
-4.196864 284.322352625
-4.19186133333 284.438603423
-4.18685866667 284.301256636
-4.181856 284.392618421
-4.17685333333 284.296912998
-4.17185066667 284.401325601
-4.166848 284.254656603
-4.16184533333 284.346372358
-4.15684266667 284.234503789
-4.15184 284.283479162
-4.14683733333 284.212203355
-4.14183466667 284.277155472
-4.136832 284.194795407
-4.13182933333 284.290817462
-4.12682666667 284.173897869
-4.121824 284.281203804
-4.11682133333 284.141643436
-4.11181866667 284.290209982
-4.106816 284.154789576
-4.10181333333 284.272032519
-4.09681066667 284.133254878
-4.091808 284.329255944
-4.08680533333 284.213892865
-4.08180266667 284.329641236
-4.0768 284.208838061
-4.07179733333 284.352077484
-4.06679466667 284.256677532
-4.061792 284.362404513
-4.05678933333 284.291516199
-4.05178666667 284.408600135
-4.046784 284.226315052
-4.04178133333 284.364725413
-4.03677866667 284.328258177
-4.031776 284.397681481
-4.02677333333 284.298638209
-4.02177066667 284.384512596
-4.016768 284.340518347
-4.01176533333 284.490421791
-4.00676266667 284.394160116
-4.00176 284.526319207
-3.99675733333 284.436828282
-3.99175466667 284.607558576
-3.986752 284.436023192
-3.98174933333 284.590366225
-3.97674666667 284.48951371
-3.971744 284.630723347
-3.96674133333 284.528239269
-3.96173866667 284.659824023
-3.956736 284.573475003
-3.95173333333 284.701405199
-3.94673066667 284.646873876
-3.941728 284.774481514
-3.93672533333 284.701343446
-3.93172266667 284.813678354
-3.92672 284.709270687
-3.92171733333 284.859300569
-3.91671466667 284.778726592
-3.911712 284.921856864
-3.90670933333 284.829701681
-3.90170666667 284.959004002
-3.896704 284.911063917
-3.89170133333 285.023220692
-3.88669866667 284.951296166
-3.881696 285.127643446
-3.87669333333 285.072945251
-3.87169066667 285.242820463
-3.866688 285.179754436
-3.86168533333 285.384087091
-3.85668266667 285.341680716
-3.85168 285.537555394
-3.84667733333 285.533480172
-3.84167466667 285.744303302
-3.836672 285.7492344
-3.83166933333 286.035398162
-3.82666666667 285.976253444
-3.821664 286.219731041
-3.81666133333 286.176396451
-3.81165866667 286.421450121
-3.806656 286.366150923
-3.80165333333 286.517261556
-3.79665066667 286.468305457
-3.791648 286.64519812
-3.78664533333 286.540387934
-3.78164266667 286.745402192
-3.77664 286.706732529
-3.77163733333 286.877799442
-3.76663466667 286.781193944
-3.761632 286.942570348
-3.75662933333 286.852473959
-3.75162666667 286.964435176
-3.746624 286.87066321
-3.74162133333 287.014793236
-3.73661866667 286.895428562
-3.731616 287.077413817
-3.72661333333 286.944068059
-3.72161066667 287.163105536
-3.716608 287.033018346
-3.71160533333 287.228258382
-3.70660266667 287.085784493
-3.7016 287.257044205
-3.69659733333 287.167539457
-3.69159466667 287.286626025
-3.686592 287.170574296
-3.68158933333 287.285560896
-3.67658666667 287.192528114
-3.671584 287.277246118
-3.66658133333 287.097588267
-3.66157866667 287.191445097
-3.656576 287.065046442
-3.65157333333 287.174846256
-3.64657066667 287.014457748
-3.641568 287.054723552
-3.63656533333 286.877205401
-3.63156266667 286.972708226
-3.62656 286.804121729
-3.62155733333 286.931303164
-3.61655466667 286.766477467
-3.611552 286.860927763
-3.60654933333 286.718953967
-3.60154666667 286.83689119
-3.596544 286.723895552
-3.59154133333 286.816257223
-3.58653866667 286.702973095
-3.581536 286.865237599
-3.57653333333 286.70694673
-3.57153066667 286.799787305
-3.566528 286.687310022
-3.56152533333 286.846993369
-3.55652266667 286.734117431
-3.55152 286.890928021
-3.54651733333 286.773916773
-3.54151466667 286.875351902
-3.536512 286.813021988
-3.53150933333 286.893154729
-3.52650666667 286.808330699
-3.521504 286.955232156
-3.51650133333 286.854093004
-3.51149866667 287.021877965
-3.506496 286.890435473
-3.50149333333 287.069673546
-3.49649066667 286.996169208
-3.491488 287.119886354
-3.48648533333 286.995488904
-3.48148266667 287.10173204
-3.47648 287.026109538
-3.47147733333 287.166667956
-3.46647466667 286.998430245
-3.461472 287.15990109
-3.45646933333 287.108925145
-3.45146666667 287.174669867
-3.446464 287.093537769
-3.44146133333 287.218451054
-3.43645866667 287.111980947
-3.431456 287.216787231
-3.42645333333 287.093428602
-3.42145066667 287.189315326
-3.416448 287.123951724
-3.41144533333 287.198195743
-3.40644266667 287.067926555
-3.40144 287.165726983
-3.39643733333 287.024063526
-3.39143466667 287.154874525
-3.386432 286.997072708
-3.38142933333 287.094019171
-3.37642666667 286.969339766
-3.371424 287.021314486
-3.36642133333 286.895846733
-3.36141866667 286.962555733
-3.356416 286.84235934
-3.35141333333 286.901802382
-3.34641066667 286.744184387
-3.341408 286.834143168
-3.33640533333 286.659301217
-3.33140266667 286.75212383
-3.3264 286.588165861
-3.32139733333 286.664952995
-3.31639466667 286.528443535
-3.311392 286.614573285
-3.30638933333 286.4532721
-3.30138666667 286.514442876
-3.296384 286.350720954
-3.29138133333 286.473411881
-3.28637866667 286.284399924
-3.281376 286.327530157
-3.27637333333 286.200788418
-3.27137066667 286.265009957
-3.266368 286.145981116
-3.26136533333 286.16305256
-3.25636266667 286.064098363
-3.25136 286.127909738
-3.24635733333 285.945504128
-3.24135466667 286.004922895
-3.236352 285.852224507
-3.23134933333 285.943990066
-3.22634666667 285.770627367
-3.221344 285.871579412
-3.21634133333 285.759159453
-3.21133866667 285.863570022
-3.206336 285.704268385
-3.20133333333 285.793580851
-3.19633066667 285.646119226
-3.191328 285.750224158
-3.18632533333 285.583946478
-3.18132266667 285.622691988
-3.17632 285.54459042
-3.17131733333 285.550580003
-3.16631466667 285.405512162
-3.161312 285.473039435
-3.15630933333 285.311774322
-3.15130666667 285.351089626
-3.146304 285.20476376
-3.14130133333 285.240171833
-3.13629866667 285.066126091
-3.131296 285.119388151
-3.12629333333 284.927639928
-3.12129066667 285.020689375
-3.116288 284.845185758
-3.11128533333 284.889944809
-3.10628266667 284.692777915
-3.10128 284.749117651
-3.09627733333 284.592935725
-3.09127466667 284.617281609
-3.086272 284.435400153
-3.08126933333 284.517488345
-3.07626666667 284.393251195
-3.071264 284.411087394
-3.06626133333 284.298030292
-3.06125866667 284.337095392
-3.056256 284.187434611
-3.05125333333 284.265116816
-3.04625066667 284.041133142
-3.041248 284.103046531
-3.03624533333 283.939777878
-3.03124266667 284.001528508
-3.02624 283.832022952
-3.02123733333 283.883702403
-3.01623466667 283.759480362
-3.011232 283.781934917
-3.00622933333 283.643654573
-3.00122666667 283.752825876
-2.996224 283.538121796
-2.99122133333 283.634471473
-2.98621866667 283.504130694
-2.981216 283.554097447
-2.97621333333 283.464055865
-2.97121066667 283.504686353
-2.966208 283.352392333
-2.96120533333 283.453109858
-2.95620266667 283.339231464
-2.9512 283.411162678
-2.94619733333 283.374137218
-2.94119466667 283.372876363
-2.936192 283.263036342
-2.93118933333 283.330905464
-2.92618666667 283.171718944
-2.921184 283.31904511
-2.91618133333 283.179912407
-2.91117866667 283.290412561
-2.906176 283.135827014
-2.90117333333 283.215104429
-2.89617066667 283.132177238
-2.891168 283.216863349
-2.88616533333 283.091816502
-2.88116266667 283.168767895
-2.87616 283.058732299
-2.87115733333 283.155730999
-2.86615466667 283.000385092
-2.861152 283.098281776
-2.85614933333 282.982308338
-2.85114666667 283.113873844
-2.846144 282.938519203
-2.84114133333 283.010372351
-2.83613866667 282.930052374
-2.831136 283.017693726
-2.82613333333 282.874247081
-2.82113066667 282.987076736
-2.816128 282.847372371
-2.81112533333 283.012704802
-2.80612266667 282.871064214
-2.80112 282.983774173
-2.79611733333 282.901068807
-2.79111466667 282.96344542
-2.786112 282.871259726
-2.78110933333 282.972353198
-2.77610666667 282.869161404
-2.771104 282.982694025
-2.76610133333 282.87907324
-2.76109866667 282.991062824
-2.756096 282.87149031
-2.75109333333 282.981062425
-2.74609066667 282.865064536
-2.741088 282.921487063
-2.73608533333 282.870650163
-2.73108266667 282.998420668
-2.72608 282.871772902
-2.72107733333 282.965678973
-2.71607466667 282.892777027
-2.711072 282.992709666
-2.70606933333 282.855546266
-2.70106666667 282.946432847
-2.696064 282.856729381
-2.69106133333 282.939039054
-2.68605866667 282.833600712
-2.681056 282.928679823
-2.67605333333 282.800169705
-2.67105066667 282.916727021
-2.666048 282.807153302
-2.66104533333 282.860946699
-2.65604266667 282.78940797
-2.65104 282.876626144
-2.64603733333 282.767671016
-2.64103466667 282.869901563
-2.636032 282.765794886
-2.63102933333 282.819382609
-2.62602666667 282.742277648
-2.621024 282.81812119
-2.61602133333 282.701230696
-2.61101866667 282.834357754
-2.606016 282.728914228
-2.60101333333 282.81779587
-2.59601066667 282.750500642
-2.591008 282.819560392
-2.58600533333 282.709069592
-2.58100266667 282.803248265
-2.576 282.702433626
-2.57099733333 282.804823073
-2.56599466667 282.680242681
-2.560992 282.746218797
-2.55598933333 282.65248431
-2.55098666667 282.737775603
-2.545984 282.645380697
-2.54098133333 282.781075727
-2.53597866667 282.637260534
-2.530976 282.764015085
-2.52597333333 282.660558719
-2.52097066667 282.719288216
-2.515968 282.628055431
-2.51096533333 282.763466871
-2.50596266667 282.588284426
-2.50096 282.750664962
-2.49595733333 282.622985805
-2.49095466667 282.763526962
-2.485952 282.605606122
-2.48094933333 282.713332987
-2.47594666667 282.610654583
-2.470944 282.712715038
-2.46594133333 282.588870574
-2.46093866667 282.71789316
-2.455936 282.60735336
-2.45093333333 282.714525401
-2.44593066667 282.592435328
-2.440928 282.620811319
-2.43592533333 282.590493254
-2.43092266667 282.680231963
-2.42592 282.541963666
-2.42091733333 282.618880186
-2.41591466667 282.557327991
-2.410912 282.650821911
-2.40590933333 282.501292977
-2.40090666667 282.600442536
-2.395904 282.503307257
-2.39090133333 282.596865745
-2.38589866667 282.470182016
-2.380896 282.551898005
-2.37589333333 282.475451481
-2.37089066667 282.570620991
-2.365888 282.450003331
-2.36088533333 282.612217335
-2.35588266667 282.427060931
-2.35088 282.551100366
-2.34587733333 282.428109517
-2.34087466667 282.537303129
-2.335872 282.426373584
-2.33086933333 282.523949648
-2.32586666667 282.435737621
-2.320864 282.497768607
-2.31586133333 282.423733895
-2.31085866667 282.477510528
-2.305856 282.375572932
-2.30085333333 282.494806831
-2.29585066667 282.414277913
-2.290848 282.471861057
-2.28584533333 282.353252417
-2.28084266667 282.441415869
-2.27584 282.362636704
-2.27083733333 282.509907837
-2.26583466667 282.356551254
-2.260832 282.461943729
-2.25582933333 282.328797543
-2.25082666667 282.46411956
-2.245824 282.321030715
-2.24082133333 282.377786933
-2.23581866667 282.23430668
-2.230816 282.390631662
-2.22581333333 282.270673808
-2.22081066667 282.315828303
-2.215808 282.238951842
-2.21080533333 282.31250947
-2.20580266667 282.193109199
-2.2008 282.312877401
-2.19579733333 282.201639585
-2.19079466667 282.291058573
-2.185792 282.158667534
-2.18078933333 282.27156469
-2.17578666667 282.184301345
-2.170784 282.274687685
-2.16578133333 282.140314071
-2.16077866667 282.219106718
-2.155776 282.182099727
-2.15077333333 282.272342003
-2.14577066667 282.185338687
-2.140768 282.275405438
-2.13576533333 282.177011674
-2.13076266667 282.273806956
-2.12576 282.156524127
-2.12075733333 282.296338478
-2.11575466667 282.171968189
-2.110752 282.279811143
-2.10574933333 282.177865417
-2.10074666667 282.313406595
-2.095744 282.169835607
-2.09074133333 282.277476719
-2.08573866667 282.170483645
-2.080736 282.314211985
-2.07573333333 282.219445431
-2.07073066667 282.328414073
-2.065728 282.225288668
-2.06072533333 282.39992489
-2.05572266667 282.229255031
-2.05072 282.400412329
-2.04571733333 282.32022435
-2.04071466667 282.466190342
-2.035712 282.418355699
-2.03070933333 282.523539604
-2.02570666667 282.458000713
-2.020704 282.616375479
-2.01570133333 282.538196905
-2.01069866667 282.703665598
-2.005696 282.590681543
-2.00069333333 282.708087975
-1.99569066667 282.592863338
-1.990688 282.734471503
-1.98568533333 282.602155989
-1.98068266667 282.695390577
-1.97568 282.615668173
-1.97067733333 282.762076169
-1.96567466667 282.660014037
-1.960672 282.766317722
-1.95566933333 282.687825389
-1.95066666667 282.831742941
-1.945664 282.692436895
-1.94066133333 282.804135953
-1.93565866667 282.758016291
-1.930656 282.885321385
-1.92565333333 282.796714686
-1.92065066667 282.933537282
-1.915648 282.85059915
-1.91064533333 282.998358402
-1.90564266667 282.887329715
-1.90064 283.027316534
-1.89563733333 282.906263702
-1.89063466667 283.079136365
-1.885632 282.912407507
-1.88062933333 283.085460306
-1.87562666667 282.995894598
-1.870624 283.111746049
-1.86562133333 283.013770609
-1.86061866667 283.174446295
-1.855616 283.07237933
-1.85061333333 283.134999013
-1.84561066667 282.993681544
-1.840608 283.090353803
-1.83560533333 283.006621629
-1.83060266667 283.087186891
-1.8256 282.97903294
-1.82059733333 283.091716629
-1.81559466667 282.965391974
-1.810592 283.062247064
-1.80558933333 282.880985503
-1.80058666667 282.986944574
-1.795584 282.862342989
-1.79058133333 282.975928922
-1.78557866667 282.851791277
-1.780576 282.956352954
-1.77557333333 282.927564325
-1.77057066667 283.12084823
-1.765568 283.110587696
-1.76056533333 283.438517163
-1.75556266667 283.572028726
-1.75056 284.047347789
-1.74555733333 284.167123216
-1.74055466667 284.600779869
-1.735552 284.809656666
-1.73054933333 285.1995707
-1.72554666667 285.349767593
-1.720544 285.668846322
-1.71554133333 285.708666144
-1.71053866667 285.928793878
-1.705536 285.824086454
-1.70053333333 285.897677181
-1.69553066667 285.798068573
-1.690528 285.891266991
-1.68552533333 285.78196636
-1.68052266667 285.909327767
-1.67552 285.858651576
-1.67051733333 285.961045836
-1.66551466667 285.904668671
-1.660512 286.008956868
-1.65550933333 285.930636284
-1.65050666667 286.055665614
-1.645504 285.983177675
-1.64050133333 286.133688704
-1.63549866667 286.080541685
-1.630496 286.268811262
-1.62549333333 286.229699569
-1.62049066667 286.371942935
-1.615488 286.310746759
-1.61048533333 286.497158229
-1.60548266667 286.430844591
-1.60048 286.59355382
-1.59547733333 286.56256865
-1.59047466667 286.788928802
-1.585472 286.691597463
-1.58046933333 286.859172044
-1.57546666667 286.814955828
-1.570464 286.97059378
-1.56546133333 286.885514909
-1.56045866667 287.027072814
-1.555456 286.877529042
-1.55045333333 287.122084303
-1.54545066667 287.030411341
-1.540448 287.112230244
-1.53544533333 287.072675194
-1.53044266667 287.177999902
-1.52544 287.077472566
-1.52043733333 287.174479421
-1.51543466667 287.075901022
-1.510432 287.200711466
-1.50542933333 287.087953346
-1.50042666667 287.166342197
-1.495424 287.068642128
-1.49042133333 287.216288462
-1.48541866667 287.070784194
-1.480416 287.265114875
-1.47541333333 287.167093257
-1.47041066667 287.305222557
-1.465408 287.211704707
-1.46040533333 287.333098024
-1.45540266667 287.276877271
-1.4504 287.371483397
-1.44539733333 287.29789
-1.44039466667 287.433071537
-1.435392 287.37036079
-1.43038933333 287.49242403
-1.42538666667 287.420974387
-1.420384 287.502895702
-1.41538133333 287.442611061
-1.41037866667 287.573701589
-1.405376 287.448093063
-1.40037333333 287.582996465
-1.39537066667 287.522323565
-1.390368 287.620572787
-1.38536533333 287.510870287
-1.38036266667 287.638238409
-1.37536 287.51759694
-1.37035733333 287.664569049
-1.36535466667 287.520709211
-1.360352 287.62753995
-1.35534933333 287.579475793
-1.35034666667 287.625218303
-1.345344 287.499015846
-1.34034133333 287.62507336
-1.33533866667 287.528141713
-1.330336 287.606698422
-1.32533333333 287.441666984
-1.32033066667 287.539004661
-1.315328 287.40915823
-1.31032533333 287.488750209
-1.30532266667 287.331371407
-1.30032 287.393505063
-1.29531733333 287.298114564
-1.29031466667 287.400782053
-1.285312 287.218675652
-1.28030933333 287.329626601
-1.27530666667 287.169069028
-1.270304 287.266149261
-1.26530133333 287.160678292
-1.26029866667 287.22678675
-1.255296 287.070623221
-1.25029333333 287.197312357
-1.24529066667 287.059090034
-1.240288 287.12161929
-1.23528533333 286.946941426
-1.23028266667 286.999110673
-1.22528 286.89911194
-1.22027733333 287.036690064
-1.21527466667 286.962472412
-1.210272 287.078839253
-1.20526933333 286.963997535
-1.20026666667 287.01554322
-1.195264 286.921461015
-1.19026133333 286.985853744
-1.18525866667 286.840028481
-1.180256 286.891051511
-1.17525333333 286.78796786
-1.17025066667 286.895324038
-1.165248 286.732248239
-1.16024533333 286.790150997
-1.15524266667 286.63036488
-1.15024 286.687201441
-1.14523733333 286.510386897
-1.14023466667 286.51350263
-1.135232 286.339733988
-1.13022933333 286.401373312
-1.12522666667 286.256652102
-1.120224 286.314631514
-1.11522133333 286.160450069
-1.11021866667 286.229636315
-1.105216 286.014984036
-1.10021333333 286.125995657
-1.09521066667 285.949450812
-1.090208 286.035096556
-1.08520533333 285.849363421
-1.08020266667 285.898023644
-1.0752 285.80620135
-1.07019733333 285.918240579
-1.06519466667 285.734938258
-1.060192 285.828971327
-1.05518933333 285.717774189
-1.05018666667 285.801939042
-1.045184 285.619174015
-1.04018133333 285.688258824
-1.03517866667 285.52311617
-1.030176 285.675511094
-1.02517333333 285.487455485
-1.02017066667 285.595126114
-1.015168 285.407227018
-1.01016533333 285.502000373
-1.00516266667 285.354004345
-1.00016 285.409807888
-0.995157333333 285.269785536
-0.990154666667 285.345898473
-0.985152 285.210157362
-0.980149333333 285.259294992
-0.975146666667 285.135781893
-0.970144 285.19521547
-0.965141333333 285.060137108
-0.960138666667 285.152817771
-0.955136 285.009191525
-0.950133333333 285.100526295
-0.945130666667 284.933377415
-0.940128 285.009712104
-0.935125333333 284.867125555
-0.930122666667 284.9399036
-0.92512 284.75367718
-0.920117333333 284.777308417
-0.915114666667 284.665102288
-0.910112 284.707201996
-0.905109333333 284.517493812
-0.900106666667 284.57198375
-0.895104 284.39529099
-0.890101333333 284.417459436
-0.885098666667 284.294136003
-0.880096 284.31623162
-0.875093333333 284.165714529
-0.870090666667 284.240543018
-0.865088 284.053838589
-0.860085333333 284.164846504
-0.855082666667 283.930909382
-0.85008 284.043485332
-0.845077333333 283.929771527
-0.840074666667 284.010361493
-0.835072 283.886963162
-0.830069333333 283.964129609
-0.825066666667 283.735287239
-0.820064 283.840815762
-0.815061333333 283.665567681
-0.810058666667 283.764296439
-0.805056 283.60694148
-0.800053333333 283.713522104
-0.795050666667 283.533787104
-0.790048 283.596959611
-0.785045333333 283.448298635
-0.780042666667 283.47473661
-0.77504 283.401664653
-0.770037333333 283.411774141
-0.765034666667 283.3017773
-0.760032 283.365684997
-0.755029333333 283.219302746
-0.750026666667 283.32462576
-0.745024 283.216599922
-0.740021333333 283.304775503
-0.735018666667 283.136408852
-0.730016 283.222923627
-0.725013333333 283.047611689
-0.720010666667 283.16060562
-0.715008 283.054109915
-0.710005333333 283.117962846
-0.705002666667 282.938252821
-0.7 283.073569715
-0.694997333333 282.954553831
-0.689994666667 283.008368524
-0.684992 282.869013173
-0.679989333333 282.956127523
-0.674986666667 282.823724626
-0.669984 282.891565311
-0.664981333333 282.80219858
-0.659978666667 282.887403862
-0.654976 282.789916106
-0.649973333333 282.824411096
-0.644970666667 282.698161537
-0.639968 282.779576491
-0.634965333333 282.671727872
-0.629962666667 282.749857023
-0.62496 282.662778565
-0.619957333333 282.738056397
-0.614954666667 282.620977683
-0.609952 282.715962
-0.604949333333 282.58668399
-0.599946666667 282.672883308
-0.594944 282.585754492
-0.589941333333 282.703378484
-0.584938666667 282.541171067
-0.579936 282.665343989
-0.574933333333 282.535022005
-0.569930666667 282.632231103
-0.564928 282.497945633
-0.559925333333 282.600415914
-0.554922666667 282.454108758
-0.54992 282.59045498
-0.544917333333 282.501399841
-0.539914666667 282.598891017
-0.534912 282.459731875
-0.529909333333 282.557782124
-0.524906666667 282.409875364
-0.519904 282.506647656
-0.514901333333 282.413744925
-0.509898666667 282.511661142
-0.504896 282.372767262
-0.499893333333 282.455421869
-0.494890666667 282.344640372
-0.489888 282.434591864
-0.484885333333 282.341502872
-0.479882666667 282.458627286
-0.47488 282.346763307
-0.469877333333 282.500206797
-0.464874666667 282.341610797
-0.459872 282.471035594
-0.454869333333 282.302932502
-0.449866666667 282.453473993
-0.444864 282.308914112
-0.439861333333 282.435581384
-0.434858666667 282.308137149
-0.429856 282.43097987
-0.424853333333 282.273612669
-0.419850666667 282.355546179
-0.414848 282.249639786
-0.409845333333 282.35630859
-0.404842666667 282.227386362
-0.39984 282.341810058
-0.394837333333 282.229303688
-0.389834666667 282.337632738
-0.384832 282.203905023
-0.379829333333 282.340397704
-0.374826666667 282.210404785
-0.369824 282.279936765
-0.364821333333 282.15623431
-0.359818666667 282.228282304
-0.354816 282.162570763
-0.349813333333 282.281426707
-0.344810666667 282.126584667
-0.339808 282.198340824
-0.334805333333 282.107773503
-0.329802666667 282.229403866
-0.3248 282.074564875
-0.319797333333 282.192408151
-0.314794666667 282.110867966
-0.309792 282.202312344
-0.304789333333 282.081087969
-0.299786666667 282.18039163
-0.294784 282.088196214
-0.289781333333 282.15796149
-0.284778666667 282.040064699
-0.279776 282.144391709
-0.274773333333 282.048226501
-0.269770666667 282.194966829
-0.264768 282.073553866
-0.259765333333 282.167703746
-0.254762666667 282.071386544
-0.24976 282.151992572
-0.244757333333 282.044969125
-0.239754666667 282.150102485
-0.234752 281.99440013
-0.229749333333 282.147391058
-0.224746666667 282.032362939
-0.219744 282.085250316
-0.214741333333 282.006605746
-0.209738666667 282.108841351
-0.204736 281.976875008
-0.199733333333 282.037831091
-0.194730666667 281.991986323
-0.189728 282.090461262
-0.184725333333 281.975160155
-0.179722666667 282.095046864
-0.17472 281.985094007
-0.169717333333 282.103274097
-0.164714666667 282.014403251
-0.159712 282.117943839
-0.154709333333 282.005959691
-0.149706666667 282.08915346
-0.144704 281.949358592
-0.139701333333 282.062985715
-0.134698666667 281.940969392
-0.129696 282.09527876
-0.124693333333 281.972753892
-0.119690666667 282.054181518
-0.114688 281.955866325
-0.109685333333 282.078428922
-0.104682666667 281.924197078
-0.09968 282.04300854
-0.0946773333333 281.939775059
-0.0896746666667 282.049666463
-0.084672 281.89937348
-0.0796693333333 282.006814356
-0.0746666666667 281.920412686
-0.069664 282.003563071
-0.0646613333333 281.902055235
-0.0596586666667 282.006956811
-0.054656 281.881929956
-0.0496533333333 282.122282663
-0.0446506666667 281.871854142
-0.039648 282.000416701
-0.0346453333333 281.874855242
-0.0296426666667 281.984082854
-0.02464 281.88427774
-0.0196373333333 281.964600467
-0.0146346666667 281.875080268
-0.009632 282.04658435
-0.00462933333333 281.889321006
