（-9.3346,1.5），（-7.75376,1.5），（-5.5826,1.5），（-3.84668,1.5），（-1.6455,1.5）
-9.99995733333 294.333769526
-9.99495466667 294.280099525
-9.989952 294.374923496
-9.98494933333 294.248457776
-9.97994666667 294.338551042
-9.974944 294.276407498
-9.96994133333 294.374491921
-9.96493866667 294.26723228
-9.959936 294.355064442
-9.95493333333 294.315689225
-9.94993066667 294.365025783
-9.944928 294.266041341
-9.93992533333 294.373140987
-9.93492266667 294.260299466
-9.92992 294.371395875
-9.92491733333 294.232869192
-9.91991466667 294.360217081
-9.914912 294.285587902
-9.90990933333 294.373546762
-9.90490666667 294.250896809
-9.899904 294.328526599
-9.89490133333 294.239978247
-9.88989866667 294.333543296
-9.884896 294.245654823
-9.87989333333 294.309219998
-9.87489066667 294.257013967
-9.869888 294.329036447
-9.86488533333 294.218337142
-9.85988266667 294.295823347
-9.85488 294.213112127
-9.84987733333 294.271951337
-9.84487466667 294.174000793
-9.839872 294.241707078
-9.83486933333 294.191986416
-9.82986666667 294.25855094
-9.824864 294.170143191
-9.81986133333 294.239051267
-9.81485866667 294.187891714
-9.809856 294.285581968
-9.80485333333 294.187513349
-9.79985066667 294.278705993
-9.794848 294.225307545
-9.78984533333 294.284088877
-9.78484266667 294.204226786
-9.77984 294.313403793
-9.77483733333 294.252600897
-9.76983466667 294.315822859
-9.764832 294.241404347
-9.75982933333 294.265856891
-9.75482666667 294.212069334
-9.749824 294.298727906
-9.74482133333 294.208956428
-9.73981866667 294.254526673
-9.734816 294.237582096
-9.72981333333 294.315510528
-9.72481066667 294.206615649
-9.719808 294.275557961
-9.71480533333 294.243462834
-9.70980266667 294.286318137
-9.7048 294.187151653
-9.69979733333 294.262349433
-9.69479466667 294.208466028
-9.689792 294.280208223
-9.68478933333 294.164968333
-9.67978666667 294.258993127
-9.674784 294.184476217
-9.66978133333 294.263127556
-9.66477866667 294.191677742
-9.659776 294.2827676
-9.65477333333 294.19325378
-9.64977066667 294.247475707
-9.644768 294.153937712
-9.63976533333 294.224344157
-9.63476266667 294.208244186
-9.62976 294.288546994
-9.62475733333 294.215952852
-9.61975466667 294.265677149
-9.614752 294.207552358
-9.60974933333 294.260651455
-9.60474666667 294.173961245
-9.599744 294.249463724
-9.59474133333 294.195889208
-9.58973866667 294.265837948
-9.584736 294.154764186
-9.57973333333 294.21735388
-9.57473066667 294.189206596
-9.569728 294.26148697
-9.56472533333 294.182228936
-9.55972266667 294.241161729
-9.55472 294.2368812
-9.54971733333 294.258474325
-9.54471466667 294.164811067
-9.539712 294.194112554
-9.53470933333 294.230617028
-9.52970666667 294.320959235
-9.524704 294.259483206
-9.51970133333 294.322934915
-9.51469866667 294.26999595
-9.509696 294.349247012
-9.50469333333 294.298007781
-9.49969066667 294.347579651
-9.494688 294.274296173
-9.48968533333 294.355576636
-9.48468266667 294.233111464
-9.47968 294.349420502
-9.47467733333 294.295638886
-9.46967466667 294.371344253
-9.464672 294.315481242
-9.45966933333 294.370411094
-9.45466666667 294.297706577
-9.449664 294.376218885
-9.44466133333 294.274793221
-9.43965866667 294.343866602
-9.434656 294.29795765
-9.42965333333 294.393675013
-9.42465066667 294.266867737
-9.419648 294.346055113
-9.41464533333 294.308021804
-9.40964266667 294.395084245
-9.40464 294.318686202
-9.39963733333 294.392836024
-9.39463466667 294.348515239
-9.389632 294.393628921
-9.38462933333 294.333386228
-9.37962666667 294.399085327
-9.374624 294.397061168
-9.36962133333 294.436538418
-9.36461866667 294.387855961
-9.359616 294.467934138
-9.35461333333 294.427696766
-9.34961066667 294.468357623
-9.344608 294.395068982
-9.33960533333 294.496589197
-9.33460266667 294.480044537
-9.3296 294.503307153
-9.32459733333 294.441579686
-9.31959466667 294.491217147
-9.314592 294.452405571
-9.30958933333 294.510446982
-9.30458666667 294.458364631
-9.299584 294.534746647
-9.29458133333 294.46888399
-9.28957866667 294.563883997
-9.284576 294.507173562
-9.27957333333 294.570376821
-9.27457066667 294.511087263
-9.269568 294.622611574
-9.26456533333 294.549344631
-9.25956266667 294.598443351
-9.25456 294.582290044
-9.24955733333 294.629739161
-9.24455466667 294.561595533
-9.239552 294.642324294
-9.23454933333 294.642876837
-9.22954666667 294.665300156
-9.224544 294.586317876
-9.21954133333 294.749266625
-9.21453866667 294.662612061
-9.209536 294.726765898
-9.20453333333 294.692132449
-9.19953066667 294.748987558
-9.194528 294.770293038
-9.18952533333 294.8030345
-9.18452266667 294.765392526
-9.17952 294.817479801
-9.17451733333 294.792760004
-9.16951466667 294.859447627
-9.164512 294.826418256
-9.15950933333 294.907265894
-9.15450666667 294.859913752
-9.149504 294.897163394
-9.14450133333 294.844116657
-9.13949866667 294.90809528
-9.134496 294.818675626
-9.12949333333 294.925137346
-9.12449066667 294.84480152
-9.119488 294.877038092
-9.11448533333 294.840699037
-9.10948266667 294.928986459
-9.10448 294.83400674
-9.09947733333 294.922579298
-9.09447466667 294.904015066
-9.089472 294.976010912
-9.08446933333 294.960154026
-9.07946666667 295.095986642
-9.074464 295.087779048
-9.06946133333 295.200812693
-9.06445866667 295.232074158
-9.059456 295.395214893
-9.05445333333 295.636185626
-9.04945066667 295.943023323
-9.044448 296.253603083
-9.03944533333 296.743170075
-9.03444266667 297.136658035
-9.02944 297.756766468
-9.02443733333 298.323436013
-9.01943466667 298.965959611
-9.014432 299.561987803
-9.00942933333 300.225512221
-9.00442666667 300.784768788
-8.999424 301.336196885
-8.99442133333 301.797877007
-8.98941866667 302.353471974
-8.984416 302.624344856
-8.97941333333 303.021537559
-8.97441066667 303.269080939
-8.969408 303.527583953
-8.96440533333 303.628151316
-8.95940266667 303.865617332
-8.9544 303.929518177
-8.94939733333 304.101795368
-8.94439466667 304.12801833
-8.939392 304.181804216
-8.93438933333 304.215306394
-8.92938666667 304.245965427
-8.924384 304.11388346
-8.91938133333 304.176865589
-8.91437866667 304.14786722
-8.909376 304.118540487
-8.90437333333 304.059434775
-8.89937066667 304.108003735
-8.894368 304.069109864
-8.88936533333 304.095193896
-8.88436266667 303.980956505
-8.87936 304.00841721
-8.87435733333 303.915271825
-8.86935466667 303.979218121
-8.864352 303.90505962
-8.85934933333 303.909242668
-8.85434666667 303.882642145
-8.849344 303.961415086
-8.84434133333 303.845076042
-8.83933866667 303.924324014
-8.834336 303.911552387
-8.82933333333 304.013184116
-8.82433066667 303.958547385
-8.819328 304.061036435
-8.81432533333 304.077064135
-8.80932266667 304.171260932
-8.80432 304.192639685
-8.79931733333 304.285873096
-8.79431466667 304.333905984
-8.789312 304.422183888
-8.78430933333 304.450497589
-8.77930666667 304.564441842
-8.774304 304.644394182
-8.76930133333 304.74269957
-8.76429866667 304.763914666
-8.759296 304.869012921
-8.75429333333 304.95513533
-8.74929066667 305.074156352
-8.744288 305.063495121
-8.73928533333 305.195334392
-8.73428266667 305.236086036
-8.72928 305.260328766
-8.72427733333 305.335102982
-8.71927466667 305.421080579
-8.714272 305.427826082
-8.70926933333 305.524267833
-8.70426666667 305.485089037
-8.699264 305.598492657
-8.69426133333 305.587192273
-8.68925866667 305.641254328
-8.684256 305.572699571
-8.67925333333 305.59788228
-8.67425066667 305.552933872
-8.669248 305.595903624
-8.66424533333 305.565250621
-8.65924266667 305.554984341
-8.65424 305.527121527
-8.64923733333 305.473088083
-8.64423466667 305.392997738
-8.639232 305.389988539
-8.63422933333 305.309662362
-8.62922666667 305.336415665
-8.624224 305.206981678
-8.61922133333 305.216552748
-8.61421866667 305.144498655
-8.609216 305.153288339
-8.60421333333 305.058280493
-8.59921066667 305.118353447
-8.594208 305.083220484
-8.58920533333 305.087156447
-8.58420266667 304.961519959
-8.5792 304.989484071
-8.57419733333 304.903066373
-8.56919466667 304.89632832
-8.564192 304.819411678
-8.55918933333 304.781381766
-8.55418666667 304.706274692
-8.549184 304.675683473
-8.54418133333 304.544363178
-8.53917866667 304.479418218
-8.534176 304.356639864
-8.52917333333 304.324855389
-8.52417066667 304.188350836
-8.519168 304.066499793
-8.51416533333 303.910369335
-8.50916266667 303.829329112
-8.50416 303.709498389
-8.49915733333 303.587182871
-8.49415466667 303.452566304
-8.489152 303.388099686
-8.48414933333 303.227528219
-8.47914666667 303.152678312
-8.474144 303.002197399
-8.46914133333 302.877824312
-8.46413866667 302.714270282
-8.459136 302.608098045
-8.45413333333 302.451570107
-8.44913066667 302.379207704
-8.444128 302.180411928
-8.43912533333 302.153227118
-8.43412266667 301.900551857
-8.42912 301.801448563
-8.42411733333 301.587168376
-8.41911466667 301.39443392
-8.414112 301.165156333
-8.40910933333 301.031245334
-8.40410666667 300.832978534
-8.399104 300.740672449
-8.39410133333 300.618040091
-8.38909866667 300.556358378
-8.384096 300.405142556
-8.37909333333 300.356521724
-8.37409066667 300.238180255
-8.369088 300.189602401
-8.36408533333 300.052283395
-8.35908266667 299.946992091
-8.35408 299.829816546
-8.34907733333 299.762462853
-8.34407466667 299.571928624
-8.339072 299.507518125
-8.33406933333 299.35444365
-8.32906666667 299.229625702
-8.324064 299.067037282
-8.31906133333 298.906180449
-8.31405866667 298.760186617
-8.309056 298.6451548
-8.30405333333 298.479281833
-8.29905066667 298.43816299
-8.294048 298.374197215
-8.28904533333 298.276784872
-8.28404266667 298.180550471
-8.27904 298.169218694
-8.27403733333 298.079055818
-8.26903466667 298.03012913
-8.264032 297.93342757
-8.25902933333 297.890576391
-8.25402666667 297.81784159
-8.249024 297.751383922
-8.24402133333 297.628854666
-8.23901866667 297.55575142
-8.234016 297.460344087
-8.22901333333 297.411907475
-8.22401066667 297.277254276
-8.219008 297.196062438
-8.21400533333 297.100351612
-8.20900266667 297.017680555
-8.204 296.907672547
-8.19899733333 296.825067693
-8.19399466667 296.724466952
-8.188992 296.645321547
-8.18398933333 296.539007752
-8.17898666667 296.473242865
-8.173984 296.369907748
-8.16898133333 296.333561943
-8.16397866667 296.213086963
-8.158976 296.146072154
-8.15397333333 296.141986261
-8.14897066667 296.082579073
-8.143968 295.976120935
-8.13896533333 295.95440401
-8.13396266667 295.912234487
-8.12896 295.88726263
-8.12395733333 295.805835855
-8.11895466667 295.799337137
-8.113952 295.771132908
-8.10894933333 295.736108782
-8.10394666667 295.65536413
-8.098944 295.667477285
-8.09394133333 295.614801671
-8.08893866667 295.604445279
-8.083936 295.506702096
-8.07893333333 295.513289961
-8.07393066667 295.473111323
-8.068928 295.434327258
-8.06392533333 295.376199818
-8.05892266667 295.364365153
-8.05392 295.298564263
-8.04891733333 295.303137683
-8.04391466667 295.272116754
-8.038912 295.254780833
-8.03390933333 295.204357637
-8.02890666667 295.167362112
-8.023904 295.133894957
-8.01890133333 295.088207126
-8.01389866667 295.02988573
-8.008896 295.077663811
-8.00389333333 295.01705508
-7.99889066667 295.026033298
-7.993888 295.047927676
-7.98888533333 295.029064764
-7.98388266667 295.017562984
-7.97888 295.023937811
-7.97387733333 295.05515309
-7.96887466667 295.042027678
-7.963872 295.019349861
-7.95886933333 295.02877329
-7.95386666667 295.017497282
-7.948864 295.039635731
-7.94386133333 295.020529173
-7.93885866667 295.038999399
-7.933856 295.065522497
-7.92885333333 295.016828222
-7.92385066667 295.020883397
-7.918848 294.991962419
-7.91384533333 294.988572087
-7.90884266667 294.982511983
-7.90384 294.981988921
-7.89883733333 294.934895167
-7.89383466667 294.941739682
-7.888832 294.944458827
-7.88382933333 294.927524983
-7.87882666667 294.901329183
-7.873824 294.894425359
-7.86882133333 294.918101109
-7.86381866667 294.861407304
-7.858816 294.907373054
-7.85381333333 294.948297876
-7.84881066667 294.935420678
-7.843808 294.896497752
-7.83880533333 294.952099118
-7.83380266667 295.0129594
-7.8288 295.024531924
-7.82379733333 295.047458308
-7.81879466667 295.044711491
-7.813792 295.069660274
-7.80878933333 295.09126355
-7.80378666667 295.092126451
-7.798784 295.115739902
-7.79378133333 295.184979235
-7.78877866667 295.161285088
-7.783776 295.176334707
-7.77877333333 295.203584555
-7.77377066667 295.186059451
-7.768768 295.224584658
-7.76376533333 295.209300395
-7.75876266667 295.200100417
-7.75376 295.185103981
-7.74875733333 295.21396991
-7.74375466667 295.20883851
-7.738752 295.214276687
-7.73374933333 295.299779669
-7.72874666667 295.242538004
-7.723744 295.25246123
-7.71874133333 295.259547538
-7.71373866667 295.34302282
-7.708736 295.334049859
-7.70373333333 295.313027011
-7.69873066667 295.343879966
-7.693728 295.396240146
-7.68872533333 295.393246291
-7.68372266667 295.43363635
-7.67872 295.472774033
-7.67371733333 295.495422185
-7.66871466667 295.52549816
-7.663712 295.575062305
-7.65870933333 295.620427801
-7.65370666667 295.62362112
-7.648704 295.692217821
-7.64370133333 295.70351494
-7.63869866667 295.767938529
-7.633696 295.808902756
-7.62869333333 295.826648824
-7.62369066667 295.847771924
-7.618688 295.862936173
-7.61368533333 295.942421406
-7.60868266667 295.95069247
-7.60368 295.974806207
-7.59867733333 296.002301654
-7.59367466667 296.041802713
-7.588672 296.067435893
-7.58366933333 296.089243513
-7.57866666667 296.075792541
-7.573664 296.122735018
-7.56866133333 296.121070502
-7.56365866667 296.144492836
-7.558656 296.155698592
-7.55365333333 296.14647204
-7.54865066667 296.162213865
-7.543648 296.134309276
-7.53864533333 296.136836415
-7.53364266667 296.179938316
-7.52864 296.149434073
-7.52363733333 296.118620182
-7.51863466667 296.211398294
-7.513632 296.18728523
-7.50862933333 296.211896464
-7.50362666667 296.230182306
-7.498624 296.278443393
-7.49362133333 296.411086118
-7.48861866667 296.54571364
-7.483616 296.801954647
-7.47861333333 297.164954788
-7.47361066667 297.647906426
-7.468608 298.220530991
-7.46360533333 298.934318919
-7.45860266667 299.740406555
-7.4536 300.624742206
-7.44859733333 301.413349877
-7.44359466667 302.172090119
-7.438592 302.824917698
-7.43358933333 303.447450105
-7.42858666667 303.870734403
-7.423584 304.224371177
-7.41858133333 304.481558922
-7.41357866667 304.735558214
-7.408576 304.932238818
-7.40357333333 305.079368984
-7.39857066667 305.209755556
-7.393568 305.383906945
-7.38856533333 305.529055349
-7.38356266667 305.674148156
-7.37856 305.807735391
-7.37355733333 305.922619426
-7.36855466667 306.022524498
-7.363552 306.102849988
-7.35854933333 306.138239703
-7.35354666667 306.236474418
-7.348544 306.241638804
-7.34354133333 306.283037577
-7.33853866667 306.280981995
-7.333536 306.309006351
-7.32853333333 306.288675045
-7.32353066667 306.270442356
-7.318528 306.261825351
-7.31352533333 306.231966028
-7.30852266667 306.130153351
-7.30352 306.117929063
-7.29851733333 306.058975234
-7.29351466667 306.106202741
-7.288512 306.077031098
-7.28350933333 306.108057673
-7.27850666667 306.063755871
-7.273504 306.126227358
-7.26850133333 306.056420907
-7.26349866667 306.080944857
-7.258496 306.020109105
-7.25349333333 305.982292713
-7.24849066667 305.964352261
-7.243488 305.945386605
-7.23848533333 305.913136827
-7.23348266667 305.945972907
-7.22848 305.870601384
-7.22347733333 305.906691987
-7.21847466667 305.824999596
-7.213472 305.855028078
-7.20846933333 305.742925217
-7.20346666667 305.73720322
-7.198464 305.687569744
-7.19346133333 305.616769216
-7.18845866667 305.60480734
-7.183456 305.579409771
-7.17845333333 305.583741688
-7.17345066667 305.621341344
-7.168448 305.562271254
-7.16344533333 305.618795884
-7.15844266667 305.558648569
-7.15344 305.597088154
-7.14843733333 305.576820177
-7.14343466667 305.617052414
-7.138432 305.574423678
-7.13342933333 305.590849852
-7.12842666667 305.604725159
-7.123424 305.628141221
-7.11842133333 305.586793918
-7.11341866667 305.613014381
-7.108416 305.583656419
-7.10341333333 305.636702003
-7.09841066667 305.57681496
-7.093408 305.60962705
-7.08840533333 305.55091885
-7.08340266667 305.546491562
-7.0784 305.513915672
-7.07339733333 305.481757219
-7.06839466667 305.458169835
-7.063392 305.475642074
-7.05838933333 305.389879548
-7.05338666667 305.381757355
-7.048384 305.317386063
-7.04338133333 305.252041352
-7.03837866667 305.199358032
-7.033376 305.153386118
-7.02837333333 305.125837198
-7.02337066667 305.058513176
-7.018368 304.989643414
-7.01336533333 304.964414753
-7.00836266667 304.886119879
-7.00336 304.808443741
-6.99835733333 304.694916861
-6.99335466667 304.667871843
-6.988352 304.53216044
-6.98334933333 304.439032663
-6.97834666667 304.288589013
-6.973344 304.201516267
-6.96834133333 304.06475841
-6.96333866667 303.970999383
-6.958336 303.8124509
-6.95333333333 303.742525896
-6.94833066667 303.528243948
-6.943328 303.374474392
-6.93832533333 303.203025171
-6.93332266667 303.063772801
-6.92832 302.896096588
-6.92331733333 302.771108173
-6.91831466667 302.635086043
-6.913312 302.571192398
-6.90830933333 302.430468271
-6.90330666667 302.360207357
-6.898304 302.208395758
-6.89330133333 302.147407197
-6.88829866667 301.945223909
-6.883296 301.79160592
-6.87829333333 301.580491898
-6.87329066667 301.365573485
-6.868288 301.121184415
-6.86328533333 300.924471591
-6.85828266667 300.740707221
-6.85328 300.602333244
-6.84827733333 300.495550069
-6.84327466667 300.388063354
-6.838272 300.176519577
-6.83326933333 300.162291353
-6.82826666667 300.065696117
-6.823264 299.974223033
-6.81826133333 299.896697816
-6.81325866667 299.840036031
-6.808256 299.726561296
-6.80325333333 299.699127444
-6.79825066667 299.565353853
-6.793248 299.542236374
-6.78824533333 299.39402067
-6.78324266667 299.341587695
-6.77824 299.211689643
-6.77323733333 299.174995632
-6.76823466667 299.062427978
-6.763232 298.989764663
-6.75822933333 298.887473767
-6.75322666667 298.836122952
-6.748224 298.764542962
-6.74322133333 298.783886858
-6.73821866667 298.632144008
-6.733216 298.61509302
-6.72821333333 298.415789594
-6.72321066667 298.366314779
-6.718208 298.273645885
-6.71320533333 298.226876223
-6.70820266667 298.080682415
-6.7032 297.962693119
-6.69819733333 297.819558896
-6.69319466667 297.734965231
-6.688192 297.578330578
-6.68318933333 297.527668665
-6.67818666667 297.337728116
-6.673184 297.268942183
-6.66818133333 297.154040333
-6.66317866667 297.097837833
-6.658176 296.973783044
-6.65317333333 296.904806112
-6.64817066667 296.759396073
-6.643168 296.682006685
-6.63816533333 296.547261992
-6.63316266667 296.544375125
-6.62816 296.42522146
-6.62315733333 296.321537635
-6.61815466667 296.182705874
-6.613152 296.104834256
-6.60814933333 295.989542631
-6.60314666667 295.900171286
-6.598144 295.839099196
-6.59314133333 295.769900955
-6.58813866667 295.652843888
-6.583136 295.66259965
-6.57813333333 295.483832973
-6.57313066667 295.500386022
-6.568128 295.376315843
-6.56312533333 295.361943893
-6.55812266667 295.279389882
-6.55312 295.288214918
-6.54811733333 295.164883087
-6.54311466667 295.182942986
-6.538112 295.102928941
-6.53310933333 295.063042218
-6.52810666667 295.005270003
-6.523104 295.043088727
-6.51810133333 294.943031394
-6.51309866667 294.995498817
-6.508096 294.867322978
-6.50309333333 294.917749363
-6.49809066667 294.819322427
-6.493088 294.839262248
-6.48808533333 294.789463422
-6.48308266667 294.781542952
-6.47808 294.717877227
-6.47307733333 294.715289078
-6.46807466667 294.641038619
-6.463072 294.667621474
-6.45806933333 294.577252921
-6.45306666667 294.57245272
-6.448064 294.488051736
-6.44306133333 294.530381383
-6.43805866667 294.433294402
-6.433056 294.479231145
-6.42805333333 294.398328286
-6.42305066667 294.420594896
-6.418048 294.359919716
-6.41304533333 294.405676588
-6.40804266667 294.321250448
-6.40304 294.319248673
-6.39803733333 294.288786792
-6.39303466667 294.353872317
-6.388032 294.279065236
-6.38302933333 294.328881768
-6.37802666667 294.254819109
-6.373024 294.277399358
-6.36802133333 294.176707794
-6.36301866667 294.209633461
-6.358016 294.148031038
-6.35301333333 294.175263713
-6.34801066667 294.114320315
-6.343008 294.090649449
-6.33800533333 294.032466692
-6.33300266667 294.066486518
-6.328 294.014309849
-6.32299733333 294.041644715
-6.31799466667 293.946763057
-6.312992 294.034428004
-6.30798933333 293.950621685
-6.30298666667 293.957229727
-6.297984 293.880098214
-6.29298133333 293.929355824
-6.28797866667 293.827356193
-6.282976 293.868243992
-6.27797333333 293.78148272
-6.27297066667 293.860526297
-6.267968 293.752229212
-6.26296533333 293.75286171
-6.25796266667 293.697375715
-6.25296 293.74535941
-6.24795733333 293.620747114
-6.24295466667 293.700371094
-6.237952 293.62647328
-6.23294933333 293.649528864
-6.22794666667 293.553724303
-6.222944 293.645491472
-6.21794133333 293.560817858
-6.21293866667 293.68393223
-6.207936 293.492709845
-6.20293333333 293.619975703
-6.19793066667 293.538569504
-6.192928 293.613559368
-6.18792533333 293.494310561
-6.18292266667 293.532383525
-6.17792 293.451746623
-6.17291733333 293.487875726
-6.16791466667 293.445099234
-6.162912 293.454411776
-6.15790933333 293.380028437
-6.15290666667 293.433656977
-6.147904 293.385369432
-6.14290133333 293.414644116
-6.13789866667 293.321358839
-6.132896 293.432744491
-6.12789333333 293.241620509
-6.12289066667 293.41311289
-6.117888 293.267045424
-6.11288533333 293.365410142
-6.10788266667 293.268113941
-6.10288 293.387730298
-6.09787733333 293.27575391
-6.09287466667 293.349467678
-6.087872 293.270400343
-6.08286933333 293.352332707
-6.07786666667 293.261605908
-6.072864 293.357063679
-6.06786133333 293.262961781
-6.06285866667 293.318167896
-6.057856 293.237592784
-6.05285333333 293.353809274
-6.04785066667 293.247791031
-6.042848 293.317891744
-6.03784533333 293.25388178
-6.03284266667 293.297517782
-6.02784 293.269275222
-6.02283733333 293.305404531
-6.01783466667 293.219383101
-6.012832 293.278576818
-6.00782933333 293.199065108
-6.00282666667 293.256427048
-5.997824 293.167060248
-5.99282133333 293.288229617
-5.98781866667 293.17586164
-5.982816 293.236061699
-5.97781333333 293.138299787
-5.97281066667 293.217793537
-5.967808 293.106990325
-5.96280533333 293.192582335
-5.95780266667 293.118799123
-5.9528 293.201281871
-5.94779733333 293.11221688
-5.94279466667 293.164726106
-5.937792 293.114757863
-5.93278933333 293.180900644
-5.92778666667 293.092747301
-5.922784 293.193561757
-5.91778133333 293.07954802
-5.91277866667 293.182057399
-5.907776 293.082298753
-5.90277333333 293.195065155
-5.89777066667 293.107689351
-5.892768 293.229223041
-5.88776533333 293.130434992
-5.88276266667 293.240498275
-5.87776 293.087923288
-5.87275733333 293.200254165
-5.86775466667 293.143487852
-5.862752 293.20909303
-5.85774933333 293.090805469
-5.85274666667 293.220078554
-5.847744 293.125084552
-5.84274133333 293.18610998
-5.83773866667 293.076121945
-5.832736 293.213020026
-5.82773333333 293.119710204
-5.82273066667 293.203427516
-5.817728 293.178671586
-5.81272533333 293.262262409
-5.80772266667 293.121594115
-5.80272 293.19811002
-5.79771733333 293.157610322
-5.79271466667 293.262178539
-5.787712 293.152374997
-5.78270933333 293.247140145
-5.77770666667 293.182439588
-5.772704 293.27021649
-5.76770133333 293.189061248
-5.76269866667 293.295239739
-5.757696 293.218757538
-5.75269333333 293.281543855
-5.74769066667 293.204652755
-5.742688 293.35469606
-5.73768533333 293.297622159
-5.73268266667 293.415164383
-5.72768 293.334868715
-5.72267733333 293.448352226
-5.71767466667 293.376937501
-5.712672 293.47026364
-5.70766933333 293.445095936
-5.70266666667 293.514519115
-5.697664 293.44495663
-5.69266133333 293.58625105
-5.68765866667 293.487933447
-5.682656 293.600936771
-5.67765333333 293.521688129
-5.67265066667 293.614971897
-5.667648 293.528978722
-5.66264533333 293.640489751
-5.65764266667 293.577713032
-5.65264 293.668949971
-5.64763733333 293.647642049
-5.64263466667 293.764002361
-5.637632 293.696449139
-5.63262933333 293.79354535
-5.62762666667 293.78645529
-5.622624 293.801640641
-5.61762133333 293.772320093
-5.61261866667 293.893288597
-5.607616 293.870333944
-5.60261333333 293.922809018
-5.59761066667 293.922856468
-5.592608 293.989461863
-5.58760533333 293.942601043
-5.58260266667 294.055181338
-5.5776 294.008993553
-5.57259733333 294.133965269
-5.56759466667 294.062702465
-5.562592 294.172102771
-5.55758933333 294.098690774
-5.55258666667 294.243125979
-5.547584 294.149108148
-5.54258133333 294.274789105
-5.53757866667 294.214893764
-5.532576 294.322767904
-5.52757333333 294.306668546
-5.52257066667 294.41351839
-5.517568 294.391744582
-5.51256533333 294.523700812
-5.50756266667 294.424700415
-5.50256 294.583944962
-5.49755733333 294.523768399
-5.49255466667 294.628600418
-5.487552 294.586879199
-5.48254933333 294.694450709
-5.47754666667 294.675823612
-5.472544 294.812542919
-5.46754133333 294.729384283
-5.46253866667 294.846239834
-5.457536 294.811514931
-5.45253333333 294.964734798
-5.44753066667 294.875615211
-5.442528 295.015655683
-5.43752533333 294.961373778
-5.43252266667 295.074656564
-5.42752 295.001100899
-5.42251733333 295.119798338
-5.41751466667 295.075034185
-5.412512 295.182029819
-5.40750933333 295.10175684
-5.40250666667 295.202341195
-5.397504 295.156140214
-5.39250133333 295.260837789
-5.38749866667 295.170905548
-5.382496 295.273856276
-5.37749333333 295.202370248
-5.37249066667 295.317725809
-5.367488 295.188407682
-5.36248533333 295.250808333
-5.35748266667 295.186479833
-5.35248 295.314797211
-5.34747733333 295.200007068
-5.34247466667 295.276253059
-5.337472 295.231745697
-5.33246933333 295.321605913
-5.32746666667 295.220036777
-5.322464 295.283771038
-5.31746133333 295.209960243
-5.31245866667 295.2971928
-5.307456 295.149192384
-5.30245333333 295.215270005
-5.29745066667 295.141992234
-5.292448 295.254956132
-5.28744533333 295.084254236
-5.28244266667 295.159044231
-5.27744 295.064353436
-5.27243733333 295.173818791
-5.26743466667 295.039551894
-5.262432 295.160683926
-5.25742933333 295.100180131
-5.25242666667 295.222658949
-5.247424 295.216738708
-5.24242133333 295.524367595
-5.23741866667 295.750834795
-5.232416 296.244932202
-5.22741333333 296.690842917
-5.22241066667 297.423058446
-5.217408 298.086887201
-5.21240533333 299.029841586
-5.20740266667 299.698342123
-5.2024 300.562857497
-5.19739733333 301.167537151
-5.19239466667 301.824651105
-5.187392 302.209553519
-5.18238933333 302.727164569
-5.17738666667 302.954816181
-5.172384 303.360221712
-5.16738133333 303.52470859
-5.16237866667 303.878343823
-5.157376 303.971388292
-5.15237333333 304.22804929
-5.14737066667 304.279892876
-5.142368 304.578917122
-5.13736533333 304.5820253
-5.13236266667 304.784100132
-5.12736 304.793716896
-5.12235733333 304.99700553
-5.11735466667 304.921774274
-5.112352 305.01510407
-5.10734933333 304.97074157
-5.10234666667 305.085237632
-5.097344 304.935308287
-5.09234133333 305.04044525
-5.08733866667 304.863440506
-5.082336 304.912896189
-5.07733333333 304.774871766
-5.07233066667 304.796668553
-5.067328 304.620984839
-5.06232533333 304.665648294
-5.05732266667 304.462518173
-5.05232 304.574279333
-5.04731733333 304.342874464
-5.04231466667 304.542122893
-5.037312 304.388716995
-5.03230933333 304.545296387
-5.02730666667 304.385009003
-5.022304 304.483456053
-5.01730133333 304.407359796
-5.01229866667 304.538690066
-5.007296 304.426509253
-5.00229333333 304.583353631
-4.99729066667 304.49944241
-4.992288 304.664377538
-4.98728533333 304.574940794
-4.98228266667 304.753674372
-4.97728 304.680215387
-4.97227733333 304.881592327
-4.96727466667 304.824437868
-4.962272 304.962990082
-4.95726933333 304.909799197
-4.95226666667 305.077498818
-4.947264 305.007010655
-4.94226133333 305.180099599
-4.93725866667 305.096902692
-4.932256 305.306089534
-4.92725333333 305.202980652
-4.92225066667 305.368918533
-4.917248 305.33393443
-4.91224533333 305.511277978
-4.90724266667 305.378838112
-4.90224 305.545419441
-4.89723733333 305.453897334
-4.89223466667 305.595573571
-4.887232 305.441786513
-4.88222933333 305.572737504
-4.87722666667 305.473585143
-4.872224 305.63260354
-4.86722133333 305.485167522
-4.86221866667 305.581603427
-4.857216 305.469900941
-4.85221333333 305.595706127
-4.84721066667 305.448553474
-4.842208 305.548990608
-4.83720533333 305.418722353
-4.83220266667 305.539387805
-4.8272 305.371416024
-4.82219733333 305.487550989
-4.81719466667 305.33726471
-4.812192 305.411064553
-4.80718933333 305.201384932
-4.80218666667 305.237049846
-4.797184 305.119375281
-4.79218133333 305.127182735
-4.78717866667 304.934527552
-4.782176 304.969564231
-4.77717333333 304.74771984
-4.77217066667 304.768790675
-4.767168 304.542801238
-4.76216533333 304.482491992
-4.75716266667 304.21635443
-4.75216 304.178468759
-4.74715733333 303.884202299
-4.74215466667 303.857846178
-4.737152 303.582860779
-4.73214933333 303.533474681
-4.72714666667 303.231920577
-4.722144 303.22271479
-4.71714133333 302.848257039
-4.71213866667 302.781700881
-4.707136 302.440808837
-4.70213333333 302.409019403
-4.69713066667 302.165440676
-4.692128 302.124137566
-4.68712533333 301.833233492
-4.68212266667 301.823205663
-4.67712 301.581270206
-4.67211733333 301.511438118
-4.66711466667 301.202578564
-4.662112 301.124137488
-4.65710933333 300.792087951
-4.65210666667 300.644889469
-4.647104 300.286589626
-4.64210133333 300.207297377
-4.63709866667 299.895095415
-4.632096 299.871720385
-4.62709333333 299.549163281
-4.62209066667 299.544516811
-4.617088 299.268696272
-4.61208533333 299.26516569
-4.60708266667 298.992860744
-4.60208 298.983309435
-4.59707733333 298.693798257
-4.59207466667 298.728832766
-4.587072 298.483618413
-4.58206933333 298.459078601
-4.57706666667 298.275304598
-4.572064 298.323212988
-4.56706133333 298.06277329
-4.56205866667 298.103427467
-4.557056 297.889661176
-4.55205333333 297.930837315
-4.54705066667 297.77759793
-4.542048 297.743904902
-4.53704533333 297.552536128
-4.53204266667 297.560291379
-4.52704 297.321023065
-4.52203733333 297.413405462
-4.51703466667 297.13465029
-4.512032 297.128131382
-4.50702933333 296.903771313
-4.50202666667 296.906607543
-4.497024 296.668310174
-4.49202133333 296.692138796
-4.48701866667 296.461763999
-4.482016 296.5164608
-4.47701333333 296.299255589
-4.47201066667 296.345787888
-4.467008 296.113003022
-4.46200533333 296.167900709
-4.45700266667 295.937671589
-4.452 296.018748574
-4.44699733333 295.762455892
-4.44199466667 295.849013493
-4.436992 295.578470448
-4.43198933333 295.621904806
-4.42698666667 295.394618526
-4.421984 295.403781237
-4.41698133333 295.200710853
-4.41197866667 295.234272192
-4.406976 294.975744171
-4.40197333333 295.025129778
-4.39697066667 294.829543561
-4.391968 294.83970774
-4.38696533333 294.651252569
-4.38196266667 294.664282273
-4.37696 294.499335662
-4.37195733333 294.555074079
-4.36695466667 294.353446886
-4.361952 294.416665891
-4.35694933333 294.272171707
-4.35194666667 294.339944502
-4.346944 294.137817786
-4.34194133333 294.21124027
-4.33693866667 294.05655367
-4.331936 294.155072933
-4.32693333333 293.946959556
-4.32193066667 294.05010673
-4.316928 293.890994311
-4.31192533333 293.97818674
-4.30692266667 293.807596716
-4.30192 293.851719486
-4.29691733333 293.666181296
-4.29191466667 293.767583519
-4.286912 293.56968265
-4.28190933333 293.635637188
-4.27690666667 293.482129819
-4.271904 293.559742247
-4.26690133333 293.373924419
-4.26189866667 293.476032555
-4.256896 293.277585027
-4.25189333333 293.377227546
-4.24689066667 293.251549586
-4.241888 293.309405372
-4.23688533333 293.156961331
-4.23188266667 293.277783744
-4.22688 293.058000443
-4.22187733333 293.177692045
-4.21687466667 293.046231104
-4.211872 293.144521008
-4.20686933333 292.973853913
-4.20186666667 293.084744941
-4.196864 292.950963308
-4.19186133333 293.05553856
-4.18685866667 292.881347561
-4.181856 293.001637341
-4.17685333333 292.869369012
-4.17185066667 292.962603665
-4.166848 292.816326056
-4.16184533333 292.938031267
-4.15684266667 292.779428115
-4.15184 292.906128592
-4.14683733333 292.76202392
-4.14183466667 292.87004913
-4.136832 292.764511793
-4.13182933333 292.820777959
-4.12682666667 292.687802631
-4.121824 292.797974963
-4.11682133333 292.678239989
-4.11181866667 292.782187836
-4.106816 292.616436559
-4.10181333333 292.747863049
-4.09681066667 292.627740784
-4.091808 292.760975235
-4.08680533333 292.56936255
-4.08180266667 292.698412124
-4.0768 292.545988289
-4.07179733333 292.693893815
-4.06679466667 292.541705125
-4.061792 292.648814418
-4.05678933333 292.580878453
-4.05178666667 292.678351613
-4.046784 292.520912276
-4.04178133333 292.671132588
-4.03677866667 292.539180912
-4.031776 292.717555588
-4.02677333333 292.537611447
-4.02177066667 292.718315605
-4.016768 292.618633593
-4.01176533333 292.772021851
-4.00676266667 292.65825459
-4.00176 292.798674449
-3.99675733333 292.684071896
-3.99175466667 292.836613699
-3.986752 292.711506067
-3.98174933333 292.85138748
-3.97674666667 292.743999606
-3.971744 292.885008409
-3.96674133333 292.74440304
-3.96173866667 292.876834953
-3.956736 292.826379086
-3.95173333333 292.980513611
-3.94673066667 292.863800474
-3.941728 293.001062529
-3.93672533333 292.927412525
-3.93172266667 293.113309538
-3.92672 292.989746345
-3.92171733333 293.158751378
-3.91671466667 293.131750209
-3.911712 293.283159031
-3.90670933333 293.208565785
-3.90170666667 293.331625823
-3.896704 293.29328974
-3.89170133333 293.444162401
-3.88669866667 293.332896113
-3.881696 293.525822683
-3.87669333333 293.440538594
-3.87169066667 293.615035843
-3.866688 293.515470562
-3.86168533333 293.694979251
-3.85668266667 293.616186004
-3.85168 293.791025555
-3.84667733333 293.728434559
-3.84167466667 293.861072598
-3.836672 293.807660121
-3.83166933333 293.972697101
-3.82666666667 293.867814147
-3.821664 294.020244627
-3.81666133333 293.933826361
-3.81165866667 294.110772802
-3.806656 294.018933502
-3.80165333333 294.169375529
-3.79665066667 294.118905484
-3.791648 294.271773873
-3.78664533333 294.148477994
-3.78164266667 294.278824633
-3.77664 294.185880725
-3.77163733333 294.325873049
-3.76663466667 294.190720138
-3.761632 294.34916785
-3.75662933333 294.250096665
-3.75162666667 294.383147814
-3.746624 294.329934765
-3.74162133333 294.451240196
-3.73661866667 294.344468321
-3.731616 294.482975293
-3.72661333333 294.375967721
-3.72161066667 294.537017078
-3.716608 294.425943933
-3.71160533333 294.602938731
-3.70660266667 294.482764842
-3.7016 294.640218161
-3.69659733333 294.53577408
-3.69159466667 294.692776259
-3.686592 294.609002331
-3.68158933333 294.778368068
-3.67658666667 294.695273945
-3.671584 294.860210874
-3.66658133333 294.754583822
-3.66157866667 294.88361563
-3.656576 294.825647913
-3.65157333333 294.961185169
-3.64657066667 294.8556249
-3.641568 294.974013286
-3.63656533333 294.899301012
-3.63156266667 295.048398789
-3.62656 294.96729175
-3.62155733333 295.079451144
-3.61655466667 295.000613533
-3.611552 295.099255562
-3.60654933333 294.990516766
-3.60154666667 295.134054294
-3.596544 295.019463511
-3.59154133333 295.209936458
-3.58653866667 295.059150146
-3.581536 295.220345379
-3.57653333333 295.128987875
-3.57153066667 295.270340474
-3.566528 295.13128661
-3.56152533333 295.29374374
-3.55652266667 295.17781673
-3.55152 295.291258664
-3.54651733333 295.167409997
-3.54151466667 295.301779996
-3.536512 295.251886774
-3.53150933333 295.306918712
-3.52650666667 295.21961944
-3.521504 295.308849739
-3.51650133333 295.233400978
-3.51149866667 295.336791492
-3.506496 295.197131258
-3.50149333333 295.393003965
-3.49649066667 295.239203141
-3.491488 295.379711802
-3.48648533333 295.262667851
-3.48148266667 295.412160461
-3.47648 295.32304881
-3.47147733333 295.433779069
-3.46647466667 295.370432259
-3.461472 295.579033154
-3.45646933333 295.60894558
-3.45146666667 295.918339564
-3.446464 296.079960653
-3.44146133333 296.598669566
-3.43645866667 296.940142682
-3.431456 297.692734922
-3.42645333333 298.283492941
-3.42145066667 299.243738472
-3.416448 299.897155938
-3.41144533333 300.859818016
-3.40644266667 301.381671325
-3.40144 302.176121329
-3.39643733333 302.602080735
-3.39143466667 303.14899463
-3.386432 303.350911347
-3.38142933333 303.751867977
-3.37642666667 303.865802938
-3.371424 304.192460875
-3.36642133333 304.176985821
-3.36141866667 304.508233947
-3.356416 304.545526815
-3.35141333333 304.858677631
-3.34641066667 304.829068144
-3.341408 305.03054156
-3.33640533333 305.105926645
-3.33140266667 305.367315897
-3.3264 305.332407255
-3.32139733333 305.556293554
-3.31639466667 305.513100794
-3.311392 305.683034158
-3.30638933333 305.587723599
-3.30138666667 305.739811256
-3.296384 305.602014128
-3.29138133333 305.743365516
-3.28637866667 305.578940382
-3.281376 305.740594926
-3.27637333333 305.555193386
-3.27137066667 305.667524404
-3.266368 305.509931038
-3.26136533333 305.626914173
-3.25636266667 305.456762608
-3.25136 305.58962874
-3.24635733333 305.369373629
-3.24135466667 305.5005083
-3.236352 305.399613091
-3.23134933333 305.487587327
-3.22634666667 305.280090133
-3.221344 305.397616873
-3.21634133333 305.24312578
-3.21133866667 305.327827468
-3.206336 305.147526918
-3.20133333333 305.264692448
-3.19633066667 305.108294291
-3.191328 305.204333227
-3.18632533333 305.051857509
-3.18132266667 305.169411061
-3.17632 305.042269624
-3.17131733333 305.177566913
-3.16631466667 304.979301704
-3.161312 305.09902582
-3.15630933333 304.979441263
-3.15130666667 305.067532172
-3.146304 304.921055971
-3.14130133333 305.051247827
-3.13629866667 304.938784291
-3.131296 305.053990351
-3.12629333333 304.881285831
-3.12129066667 305.014772511
-3.116288 304.885627793
-3.11128533333 305.001232332
-3.10628266667 304.859904834
-3.10128 304.969003065
-3.09627733333 304.831894478
-3.09127466667 304.949887712
-3.086272 304.778022664
-3.08126933333 304.909442235
-3.07626666667 304.806957914
-3.071264 304.92252584
-3.06626133333 304.752217471
-3.06125866667 304.866837081
-3.056256 304.770923442
-3.05125333333 304.852194234
-3.04625066667 304.68692924
-3.041248 304.775721952
-3.03624533333 304.616946571
-3.03124266667 304.808365263
-3.02624 304.609407301
-3.02123733333 304.736305917
-3.01623466667 304.590762611
-3.011232 304.672382816
-3.00622933333 304.497878969
-3.00122666667 304.57504344
-2.996224 304.417251776
-2.99122133333 304.496213886
-2.98621866667 304.261554075
-2.981216 304.404843406
-2.97621333333 304.204335002
-2.97121066667 304.254339049
-2.966208 304.029647295
-2.96120533333 304.06792503
-2.95620266667 303.82527431
-2.9512 303.856121934
-2.94619733333 303.587009109
-2.94119466667 303.622163349
-2.936192 303.35203374
-2.93118933333 303.357718836
-2.92618666667 303.066957384
-2.921184 303.079144536
-2.91618133333 302.82881306
-2.91117866667 302.847046304
-2.906176 302.539081759
-2.90117333333 302.500339242
-2.89617066667 302.201566896
-2.891168 302.169045695
-2.88616533333 301.888248461
-2.88116266667 301.883202748
-2.87616 301.650489053
-2.87115733333 301.622222344
-2.86615466667 301.351004681
-2.861152 301.350774161
-2.85614933333 301.122673651
-2.85114666667 301.085281617
-2.846144 300.782456722
-2.84114133333 300.761339995
-2.83613866667 300.433761593
-2.831136 300.365635331
-2.82613333333 299.955671567
-2.82113066667 299.955871115
-2.816128 299.637769552
-2.81112533333 299.616392155
-2.80612266667 299.309769246
-2.80112 299.302631055
-2.79611733333 299.067181327
-2.79111466667 299.086170494
-2.786112 298.820254349
-2.78110933333 298.84483915
-2.77610666667 298.631716449
-2.771104 298.686191816
-2.76610133333 298.4645343
-2.76109866667 298.518481438
-2.756096 298.397266307
-2.75109333333 298.418946897
-2.74609066667 298.175506914
-2.741088 298.205284445
-2.73608533333 298.019350298
-2.73108266667 297.986971299
-2.72608 297.780683544
-2.72107733333 297.807833497
-2.71607466667 297.599804384
-2.711072 297.620500783
-2.70606933333 297.409213892
-2.70106666667 297.449506967
-2.696064 297.273329986
-2.69106133333 297.321875245
-2.68605866667 297.095480767
-2.681056 297.119175726
-2.67605333333 296.929318952
-2.67105066667 296.966565494
-2.666048 296.756990339
-2.66104533333 296.777675206
-2.65604266667 296.566574929
-2.65104 296.600436064
-2.64603733333 296.338053059
-2.64103466667 296.439443436
-2.636032 296.241370156
-2.63102933333 296.271725063
-2.62602666667 296.07209314
-2.621024 296.11833704
-2.61602133333 295.925464942
-2.61101866667 295.996204802
-2.606016 295.776059981
-2.60101333333 295.804073948
-2.59601066667 295.67446733
-2.591008 295.681781798
-2.58600533333 295.504632893
-2.58100266667 295.54623135
-2.576 295.362226385
-2.57099733333 295.415780301
-2.56599466667 295.240200995
-2.560992 295.273213445
-2.55598933333 295.12204439
-2.55098666667 295.193112719
-2.545984 294.980363866
-2.54098133333 295.003849104
-2.53597866667 294.874885742
-2.530976 294.918284834
-2.52597333333 294.707984325
-2.52097066667 294.760956029
-2.515968 294.622988784
-2.51096533333 294.653706331
-2.50596266667 294.457125378
-2.50096 294.509035064
-2.49595733333 294.35910153
-2.49095466667 294.373961401
-2.485952 294.199382713
-2.48094933333 294.246694885
-2.47594666667 294.045464125
-2.470944 294.092460499
-2.46594133333 293.956035933
-2.46093866667 294.040749913
-2.455936 293.870607646
-2.45093333333 293.940998888
-2.44593066667 293.781608981
-2.440928 293.865648001
-2.43592533333 293.758313475
-2.43092266667 293.8052392
-2.42592 293.638604156
-2.42091733333 293.676462278
-2.41591466667 293.577115361
-2.410912 293.639104144
-2.40590933333 293.457290346
-2.40090666667 293.493224267
-2.395904 293.388368367
-2.39090133333 293.441169349
-2.38589866667 293.252548654
-2.380896 293.344724793
-2.37589333333 293.204250085
-2.37089066667 293.253584886
-2.365888 293.095973247
-2.36088533333 293.183951759
-2.35588266667 293.056687793
-2.35088 293.149868421
-2.34587733333 293.030622323
-2.34087466667 293.079491429
-2.335872 292.944639461
-2.33086933333 293.06228022
-2.32586666667 292.91223003
-2.320864 293.019279617
-2.31586133333 292.918423576
-2.31085866667 292.998518737
-2.305856 292.837893216
-2.30085333333 292.953126801
-2.29585066667 292.848652187
-2.290848 292.964814672
-2.28584533333 292.859467085
-2.28084266667 292.946090612
-2.27584 292.871874166
-2.27083733333 292.982112619
-2.26583466667 292.831094598
-2.260832 292.961419798
-2.25582933333 292.867390325
-2.25082666667 292.971821165
-2.245824 292.877278785
-2.24082133333 292.930676735
-2.23581866667 292.865469258
-2.230816 292.938752205
-2.22581333333 292.818501258
-2.22081066667 292.903871889
-2.215808 292.801331465
-2.21080533333 292.884559544
-2.20580266667 292.765599765
-2.2008 292.869216176
-2.19579733333 292.787782649
-2.19079466667 292.866185636
-2.185792 292.755013812
-2.18078933333 292.835735164
-2.17578666667 292.780309049
-2.170784 292.855851331
-2.16578133333 292.721005023
-2.16077866667 292.833153288
-2.155776 292.738403224
-2.15077333333 292.840646965
-2.14577066667 292.729994139
-2.140768 292.858693805
-2.13576533333 292.775320494
-2.13076266667 292.838980185
-2.12576 292.732867547
-2.12075733333 292.836838718
-2.11575466667 292.746678504
-2.110752 292.867468856
-2.10574933333 292.7404486
-2.10074666667 292.874206066
-2.095744 292.812182719
-2.09074133333 292.916942956
-2.08573866667 292.775177968
-2.080736 292.89973844
-2.07573333333 292.848492205
-2.07073066667 292.938265366
-2.065728 292.834298715
-2.06072533333 292.931423693
-2.05572266667 292.819490561
-2.05072 292.953200375
-2.04571733333 292.823870729
-2.04071466667 292.969670704
-2.035712 292.893218788
-2.03070933333 292.98035344
-2.02570666667 292.88350761
-2.020704 292.983766678
-2.01570133333 292.920522563
-2.01069866667 292.99879084
-2.005696 292.885116509
-2.00069333333 292.981263741
-1.99569066667 292.893137416
-1.990688 293.008545977
-1.98568533333 292.895222139
-1.98068266667 292.992207126
-1.97568 292.892847663
-1.97067733333 293.01232226
-1.96567466667 292.911238983
-1.960672 292.954187596
-1.95566933333 292.904200728
-1.95066666667 292.966383895
-1.945664 292.889407708
-1.94066133333 292.97750629
-1.93565866667 292.928451933
-1.930656 292.999342813
-1.92565333333 292.884030788
-1.92065066667 293.004538928
-1.915648 292.909643276
-1.91064533333 293.01723768
-1.90564266667 292.898301236
-1.90064 292.980909599
-1.89563733333 292.883626154
-1.89063466667 292.964939112
-1.885632 292.861808832
-1.88062933333 292.946462377
-1.87562666667 292.840096657
-1.870624 292.923014997
-1.86562133333 292.810863696
-1.86061866667 292.927257916
-1.855616 292.837640623
-1.85061333333 292.918751894
-1.84561066667 292.821050759
-1.840608 292.969355352
-1.83560533333 292.846455609
-1.83060266667 292.915496114
-1.8256 292.780114049
-1.82059733333 292.88760003
-1.81559466667 292.860818134
-1.810592 292.959622328
-1.80558933333 292.87283233
-1.80058666667 292.944922017
-1.795584 292.920587807
-1.79058133333 293.016732334
-1.78557866667 292.91244093
-1.780576 293.029471822
-1.77557333333 292.969289217
-1.77057066667 293.073431139
-1.765568 292.965790054
-1.76056533333 293.099181149
-1.75556266667 293.054375701
-1.75056 293.112805377
-1.74555733333 293.081938746
-1.74055466667 293.18808673
-1.735552 293.112389569
-1.73054933333 293.255705765
-1.72554666667 293.194680703
-1.720544 293.314736762
-1.71554133333 293.266034049
-1.71053866667 293.367849165
-1.705536 293.292151931
-1.70053333333 293.446671993
-1.69553066667 293.399293514
-1.690528 293.573661777
-1.68552533333 293.513670191
-1.68052266667 293.675652481
-1.67552 293.651565867
-1.67051733333 293.768559939
-1.66551466667 293.743353177
-1.660512 293.872953618
-1.65550933333 293.863131982
-1.65050666667 293.992464634
-1.645504 293.964034258
-1.64050133333 294.109889642
-1.63549866667 294.108912572
-1.630496 294.223035808
-1.62549333333 294.157126458
-1.62049066667 294.288654111
-1.615488 294.267402722
-1.61048533333 294.402994338
-1.60548266667 294.338774666
-1.60048 294.47126887
-1.59547733333 294.387717319
-1.59047466667 294.529212764
-1.585472 294.450158741
-1.58046933333 294.592464809
-1.57546666667 294.549425
-1.570464 294.642628594
-1.56546133333 294.529124201
-1.56045866667 294.652830629
-1.555456 294.612789153
-1.55045333333 294.688432659
-1.54545066667 294.62722529
-1.540448 294.676466284
-1.53544533333 294.636274942
-1.53044266667 294.741204124
-1.52544 294.655771562
-1.52043733333 294.671750564
-1.51543466667 294.68317442
-1.510432 294.777937272
-1.50542933333 294.685882231
-1.50042666667 294.740873985
-1.495424 294.651783762
-1.49042133333 294.776442906
-1.48541866667 294.708360984
-1.480416 294.78323787
-1.47541333333 294.722230759
-1.47041066667 294.808964068
-1.465408 294.669921456
-1.46040533333 294.795115064
-1.45540266667 294.669641022
-1.4504 294.787029294
-1.44539733333 294.678722339
-1.44039466667 294.752393531
-1.435392 294.630698885
-1.43038933333 294.754583252
-1.42538666667 294.657356052
-1.420384 294.761876415
-1.41538133333 294.699534123
-1.41037866667 294.763042404
-1.405376 294.681368218
-1.40037333333 294.801147879
-1.39537066667 294.741137779
-1.390368 294.85842094
-1.38536533333 294.817120863
-1.38036266667 294.938744784
-1.37536 294.964951847
-1.37035733333 295.132100424
-1.36535466667 295.14558988
-1.360352 295.393307976
-1.35534933333 295.492558373
-1.35034666667 295.785354912
-1.345344 296.015336835
-1.34034133333 296.419623446
-1.33533866667 296.862650001
-1.330336 297.414729592
-1.32533333333 297.898896363
-1.32033066667 298.608266146
-1.315328 299.202983027
-1.31032533333 299.938150212
-1.30532266667 300.429479492
-1.30032 301.053891687
-1.29531733333 301.50677576
-1.29031466667 302.040834949
-1.285312 302.357542316
-1.28030933333 302.884797117
-1.27530666667 303.192114527
-1.270304 303.611623541
-1.26530133333 303.809133864
-1.26029866667 304.108837301
-1.255296 304.275719815
-1.25029333333 304.485620811
-1.24529066667 304.507942924
-1.240288 304.741863133
-1.23528533333 304.740080911
-1.23028266667 304.906150908
-1.22528 304.907864383
-1.22027733333 305.041871436
-1.21527466667 305.044076
-1.210272 305.197734146
-1.20526933333 305.135450123
-1.20026666667 305.257077295
-1.195264 305.209159114
-1.19026133333 305.300837128
-1.18525866667 305.247991921
-1.180256 305.303530471
-1.17525333333 305.236417559
-1.17025066667 305.304273949
-1.165248 305.188783008
-1.16024533333 305.208800238
-1.15524266667 305.161259218
-1.15024 305.207371622
-1.14523733333 305.067689914
-1.14023466667 305.15148526
-1.135232 305.047383208
-1.13022933333 305.105169413
-1.12522666667 305.003139229
-1.120224 305.085794778
-1.11522133333 305.025639281
-1.11021866667 305.054498543
-1.105216 304.980335257
-1.10021333333 305.014004811
-1.09521066667 304.936695782
-1.090208 304.998543762
-1.08520533333 304.883054531
-1.08020266667 304.976956566
-1.0752 304.887990171
-1.07019733333 304.946186929
-1.06519466667 304.846518387
-1.060192 304.899417138
-1.05518933333 304.838028102
-1.05018666667 304.83880249
-1.045184 304.799156237
-1.04018133333 304.8594645
-1.03517866667 304.787618433
-1.030176 304.895411526
-1.02517333333 304.731850681
-1.02017066667 304.842261119
-1.015168 304.755436226
-1.01016533333 304.85766085
-1.00516266667 304.732356356
-1.00016 304.819687267
-0.995157333333 304.764108202
-0.990154666667 304.830239128
-0.985152 304.743338921
-0.980149333333 304.793254361
-0.975146666667 304.738127305
-0.970144 304.775831053
-0.965141333333 304.655067388
-0.960138666667 304.743031313
-0.955136 304.657024925
-0.950133333333 304.707133176
-0.945130666667 304.588165678
-0.940128 304.662320759
-0.935125333333 304.580363676
-0.930122666667 304.62520479
-0.92512 304.564293723
-0.920117333333 304.589552702
-0.915114666667 304.498333264
-0.910112 304.576403641
-0.905109333333 304.43326012
-0.900106666667 304.504074893
-0.895104 304.431979207
-0.890101333333 304.428029543
-0.885098666667 304.31717558
-0.880096 304.369305808
-0.875093333333 304.26801847
-0.870090666667 304.301095605
-0.865088 304.163980319
-0.860085333333 304.217128709
-0.855082666667 304.117561427
-0.85008 304.096646358
-0.845077333333 303.905410316
-0.840074666667 303.834918822
-0.835072 303.760438337
-0.830069333333 303.698518365
-0.825066666667 303.473660118
-0.820064 303.43554774
-0.815061333333 303.242946758
-0.810058666667 303.157643486
-0.805056 302.886661241
-0.800053333333 302.788962166
-0.795050666667 302.568767067
-0.790048 302.45359198
-0.785045333333 302.18720905
-0.780042666667 302.043106221
-0.77504 301.87705835
-0.770037333333 301.743850557
-0.765034666667 301.504401464
-0.760032 301.432636587
-0.755029333333 301.244611986
-0.750026666667 301.137904197
-0.745024 300.820763617
-0.740021333333 300.70624042
-0.735018666667 300.424952554
-0.730016 300.306432882
-0.725013333333 299.999015825
-0.720010666667 299.833553237
-0.715008 299.624319609
-0.710005333333 299.566587556
-0.705002666667 299.356376937
-0.7 299.352248912
-0.694997333333 299.237223112
-0.689994666667 299.244454871
-0.684992 299.101188645
-0.679989333333 299.10187741
-0.674986666667 298.997651168
-0.669984 298.983340004
-0.664981333333 298.787650988
-0.659978666667 298.742365425
-0.654976 298.575637366
-0.649973333333 298.519630367
-0.644970666667 298.298285076
-0.639968 298.235040539
-0.634965333333 298.030858258
-0.629962666667 297.983952496
-0.62496 297.755393014
-0.619957333333 297.674981255
-0.614954666667 297.507659779
-0.609952 297.456711414
-0.604949333333 297.315614398
-0.599946666667 297.275847301
-0.594944 297.141331046
-0.589941333333 297.089537255
-0.584938666667 296.977527881
-0.579936 296.871638165
-0.574933333333 296.723174986
-0.569930666667 296.689524573
-0.564928 296.504016447
-0.559925333333 296.433483106
-0.554922666667 296.325707508
-0.54992 296.257589829
-0.544917333333 296.044273016
-0.539914666667 296.020760809
-0.534912 295.900779189
-0.529909333333 295.854142026
-0.524906666667 295.668518426
-0.519904 295.613915537
-0.514901333333 295.551856793
-0.509898666667 295.480953057
-0.504896 295.345933765
-0.499893333333 295.336057057
-0.494890666667 295.268218991
-0.489888 295.221114354
-0.484885333333 295.081725963
-0.479882666667 295.069521931
-0.47488 295.013487693
-0.469877333333 294.960917153
-0.464874666667 294.828091801
-0.459872 294.808404626
-0.454869333333 294.727617921
-0.449866666667 294.680986083
-0.444864 294.548979691
-0.439861333333 294.514336203
-0.434858666667 294.483567159
-0.429856 294.420416355
-0.424853333333 294.275664845
-0.419850666667 294.275584623
-0.414848 294.230451768
-0.409845333333 294.204774956
-0.404842666667 294.091108711
-0.39984 294.113245956
-0.394837333333 294.028754633
-0.389834666667 294.037321165
-0.384832 293.931125905
-0.379829333333 293.921171125
-0.374826666667 293.875232569
-0.369824 293.869387026
-0.364821333333 293.765627706
-0.359818666667 293.780985032
-0.354816 293.681885081
-0.349813333333 293.690527368
-0.344810666667 293.617614381
-0.339808 293.588292869
-0.334805333333 293.49191821
-0.329802666667 293.509211111
-0.3248 293.391293754
-0.319797333333 293.417488697
-0.314794666667 293.312004443
-0.309792 293.300652237
-0.304789333333 293.221090817
-0.299786666667 293.228876732
-0.294784 293.160675474
-0.289781333333 293.182819335
-0.284778666667 293.099823769
-0.279776 293.088394112
-0.274773333333 292.977350896
-0.269770666667 293.008561425
-0.264768 292.908120384
-0.259765333333 292.902512383
-0.254762666667 292.855978651
-0.24976 292.886673855
-0.244757333333 292.735840601
-0.239754666667 292.773185246
-0.234752 292.757883533
-0.229749333333 292.771924969
-0.224746666667 292.706754262
-0.219744 292.67801047
-0.214741333333 292.625801575
-0.209738666667 292.631268628
-0.204736 292.570132399
-0.199733333333 292.589172316
-0.194730666667 292.512386021
-0.189728 292.535189041
-0.184725333333 292.446846671
-0.179722666667 292.463033128
-0.17472 292.371837716
-0.169717333333 292.421508106
-0.164714666667 292.33675972
-0.159712 292.370256592
-0.154709333333 292.300253255
-0.149706666667 292.324207434
-0.144704 292.266406403
-0.139701333333 292.271048288
-0.134698666667 292.242085956
-0.129696 292.226555542
-0.124693333333 292.160463032
-0.119690666667 292.202001317
-0.114688 292.111467463
-0.109685333333 292.159269839
-0.104682666667 292.083205897
-0.09968 292.11835709
-0.0946773333333 292.097444568
-0.0896746666667 292.114013728
-0.084672 292.022397692
-0.0796693333333 292.085283336
-0.0746666666667 292.027507507
-0.069664 292.087235189
-0.0646613333333 291.97236609
-0.0596586666667 291.99028481
-0.054656 292.00872697
-0.0496533333333 291.993623659
-0.0446506666667 291.945442522
-0.039648 291.951019606
-0.0346453333333 291.94053065
-0.0296426666667 291.972244211
-0.02464 291.880316255
-0.0196373333333 291.891380675
-0.0146346666667 291.890468766
-0.009632 291.953819378
-0.00462933333333 291.874145961
