-9.99995733333 373.26299517
-9.99495466667 373.117147755
-9.989952 373.278768896
-9.98494933333 373.102750977
-9.97994666667 373.271564856
-9.974944 373.060831927
-9.96994133333 373.195551189
-9.96493866667 373.067765772
-9.959936 373.2508213
-9.95493333333 373.117225641
-9.94993066667 373.218716294
-9.944928 373.023326113
-9.93992533333 373.191700257
-9.93492266667 373.004764098
-9.92992 373.195896894
-9.92491733333 373.012533949
-9.91991466667 373.153883477
-9.914912 373.047484947
-9.90990933333 373.166140004
-9.90490666667 373.043765021
-9.899904 373.232132003
-9.89490133333 373.176571409
-9.88989866667 373.348411064
-9.884896 373.250266735
-9.87989333333 373.458746592
-9.87489066667 373.29958102
-9.869888 373.574082363
-9.86488533333 373.573982618
-9.85988266667 373.754546633
-9.85488 373.680254493
-9.84987733333 373.960849361
-9.84487466667 373.916755939
-9.839872 374.145431024
-9.83486933333 374.058084918
-9.82986666667 374.157802332
-9.824864 373.897498683
-9.81986133333 373.910704096
-9.81485866667 373.666556365
-9.809856 373.616607428
-9.80485333333 373.370990524
-9.79985066667 373.442018775
-9.794848 373.343949303
-9.78984533333 373.49048002
-9.78484266667 373.284741837
-9.77984 373.484331284
-9.77483733333 373.353465545
-9.76983466667 373.528636077
-9.764832 373.393493888
-9.75982933333 373.517881683
-9.75482666667 373.404217333
-9.749824 373.632384022
-9.74482133333 373.499987772
-9.73981866667 373.718872354
-9.734816 373.611185706
-9.72981333333 373.732588248
-9.72481066667 373.566366686
-9.719808 373.782438455
-9.71480533333 373.612215907
-9.70980266667 373.794377163
-9.7048 373.703319178
-9.69979733333 373.847036079
-9.69479466667 373.809849716
-9.689792 373.942874889
-9.68478933333 373.753597066
-9.67978666667 373.951807886
-9.674784 373.765266566
-9.66978133333 373.926308049
-9.66477866667 373.845461307
-9.659776 373.921985629
-9.65477333333 373.794011355
-9.64977066667 373.937897776
-9.644768 373.809823599
-9.63976533333 373.95758165
-9.63476266667 373.813731691
-9.62976 373.896146004
-9.62475733333 373.708166875
-9.61975466667 373.794814959
-9.614752 373.702900618
-9.60974933333 373.843622628
-9.60474666667 373.631261312
-9.599744 373.824196817
-9.59474133333 373.630592418
-9.58973866667 373.792850283
-9.584736 373.607987928
-9.57973333333 373.838480309
-9.57473066667 373.623452035
-9.569728 373.735982453
-9.56472533333 373.549062594
-9.55972266667 373.775211223
-9.55472 373.630578113
-9.54971733333 373.787930103
-9.54471466667 373.623422622
-9.539712 373.755884006
-9.53470933333 373.516347821
-9.52970666667 373.701638814
-9.524704 373.590288609
-9.51970133333 373.713247226
-9.51469866667 373.555372234
-9.509696 373.699492968
-9.50469333333 373.527474753
-9.49969066667 373.703280745
-9.494688 373.54419541
-9.48968533333 373.642972992
-9.48468266667 373.398153374
-9.47968 373.554606265
-9.47467733333 373.399819146
-9.46967466667 373.633321669
-9.464672 373.477795215
-9.45966933333 373.67156239
-9.45466666667 373.501568867
-9.449664 373.578570769
-9.44466133333 373.400587215
-9.43965866667 373.638144221
-9.434656 373.504834808
-9.42965333333 373.609866642
-9.42465066667 373.501924943
-9.419648 373.692675992
-9.41464533333 373.519336017
-9.40964266667 373.573030647
-9.40464 373.381762687
-9.39963733333 373.584762912
-9.39463466667 373.396536345
-9.389632 373.557238299
-9.38462933333 373.373701604
-9.37962666667 373.577470299
-9.374624 373.458439422
-9.36962133333 373.663461673
-9.36461866667 373.509278869
-9.359616 373.721429736
-9.35461333333 373.515462716
-9.34961066667 373.657155027
-9.344608 373.528145194
-9.33960533333 373.801868974
-9.33460266667 373.656864346
-9.3296 373.766544712
-9.32459733333 373.606012361
-9.31959466667 373.858017803
-9.314592 373.688514646
-9.30958933333 373.779705885
-9.30458666667 373.603789107
-9.299584 373.788063462
-9.29458133333 373.632837218
-9.28957866667 373.727405187
-9.284576 373.539767831
-9.27957333333 373.647362776
-9.27457066667 373.509120538
-9.269568 373.628180734
-9.26456533333 373.499773391
-9.25956266667 373.665376201
-9.25456 373.502488453
-9.24955733333 373.655440656
-9.24455466667 373.461941694
-9.239552 373.606963407
-9.23454933333 373.45198261
-9.22954666667 373.524200331
-9.224544 373.341978924
-9.21954133333 373.504510917
-9.21453866667 373.362183563
-9.209536 373.501644473
-9.20453333333 373.306000408
-9.19953066667 373.436759903
-9.194528 373.316552698
-9.18952533333 373.396675246
-9.18452266667 373.279548021
-9.17952 373.49185672
-9.17451733333 373.412843149
-9.16951466667 373.554490725
-9.164512 373.383892926
-9.15950933333 373.553108468
-9.15450666667 373.481282218
-9.149504 373.610016818
-9.14450133333 373.473087364
-9.13949866667 373.607198643
-9.134496 373.432815642
-9.12949333333 373.563209872
-9.12449066667 373.474476604
-9.119488 373.615648499
-9.11448533333 373.444911576
-9.10948266667 373.647728853
-9.10448 373.433403086
-9.09947733333 373.571506159
-9.09447466667 373.439596851
-9.089472 373.498632818
-9.08446933333 373.292455897
-9.07946666667 373.384912645
-9.074464 373.288805974
-9.06946133333 373.430148352
-9.06445866667 373.190057898
-9.059456 373.358653685
-9.05445333333 373.304855569
-9.04945066667 373.457138036
-9.044448 373.25846491
-9.03944533333 373.446428917
-9.03444266667 373.297235959
-9.02944 373.422307744
-9.02443733333 373.282520716
-9.01943466667 373.426643559
-9.014432 373.267291872
-9.00942933333 373.403634877
-9.00442666667 373.199590519
-8.999424 373.366763359
-8.99442133333 373.263918095
-8.98941866667 373.359339435
-8.984416 373.244801685
-8.97941333333 373.398000251
-8.97441066667 373.243276549
-8.969408 373.332440085
-8.96440533333 373.227886509
-8.95940266667 373.358260281
-8.9544 373.30037849
-8.94939733333 373.38787307
-8.94439466667 373.260714218
-8.939392 373.341961292
-8.93438933333 373.232078871
-8.92938666667 373.391897664
-8.924384 373.205687897
-8.91938133333 373.389393155
-8.91437866667 373.302262905
-8.909376 373.426761643
-8.90437333333 373.214756739
-8.89937066667 373.330425518
-8.894368 373.183043451
-8.88936533333 373.321710619
-8.88436266667 373.151995241
-8.87936 373.339153944
-8.87435733333 373.115840396
-8.86935466667 373.273988891
-8.864352 373.068541734
-8.85934933333 373.153942547
-8.85434666667 373.045772515
-8.849344 373.172851192
-8.84434133333 372.999754567
-8.83933866667 373.180126396
-8.834336 373.040385752
-8.82933333333 373.177099772
-8.82433066667 372.991495961
-8.819328 373.126611437
-8.81432533333 372.982471506
-8.80932266667 373.136294288
-8.80432 372.93346713
-8.79931733333 373.095705127
-8.79431466667 372.971204593
-8.789312 373.112771955
-8.78430933333 373.017726742
-8.77930666667 373.190446539
-8.774304 373.137250922
-8.76930133333 373.224783708
-8.76429866667 373.142895758
-8.759296 373.374098102
-8.75429333333 373.284320914
-8.74929066667 373.326573016
-8.744288 373.24818383
-8.73928533333 373.381218
-8.73428266667 373.249903848
-8.72928 373.422588908
-8.72427733333 373.216583604
-8.71927466667 373.388767734
-8.714272 373.288713115
-8.70926933333 373.42471961
-8.70426666667 373.255557687
-8.699264 373.429130911
-8.69426133333 373.342885799
-8.68925866667 373.454902789
-8.684256 373.352447474
-8.67925333333 373.489392846
-8.67425066667 373.391348287
-8.669248 373.555290372
-8.66424533333 373.470955767
-8.65924266667 373.676794057
-8.65424 373.443999158
-8.64923733333 373.624030572
-8.64423466667 373.415936187
-8.639232 373.570961811
-8.63422933333 373.457951068
-8.62922666667 373.621942495
-8.624224 373.46690424
-8.61922133333 373.606727083
-8.61421866667 373.420284444
-8.609216 373.53755444
-8.60421333333 373.414019909
-8.59921066667 373.743071543
-8.594208 373.725315385
-8.58920533333 373.90436626
-8.58420266667 373.702448271
-8.5792 373.841840657
-8.57419733333 373.730538326
-8.56919466667 373.806885904
-8.564192 373.68769216
-8.55918933333 373.812474413
-8.55418666667 373.696568974
-8.549184 373.775669223
-8.54418133333 373.710308328
-8.53917866667 373.831130472
-8.534176 373.707580327
-8.52917333333 373.811873222
-8.52417066667 373.599400746
-8.519168 373.719004924
-8.51416533333 373.588530972
-8.50916266667 373.671812614
-8.50416 373.596782748
-8.49915733333 373.645680152
-8.49415466667 373.487982764
-8.489152 373.613331536
-8.48414933333 373.485216111
-8.47914666667 373.551322293
-8.474144 373.441058337
-8.46914133333 373.610296329
-8.46413866667 373.470966365
-8.459136 373.578602402
-8.45413333333 373.443989678
-8.44913066667 373.611187006
-8.444128 373.467565341
-8.43912533333 373.62607145
-8.43412266667 373.530525232
-8.42912 373.601900874
-8.42411733333 373.510787252
-8.41911466667 373.64272745
-8.414112 373.477863145
-8.40910933333 373.615472214
-8.40410666667 373.497902709
-8.399104 373.58425113
-8.39410133333 373.441385736
-8.38909866667 373.525375213
-8.384096 373.425019022
-8.37909333333 373.542710514
-8.37409066667 373.387092495
-8.369088 373.428869834
-8.36408533333 373.308860066
-8.35908266667 373.400753191
-8.35408 373.296432009
-8.34907733333 373.400058915
-8.34407466667 373.249579397
-8.339072 373.357451829
-8.33406933333 373.202510972
-8.32906666667 373.304325304
-8.324064 373.230006675
-8.31906133333 373.340610244
-8.31405866667 373.263009728
-8.309056 373.380564953
-8.30405333333 373.183645593
-8.29905066667 373.311277424
-8.294048 373.251600927
-8.28904533333 373.382729648
-8.28404266667 373.279470477
-8.27904 373.500625619
-8.27403733333 373.332140003
-8.26903466667 373.440192281
-8.264032 373.240287549
-8.25902933333 373.462682216
-8.25402666667 373.377500602
-8.249024 373.497208114
-8.24402133333 373.416635809
-8.23901866667 373.555266672
-8.234016 373.471421844
-8.22901333333 373.663120788
-8.22401066667 373.587399915
-8.219008 373.732332888
-8.21400533333 373.635473747
-8.20900266667 373.733039725
-8.204 373.613063984
-8.19899733333 373.742043989
-8.19399466667 373.705558303
-8.188992 373.795996995
-8.18398933333 373.648291038
-8.17898666667 373.71613189
-8.173984 373.591547615
-8.16898133333 373.616806981
-8.16397866667 373.393929649
-8.158976 373.382429012
-8.15397333333 373.072678426
-8.14897066667 372.927773955
-8.143968 372.677705876
-8.13896533333 372.705920512
-8.13396266667 372.696849413
-8.12896 372.774637843
-8.12395733333 372.528075473
-8.11895466667 372.403099105
-8.113952 372.102749093
-8.10894933333 372.011947313
-8.10394666667 371.791858216
-8.098944 371.752702117
-8.09394133333 371.602921591
-8.08893866667 371.696407407
-8.083936 371.627559341
-8.07893333333 371.827468386
-8.07393066667 371.841177463
-8.068928 372.060849581
-8.06392533333 372.223601989
-8.05892266667 372.465769785
-8.05392 372.497130127
-8.04891733333 372.613464104
-8.04391466667 372.665741533
-8.038912 372.849216575
-8.03390933333 372.856601862
-8.02890666667 372.99710361
-8.023904 372.9280483
-8.01890133333 373.042721249
-8.01389866667 373.046379368
-8.008896 373.179853588
-8.00389333333 373.237540024
-7.99889066667 373.616769499
-7.993888 373.741284945
-7.98888533333 373.916277752
-7.98388266667 373.994551775
-7.97888 374.2010325
-7.97387733333 374.26998756
-7.96887466667 374.512604127
-7.963872 374.477523938
-7.95886933333 374.682668352
-7.95386666667 374.798163757
-7.948864 375.20922863
-7.94386133333 375.134796687
-7.93885866667 375.156009565
-7.933856 375.077893961
-7.92885333333 375.179893989
-7.92385066667 375.107931339
-7.918848 375.220291085
-7.91384533333 375.18102308
-7.90884266667 375.194773313
-7.90384 375.124327311
-7.89883733333 375.119171562
-7.89383466667 375.076838
-7.888832 375.049310501
-7.88382933333 374.880838515
-7.87882666667 374.905790442
-7.873824 374.823473976
-7.86882133333 374.964687075
-7.86381866667 374.916305272
-7.858816 375.030739919
-7.85381333333 375.085474118
-7.84881066667 375.25150815
-7.843808 375.276882697
-7.83880533333 375.384449458
-7.83380266667 375.416228695
-7.8288 375.566260777
-7.82379733333 375.667214574
-7.81879466667 375.884950782
-7.813792 375.97391042
-7.80878933333 376.071718223
-7.80378666667 376.178069169
-7.798784 376.368637674
-7.79378133333 376.432276393
-7.78877866667 376.512792041
-7.783776 376.602139622
-7.77877333333 376.818562645
-7.77377066667 376.79187351
-7.768768 376.84518791
-7.76376533333 376.832648671
-7.75876266667 376.938453483
-7.75376 376.776028781
-7.74875733333 376.863644522
-7.74375466667 376.896178353
-7.738752 376.94703286
-7.73374933333 376.98005929
-7.72874666667 376.97876169
-7.723744 377.00961027
-7.71874133333 377.115132025
-7.71373866667 377.15757134
-7.708736 377.173871482
-7.70373333333 377.095271158
-7.69873066667 377.143695446
-7.693728 377.077577295
-7.68872533333 377.145784998
-7.68372266667 377.061798843
-7.67872 377.157826153
-7.67371733333 377.178473902
-7.66871466667 377.250771292
-7.663712 377.19703217
-7.65870933333 377.349809916
-7.65370666667 377.351516563
-7.648704 377.324062685
-7.64370133333 377.375931323
-7.63869866667 377.435845997
-7.633696 377.479871203
-7.62869333333 377.626651141
-7.62369066667 377.655811319
-7.618688 377.600587379
-7.61368533333 377.536058795
-7.60868266667 377.596600996
-7.60368 377.526131733
-7.59867733333 377.648758364
-7.59367466667 377.726694468
-7.588672 377.917224359
-7.58366933333 378.037933021
-7.57866666667 378.199001262
-7.573664 378.183156373
-7.56866133333 378.213482088
-7.56365866667 378.2437848
-7.558656 378.22732565
-7.55365333333 378.29303431
-7.54865066667 378.215305104
-7.543648 378.035898126
-7.53864533333 377.682298129
-7.53364266667 376.916760076
-7.52864 375.823285554
-7.52363733333 374.677553619
-7.51863466667 373.416305576
-7.513632 372.540385434
-7.50862933333 371.975258173
-7.50362666667 371.876794921
-7.498624 371.812483203
-7.49362133333 371.520981806
-7.48861866667 371.434819254
-7.483616 371.549200779
-7.47861333333 371.506323341
-7.47361066667 371.527135106
-7.468608 371.651009995
-7.46360533333 371.683164867
-7.45860266667 371.705250968
-7.4536 371.62816111
-7.44859733333 371.579930071
-7.44359466667 371.586396986
-7.438592 371.581289433
-7.43358933333 371.56329723
-7.42858666667 371.625542758
-7.423584 371.579795315
-7.41858133333 371.562197032
-7.41357866667 371.55951442
-7.408576 371.568030335
-7.40357333333 371.557551253
-7.39857066667 371.620883782
-7.393568 371.646270302
-7.38856533333 371.621823381
-7.38356266667 371.586318552
-7.37856 371.607136655
-7.37355733333 371.60647548
-7.36855466667 371.539056255
-7.363552 371.508387748
-7.35854933333 371.476685134
-7.35354666667 371.51427325
-7.348544 371.49022832
-7.34354133333 371.516381987
-7.33853866667 371.552633937
-7.333536 371.600531791
-7.32853333333 371.694780932
-7.32353066667 371.777012284
-7.318528 371.831610155
-7.31352533333 371.832786776
-7.30852266667 371.984908562
-7.30352 372.063369402
-7.29851733333 372.060670132
-7.29351466667 372.098990451
-7.288512 372.09495411
-7.28350933333 372.202756847
-7.27850666667 372.207716953
-7.273504 372.196030225
-7.26850133333 372.331758277
-7.26349866667 372.443062081
-7.258496 372.510618513
-7.25349333333 372.470790096
-7.24849066667 372.5706929
-7.243488 372.58730272
-7.23848533333 372.567978327
-7.23348266667 372.678823022
-7.22848 372.656601452
-7.22347733333 372.740667937
-7.21847466667 372.711282011
-7.213472 372.759820178
-7.20846933333 372.78979715
-7.20346666667 372.897032441
-7.198464 372.910205979
-7.19346133333 372.956000884
-7.18845866667 372.956587727
-7.183456 373.086450894
-7.17845333333 373.113146198
-7.17345066667 373.169480092
-7.168448 373.208016618
-7.16344533333 373.223260804
-7.15844266667 373.203833494
-7.15344 373.229370407
-7.14843733333 373.184248651
-7.14343466667 373.275216856
-7.138432 373.271975871
-7.13342933333 373.340563089
-7.12842666667 373.268067803
-7.123424 373.27938543
-7.11842133333 373.321816184
-7.11341866667 373.345959315
-7.108416 373.36880524
-7.10341333333 373.429099468
-7.09841066667 373.408381077
-7.093408 373.44958124
-7.08840533333 373.369306663
-7.08340266667 373.426609641
-7.0784 373.458719608
-7.07339733333 373.49514867
-7.06839466667 373.467864958
-7.063392 373.466488106
-7.05838933333 373.552479807
-7.05338666667 373.605218841
-7.048384 373.530438568
-7.04338133333 373.526120562
-7.03837866667 373.369408648
-7.033376 373.321340963
-7.02837333333 373.15390927
-7.02337066667 373.042466424
-7.018368 372.867088949
-7.01336533333 372.842131143
-7.00836266667 372.908904437
-7.00336 372.912017805
-6.99835733333 372.925415771
-6.99335466667 373.057924589
-6.988352 373.221045393
-6.98334933333 373.409608705
-6.97834666667 373.474169465
-6.973344 373.443000884
-6.96834133333 373.379320877
-6.96333866667 373.510961386
-6.958336 373.498332179
-6.95333333333 373.520923923
-6.94833066667 373.382300853
-6.943328 373.314911989
-6.93832533333 373.276815877
-6.93332266667 373.264283163
-6.92832 373.177843806
-6.92331733333 373.210769365
-6.91831466667 373.122409945
-6.913312 373.163088516
-6.90830933333 373.073502201
-6.90330666667 373.078533152
-6.898304 373.050888762
-6.89330133333 373.05340544
-6.88829866667 372.97426724
-6.883296 372.995074407
-6.87829333333 372.865819641
-6.87329066667 372.847739449
-6.868288 372.775069279
-6.86328533333 372.903140544
-6.85828266667 372.780826479
-6.85328 372.772328652
-6.84827733333 372.681801631
-6.84327466667 372.725823706
-6.838272 372.539333703
-6.83326933333 372.646194268
-6.82826666667 372.587130634
-6.823264 372.638699871
-6.81826133333 372.488592379
-6.81325866667 372.486516042
-6.808256 372.301315324
-6.80325333333 372.325904986
-6.79825066667 372.234628832
-6.793248 372.263939516
-6.78824533333 372.175214117
-6.78324266667 372.21050482
-6.77824 372.120112705
-6.77323733333 372.197415637
-6.76823466667 372.122417167
-6.763232 372.099114702
-6.75822933333 371.98050167
-6.75322666667 372.037351397
-6.748224 372.02110333
-6.74322133333 372.123649842
-6.73821866667 372.086731686
-6.733216 372.145186317
-6.72821333333 372.070293444
-6.72321066667 372.20224531
-6.718208 372.18057051
-6.71320533333 372.305145841
-6.70820266667 372.239539713
-6.7032 372.392385316
-6.69819733333 372.323484323
-6.69319466667 372.343984445
-6.688192 372.308921547
-6.68318933333 372.368846515
-6.67818666667 372.344441647
-6.673184 372.366967955
-6.66818133333 372.249981702
-6.66317866667 372.2710738
-6.658176 372.162070556
-6.65317333333 372.214760278
-6.64817066667 372.141390365
-6.643168 372.231254992
-6.63816533333 372.135318883
-6.63316266667 372.173099589
-6.62816 372.151582419
-6.62315733333 372.289073006
-6.61815466667 372.293267184
-6.613152 372.350946491
-6.60814933333 372.266395782
-6.60314666667 372.38241061
-6.598144 372.257711198
-6.59314133333 372.354813094
-6.58813866667 372.312254097
-6.583136 372.381727917
-6.57813333333 372.307251639
-6.57313066667 372.366537673
-6.568128 372.328703671
-6.56312533333 372.385994182
-6.55812266667 372.370671819
-6.55312 372.419206854
-6.54811733333 372.337451807
-6.54311466667 372.456609176
-6.538112 372.374682704
-6.53310933333 372.431984557
-6.52810666667 372.37901522
-6.523104 372.473340935
-6.51810133333 372.351930072
-6.51309866667 372.478750046
-6.508096 372.393944001
-6.50309333333 372.464786957
-6.49809066667 372.454264857
-6.493088 372.519686534
-6.48808533333 372.389834749
-6.48308266667 372.509271962
-6.47808 372.446323427
-6.47307733333 372.508382504
-6.46807466667 372.449239725
-6.463072 372.577241824
-6.45806933333 372.553807813
-6.45306666667 372.687489669
-6.448064 372.590924364
-6.44306133333 372.670656465
-6.43805866667 372.676597821
-6.433056 372.728113609
-6.42805333333 372.732695961
-6.42305066667 372.749553251
-6.418048 372.628412604
-6.41304533333 372.737071977
-6.40804266667 372.635723007
-6.40304 372.728823723
-6.39803733333 372.662588129
-6.39303466667 372.694956626
-6.388032 372.591573932
-6.38302933333 372.757308124
-6.37802666667 372.612105375
-6.373024 372.704871452
-6.36802133333 372.641512539
-6.36301866667 372.730975943
-6.358016 372.66742551
-6.35301333333 372.818909346
-6.34801066667 372.811596591
-6.343008 372.969153119
-6.33800533333 372.918173146
-6.33300266667 373.030116418
-6.328 372.946844871
-6.32299733333 373.023771128
-6.31799466667 373.017605029
-6.312992 373.155416791
-6.30798933333 373.123635999
-6.30298666667 373.265419557
-6.297984 373.242623143
-6.29298133333 373.300594676
-6.28797866667 373.225267774
-6.282976 373.336291997
-6.27797333333 373.314800476
-6.27297066667 373.469631042
-6.267968 373.348035027
-6.26296533333 373.503551525
-6.25796266667 373.312454906
-6.25296 373.473608833
-6.24795733333 373.537723294
-6.24295466667 373.658875131
-6.237952 373.474998672
-6.23294933333 373.581517768
-6.22794666667 373.477865445
-6.222944 373.631890082
-6.21794133333 373.554584765
-6.21293866667 373.666064962
-6.207936 373.536340238
-6.20293333333 373.746469135
-6.19793066667 373.576544997
-6.192928 373.662239573
-6.18792533333 373.560206679
-6.18292266667 373.644897469
-6.17792 373.517255753
-6.17291733333 373.691595197
-6.16791466667 373.580239112
-6.162912 373.660387827
-6.15790933333 373.647262464
-6.15290666667 373.708225374
-6.147904 373.607636461
-6.14290133333 373.759252125
-6.13789866667 373.689311507
-6.132896 373.884932439
-6.12789333333 373.90663303
-6.12289066667 374.219504122
-6.117888 374.346539445
-6.11288533333 374.497735764
-6.10788266667 374.345957184
-6.10288 374.526128927
-6.09787733333 374.484138313
-6.09287466667 374.60865926
-6.087872 374.548679975
-6.08286933333 374.714654254
-6.07786666667 374.570064911
-6.072864 374.673915513
-6.06786133333 374.540202093
-6.06285866667 374.713731975
-6.057856 374.620698363
-6.05285333333 374.762467886
-6.04785066667 374.615482329
-6.042848 374.772067783
-6.03784533333 374.795240546
-6.03284266667 374.909247401
-6.02784 374.776826732
-6.02283733333 374.903958226
-6.01783466667 374.763046557
-6.012832 374.89338757
-6.00782933333 374.750148335
-6.00282666667 374.836556402
-5.997824 374.785080147
-5.99282133333 374.957309142
-5.98781866667 374.779528943
-5.982816 374.874773508
-5.97781333333 374.786770399
-5.97281066667 374.899473246
-5.967808 374.810051232
-5.96280533333 374.927566811
-5.95780266667 374.839138694
-5.9528 374.960685614
-5.94779733333 374.834055946
-5.94279466667 375.03131956
-5.937792 374.946055502
-5.93278933333 375.121608194
-5.92778666667 375.001977335
-5.922784 375.208723114
-5.91778133333 375.087621484
-5.91277866667 375.316968486
-5.907776 375.207333609
-5.90277333333 375.345843623
-5.89777066667 375.127746017
-5.892768 375.080809102
-5.88776533333 374.85142054
-5.88276266667 374.914346041
-5.87776 374.735106489
-5.87275733333 374.816273289
-5.86775466667 374.673471664
-5.862752 374.720474915
-5.85774933333 374.558711442
-5.85274666667 374.639771873
-5.847744 374.469258514
-5.84274133333 374.588050997
-5.83773866667 374.438464403
-5.832736 374.571882426
-5.82773333333 374.403740414
-5.82273066667 374.550914014
-5.817728 374.476945852
-5.81272533333 374.668554596
-5.80772266667 374.583877711
-5.80272 374.757525366
-5.79771733333 374.646290813
-5.79271466667 374.800851837
-5.787712 374.710171505
-5.78270933333 374.8513099
-5.77770666667 374.687097185
-5.772704 374.79050642
-5.76770133333 374.577297916
-5.76269866667 374.659408387
-5.757696 374.381417625
-5.75269333333 374.368883507
-5.74769066667 374.127395298
-5.742688 374.140812786
-5.73768533333 374.05991492
-5.73268266667 374.192077451
-5.72768 374.082726463
-5.72267733333 374.09899357
-5.71767466667 373.792954074
-5.712672 373.871554557
-5.70766933333 373.671946718
-5.70266666667 373.817737866
-5.697664 373.681808113
-5.69266133333 373.80953741
-5.68765866667 373.722734962
-5.682656 374.051143341
-5.67765333333 373.834586541
-5.67265066667 373.901317908
-5.667648 373.779146016
-5.66264533333 373.993543149
-5.65764266667 373.835439159
-5.65264 373.969135924
-5.64763733333 373.692578871
-5.64263466667 373.787596196
-5.637632 373.697772819
-5.63262933333 373.827019541
-5.62762666667 373.69037585
-5.622624 373.850139497
-5.61762133333 373.774028414
-5.61261866667 373.960013489
-5.607616 373.894157835
-5.60261333333 374.088155402
-5.59761066667 374.033470322
-5.592608 374.196185879
-5.58760533333 374.034810952
-5.58260266667 374.13872139
-5.5776 374.057321617
-5.57259733333 374.165188626
-5.56759466667 374.132086702
-5.562592 374.419998734
-5.55758933333 374.35770804
-5.55258666667 374.493861519
-5.547584 374.664565901
-5.54258133333 375.169227064
-5.53757866667 375.248945027
-5.532576 375.760137482
-5.52757333333 376.044737097
-5.52257066667 376.849898053
-5.517568 377.332301538
-5.51256533333 377.702847516
-5.50756266667 377.762568322
-5.50256 378.05208881
-5.49755733333 378.029067684
-5.49255466667 378.445125969
-5.487552 378.388659638
-5.48254933333 378.795316609
-5.47754666667 379.006463868
-5.472544 379.381304237
-5.46754133333 379.568041088
-5.46253866667 380.046423681
-5.457536 380.080847865
-5.45253333333 380.05450585
-5.44753066667 379.699424243
-5.442528 379.85016071
-5.43752533333 379.666223847
-5.43252266667 379.484056559
-5.42752 379.29222304
-5.42251733333 379.465571059
-5.41751466667 379.385322455
-5.412512 379.712787025
-5.40750933333 379.869957153
-5.40250666667 380.252892783
-5.397504 380.217046605
-5.39250133333 380.839954359
-5.38749866667 381.801750531
-5.382496 382.465948378
-5.37749333333 382.648472252
-5.37249066667 382.983814245
-5.367488 382.852169052
-5.36248533333 383.240032342
-5.35748266667 383.182375418
-5.35248 383.187491526
-5.34747733333 383.482514715
-5.34247466667 383.888202377
-5.337472 383.092420895
-5.33246933333 382.028130058
-5.32746666667 383.61597148
-5.322464 385.133622695
-5.31746133333 385.521071035
-5.31245866667 386.103666953
-5.307456 386.133192674
-5.30245333333 386.960070429
-5.29745066667 387.203930528
-5.292448 387.770338276
-5.28744533333 388.107410998
-5.28244266667 388.962500388
-5.27744 390.239602957
-5.27243733333 391.600659763
-5.26743466667 392.194157116
-5.262432 392.959829989
-5.25742933333 392.271040066
-5.25242666667 388.813777108
-5.247424 386.769911539
-5.24242133333 385.950083864
-5.23741866667 385.373359876
-5.232416 385.54339971
-5.22741333333 385.612905338
-5.22241066667 387.060045063
-5.217408 388.354946748
-5.21240533333 390.174544077
-5.20740266667 391.075311828
-5.2024 391.526035058
-5.19739733333 390.895405488
-5.19239466667 390.582270774
-5.187392 390.234210716
-5.18238933333 390.557684845
-5.17738666667 388.335782676
-5.172384 385.945225957
-5.16738133333 384.493909669
-5.16237866667 383.022956198
-5.157376 381.866942521
-5.15237333333 381.264214852
-5.14737066667 379.40333818
-5.142368 377.726157364
-5.13736533333 375.359901756
-5.13236266667 374.777585835
-5.12736 374.273921784
-5.12235733333 374.212868884
-5.11735466667 373.687291794
-5.112352 373.333495908
-5.10734933333 372.430140475
-5.10234666667 371.979955049
-5.097344 371.217435016
-5.09234133333 370.936535124
-5.08733866667 370.472881232
-5.082336 370.402328714
-5.07733333333 370.128879735
-5.07233066667 370.055512773
-5.067328 369.578531748
-5.06232533333 369.425447168
-5.05732266667 369.086864954
-5.05232 369.1069303
-5.04731733333 368.765719197
-5.04231466667 368.806552487
-5.037312 368.541782825
-5.03230933333 368.438157428
-5.02730666667 368.222722998
-5.022304 368.23468821
-5.01730133333 368.002463999
-5.01229866667 368.144951509
-5.007296 367.820064089
-5.00229333333 367.962775715
-4.99729066667 367.853308057
-4.992288 368.064575786
-4.98728533333 368.278482329
-4.98228266667 368.983039377
-4.97728 369.447384627
-4.97227733333 369.974642441
-4.96727466667 369.877358895
-4.962272 370.056998611
-4.95726933333 369.802912347
-4.95226666667 370.234435348
-4.947264 370.449290318
-4.94226133333 370.739272057
-4.93725866667 370.66100535
-4.932256 370.979193286
-4.92725333333 371.003222373
-4.92225066667 371.606806003
-4.917248 371.868703508
-4.91224533333 372.504329462
-4.90724266667 372.628681076
-4.90224 373.261621578
-4.89723733333 373.571911759
-4.89223466667 374.328163845
-4.887232 374.995637094
-4.88222933333 376.33334439
-4.87722666667 376.279341969
-4.872224 376.38408788
-4.86722133333 375.911560233
-4.86221866667 375.498501635
-4.857216 375.400145825
-4.85221333333 376.142707211
-4.84721066667 377.103586397
-4.842208 379.302234349
-4.83720533333 380.873086716
-4.83220266667 383.496701351
-4.8272 388.337244236
-4.82219733333 390.48490159
-4.81719466667 387.22915705
-4.812192 385.714025119
-4.80718933333 385.648512568
-4.80218666667 383.531276496
-4.797184 383.846616964
-4.79218133333 387.792525613
-4.78717866667 384.892906964
-4.782176 385.587480176
-4.77717333333 387.274995876
-4.77217066667 383.090822996
-4.767168 377.830598745
-4.76216533333 377.152219692
-4.75716266667 377.659329873
-4.75216 379.000320817
-4.74715733333 378.410267598
-4.74215466667 378.397839649
-4.737152 378.484140216
-4.73214933333 383.167335953
-4.72714666667 385.584407317
-4.722144 386.707396288
-4.71714133333 386.648419242
-4.71213866667 386.74857115
-4.707136 386.354676797
-4.70213333333 386.068669383
-4.69713066667 385.458745217
-4.692128 384.247313041
-4.68712533333 383.491186321
-4.68212266667 383.091968263
-4.67712 382.521266033
-4.67211733333 381.578432808
-4.66711466667 380.606409852
-4.662112 380.399950078
-4.65710933333 380.015067156
-4.65210666667 379.953233862
-4.647104 380.349172512
-4.64210133333 380.479981015
-4.63709866667 380.256202315
-4.632096 380.662635372
-4.62709333333 380.891586649
-4.62209066667 380.968839247
-4.617088 380.787369366
-4.61208533333 380.822588716
-4.60708266667 380.554063075
-4.60208 380.557255453
-4.59707733333 380.239688651
-4.59207466667 380.147607079
-4.587072 379.911342985
-4.58206933333 380.005737962
-4.57706666667 379.696463036
-4.572064 379.640075092
-4.56706133333 379.273138369
-4.56205866667 379.216832107
-4.557056 378.964042484
-4.55205333333 378.849080132
-4.54705066667 378.37379333
-4.542048 378.235775936
-4.53704533333 377.863913872
-4.53204266667 377.660913672
-4.52704 377.128536923
-4.52203733333 377.013971868
-4.51703466667 376.598984894
-4.512032 376.530597849
-4.50702933333 376.256841419
-4.50202666667 376.177232411
-4.497024 375.798387707
-4.49202133333 375.805216169
-4.48701866667 375.553224659
-4.482016 375.591170953
-4.47701333333 375.302660317
-4.47201066667 375.449312933
-4.467008 374.757323382
-4.46200533333 374.47165336
-4.45700266667 374.096401164
-4.452 373.824195332
-4.44699733333 373.19732896
-4.44199466667 373.047772017
-4.436992 372.65630123
-4.43198933333 372.554432509
-4.42698666667 372.273419175
-4.421984 372.363099935
-4.41698133333 372.152399257
-4.41197866667 372.27155237
-4.406976 372.0817086
-4.40197333333 372.183908221
-4.39697066667 372.133105514
-4.391968 372.248471474
-4.38696533333 372.102764744
-4.38196266667 372.146338765
-4.37696 371.943942631
-4.37195733333 372.1246675
-4.36695466667 371.846834428
-4.361952 372.025551898
-4.35694933333 371.970505403
-4.35194666667 371.91649442
-4.346944 371.684795752
-4.34194133333 371.642378658
-4.33693866667 371.464883682
-4.331936 371.544080753
-4.32693333333 371.34898576
-4.32193066667 371.420447852
-4.316928 371.226271235
-4.31192533333 371.328048538
-4.30692266667 371.207764433
-4.30192 371.353692049
-4.29691733333 371.137411521
-4.29191466667 371.116154634
-4.286912 370.846157492
-4.28190933333 370.941357142
-4.27690666667 370.69448944
-4.271904 370.862110025
-4.26690133333 370.656877592
-4.26189866667 370.765847609
-4.256896 370.638840019
-4.25189333333 370.709290991
-4.24689066667 370.638821965
-4.241888 370.77950363
-4.23688533333 370.658733535
-4.23188266667 370.715455283
-4.22688 370.562142419
-4.22187733333 370.682739016
-4.21687466667 370.629784246
-4.211872 370.829689639
-4.20686933333 370.78256284
-4.20186666667 370.929710124
-4.196864 370.768992634
-4.19186133333 370.928187963
-4.18685866667 370.820082295
-4.181856 371.009169633
-4.17685333333 370.829334846
-4.17185066667 370.920027187
-4.166848 370.668817253
-4.16184533333 370.740417912
-4.15684266667 370.597960639
-4.15184 370.680785799
-4.14683733333 370.525661045
-4.14183466667 370.57254306
-4.136832 370.467666033
-4.13182933333 370.515118321
-4.12682666667 370.349028189
-4.121824 370.540517473
-4.11682133333 370.414652179
-4.11181866667 370.499307286
-4.106816 370.338300978
-4.10181333333 370.470804521
-4.09681066667 370.369789144
-4.091808 370.494600556
-4.08680533333 370.324348488
-4.08180266667 370.428747146
-4.0768 370.350841855
-4.07179733333 370.421895046
-4.06679466667 370.286438532
-4.061792 370.472281093
-4.05678933333 370.39614601
-4.05178666667 370.603953642
-4.046784 370.670443726
-4.04178133333 370.82590394
-4.03677866667 370.777598112
-4.031776 370.924412074
-4.02677333333 370.962674209
-4.02177066667 371.125162155
-4.016768 371.100578528
-4.01176533333 371.156802169
-4.00676266667 371.084438716
-4.00176 371.215413269
-3.99675733333 371.092105945
-3.99175466667 371.171475528
-3.986752 371.034071727
-3.98174933333 371.178309774
-3.97674666667 370.988112204
-3.971744 371.107471314
-3.96674133333 370.947312079
-3.96173866667 371.008329557
-3.956736 370.973188962
-3.95173333333 371.066940348
-3.94673066667 370.961286115
-3.941728 371.119385356
-3.93672533333 371.001684033
-3.93172266667 371.150541419
-3.92672 371.084046008
-3.92171733333 371.122262733
-3.91671466667 371.028384008
-3.911712 371.091047743
-3.90670933333 371.020760377
-3.90170666667 371.106175116
-3.896704 370.980186856
-3.89170133333 371.106901264
-3.88669866667 370.946658902
-3.881696 370.985431503
-3.87669333333 370.84855377
-3.87169066667 371.008584125
-3.866688 370.855900339
-3.86168533333 370.871212637
-3.85668266667 370.780474384
-3.85168 370.834230261
-3.84667733333 370.71137906
-3.84167466667 370.810554149
-3.836672 370.675395902
-3.83166933333 370.730434109
-3.82666666667 370.567067484
-3.821664 370.594738664
-3.81666133333 370.471816051
-3.81165866667 370.486633542
-3.806656 370.339185747
-3.80165333333 370.357280637
-3.79665066667 370.27870479
-3.791648 370.280134499
-3.78664533333 370.154150231
-3.78164266667 370.266144995
-3.77664 370.19012515
-3.77163733333 370.237837556
-3.76663466667 370.148839966
-3.761632 370.149082029
-3.75662933333 370.1131775
-3.75162666667 370.196115482
-3.746624 370.066528944
-3.74162133333 370.159423734
-3.73661866667 370.008680664
-3.731616 370.049643413
-3.72661333333 369.926573046
-3.72161066667 370.043661688
-3.716608 369.932197146
-3.71160533333 370.02447456
-3.70660266667 369.873187763
-3.7016 370.024607333
-3.69659733333 369.824152734
-3.69159466667 369.961942432
-3.686592 369.800415232
-3.68158933333 369.895748775
-3.67658666667 369.710443952
-3.671584 369.808454321
-3.66658133333 369.726584824
-3.66157866667 369.712128831
-3.656576 369.678989264
-3.65157333333 369.741281516
-3.64657066667 369.6175774
-3.641568 369.690487676
-3.63656533333 369.570354845
-3.63156266667 369.602595159
-3.62656 369.558584815
-3.62155733333 369.587792094
-3.61655466667 369.45181331
-3.611552 369.460433562
-3.60654933333 369.362180115
-3.60154666667 369.433189649
-3.596544 369.297077316
-3.59154133333 369.352142427
-3.58653866667 369.304623007
-3.581536 369.331975044
-3.57653333333 369.286122053
-3.57153066667 369.338488947
-3.566528 369.236376587
-3.56152533333 369.308447246
-3.55652266667 369.238287095
-3.55152 369.238702384
-3.54651733333 369.184148174
-3.54151466667 369.227667969
-3.536512 369.166886876
-3.53150933333 369.22420321
-3.52650666667 369.151767096
-3.521504 369.16952351
-3.51650133333 369.030118098
-3.51149866667 369.031705789
-3.506496 369.014882975
-3.50149333333 369.076330373
-3.49649066667 368.997466105
-3.491488 369.000165883
-3.48648533333 368.88691832
-3.48148266667 368.921893347
-3.47648 368.831768723
-3.47147733333 368.860936789
-3.46647466667 368.720483148
-3.461472 368.779622994
-3.45646933333 368.653077532
-3.45146666667 368.687624563
-3.446464 368.543469924
-3.44146133333 368.619352849
-3.43645866667 368.506532072
-3.431456 368.532145435
-3.42645333333 368.426418882
-3.42145066667 368.513687711
-3.416448 368.421286729
-3.41144533333 368.438114894
-3.40644266667 368.335513801
-3.40144 368.413982684
-3.39643733333 368.335522416
-3.39143466667 368.399580716
-3.386432 368.382271856
-3.38142933333 368.464137297
-3.37642666667 368.464272895
-3.371424 368.568272456
-3.36642133333 368.587277496
-3.36141866667 368.754382117
-3.356416 368.790119723
-3.35141333333 368.906534597
-3.34641066667 368.917006522
-3.341408 369.046009016
-3.33640533333 369.078666506
-3.33140266667 369.13518732
-3.3264 369.095641208
-3.32139733333 369.212463261
-3.31639466667 369.208692309
-3.311392 369.220463518
-3.30638933333 369.07446135
-3.30138666667 369.06491888
-3.296384 369.031896227
-3.29138133333 369.173201225
-3.28637866667 369.144290383
-3.281376 369.263894991
-3.27637333333 369.166555042
-3.27137066667 369.170361565
-3.266368 369.075797447
-3.26136533333 369.110967702
-3.25636266667 369.073045023
-3.25136 369.127801634
-3.24635733333 369.127944326
-3.24135466667 369.209399719
-3.236352 369.087551248
-3.23134933333 369.194423483
-3.22634666667 369.11518287
-3.221344 369.268490834
-3.21634133333 369.214925207
-3.21133866667 369.200866813
-3.206336 369.194965952
-3.20133333333 369.250296405
-3.19633066667 369.268071015
-3.191328 369.26266664
-3.18632533333 369.249950606
-3.18132266667 369.200010292
-3.17632 369.227895596
-3.17131733333 369.205445281
-3.16631466667 369.147447984
-3.161312 369.192876023
-3.15630933333 369.154890312
-3.15130666667 369.109997694
-3.146304 369.076757612
-3.14130133333 369.093824664
-3.13629866667 369.073223969
-3.131296 369.042092799
-3.12629333333 369.048536824
-3.12129066667 369.04162226
-3.116288 369.067188654
-3.11128533333 369.051531967
-3.10628266667 369.090154495
-3.10128 369.176691688
-3.09627733333 369.134501478
-3.09127466667 369.150879831
-3.086272 369.113244168
-3.08126933333 369.159177204
-3.07626666667 369.103070455
-3.071264 369.160200427
-3.06626133333 369.175782832
-3.06125866667 369.236666661
-3.056256 369.200273298
-3.05125333333 369.214708173
-3.04625066667 369.231289332
-3.041248 369.266935501
-3.03624533333 369.26761056
-3.03124266667 369.213478555
-3.02624 369.181094024
-3.02123733333 369.239420495
-3.01623466667 369.21361662
-3.011232 369.259230615
-3.00622933333 369.25017734
-3.00122666667 369.229928261
-2.996224 369.193358343
-2.99122133333 369.121031321
-2.98621866667 369.085529713
-2.981216 369.071697282
-2.97621333333 369.098946225
-2.97121066667 369.065263226
-2.966208 369.099073528
-2.96120533333 368.993479629
-2.95620266667 368.926307094
-2.9512 368.975032848
-2.94619733333 368.937530612
-2.94119466667 368.946875167
-2.936192 368.898821058
-2.93118933333 368.713194204
-2.92618666667 368.740543922
-2.921184 368.722858778
-2.91618133333 368.698927126
-2.91117866667 368.654503076
-2.906176 368.609671555
-2.90117333333 368.577066882
-2.89617066667 368.580807565
-2.891168 368.53924232
-2.88616533333 368.502546843
-2.88116266667 368.623662024
-2.87616 368.668134591
-2.87115733333 368.588260193
-2.86615466667 368.61323935
-2.861152 368.518134284
-2.85614933333 368.677395755
-2.85114666667 368.504794859
-2.846144 368.558230463
-2.84114133333 368.498287826
-2.83613866667 368.523386894
-2.831136 368.525281875
-2.82613333333 368.561092293
-2.82113066667 368.601538589
-2.816128 368.621061024
-2.81112533333 368.555681379
-2.80612266667 368.596707266
-2.80112 368.651212563
-2.79611733333 368.686637563
-2.79111466667 368.686577341
-2.786112 368.74715761
-2.78110933333 368.765484918
-2.77610666667 368.775969788
-2.771104 368.796302163
-2.76610133333 368.914918383
-2.76109866667 368.954350413
-2.756096 369.030153619
-2.75109333333 368.976903301
-2.74609066667 369.032431099
-2.741088 369.069199208
-2.73608533333 369.121209101
-2.73108266667 369.066409103
-2.72608 369.15005686
-2.72107733333 369.194877571
-2.71607466667 369.204763012
-2.711072 369.225165829
-2.70606933333 369.306647139
-2.70106666667 369.336698694
-2.696064 369.44986152
-2.69106133333 369.38551864
-2.68605866667 369.428259398
-2.681056 369.455454502
-2.67605333333 369.540343289
-2.67105066667 369.905003506
-2.666048 370.938170372
-2.66104533333 371.567118655
-2.65604266667 371.978797506
-2.65104 372.246773677
-2.64603733333 372.789013266
-2.64103466667 373.262279208
-2.636032 373.952266534
-2.63102933333 374.032394533
-2.62602666667 374.167821708
-2.621024 374.337830361
-2.61602133333 374.476196054
-2.61101866667 374.538233838
-2.606016 374.650507979
-2.60101333333 374.537278882
-2.59601066667 374.575733489
-2.591008 374.552747363
-2.58600533333 374.67367461
-2.58100266667 374.705061555
-2.576 374.809177077
-2.57099733333 374.706745319
-2.56599466667 374.793750767
-2.560992 374.721742058
-2.55598933333 374.77505344
-2.55098666667 374.747076782
-2.545984 374.79057608
-2.54098133333 374.783149852
-2.53597866667 374.893860329
-2.530976 374.850787804
-2.52597333333 375.06204099
-2.52097066667 375.12735123
-2.515968 375.465296461
-2.51096533333 375.736988239
-2.50596266667 375.872283081
-2.50096 375.8111745
-2.49595733333 375.996251021
-2.49095466667 376.02961869
-2.485952 376.202749414
-2.48094933333 376.291067844
-2.47594666667 376.35235807
-2.470944 376.258937722
-2.46594133333 376.355215633
-2.46093866667 376.380467672
-2.455936 376.491418711
-2.45093333333 376.39535168
-2.44593066667 376.517966797
-2.440928 376.392080073
-2.43592533333 376.440429045
-2.43092266667 376.218767001
-2.42592 376.177172274
-2.42091733333 376.000079551
-2.41591466667 375.914636239
-2.410912 375.559780032
-2.40590933333 375.372010202
-2.40090666667 375.309206519
-2.395904 375.461865455
-2.39090133333 375.623945342
-2.38589866667 375.978366243
-2.380896 375.863006518
-2.37589333333 375.783221153
-2.37089066667 375.826006248
-2.365888 375.973086071
-2.36088533333 376.024297095
-2.35588266667 376.306243316
-2.35088 376.307785993
-2.34587733333 376.357562403
-2.34087466667 376.405682507
-2.335872 376.49191815
-2.33086933333 376.451860686
-2.32586666667 376.55234001
-2.320864 376.421554966
-2.31586133333 376.415790998
-2.31085866667 376.304495166
-2.305856 376.434388434
-2.30085333333 376.488989385
-2.29585066667 376.55808795
-2.290848 376.457657042
-2.28584533333 376.523685168
-2.28084266667 376.476213979
-2.27584 376.526260364
-2.27083733333 376.53290096
-2.26583466667 376.685726688
-2.260832 376.647416634
-2.25582933333 376.77025869
-2.25082666667 376.651210022
-2.245824 376.752452044
-2.24082133333 376.720246941
-2.23581866667 376.814133216
-2.230816 376.780100853
-2.22581333333 376.819265624
-2.22081066667 376.732332719
-2.215808 376.827094717
-2.21080533333 376.777022497
-2.20580266667 376.906287901
-2.2008 376.862669224
-2.19579733333 376.912895413
-2.19079466667 376.818579534
-2.185792 376.955287445
-2.18078933333 376.887721292
-2.17578666667 376.980937097
-2.170784 376.877496722
-2.16578133333 376.927849518
-2.16077866667 376.853754242
-2.155776 376.939183141
-2.15077333333 376.861087719
-2.14577066667 376.986862454
-2.140768 376.98373311
-2.13576533333 377.095700022
-2.13076266667 376.932156292
-2.12576 377.100215921
-2.12075733333 377.012235316
-2.11575466667 377.138256425
-2.110752 377.056104044
-2.10574933333 377.188774705
-2.10074666667 377.047911527
-2.095744 377.142844815
-2.09074133333 377.060911719
-2.08573866667 377.157459464
-2.080736 377.052939151
-2.07573333333 377.222955738
-2.07073066667 377.137183452
-2.065728 377.248538041
-2.06072533333 377.251436355
-2.05572266667 377.340093352
-2.05072 377.326799222
-2.04571733333 377.521151616
-2.04071466667 377.440262406
-2.035712 377.508749407
-2.03070933333 377.503627834
-2.02570666667 377.690081701
-2.020704 377.644223972
-2.01570133333 377.843294805
-2.01069866667 377.801267864
-2.005696 377.886642381
-2.00069333333 377.736895846
-1.99569066667 377.921805645
-1.990688 377.85190894
-1.98568533333 378.012102345
-1.98068266667 378.041040638
-1.97568 378.150727653
-1.97067733333 378.011657222
-1.96567466667 378.159671789
-1.960672 377.970619021
-1.95566933333 378.037611829
-1.95066666667 377.834181189
-1.945664 377.833483531
-1.94066133333 377.567489502
-1.93565866667 377.568736807
-1.930656 377.182943498
-1.92565333333 376.975009561
-1.92065066667 376.486310355
-1.915648 375.982184284
-1.91064533333 375.373272436
-1.90564266667 375.152907336
-1.90064 374.84025549
-1.89563733333 374.868386373
-1.89063466667 374.799960146
-1.885632 374.982934611
-1.88062933333 374.856950884
-1.87562666667 374.934663533
-1.870624 374.716654288
-1.86562133333 374.84276357
-1.86061866667 374.768500515
-1.855616 374.761444509
-1.85061333333 374.632168417
-1.84561066667 374.72574295
-1.840608 374.59708905
-1.83560533333 374.631977373
-1.83060266667 374.497157526
-1.8256 374.562152233
-1.82059733333 374.361291127
-1.81559466667 374.346668649
-1.810592 374.175078233
-1.80558933333 374.200686331
-1.80058666667 373.954247145
-1.795584 373.956366088
-1.79058133333 373.672044534
-1.78557866667 373.673753417
-1.780576 373.422036955
-1.77557333333 373.383344367
-1.77057066667 372.948379251
-1.765568 372.159168044
-1.76056533333 371.438480343
-1.75556266667 370.986900478
-1.75056 370.298446076
-1.74555733333 370.034808022
-1.74055466667 369.610111124
-1.735552 369.665845519
-1.73054933333 369.548332141
-1.72554666667 369.496689239
-1.720544 369.281577862
-1.71554133333 369.35967437
-1.71053866667 369.099445197
-1.705536 369.152037792
-1.70053333333 368.97857245
-1.69553066667 369.028029313
-1.690528 368.775508234
-1.68552533333 368.79523287
-1.68052266667 368.609227461
-1.67552 368.609823044
-1.67051733333 368.394009533
-1.66551466667 368.439185964
-1.660512 368.200808201
-1.65550933333 368.194168054
-1.65050666667 367.719279762
-1.645504 367.418928951
-1.64050133333 366.987142509
-1.63549866667 366.817769636
-1.630496 366.389286111
-1.62549333333 366.303572697
-1.62049066667 365.931713315
-1.615488 365.752035787
-1.61048533333 365.308704138
-1.60548266667 365.135314984
-1.60048 364.85561125
-1.59547733333 364.663969742
-1.59047466667 364.385605238
-1.585472 364.2929994
-1.58046933333 363.983920957
-1.57546666667 363.916028964
-1.570464 363.594529967
-1.56546133333 363.453840893
-1.56045866667 363.205507499
-1.555456 363.034464559
-1.55045333333 362.693908008
-1.54545066667 362.633062196
-1.540448 362.286803466
-1.53544533333 362.160018591
-1.53044266667 361.819221803
-1.52544 361.804164822
-1.52043733333 361.48511902
-1.51543466667 361.39726981
-1.510432 361.040843908
-1.50542933333 361.022409852
-1.50042666667 360.689184483
-1.495424 360.574964448
-1.49042133333 360.160094094
-1.48541866667 360.137081377
-1.480416 359.773057565
-1.47541333333 359.567483396
-1.47041066667 359.165653311
-1.465408 358.934338801
-1.46040533333 358.555055563
-1.45540266667 358.358800035
-1.4504 357.927853037
-1.44539733333 357.74269837
-1.44039466667 357.392868636
-1.435392 357.242116585
-1.43038933333 356.810999459
-1.42538666667 356.591660368
-1.420384 356.115193993
-1.41538133333 355.933098152
-1.41037866667 355.57342912
-1.405376 355.458651018
-1.40037333333 355.136031164
-1.39537066667 354.909584159
-1.390368 354.421254322
-1.38536533333 354.236069601
-1.38036266667 353.887934635
-1.37536 353.765023782
-1.37035733333 353.383039526
-1.36535466667 353.217452401
-1.360352 352.7990249
-1.35534933333 352.648432239
-1.35034666667 352.259213528
-1.345344 352.176061027
-1.34034133333 351.83384242
-1.33533866667 351.803046217
-1.330336 351.465408849
-1.32533333333 351.387785108
-1.32033066667 351.049908495
-1.315328 350.97881673
-1.31032533333 350.667226713
-1.30532266667 350.635102364
-1.30032 350.394447014
-1.29531733333 350.347371106
-1.29031466667 350.093269088
-1.285312 350.107929823
-1.28030933333 349.814079096
-1.27530666667 349.839276071
-1.270304 349.622615594
-1.26530133333 349.584050785
-1.26029866667 349.35351305
-1.255296 349.369741122
-1.25029333333 349.115931528
-1.24529066667 349.088575239
-1.240288 348.856631712
-1.23528533333 348.864082026
-1.23028266667 348.598313003
-1.22528 348.630912289
-1.22027733333 348.450788963
-1.21527466667 348.522664597
-1.210272 348.39489926
-1.20526933333 348.507489498
-1.20026666667 348.663369125
-1.195264 349.142011541
-1.19026133333 349.223555952
-1.18525866667 349.555163176
-1.180256 349.71222587
-1.17525333333 350.10325131
-1.17025066667 350.208227697
-1.165248 350.664892384
-1.16024533333 350.883485321
-1.15524266667 351.477186697
-1.15024 351.85445051
-1.14523733333 352.538670302
-1.14023466667 352.691594273
-1.135232 353.138787713
-1.13022933333 353.385388446
-1.12522666667 353.986277283
-1.120224 354.418952991
-1.11522133333 355.053194521
-1.11021866667 355.625691055
-1.105216 356.679393596
-1.10021333333 357.682261168
-1.09521066667 359.049317344
-1.090208 360.15660605
-1.08520533333 361.663553588
-1.08020266667 363.066846837
-1.0752 364.879012891
-1.07019733333 365.823129905
-1.06519466667 366.202406334
-1.060192 365.734346073
-1.05518933333 365.47441188
-1.05018666667 364.548316282
-1.045184 363.866823142
-1.04018133333 363.00710456
-1.03517866667 362.387662903
-1.030176 361.607883364
-1.02517333333 361.186106343
-1.02017066667 360.602101436
-1.015168 360.345110929
-1.01016533333 359.835617248
-1.00516266667 359.806317593
-1.00016 359.533273371
-0.995157333333 359.603391207
-0.990154666667 359.439317994
-0.985152 359.646525359
-0.980149333333 359.663007785
-0.975146666667 360.007509733
-0.970144 360.128822865
-0.965141333333 360.706655022
-0.960138666667 360.974863205
-0.955136 361.573237596
-0.950133333333 361.921826328
-0.945130666667 362.600212903
-0.940128 362.824840966
-0.935125333333 363.313767054
-0.930122666667 363.465676198
-0.92512 363.893608571
-0.920117333333 363.908718591
-0.915114666667 364.203482348
-0.910112 364.163103633
-0.905109333333 364.292732214
-0.900106666667 364.155302657
-0.895104 364.239404743
-0.890101333333 363.795060763
-0.885098666667 363.317446542
-0.880096 362.434497166
-0.875093333333 361.411073118
-0.870090666667 360.424958764
-0.865088 359.748862813
-0.860085333333 359.211419987
-0.855082666667 359.036179769
-0.85008 358.675137717
-0.845077333333 358.628891041
-0.840074666667 358.315167654
-0.835072 358.300153796
-0.830069333333 358.026715217
-0.825066666667 358.061009652
-0.820064 357.90877868
-0.815061333333 358.031640532
-0.810058666667 357.907050467
-0.805056 358.075475321
-0.800053333333 357.99331155
-0.795050666667 358.171569216
-0.790048 358.172422594
-0.785045333333 358.390895806
-0.780042666667 358.32082053
-0.77504 358.64822878
-0.770037333333 358.731059778
-0.765034666667 359.208256802
-0.760032 359.231934179
-0.755029333333 359.477404487
-0.750026666667 359.406591231
-0.745024 359.651192026
-0.740021333333 359.430841968
-0.735018666667 359.507763668
-0.730016 359.183191571
-0.725013333333 358.877243759
-0.720010666667 358.23142944
-0.715008 358.2318771
-0.710005333333 357.768733577
-0.705002666667 357.54084379
-0.7 357.100190169
-0.694997333333 357.067922011
-0.689994666667 356.609607009
-0.684992 356.554224411
-0.679989333333 356.210099504
-0.674986666667 356.144135208
-0.669984 355.768623338
-0.664981333333 355.74708693
-0.659978666667 355.465256106
-0.654976 355.485993624
-0.649973333333 355.150029537
-0.644970666667 355.244111026
-0.639968 355.009260464
-0.634965333333 355.162693089
-0.629962666667 355.010589245
-0.62496 355.247161896
-0.619957333333 355.158923922
-0.614954666667 355.513211542
-0.609952 355.575942975
-0.604949333333 356.042727866
-0.599946666667 356.232944539
-0.594944 356.615445114
-0.589941333333 356.56031474
-0.584938666667 356.669248438
-0.579936 356.567444337
-0.574933333333 356.78207634
-0.569930666667 356.8050104
-0.564928 357.233948883
-0.559925333333 357.233934042
-0.554922666667 357.884267704
-0.54992 358.202211846
-0.544917333333 358.571865077
-0.539914666667 358.34179446
-0.534912 358.307989039
-0.529909333333 357.952439894
-0.524906666667 357.983678167
-0.519904 357.683492354
-0.514901333333 357.76752607
-0.509898666667 357.505224878
-0.504896 357.614646594
-0.499893333333 357.389888814
-0.494890666667 357.531045183
-0.489888 357.439811238
-0.484885333333 357.717192233
-0.479882666667 357.623663095
-0.47488 357.832627495
-0.469877333333 357.804517792
-0.464874666667 358.046976561
-0.459872 357.957732805
-0.454869333333 358.180558716
-0.449866666667 358.101996742
-0.444864 358.300420293
-0.439861333333 358.177471948
-0.434858666667 358.382139962
-0.429856 358.318564842
-0.424853333333 358.636046043
-0.419850666667 358.607295311
-0.414848 358.75002848
-0.409845333333 358.779940519
-0.404842666667 359.100437251
-0.39984 359.247528518
-0.394837333333 359.678474262
-0.389834666667 359.707263268
-0.384832 359.993254104
-0.379829333333 359.790175899
-0.374826666667 359.919811069
-0.369824 359.755174745
-0.364821333333 359.854259938
-0.359818666667 359.720235998
-0.354816 359.732303618
-0.349813333333 359.510853801
-0.344810666667 359.561820937
-0.339808 359.396171676
-0.334805333333 359.469316051
-0.329802666667 359.24532572
-0.3248 359.284454649
-0.319797333333 359.116188026
-0.314794666667 359.150648953
-0.309792 358.952734563
-0.304789333333 359.09117668
-0.299786666667 358.951518159
-0.294784 359.089816144
-0.289781333333 359.008191197
-0.284778666667 359.173861796
-0.279776 359.072496584
-0.274773333333 359.281227934
-0.269770666667 359.156141999
-0.264768 359.348797872
-0.259765333333 359.21499398
-0.254762666667 359.261690158
-0.24976 358.998516442
-0.244757333333 359.060231196
-0.239754666667 358.889067887
-0.234752 359.000603918
-0.229749333333 358.821099653
-0.224746666667 358.893186395
-0.219744 358.500514337
-0.214741333333 358.467876882
-0.209738666667 358.261758558
-0.204736 358.309217293
-0.199733333333 358.045812403
-0.194730666667 358.018075726
-0.189728 357.839912951
-0.184725333333 357.89897152
-0.179722666667 357.626432141
-0.17472 357.682375801
-0.169717333333 357.461694381
-0.164714666667 357.438092706
-0.159712 357.16838776
-0.154709333333 357.230195228
-0.149706666667 356.99809472
-0.144704 357.109300209
-0.139701333333 356.914708519
-0.134698666667 356.982618238
-0.129696 356.829498923
-0.124693333333 357.006823087
-0.119690666667 356.913061669
-0.114688 357.089459594
-0.109685333333 356.970632088
-0.104682666667 357.14398316
-0.09968 356.962491348
-0.0946773333333 357.13275546
-0.0896746666667 356.984816388
-0.084672 357.175684171
-0.0796693333333 357.759392442
-0.0746666666667 359.758394018
-0.069664 361.519036515
-0.0646613333333 363.088089553
-0.0596586666667 362.983489486
-0.054656 363.192096378
-0.0496533333333 363.06496705
-0.0446506666667 363.23961833
-0.039648 363.177801121
-0.0346453333333 363.414454294
-0.0296426666667 363.223133256
-0.02464 363.454762517
-0.0196373333333 363.324012876
-0.0146346666667 363.471416119
-0.009632 363.304348931
-0.00462933333333 363.509731886
