-9.99995733333 317.558989861
-9.99495466667 317.671016939
-9.989952 317.647220956
-9.98494933333 317.818665503
-9.97994666667 317.838352542
-9.974944 318.034495968
-9.96994133333 318.226156282
-9.96493866667 318.589726184
-9.959936 318.754132011
-9.95493333333 319.130257386
-9.94993066667 319.247569124
-9.944928 319.534812513
-9.93992533333 319.737013406
-9.93492266667 320.09706446
-9.92992 320.220088919
-9.92491733333 320.395427276
-9.91991466667 320.32322296
-9.914912 320.420810347
-9.90990933333 320.393800384
-9.90490666667 320.545068291
-9.899904 320.462375438
-9.89490133333 320.577697328
-9.88989866667 320.492772905
-9.884896 320.519805056
-9.87989333333 320.512321811
-9.87489066667 320.69307724
-9.869888 320.578143634
-9.86488533333 320.597448436
-9.85988266667 320.487469474
-9.85488 320.639169476
-9.84987733333 320.629873371
-9.84487466667 320.734115606
-9.839872 320.684555751
-9.83486933333 320.72247687
-9.82986666667 320.635415006
-9.824864 320.767631434
-9.81986133333 320.672203289
-9.81485866667 320.732754153
-9.809856 320.664523037
-9.80485333333 320.784791884
-9.79985066667 320.750708156
-9.794848 320.88487751
-9.78984533333 320.806152994
-9.78484266667 320.944329823
-9.77984 320.811826273
-9.77483733333 320.902451205
-9.76983466667 320.816552567
-9.764832 320.904337746
-9.75982933333 320.856246403
-9.75482666667 320.980825045
-9.749824 320.861937434
-9.74482133333 320.950880014
-9.73981866667 320.854012176
-9.734816 320.940137072
-9.72981333333 320.929130231
-9.72481066667 321.018078552
-9.719808 320.936691314
-9.71480533333 320.990987448
-9.70980266667 320.836388927
-9.7048 320.929527894
-9.69979733333 320.86169762
-9.69479466667 320.927428623
-9.689792 320.842997487
-9.68478933333 320.945116316
-9.67978666667 320.808319765
-9.674784 320.876013015
-9.66978133333 320.846253551
-9.66477866667 320.917465589
-9.659776 320.851270856
-9.65477333333 320.953544177
-9.64977066667 320.905484394
-9.644768 321.051854079
-9.63976533333 320.877427075
-9.63476266667 320.957872226
-9.62976 320.867454827
-9.62475733333 321.014335234
-9.61975466667 320.905415568
-9.614752 320.966143655
-9.60974933333 320.869511966
-9.60474666667 320.991666269
-9.599744 320.882347361
-9.59474133333 320.932448806
-9.58973866667 320.886585555
-9.584736 320.997140521
-9.57973333333 320.886464777
-9.57473066667 320.947233214
-9.569728 320.905924559
-9.56472533333 321.016559524
-9.55972266667 320.864118467
-9.55472 320.956366389
-9.54971733333 320.850867965
-9.54471466667 320.976686616
-9.539712 320.941691704
-9.53470933333 320.986981996
-9.52970666667 320.912192963
-9.524704 320.94255302
-9.51970133333 320.888423802
-9.51469866667 320.968462476
-9.509696 320.905626227
-9.50469333333 320.993167281
-9.49969066667 320.872907452
-9.494688 321.005945247
-9.48968533333 320.863270531
-9.48468266667 320.981593666
-9.47968 320.851470804
-9.47467733333 320.971055271
-9.46967466667 320.82299404
-9.464672 320.960776082
-9.45966933333 320.84236929
-9.45466666667 320.946082211
-9.449664 320.883578525
-9.44466133333 320.963246862
-9.43965866667 320.828899269
-9.434656 320.96279751
-9.42965333333 320.855395255
-9.42465066667 320.900398359
-9.419648 320.849435382
-9.41464533333 320.958198087
-9.40964266667 320.870759339
-9.40464 320.955475414
-9.39963733333 320.840136171
-9.39463466667 320.951610749
-9.389632 320.847845746
-9.38462933333 320.942738699
-9.37962666667 320.856585607
-9.374624 320.957206605
-9.36962133333 320.87264282
-9.36461866667 320.975398551
-9.359616 320.887522514
-9.35461333333 320.959408165
-9.34961066667 320.944719906
-9.344608 320.960153885
-9.33960533333 320.818306987
-9.33460266667 320.934935913
-9.3296 320.877557023
-9.32459733333 320.999977896
-9.31959466667 320.86577016
-9.314592 320.926665505
-9.30958933333 320.801016729
-9.30458666667 320.902331324
-9.299584 320.808061975
-9.29458133333 320.920962843
-9.28957866667 320.811859087
-9.284576 320.921457338
-9.27957333333 320.820748531
-9.27457066667 320.955361003
-9.269568 320.824295668
-9.26456533333 320.907472583
-9.25956266667 320.8569128
-9.25456 320.924380916
-9.24955733333 320.844799295
-9.24455466667 320.970423579
-9.239552 320.829182501
-9.23454933333 320.944946171
-9.22954666667 320.81668555
-9.224544 320.919096343
-9.21954133333 320.852089205
-9.21453866667 320.895813617
-9.209536 320.811239968
-9.20453333333 320.919157868
-9.19953066667 320.844267546
-9.194528 320.923300892
-9.18952533333 320.802949874
-9.18452266667 320.872323492
-9.17952 320.793293563
-9.17451733333 320.872087148
-9.16951466667 320.809581982
-9.164512 320.949481559
-9.15950933333 320.809284751
-9.15450666667 320.904080617
-9.149504 320.763492739
-9.14450133333 320.832416079
-9.13949866667 320.785797506
-9.134496 320.853572238
-9.12949333333 320.746845547
-9.12449066667 320.866480751
-9.119488 320.729893606
-9.11448533333 320.795253673
-9.10948266667 320.746295325
-9.10448 320.828723034
-9.09947733333 320.766229746
-9.09447466667 320.842097853
-9.089472 320.738062784
-9.08446933333 320.849830023
-9.07946666667 320.690105939
-9.074464 320.801803582
-9.06946133333 320.713234669
-9.06445866667 320.789430727
-9.059456 320.693490484
-9.05445333333 320.835535138
-9.04945066667 320.730247457
-9.044448 320.873181756
-9.03944533333 320.774488074
-9.03444266667 320.855550924
-9.02944 320.746400922
-9.02443733333 320.829203383
-9.01943466667 320.740195086
-9.014432 320.872315979
-9.00942933333 320.778643106
-9.00442666667 320.931116791
-8.999424 320.786561097
-8.99442133333 320.874031689
-8.98941866667 320.847891172
-8.984416 320.993046421
-8.97941333333 320.849624517
-8.97441066667 320.962588627
-8.969408 320.807804956
-8.96440533333 320.906462357
-8.95940266667 320.819353095
-8.9544 320.849229787
-8.94939733333 320.73688334
-8.94439466667 320.866798074
-8.939392 320.755004058
-8.93438933333 320.848914863
-8.92938666667 320.730409871
-8.924384 320.829301043
-8.91938133333 320.799469722
-8.91437866667 320.896893801
-8.909376 320.769943935
-8.90437333333 320.873943377
-8.89937066667 320.781890038
-8.894368 320.866441889
-8.88936533333 320.731626525
-8.88436266667 320.871178606
-8.87936 320.659873729
-8.87435733333 320.736599792
-8.86935466667 320.615850398
-8.864352 320.675385471
-8.85934933333 320.486287017
-8.85434666667 320.64329868
-8.849344 320.490245935
-8.84434133333 320.543622939
-8.83933866667 320.426414569
-8.834336 320.480139649
-8.82933333333 320.413673573
-8.82433066667 320.527719634
-8.819328 320.42085023
-8.81432533333 320.554792567
-8.80932266667 320.416408391
-8.80432 320.522870943
-8.79931733333 320.359642165
-8.79431466667 320.44752888
-8.789312 320.382056684
-8.78430933333 320.479658761
-8.77930666667 320.36687822
-8.774304 320.407413949
-8.76930133333 320.233736295
-8.76429866667 320.365847639
-8.759296 320.259121482
-8.75429333333 320.3212198
-8.74929066667 320.241406918
-8.744288 320.341032345
-8.73928533333 320.218199464
-8.73428266667 320.313070664
-8.72928 320.245641056
-8.72427733333 320.34009708
-8.71927466667 320.236352057
-8.714272 320.333087349
-8.70926933333 320.232352257
-8.70426666667 320.325721909
-8.699264 320.212555869
-8.69426133333 320.276212349
-8.68925866667 320.220558007
-8.684256 320.322134649
-8.67925333333 320.168880326
-8.67425066667 320.298885827
-8.669248 320.195938982
-8.66424533333 320.291230822
-8.65924266667 320.229021262
-8.65424 320.345014889
-8.64923733333 320.250023286
-8.64423466667 320.350806398
-8.639232 320.207025659
-8.63422933333 320.307607119
-8.62922666667 320.210745588
-8.624224 320.351765782
-8.61922133333 320.244362516
-8.61421866667 320.327971234
-8.609216 320.235823331
-8.60421333333 320.338400833
-8.59921066667 320.258640369
-8.594208 320.349920405
-8.58920533333 320.230347614
-8.58420266667 320.315452185
-8.5792 320.21282645
-8.57419733333 320.362588193
-8.56919466667 320.230777551
-8.564192 320.374674583
-8.55918933333 320.276063523
-8.55418666667 320.332370549
-8.549184 320.263830643
-8.54418133333 320.358245633
-8.53917866667 320.342548825
-8.534176 320.404905415
-8.52917333333 320.310870398
-8.52417066667 320.436654403
-8.519168 320.306286159
-8.51416533333 320.450875671
-8.50916266667 320.334079372
-8.50416 320.421080586
-8.49915733333 320.371832656
-8.49415466667 320.422944049
-8.489152 320.279021285
-8.48414933333 320.377395379
-8.47914666667 320.292358136
-8.474144 320.39850511
-8.46914133333 320.299289769
-8.46413866667 320.369789374
-8.459136 320.2919301
-8.45413333333 320.377366845
-8.44913066667 320.288687029
-8.444128 320.380552671
-8.43912533333 320.282368778
-8.43412266667 320.352472811
-8.42912 320.258607353
-8.42411733333 320.314352892
-8.41911466667 320.213369446
-8.414112 320.353219363
-8.40910933333 320.259403562
-8.40410666667 320.395545052
-8.399104 320.217952672
-8.39410133333 320.358608013
-8.38909866667 320.240150376
-8.384096 320.300716244
-8.37909333333 320.216672635
-8.37409066667 320.288512279
-8.369088 320.171354335
-8.36408533333 320.269368282
-8.35908266667 320.166244651
-8.35408 320.248336108
-8.34907733333 320.209681346
-8.34407466667 320.342866169
-8.339072 320.215727576
-8.33406933333 320.306401628
-8.32906666667 320.213784702
-8.324064 320.252187888
-8.31906133333 320.182509429
-8.31405866667 320.302871957
-8.309056 320.210489124
-8.30405333333 320.296943731
-8.29905066667 320.241399233
-8.294048 320.352891915
-8.28904533333 320.236541379
-8.28404266667 320.407981012
-8.27904 320.253975792
-8.27403733333 320.339079924
-8.26903466667 320.236256396
-8.264032 320.373948284
-8.25902933333 320.277191986
-8.25402666667 320.300653073
-8.249024 320.265927174
-8.24402133333 320.366800039
-8.23901866667 320.21051319
-8.234016 320.318185624
-8.22901333333 320.207342092
-8.22401066667 320.358838491
-8.219008 320.212591191
-8.21400533333 320.246979389
-8.20900266667 320.179815304
-8.204 320.268267054
-8.19899733333 320.156281779
-8.19399466667 320.287882606
-8.188992 320.182029014
-8.18398933333 320.283645188
-8.17898666667 320.182228621
-8.173984 320.224173384
-8.16898133333 320.173863142
-8.16397866667 320.252754231
-8.158976 320.172400062
-8.15397333333 320.302017291
-8.14897066667 320.181167108
-8.143968 320.244720956
-8.13896533333 320.14763816
-8.13396266667 320.239235716
-8.12896 320.131000787
-8.12395733333 320.238922423
-8.11895466667 320.131824581
-8.113952 320.222253461
-8.10894933333 320.104471879
-8.10394666667 320.278135408
-8.098944 320.174552889
-8.09394133333 320.261851816
-8.08893866667 320.118645971
-8.083936 320.288422069
-8.07893333333 320.090489401
-8.07393066667 320.213424028
-8.068928 320.097255961
-8.06392533333 320.218011544
-8.05892266667 320.104216901
-8.05392 320.15136604
-8.04891733333 320.069514184
-8.04391466667 320.200607548
-8.038912 320.101586944
-8.03390933333 320.199124908
-8.02890666667 320.124403619
-8.023904 320.210413544
-8.01890133333 320.089851396
-8.01389866667 320.213301713
-8.008896 320.145115616
-8.00389333333 320.21214669
-7.99889066667 320.11614098
-7.993888 320.248940915
-7.98888533333 320.11110519
-7.98388266667 320.249740139
-7.97888 320.14325804
-7.97387733333 320.217012307
-7.96887466667 320.094344158
-7.963872 320.218105653
-7.95886933333 320.109621802
-7.95386666667 320.168648948
-7.948864 320.047789755
-7.94386133333 320.164539369
-7.93885866667 320.072034562
-7.933856 320.138672437
-7.92885333333 320.030515664
-7.92385066667 320.118482313
-7.918848 320.048052339
-7.91384533333 320.163365303
-7.90884266667 320.066396714
-7.90384 320.127158703
-7.89883733333 320.057965108
-7.89383466667 320.180354997
-7.888832 320.059580422
-7.88382933333 320.17609264
-7.87882666667 320.044202199
-7.873824 320.099921798
-7.86882133333 320.00229423
-7.86381866667 320.110799017
-7.858816 319.985712532
-7.85381333333 320.110116303
-7.84881066667 320.020981095
-7.843808 320.167550609
-7.83880533333 320.060363655
-7.83380266667 320.169257147
-7.8288 320.053531131
-7.82379733333 320.200414169
-7.81879466667 320.095436984
-7.813792 320.178178492
-7.80878933333 320.052160182
-7.80378666667 320.154267538
-7.798784 320.034877135
-7.79378133333 320.120257513
-7.78877866667 320.038327083
-7.783776 320.116967042
-7.77877333333 320.03326979
-7.77377066667 320.121203622
-7.768768 320.014449327
-7.76376533333 320.08437813
-7.75876266667 319.9903315
-7.75376 320.074444393
-7.74875733333 319.970740656
-7.74375466667 320.081503567
-7.738752 319.970047197
-7.73374933333 320.045569173
-7.72874666667 319.933834611
-7.723744 320.013997516
-7.71874133333 319.892450623
-7.71373866667 319.9614056
-7.708736 319.892483246
-7.70373333333 319.980331026
-7.69873066667 319.807028737
-7.693728 319.946278063
-7.68872533333 319.856505039
-7.68372266667 319.901527252
-7.67872 319.817339017
-7.67371733333 319.94820191
-7.66871466667 319.852983024
-7.663712 319.960854876
-7.65870933333 319.867289786
-7.65370666667 319.963730096
-7.648704 319.831093452
-7.64370133333 319.9201561
-7.63869866667 319.816168831
-7.633696 319.921169439
-7.62869333333 319.836878817
-7.62369066667 320.000996392
-7.618688 319.850914254
-7.61368533333 319.915488382
-7.60868266667 319.803770787
-7.60368 319.945744161
-7.59867733333 319.804113264
-7.59367466667 319.923502184
-7.588672 319.781628736
-7.58366933333 319.858852453
-7.57866666667 319.751853854
-7.573664 319.836295526
-7.56866133333 319.759821296
-7.56365866667 319.836142299
-7.558656 319.634886952
-7.55365333333 319.736885973
-7.54865066667 319.562295624
-7.543648 319.607593242
-7.53864533333 319.416566169
-7.53364266667 319.395690857
-7.52864 319.260807578
-7.52363733333 319.236635835
-7.51863466667 319.157011607
-7.513632 319.196989636
-7.50862933333 318.941786846
-7.50362666667 318.982984932
-7.498624 319.446078071
-7.49362133333 319.954845398
-7.48861866667 319.974076704
-7.483616 319.583674285
-7.47861333333 318.832276599
-7.47361066667 318.585690168
-7.468608 318.181752657
-7.46360533333 317.983665529
-7.45860266667 317.579997869
-7.4536 318.292556263
-7.44859733333 318.541400151
-7.44359466667 319.696924178
-7.438592 319.945255233
-7.43358933333 319.567526749
-7.42858666667 319.687385136
-7.423584 320.115799331
-7.41858133333 320.538955831
-7.41357866667 321.600841016
-7.408576 322.005645266
-7.40357333333 323.080467873
-7.39857066667 324.496264293
-7.393568 325.566791646
-7.38856533333 325.912249655
-7.38356266667 326.00963594
-7.37856 325.900733208
-7.37355733333 326.083014765
-7.36855466667 325.958307928
-7.363552 326.042732871
-7.35854933333 325.871026557
-7.35354666667 326.003584082
-7.348544 325.781515779
-7.34354133333 325.864299752
-7.33853866667 325.713538394
-7.333536 325.839348497
-7.32853333333 325.722298328
-7.32353066667 325.862042765
-7.318528 325.746582513
-7.31352533333 325.915434321
-7.30852266667 325.846452489
-7.30352 325.890928402
-7.29851733333 325.856592398
-7.29351466667 325.880141285
-7.288512 325.798911206
-7.28350933333 325.860169207
-7.27850666667 325.761236487
-7.273504 325.428831028
-7.26850133333 323.993188205
-7.26349866667 323.102250248
-7.258496 321.775166509
-7.25349333333 320.712939952
-7.24849066667 319.805038552
-7.243488 319.18382561
-7.23848533333 318.604169451
-7.23348266667 317.920345157
-7.22848 316.704811553
-7.22347733333 315.938983763
-7.21847466667 315.648100383
-7.213472 315.639486584
-7.20846933333 315.518768303
-7.20346666667 315.591811225
-7.198464 315.509611587
-7.19346133333 315.657457794
-7.18845866667 315.593158542
-7.183456 315.682591004
-7.17845333333 315.516966629
-7.17345066667 315.532238509
-7.168448 315.353490217
-7.16344533333 315.291455007
-7.15844266667 315.016434147
-7.15344 314.920153992
-7.14843733333 314.40311106
-7.14343466667 314.540273531
-7.138432 315.468529761
-7.13342933333 316.173292364
-7.12842666667 316.155278592
-7.123424 316.409033627
-7.11842133333 316.605107461
-7.11341866667 317.163799573
-7.108416 317.480164343
-7.10341333333 317.781703783
-7.09841066667 317.816357913
-7.093408 318.021250748
-7.08840533333 317.905550463
-7.08340266667 318.003094809
-7.0784 318.298680091
-7.07339733333 318.797713589
-7.06839466667 318.847923159
-7.063392 318.885270703
-7.05838933333 318.337972252
-7.05338666667 318.277050635
-7.048384 318.023641669
-7.04338133333 318.127006398
-7.03837866667 317.748930068
-7.033376 317.519872513
-7.02837333333 317.171964543
-7.02337066667 317.119695604
-7.018368 317.196565028
-7.01336533333 317.267775142
-7.00836266667 317.104245136
-7.00336 317.638748795
-6.99835733333 317.729420831
-6.99335466667 317.850034574
-6.988352 317.593858535
-6.98334933333 317.459916347
-6.97834666667 317.168109007
-6.973344 317.046945545
-6.96834133333 316.879187192
-6.96333866667 316.914253345
-6.958336 318.012465248
-6.95333333333 319.997674859
-6.94833066667 320.714862289
-6.943328 321.307833967
-6.93832533333 323.247582467
-6.93332266667 324.412653764
-6.92832 323.463726464
-6.92331733333 322.467922066
-6.91831466667 322.274085494
-6.913312 322.493180176
-6.90830933333 322.407242092
-6.90330666667 321.844380479
-6.898304 321.596439654
-6.89330133333 321.934122368
-6.88829866667 321.325270249
-6.883296 317.788166363
-6.87829333333 315.028933878
-6.87329066667 314.705952456
-6.868288 314.419558309
-6.86328533333 314.278518291
-6.85828266667 314.083396064
-6.85328 314.289117026
-6.84827733333 314.633933489
-6.84327466667 315.348299817
-6.838272 316.073513621
-6.83326933333 317.462180503
-6.82826666667 317.535346212
-6.823264 317.005327263
-6.81826133333 318.062297541
-6.81325866667 319.021368326
-6.808256 319.015856977
-6.80325333333 318.999603514
-6.79825066667 318.753364011
-6.793248 318.606135684
-6.78824533333 318.226138916
-6.78324266667 317.651898687
-6.77824 317.148577063
-6.77323733333 317.040425365
-6.76823466667 316.577992449
-6.763232 316.490339361
-6.75822933333 316.141440334
-6.75322666667 316.074405131
-6.748224 315.933677399
-6.74322133333 316.107526877
-6.73821866667 316.527483741
-6.733216 317.125839257
-6.72821333333 317.021752034
-6.72321066667 316.741776752
-6.718208 316.326660574
-6.71320533333 316.439107421
-6.70820266667 316.399061597
-6.7032 316.561267293
-6.69819733333 316.532658161
-6.69319466667 316.515694759
-6.688192 316.350995176
-6.68318933333 316.358739582
-6.67818666667 316.409690095
-6.673184 316.488564564
-6.66818133333 316.451070022
-6.66317866667 316.558234259
-6.658176 316.366431057
-6.65317333333 316.538015749
-6.64817066667 316.408845298
-6.643168 316.556416471
-6.63816533333 316.397574838
-6.63316266667 316.434830456
-6.62816 316.193008437
-6.62315733333 316.2563615
-6.61815466667 316.211609185
-6.613152 316.252486674
-6.60814933333 316.102567787
-6.60314666667 316.18223936
-6.598144 316.08113675
-6.59314133333 316.165490104
-6.58813866667 316.129180555
-6.583136 316.125948485
-6.57813333333 316.084250853
-6.57313066667 316.14088676
-6.568128 316.005327995
-6.56312533333 315.992289183
-6.55812266667 315.828777951
-6.55312 315.861703349
-6.54811733333 315.741683995
-6.54311466667 315.768861582
-6.538112 315.662698552
-6.53310933333 315.745359289
-6.52810666667 315.599279442
-6.523104 315.733641399
-6.51810133333 315.639311853
-6.51309866667 315.710196095
-6.508096 315.631830753
-6.50309333333 315.756151479
-6.49809066667 315.769810518
-6.493088 315.95474638
-6.48808533333 316.022850659
-6.48308266667 316.162607567
-6.47808 316.034011562
-6.47307733333 316.028797252
-6.46807466667 315.892412551
-6.463072 315.827994796
-6.45806933333 315.585787761
-6.45306666667 315.444208839
-6.448064 315.597217689
-6.44306133333 315.848760658
-6.43805866667 315.495684491
-6.433056 315.467024717
-6.42805333333 314.97287146
-6.42305066667 313.910956092
-6.418048 314.997597174
-6.41304533333 318.678950797
-6.40804266667 323.559082473
-6.40304 324.809950106
-6.39803733333 324.727424159
-6.39303466667 324.938052208
-6.388032 322.144133614
-6.38302933333 320.42564688
-6.37802666667 315.95329804
-6.373024 314.4904226
-6.36802133333 313.912254999
-6.36301866667 313.369890528
-6.358016 312.7861151
-6.35301333333 312.962072853
-6.34801066667 312.516457774
-6.343008 311.600624954
-6.33800533333 311.780851563
-6.33300266667 312.902814638
-6.328 313.747095385
-6.32299733333 312.885062899
-6.31799466667 311.47874291
-6.312992 309.966943783
-6.30798933333 307.747853412
-6.30298666667 307.429305951
-6.297984 307.695990983
-6.29298133333 309.404934575
-6.28797866667 314.594942558
-6.282976 318.824747079
-6.27797333333 318.847798434
-6.27297066667 319.106018851
-6.267968 319.193335746
-6.26296533333 319.490728407
-6.25796266667 319.510786167
-6.25296 319.734430291
-6.24795733333 319.717494079
-6.24295466667 319.965023151
-6.237952 319.959393484
-6.23294933333 320.203608433
-6.22794666667 320.222258214
-6.222944 320.441408367
-6.21794133333 320.430416926
-6.21293866667 320.597049524
-6.207936 320.533874161
-6.20293333333 320.646886798
-6.19793066667 320.601628978
-6.192928 320.714670616
-6.18792533333 320.69690428
-6.18292266667 320.839381118
-6.17792 320.733564868
-6.17291733333 320.916720748
-6.16791466667 320.878831474
-6.162912 321.00935325
-6.15790933333 320.943410098
-6.15290666667 321.035268682
-6.147904 320.958819342
-6.14290133333 321.171799541
-6.13789866667 321.110400656
-6.132896 321.259374159
-6.12789333333 321.142643611
-6.12289066667 321.356263444
-6.117888 321.285605337
-6.11288533333 321.422465313
-6.10788266667 321.299653248
-6.10288 321.382609072
-6.09787733333 321.301155615
-6.09287466667 321.447259515
-6.087872 321.27214559
-6.08286933333 321.403400716
-6.07786666667 321.355295028
-6.072864 321.458997749
-6.06786133333 321.435015684
-6.06285866667 321.56428538
-6.057856 321.483647507
-6.05285333333 321.570992751
-6.04785066667 321.485964794
-6.042848 321.635317114
-6.03784533333 321.495639365
-6.03284266667 321.646999096
-6.02784 321.527430962
-6.02283733333 321.645469025
-6.01783466667 321.584952788
-6.012832 321.696859799
-6.00782933333 321.60818114
-6.00282666667 321.709254555
-5.997824 321.641657945
-5.99282133333 321.790057497
-5.98781866667 321.683223643
-5.982816 321.821841014
-5.97781333333 321.66130438
-5.97281066667 321.701319279
-5.967808 321.67378489
-5.96280533333 321.811665086
-5.95780266667 321.715876211
-5.9528 321.836501108
-5.94779733333 321.747070833
-5.94279466667 321.859247433
-5.937792 321.788688757
-5.93278933333 321.950050935
-5.92778666667 321.80013531
-5.922784 321.934665274
-5.91778133333 321.864913311
-5.91277866667 321.897015701
-5.907776 321.837636954
-5.90277333333 321.928030012
-5.89777066667 321.828146767
-5.892768 321.91705532
-5.88776533333 321.839857736
-5.88276266667 321.970301007
-5.87776 321.875736377
-5.87275733333 322.005089583
-5.86775466667 321.88153712
-5.862752 321.977779788
-5.85774933333 321.906061087
-5.85274666667 322.080972723
-5.847744 321.91540082
-5.84274133333 322.035108729
-5.83773866667 321.908784675
-5.832736 322.02005026
-5.82773333333 321.921791035
-5.82273066667 321.993204251
-5.817728 321.882609507
-5.81272533333 322.033711958
-5.80772266667 321.947927536
-5.80272 322.055703572
-5.79771733333 321.876553969
-5.79271466667 322.022095201
-5.787712 321.899943419
-5.78270933333 322.020555638
-5.77770666667 321.881726561
-5.772704 322.048173792
-5.76770133333 321.939366056
-5.76269866667 322.030823326
-5.757696 321.890644197
-5.75269333333 321.969336961
-5.74769066667 321.897291566
-5.742688 322.028530668
-5.73768533333 321.892227297
-5.73268266667 321.999890366
-5.72768 321.890274994
-5.72267733333 322.025461121
-5.71767466667 321.919242889
-5.712672 322.073479831
-5.70766933333 321.903841228
-5.70266666667 322.015199611
-5.697664 321.973107013
-5.69266133333 322.119426857
-5.68765866667 322.015496159
-5.682656 322.139028016
-5.67765333333 322.050173355
-5.67265066667 322.141308529
-5.667648 322.049857892
-5.66264533333 322.231282384
-5.65764266667 322.171058788
-5.65264 322.250115164
-5.64763733333 322.16175523
-5.64263466667 322.305009164
-5.637632 322.252771988
-5.63262933333 322.413882907
-5.62762666667 322.292315338
-5.622624 322.312996997
-5.61762133333 322.303626819
-5.61261866667 322.429116645
-5.607616 322.389046833
-5.60261333333 322.565162739
-5.59761066667 322.487145735
-5.592608 322.591456507
-5.58760533333 322.588237161
-5.58260266667 322.709989687
-5.5776 322.658245381
-5.57259733333 322.768742052
-5.56759466667 322.736930982
-5.562592 322.797999168
-5.55758933333 322.792641591
-5.55258666667 322.890573666
-5.547584 322.794543357
-5.54258133333 322.902046001
-5.53757866667 322.746776882
-5.532576 322.8650419
-5.52757333333 322.796664705
-5.52257066667 322.869122192
-5.517568 322.770065124
-5.51256533333 322.877620289
-5.50756266667 322.838714151
-5.50256 322.937041367
-5.49755733333 322.816323684
-5.49255466667 322.860680585
-5.487552 322.741086189
-5.48254933333 322.926792553
-5.47754666667 322.866163675
-5.472544 323.0414223
-5.46754133333 322.925833475
-5.46253866667 323.019697602
-5.457536 322.942129925
-5.45253333333 323.001320445
-5.44753066667 322.924631513
-5.442528 323.046205608
-5.43752533333 322.941842936
-5.43252266667 323.014297329
-5.42752 322.957327328
-5.42251733333 323.065824709
-5.41751466667 322.955730775
-5.412512 323.11119655
-5.40750933333 323.075273894
-5.40250666667 323.241429641
-5.397504 323.138763997
-5.39250133333 323.294968886
-5.38749866667 323.189777693
-5.382496 323.357037933
-5.37749333333 323.245152967
-5.37249066667 323.325839302
-5.367488 323.247561704
-5.36248533333 323.359589975
-5.35748266667 323.269219077
-5.35248 323.390438598
-5.34747733333 323.392641779
-5.34247466667 323.482049867
-5.337472 323.401229742
-5.33246933333 323.421506745
-5.32746666667 323.389528129
-5.322464 323.530948151
-5.31746133333 323.501589225
-5.31245866667 323.636047344
-5.307456 323.560405087
-5.30245333333 323.690277979
-5.29745066667 323.610439117
-5.292448 323.79727571
-5.28744533333 323.42053855
-5.28244266667 323.469705615
-5.27744 323.189920725
-5.27243733333 323.19835563
-5.26743466667 323.04309416
-5.262432 323.139190114
-5.25742933333 323.307858999
-5.25242666667 323.524693991
-5.247424 323.565726675
-5.24242133333 323.606695395
-5.23741866667 323.598677545
-5.232416 323.739771623
-5.22741333333 323.723722398
-5.22241066667 323.868779298
-5.217408 323.833828166
-5.21240533333 323.901770102
-5.20740266667 323.760106302
-5.2024 323.876566279
-5.19739733333 323.802938598
-5.19239466667 323.941506784
-5.187392 323.818999325
-5.18238933333 323.891457543
-5.17738666667 323.849132613
-5.172384 323.983750041
-5.16738133333 323.827940607
-5.16237866667 323.882845297
-5.157376 323.796280558
-5.15237333333 323.885224748
-5.14737066667 323.790536278
-5.142368 323.896198902
-5.13736533333 323.80929824
-5.13236266667 323.896770121
-5.12736 323.823218196
-5.12235733333 323.939579965
-5.11735466667 323.845848715
-5.112352 323.92475343
-5.10734933333 323.832783239
-5.10234666667 323.919486643
-5.097344 323.861585445
-5.09234133333 323.978931564
-5.08733866667 323.846688489
-5.082336 324.006590063
-5.07733333333 323.844697723
-5.07233066667 324.001118309
-5.067328 323.953139145
-5.06232533333 324.02207269
-5.05732266667 324.013970453
-5.05232 324.119817956
-5.04731733333 324.033199951
-5.04231466667 324.219872558
-5.037312 324.142903135
-5.03230933333 324.272861301
-5.02730666667 324.153824362
-5.022304 324.346993251
-5.01730133333 324.240470225
-5.01229866667 324.383456292
-5.007296 324.355135024
-5.00229333333 324.502960358
-4.99729066667 324.405698168
-4.992288 324.484473943
-4.98728533333 324.441156902
-4.98228266667 324.590938163
-4.97728 324.511680029
-4.97227733333 324.609523559
-4.96727466667 324.485366082
-4.962272 324.622511485
-4.95726933333 324.561068778
-4.95226666667 324.611241851
-4.947264 324.592635555
-4.94226133333 324.714028435
-4.93725866667 324.635763419
-4.932256 324.709775815
-4.92725333333 324.641510135
-4.92225066667 324.78624462
-4.917248 324.66697919
-4.91224533333 324.791061886
-4.90724266667 324.746751843
-4.90224 324.86582187
-4.89723733333 324.754908995
-4.89223466667 324.842663668
-4.887232 324.794915124
-4.88222933333 324.960460762
-4.87722666667 324.863751773
-4.872224 324.988679459
-4.86722133333 324.944160007
-4.86221866667 325.056328336
-4.857216 324.951422828
-4.85221333333 325.069762895
-4.84721066667 325.033240808
-4.842208 325.190171663
-4.83720533333 325.130817636
-4.83220266667 325.24133196
-4.8272 325.143649222
-4.82219733333 325.247446795
-4.81719466667 325.175265804
-4.812192 325.313243346
-4.80718933333 325.223685154
-4.80218666667 325.327295418
-4.797184 325.231945914
-4.79218133333 325.321167947
-4.78717866667 325.221755229
-4.782176 325.358726188
-4.77717333333 325.286818186
-4.77217066667 325.3968071
-4.767168 325.31368779
-4.76216533333 325.393554539
-4.75716266667 325.300089467
-4.75216 325.436463907
-4.74715733333 325.316660995
-4.74215466667 325.386171792
-4.737152 325.300590339
-4.73214933333 325.409887191
-4.72714666667 325.293015292
-4.722144 325.428923538
-4.71714133333 325.243452523
-4.71213866667 325.320334561
-4.707136 325.25980343
-4.70213333333 325.38576005
-4.69713066667 325.295995259
-4.692128 325.440095452
-4.68712533333 325.318030143
-4.68212266667 325.414575967
-4.67712 325.298835061
-4.67211733333 325.362864482
-4.66711466667 325.258572245
-4.662112 325.432053261
-4.65710933333 325.358600328
-4.65210666667 325.48702607
-4.647104 325.333146071
-4.64210133333 325.483963075
-4.63709866667 325.372807906
-4.632096 325.516283126
-4.62709333333 325.376988437
-4.62209066667 325.467418126
-4.617088 325.398663681
-4.61208533333 325.549191688
-4.60708266667 325.386375085
-4.60208 325.474386736
-4.59707733333 325.410889095
-4.59207466667 325.513189895
-4.587072 325.460272449
-4.58206933333 325.537712444
-4.57706666667 325.418300814
-4.572064 325.509175603
-4.56706133333 325.456107744
-4.56205866667 325.561856497
-4.557056 325.44811551
-4.55205333333 325.586731631
-4.54705066667 325.451810377
-4.542048 325.566168249
-4.53704533333 325.4759353
-4.53204266667 325.623414892
-4.52704 325.499789499
-4.52203733333 325.682716646
-4.51703466667 325.581539896
-4.512032 325.712056809
-4.50702933333 325.629697875
-4.50202666667 325.723787454
-4.497024 325.63737901
-4.49202133333 325.728179541
-4.48701866667 325.591392293
-4.482016 325.744834518
-4.47701333333 325.656091506
-4.47201066667 325.75483586
-4.467008 325.68421557
-4.46200533333 325.800689338
-4.45700266667 325.704405782
-4.452 325.820328812
-4.44699733333 325.706098279
-4.44199466667 325.849085583
-4.436992 325.718423602
-4.43198933333 325.838232667
-4.42698666667 325.72159111
-4.421984 325.829580269
-4.41698133333 325.735067006
-4.41197866667 325.834336688
-4.406976 325.76969638
-4.40197333333 325.916115898
-4.39697066667 325.82097306
-4.391968 325.930439035
-4.38696533333 325.808470473
-4.38196266667 325.930210372
-4.37696 325.931704593
-4.37195733333 326.01644271
-4.36695466667 325.960159294
-4.361952 326.053285024
-4.35694933333 325.94328804
-4.35194666667 326.085340524
-4.346944 325.988617672
-4.34194133333 326.153970337
-4.33693866667 326.063910814
-4.331936 326.197981689
-4.32693333333 326.054392673
-4.32193066667 326.20616348
-4.316928 326.121686069
-4.31192533333 326.238765448
-4.30692266667 326.153746512
-4.30192 326.287852145
-4.29691733333 326.192369352
-4.29191466667 326.281291876
-4.286912 326.220325765
-4.28190933333 326.34322091
-4.27690666667 326.257716787
-4.271904 326.40821514
-4.26690133333 326.353968335
-4.26189866667 326.531090359
-4.256896 326.392957863
-4.25189333333 326.511273758
-4.24689066667 326.389795121
-4.241888 326.567617932
-4.23688533333 326.410791277
-4.23188266667 326.56906939
-4.22688 326.451223024
-4.22187733333 326.563922247
-4.21687466667 326.502746282
-4.211872 326.6266332
-4.20686933333 326.566795539
-4.20186666667 326.706856588
-4.196864 326.58645932
-4.19186133333 326.703594532
-4.18685866667 326.638464915
-4.181856 326.723724153
-4.17685333333 326.680336472
-4.17185066667 326.743658151
-4.166848 326.619867594
-4.16184533333 326.807227879
-4.15684266667 326.695689894
-4.15184 326.765577867
-4.14683733333 326.713016331
-4.14183466667 326.827469161
-4.136832 326.676323215
-4.13182933333 326.800833555
-4.12682666667 326.711926907
-4.121824 326.806395296
-4.11682133333 326.734848693
-4.11181866667 326.832037901
-4.106816 326.752641735
-4.10181333333 326.863708429
-4.09681066667 326.75674948
-4.091808 326.887419463
-4.08680533333 326.775000677
-4.08180266667 326.885708378
-4.0768 326.78050212
-4.07179733333 326.850394876
-4.06679466667 326.752979316
-4.061792 326.876770676
-4.05678933333 326.767357456
-4.05178666667 326.808174387
-4.046784 326.675439224
-4.04178133333 326.766337958
-4.03677866667 326.676073188
-4.031776 326.715607511
-4.02677333333 326.625076817
-4.02177066667 326.709552384
-4.016768 326.575160684
-4.01176533333 326.679543641
-4.00676266667 326.675299565
-4.00176 326.769946001
-3.99675733333 326.670075481
-3.99175466667 326.77559359
-3.986752 326.643013428
-3.98174933333 326.65904803
-3.97674666667 326.600560146
-3.971744 326.660459893
-3.96674133333 326.533674639
-3.96173866667 326.589890105
-3.956736 326.512426229
-3.95173333333 326.586679907
-3.94673066667 326.504716283
-3.941728 326.643672167
-3.93672533333 326.475986495
-3.93172266667 326.549119873
-3.92672 326.437085372
-3.92171733333 326.513782692
-3.91671466667 326.388038453
-3.911712 326.474561433
-3.90670933333 326.37198754
-3.90170666667 326.442619091
-3.896704 326.309709216
-3.89170133333 326.433769027
-3.88669866667 326.32703616
-3.881696 326.449889307
-3.87669333333 326.321188026
-3.87169066667 326.430107222
-3.866688 326.320148354
-3.86168533333 326.412797667
-3.85668266667 326.299356995
-3.85168 326.422534966
-3.84667733333 326.296797116
-3.84167466667 326.436109979
-3.836672 326.307393523
-3.83166933333 326.410578683
-3.82666666667 326.290148002
-3.821664 326.391571784
-3.81666133333 326.274999892
-3.81165866667 326.411686585
-3.806656 326.304380884
-3.80165333333 326.332026844
-3.79665066667 326.271889132
-3.791648 326.40332821
-3.78664533333 326.3179433
-3.78164266667 326.360000437
-3.77664 326.291565226
-3.77163733333 326.406307385
-3.76663466667 326.365629388
-3.761632 326.496998045
-3.75662933333 326.463609003
-3.75162666667 326.572329502
-3.746624 326.447637327
-3.74162133333 326.59334296
-3.73661866667 326.467318838
-3.731616 326.595680498
-3.72661333333 326.549436907
-3.72161066667 326.687888919
-3.716608 326.613499577
-3.71160533333 326.758584493
-3.70660266667 326.628726955
-3.7016 326.753889421
-3.69659733333 326.662939386
-3.69159466667 326.823520449
-3.686592 326.791014729
-3.68158933333 326.837173914
-3.67658666667 326.784301002
-3.671584 326.843108572
-3.66658133333 326.757546051
-3.66157866667 326.882292466
-3.656576 326.861920572
-3.65157333333 326.942866985
-3.64657066667 326.88365198
-3.641568 326.973524336
-3.63656533333 326.888747526
-3.63156266667 326.968657225
-3.62656 326.868834794
-3.62155733333 326.963216978
-3.61655466667 326.796765762
-3.611552 326.88286371
-3.60654933333 326.545574842
-3.60154666667 325.990186923
-3.596544 324.573094669
-3.59154133333 323.530796138
-3.58653866667 322.58147324
-3.581536 322.477371971
-3.57653333333 321.731163492
-3.57153066667 321.56948712
-3.566528 321.418230859
-3.56152533333 321.433033842
-3.55652266667 321.170855344
-3.55152 321.2994681
-3.54651733333 321.113130611
-3.54151466667 321.082590845
-3.536512 320.937946309
-3.53150933333 321.145478692
-3.52650666667 320.936467736
-3.521504 320.913879792
-3.51650133333 320.738974966
-3.51149866667 320.679712217
-3.506496 320.4561345
-3.50149333333 320.53403286
-3.49649066667 320.384431851
-3.491488 320.355578678
-3.48648533333 320.104693769
-3.48148266667 320.13023134
-3.47648 319.952221551
-3.47147733333 319.889175402
-3.46647466667 319.711788006
-3.461472 319.637823859
-3.45646933333 319.454606117
-3.45146666667 319.635362036
-3.446464 319.644879372
-3.44146133333 319.882601431
-3.43645866667 319.907601587
-3.431456 320.231347403
-3.42645333333 320.805217983
-3.42145066667 321.542162557
-3.416448 322.173760606
-3.41144533333 322.403040193
-3.40644266667 322.371782995
-3.40144 322.430989642
-3.39643733333 322.194179135
-3.39143466667 322.196441613
-3.386432 322.138446341
-3.38142933333 322.156504125
-3.37642666667 322.017799872
-3.371424 322.192286218
-3.36642133333 322.082963923
-3.36141866667 322.246479779
-3.356416 322.03542987
-3.35141333333 322.139681789
-3.34641066667 321.987729947
-3.341408 322.077517684
-3.33640533333 321.997878347
-3.33140266667 322.085952262
-3.3264 321.954824306
-3.32139733333 322.247373341
-3.31639466667 322.288064861
-3.311392 322.607019751
-3.30638933333 322.552276641
-3.30138666667 322.740060111
-3.296384 322.586804481
-3.29138133333 322.791063974
-3.28637866667 322.752525991
-3.281376 322.86306772
-3.27637333333 322.665602311
-3.27137066667 322.686992556
-3.266368 322.552686528
-3.26136533333 322.687433225
-3.25636266667 322.562704954
-3.25136 322.563840216
-3.24635733333 322.478681617
-3.24135466667 322.546528632
-3.236352 322.377676262
-3.23134933333 322.517674104
-3.22634666667 322.390041352
-3.221344 322.514133555
-3.21634133333 322.389030127
-3.21133866667 322.509436306
-3.206336 322.358334693
-3.20133333333 322.425863017
-3.19633066667 322.3356386
-3.191328 322.464856375
-3.18632533333 322.387994087
-3.18132266667 322.806331065
-3.17632 323.933573797
-3.17131733333 325.63876912
-3.16631466667 325.714031778
-3.161312 325.752691996
-3.15630933333 325.466338877
-3.15130666667 325.456328161
-3.146304 325.254124336
-3.14130133333 325.046921054
-3.13629866667 324.724351436
-3.131296 324.704343892
-3.12629333333 324.336684959
-3.12129066667 324.187457139
-3.116288 324.149551267
-3.11128533333 324.548330723
-3.10628266667 325.191815761
-3.10128 326.195971733
-3.09627733333 325.889377208
-3.09127466667 325.578467899
-3.086272 325.21024081
-3.08126933333 325.175206133
-3.07626666667 324.995142941
-3.071264 325.045013161
-3.06626133333 325.089889311
-3.06125866667 325.557058021
-3.056256 326.06172315
-3.05125333333 326.740643599
-3.04625066667 327.313117502
-3.041248 328.253217991
-3.03624533333 329.035540365
-3.03124266667 330.429649814
-3.02624 331.09768535
-3.02123733333 331.335466703
-3.01623466667 331.219420509
-3.011232 331.256116511
-3.00622933333 331.168657425
-3.00122666667 331.281129762
-2.996224 331.159252064
-2.99122133333 331.223987677
-2.98621866667 331.142233882
-2.981216 331.199924042
-2.97621333333 331.060342415
-2.97121066667 331.144369468
-2.966208 331.045131508
-2.96120533333 331.126691932
-2.95620266667 330.999398893
-2.9512 331.112638668
-2.94619733333 331.060135385
-2.94119466667 331.113481387
-2.936192 331.02748056
-2.93118933333 331.090961827
-2.92618666667 330.959915648
-2.921184 331.07491254
-2.91618133333 331.015070263
-2.91117866667 331.106544359
-2.906176 330.937237404
-2.90117333333 330.01615713
-2.89617066667 329.40688775
-2.891168 329.040787502
-2.88616533333 327.968334347
-2.88116266667 327.344001542
-2.87616 326.280627089
-2.87115733333 325.75891051
-2.86615466667 325.188892303
-2.861152 324.829866366
-2.85614933333 324.213663898
-2.85114666667 323.886667673
-2.846144 323.144243558
-2.84114133333 322.661492873
-2.83613866667 322.559612864
-2.831136 322.866684764
-2.82613333333 322.405200196
-2.82113066667 322.071611758
-2.816128 321.640256005
-2.81112533333 321.459462639
-2.80612266667 320.809071989
-2.80112 320.188961718
-2.79611733333 319.755160794
-2.79111466667 319.412288424
-2.786112 319.056860188
-2.78110933333 319.163766214
-2.77610666667 318.743099861
-2.771104 319.336331682
-2.76610133333 319.978984801
-2.76109866667 320.906747301
-2.756096 322.348527042
-2.75109333333 323.856324037
-2.74609066667 325.032619112
-2.741088 325.364756367
-2.73608533333 325.434583769
-2.73108266667 325.616628213
-2.72608 325.47820285
-2.72107733333 325.311019296
-2.71607466667 325.306630907
-2.711072 325.393923865
-2.70606933333 325.219177346
-2.70106666667 325.293440812
-2.696064 325.223091543
-2.69106133333 325.440413551
-2.68605866667 325.555079174
-2.681056 325.615015689
-2.67605333333 325.378350929
-2.67105066667 325.348758605
-2.666048 325.118326635
-2.66104533333 325.077039261
-2.65604266667 324.769253178
-2.65104 324.817536453
-2.64603733333 324.578754503
-2.64103466667 324.514839216
-2.636032 324.307017204
-2.63102933333 324.368983309
-2.62602666667 324.113715092
-2.621024 324.092750925
-2.61602133333 323.919160445
-2.61101866667 323.986511785
-2.606016 323.752693097
-2.60101333333 323.739816614
-2.59601066667 323.568640001
-2.591008 323.555762447
-2.58600533333 323.417647721
-2.58100266667 323.303226411
-2.576 323.1979793
-2.57099733333 323.26546538
-2.56599466667 323.088695487
-2.560992 323.13491388
-2.55598933333 323.011211408
-2.55098666667 322.937606429
-2.545984 322.713613752
-2.54098133333 322.757749543
-2.53597866667 322.596252508
-2.530976 322.619346687
-2.52597333333 322.529827145
-2.52097066667 322.637301695
-2.515968 322.49674107
-2.51096533333 322.417934861
-2.50596266667 322.252581118
-2.50096 322.336267843
-2.49595733333 322.228414773
-2.49095466667 322.351605954
-2.485952 322.234163291
-2.48094933333 322.320049436
-2.47594666667 322.277912718
-2.470944 322.402007831
-2.46594133333 321.822561736
-2.46093866667 321.297800072
-2.455936 321.191175811
-2.45093333333 321.302521668
-2.44593066667 321.305708098
-2.440928 321.272600617
-2.43592533333 321.407835191
-2.43092266667 322.012616857
-2.42592 322.185359774
-2.42091733333 322.520324635
-2.41591466667 322.683652526
-2.410912 322.947751496
-2.40590933333 322.970364271
-2.40090666667 323.085362693
-2.395904 322.957368686
-2.39090133333 323.005174775
-2.38589866667 322.877973607
-2.380896 322.989040954
-2.37589333333 322.850284533
-2.37089066667 322.890866749
-2.365888 322.84156315
-2.36088533333 322.831114455
-2.35588266667 322.461033056
-2.35088 322.483074413
-2.34587733333 322.360200591
-2.34087466667 322.295747855
-2.335872 322.187065953
-2.33086933333 322.220776661
-2.32586666667 322.016261
-2.320864 322.857890151
-2.31586133333 324.51507112
-2.31085866667 325.839219041
-2.305856 325.634055118
-2.30085333333 325.604845065
-2.29585066667 325.339991827
-2.290848 325.393079559
-2.28584533333 325.23371221
-2.28084266667 325.327163678
-2.27584 325.163280711
-2.27083733333 325.160236656
-2.26583466667 324.989231222
-2.260832 324.956140057
-2.25582933333 324.743905151
-2.25082666667 325.042826181
-2.245824 325.155688465
-2.24082133333 324.573319853
-2.23581866667 322.018954276
-2.230816 319.912154298
-2.22581333333 318.249894128
-2.22081066667 317.551087889
-2.215808 317.129396371
-2.21080533333 317.274712805
-2.20580266667 317.677781078
-2.2008 320.529771363
-2.19579733333 321.851719374
-2.19079466667 322.353517048
-2.185792 321.990979767
-2.18078933333 320.974231169
-2.17578666667 321.368496346
-2.170784 318.901748466
-2.16578133333 318.244080018
-2.16077866667 317.497298265
-2.155776 313.563783353
-2.15077333333 310.299102092
-2.14577066667 310.85860748
-2.140768 311.454653388
-2.13576533333 311.844784511
-2.13076266667 312.13428279
-2.12576 314.312217679
-2.12075733333 316.955434404
-2.11575466667 319.070243278
-2.110752 319.699189609
-2.10574933333 319.955916074
-2.10074666667 320.466490737
-2.095744 320.600349923
-2.09074133333 320.97713175
-2.08573866667 321.193886681
-2.080736 321.650041484
-2.07573333333 321.901076849
-2.07073066667 322.383029773
-2.065728 322.544557311
-2.06072533333 322.963586463
-2.05572266667 323.107171835
-2.05072 323.33715985
-2.04571733333 323.415168736
-2.04071466667 323.775696577
-2.035712 323.742911172
-2.03070933333 324.004946235
-2.02570666667 324.017088298
-2.020704 324.331655961
-2.01570133333 324.295913551
-2.01069866667 324.501159288
-2.005696 324.548159354
-2.00069333333 324.681811619
-1.99569066667 324.668390713
-1.990688 324.822319101
-1.98568533333 324.772228728
-1.98068266667 324.929806242
-1.97568 324.909697941
-1.97067733333 325.090941391
-1.96567466667 325.008954926
-1.960672 325.111743994
-1.95566933333 325.049342618
-1.95066666667 325.212513323
-1.945664 325.190883385
-1.94066133333 325.269298991
-1.93565866667 325.218731625
-1.930656 325.344656259
-1.92565333333 325.261922495
-1.92065066667 325.417617065
-1.915648 325.360063909
-1.91064533333 325.56457422
-1.90564266667 325.430794343
-1.90064 325.574288154
-1.89563733333 325.558585569
-1.89063466667 325.680962176
-1.885632 325.584004285
-1.88062933333 325.689069815
-1.87562666667 325.562680736
-1.870624 325.608891286
-1.86562133333 325.478870152
-1.86061866667 325.603321852
-1.855616 325.562674864
-1.85061333333 325.674802689
-1.84561066667 325.531500903
-1.840608 325.657275861
-1.83560533333 325.526811742
-1.83060266667 325.622120549
-1.8256 325.497815965
-1.82059733333 325.671141522
-1.81559466667 325.628357936
-1.810592 325.720977845
-1.80558933333 325.550311962
-1.80058666667 325.698033544
-1.795584 325.603399666
-1.79058133333 325.724459614
-1.78557866667 325.627447912
-1.780576 325.694536319
-1.77557333333 325.640736319
-1.77057066667 325.730843628
-1.765568 325.598372018
-1.76056533333 325.798431456
-1.75556266667 325.687615185
-1.75056 325.752023381
-1.74555733333 325.722605492
-1.74055466667 325.840933356
-1.735552 325.703096972
-1.73054933333 325.794798573
-1.72554666667 325.717062388
-1.720544 325.794854925
-1.71554133333 325.708317804
-1.71053866667 325.823787831
-1.705536 325.756371094
-1.70053333333 325.933749211
-1.69553066667 325.827059418
-1.690528 325.966293508
-1.68552533333 325.843327915
-1.68052266667 325.960482614
-1.67552 325.909239545
-1.67051733333 326.026047562
-1.66551466667 325.977309142
-1.660512 326.070938393
-1.65550933333 326.045321261
-1.65050666667 326.160077848
-1.645504 326.023900126
-1.64050133333 326.135582778
-1.63549866667 326.080605184
-1.630496 326.209438621
-1.62549333333 326.123075602
-1.62049066667 326.23314055
-1.615488 326.19850271
-1.61048533333 326.346920499
-1.60548266667 326.296526072
-1.60048 326.40481133
-1.59547733333 326.344972695
-1.59047466667 326.487842486
-1.585472 326.466899723
-1.58046933333 326.616755061
-1.57546666667 326.567770644
-1.570464 326.651863056
-1.56546133333 326.618404055
-1.56045866667 326.765977901
-1.555456 326.706903352
-1.55045333333 326.757286993
-1.54545066667 326.712478303
-1.540448 326.868799767
-1.53544533333 326.767533135
-1.53044266667 326.87521625
-1.52544 326.850058139
-1.52043733333 326.93968452
-1.51543466667 326.86981069
-1.510432 326.93681671
-1.50542933333 326.904754749
-1.50042666667 326.989865252
-1.495424 326.948045091
-1.49042133333 327.026171646
-1.48541866667 326.920636863
-1.480416 327.003370395
-1.47541333333 326.952607772
-1.47041066667 327.078984459
-1.465408 326.957527774
-1.46040533333 327.092272099
-1.45540266667 326.982395772
-1.4504 327.090762864
-1.44539733333 327.030610147
-1.44039466667 327.096435407
-1.435392 327.059624072
-1.43038933333 327.138254909
-1.42538666667 327.064321617
-1.420384 327.150970029
-1.41538133333 327.079414004
-1.41037866667 327.174991418
-1.405376 327.104122918
-1.40037333333 327.204969145
-1.39537066667 327.166325351
-1.390368 327.280385027
-1.38536533333 327.177011477
-1.38036266667 327.309791929
-1.37536 327.250186915
-1.37035733333 327.318445307
-1.36535466667 327.268748827
-1.360352 327.384422476
-1.35534933333 327.301452766
-1.35034666667 327.454756573
-1.345344 327.384040686
-1.34034133333 327.511584153
-1.33533866667 327.427338559
-1.330336 327.521580902
-1.32533333333 327.436033801
-1.32033066667 327.518045241
-1.315328 327.500638933
-1.31032533333 327.560186135
-1.30532266667 327.478347264
-1.30032 327.560426072
-1.29531733333 327.45874727
-1.29031466667 327.603762671
-1.285312 327.491465471
-1.28030933333 327.596309731
-1.27530666667 327.515594545
-1.270304 327.627032598
-1.26530133333 327.488309687
-1.26029866667 327.614580413
-1.255296 327.540166641
-1.25029333333 327.625946209
-1.24529066667 327.550498916
-1.240288 327.621454736
-1.23528533333 327.51398796
-1.23028266667 327.579057874
-1.22528 327.520838244
-1.22027733333 327.64806843
-1.21527466667 327.56534893
-1.210272 327.631376889
-1.20526933333 327.507646656
-1.20026666667 327.557151206
-1.195264 327.475606629
-1.19026133333 327.64809752
-1.18525866667 327.539484092
-1.180256 327.654464024
-1.17525333333 327.541293566
-1.17025066667 327.647889899
-1.165248 327.567251652
-1.16024533333 327.656923182
-1.15524266667 327.585270529
-1.15024 327.673033942
-1.14523733333 327.564885649
-1.14023466667 327.658087196
-1.135232 327.53202967
-1.13022933333 327.654059555
-1.12522666667 327.576529447
-1.120224 327.616716605
-1.11522133333 327.562494357
-1.11021866667 327.644933576
-1.105216 327.551571661
-1.10021333333 327.674297962
-1.09521066667 327.572353368
-1.090208 327.644657852
-1.08520533333 327.573447769
-1.08020266667 327.686179416
-1.0752 327.557393356
-1.07019733333 327.659861249
-1.06519466667 327.65154111
-1.060192 327.740171266
-1.05518933333 327.664144637
-1.05018666667 327.760712538
-1.045184 327.638184727
-1.04018133333 327.74391587
-1.03517866667 327.706695547
-1.030176 327.787455781
-1.02517333333 327.683129788
-1.02017066667 327.838127069
-1.015168 327.713224284
-1.01016533333 327.777181263
-1.00516266667 327.75678694
-1.00016 327.911197145
-0.995157333333 327.837224022
-0.990154666667 327.890956455
-0.985152 327.832407446
-0.980149333333 327.902940156
-0.975146666667 327.842738445
-0.970144 328.017080047
-0.965141333333 327.900255459
-0.960138666667 328.04267858
-0.955136 327.993746327
-0.950133333333 328.090825352
-0.945130666667 327.995785291
-0.940128 328.158347072
-0.935125333333 328.012593051
-0.930122666667 328.109679742
-0.92512 328.003845295
-0.920117333333 328.149019186
-0.915114666667 328.016940608
-0.910112 328.118316392
-0.905109333333 328.060545396
-0.900106666667 328.209011059
-0.895104 328.144307004
-0.890101333333 328.231935118
-0.885098666667 328.149763059
-0.880096 328.235401472
-0.875093333333 328.250846716
-0.870090666667 328.37959759
-0.865088 328.271997519
-0.860085333333 328.339472985
-0.855082666667 328.230046647
-0.85008 328.359981168
-0.845077333333 328.268528587
-0.840074666667 328.38967896
-0.835072 328.306477806
-0.830069333333 328.414111145
-0.825066666667 328.355126984
-0.820064 328.49201859
-0.815061333333 328.402594944
-0.810058666667 328.487127673
-0.805056 328.414406012
-0.800053333333 328.521995719
-0.795050666667 328.480168821
-0.790048 328.585531554
-0.785045333333 328.531625555
-0.780042666667 328.635558452
-0.77504 328.55354473
-0.770037333333 328.644178172
-0.765034666667 328.579126748
-0.760032 328.721537717
-0.755029333333 328.665028691
-0.750026666667 328.727241029
-0.745024 328.640201148
-0.740021333333 328.787866899
-0.735018666667 328.693030549
-0.730016 328.81687271
-0.725013333333 328.73075312
-0.720010666667 328.914174553
-0.715008 328.789002648
-0.710005333333 328.880071395
-0.705002666667 328.842692094
-0.7 329.03432701
-0.694997333333 328.934088747
-0.689994666667 329.064455248
-0.684992 329.030891231
-0.679989333333 329.161143462
-0.674986666667 329.111603515
-0.669984 329.228527988
-0.664981333333 329.20378687
-0.659978666667 329.328454698
-0.654976 329.291906132
-0.649973333333 329.451890271
-0.644970666667 329.391953235
-0.639968 329.541465364
-0.634965333333 329.517926115
-0.629962666667 329.668461929
-0.62496 329.623689135
-0.619957333333 329.768808735
-0.614954666667 329.680467256
-0.609952 329.813068201
-0.604949333333 329.763295109
-0.599946666667 329.876354222
-0.594944 329.85033695
-0.589941333333 329.954757191
-0.584938666667 329.923486892
-0.579936 330.014725908
-0.574933333333 329.964707533
-0.569930666667 330.08831067
-0.564928 330.048530791
-0.559925333333 330.186684153
-0.554922666667 330.090489536
-0.54992 330.223350534
-0.544917333333 330.163086338
-0.539914666667 330.332023534
-0.534912 330.272458145
-0.529909333333 330.422953544
-0.524906666667 330.349393704
-0.519904 330.532146415
-0.514901333333 330.454912747
-0.509898666667 330.609495081
-0.504896 330.576161028
-0.499893333333 330.699793341
-0.494890666667 330.649893994
-0.489888 330.811343356
-0.484885333333 330.78299161
-0.479882666667 330.906881716
-0.47488 330.912346746
-0.469877333333 331.052932545
-0.464874666667 331.038645349
-0.459872 331.170319175
-0.454869333333 331.137316173
-0.449866666667 331.346537697
-0.444864 331.301419478
-0.439861333333 331.473809642
-0.434858666667 331.511051552
-0.429856 331.661422009
-0.424853333333 331.643670088
-0.419850666667 331.873227843
-0.414848 331.862924906
-0.409845333333 332.09009988
-0.404842666667 332.141231401
-0.39984 332.243979932
-0.394837333333 332.223061648
-0.389834666667 332.349977292
-0.384832 332.343872107
-0.379829333333 332.500795657
-0.374826666667 332.471436739
-0.369824 332.640256771
-0.364821333333 332.614017243
-0.359818666667 332.786214077
-0.354816 332.819228872
-0.349813333333 332.951368309
-0.344810666667 333.018314313
-0.339808 333.285643146
-0.334805333333 333.295249544
-0.329802666667 333.460515357
-0.3248 333.564960329
-0.319797333333 333.879847529
-0.314794666667 333.88278766
-0.309792 334.112790075
-0.304789333333 334.113446981
-0.299786666667 334.351915888
-0.294784 334.386593007
-0.289781333333 334.622301026
-0.284778666667 334.616041931
-0.279776 334.847740574
-0.274773333333 334.775945482
-0.269770666667 334.974788481
-0.264768 334.896566645
-0.259765333333 335.048753166
-0.254762666667 334.98035246
-0.24976 335.192700917
-0.244757333333 335.141840213
-0.239754666667 335.213566457
-0.234752 335.091037818
-0.229749333333 335.268613928
-0.224746666667 335.194798542
-0.219744 335.21062853
-0.214741333333 335.191053114
-0.209738666667 335.394759842
-0.204736 335.263814326
-0.199733333333 335.415576507
-0.194730666667 335.286684313
-0.189728 335.449570726
-0.184725333333 335.325182646
-0.179722666667 335.411088848
-0.17472 335.326084294
-0.169717333333 335.467363789
-0.164714666667 335.380955456
-0.159712 335.488516302
-0.154709333333 335.395629742
-0.149706666667 335.473783336
-0.144704 335.399760338
-0.139701333333 335.452957139
-0.134698666667 335.334823673
-0.129696 335.473534009
-0.124693333333 335.382687202
-0.119690666667 335.486152308
-0.114688 335.376043282
-0.109685333333 335.491518742
-0.104682666667 335.374941157
-0.09968 335.422383489
-0.0946773333333 335.326099097
-0.0896746666667 335.358346102
-0.084672 335.24908723
-0.0796693333333 335.347957939
-0.0746666666667 335.234775279
-0.069664 335.347891555
-0.0646613333333 335.233922625
-0.0596586666667 335.225698703
-0.054656 335.276137205
-0.0496533333333 335.350402159
-0.0446506666667 335.360903654
-0.039648 335.553151534
-0.0346453333333 335.505111179
-0.0296426666667 335.656780687
-0.02464 335.573643154
-0.0196373333333 335.700775315
-0.0146346666667 335.622653565
-0.009632 335.798574077
-0.00462933333333 335.756637378
