-9.99995733333 327.245481739
-9.99495466667 327.167251554
-9.989952 327.154010526
-9.98494933333 327.068640784
-9.97994666667 327.024084274
-9.974944 327.011890639
-9.96994133333 326.95242548
-9.96493866667 326.902633303
-9.959936 326.918040605
-9.95493333333 326.896299642
-9.94993066667 326.962548792
-9.944928 326.892975378
-9.93992533333 326.905571747
-9.93492266667 326.935225022
-9.92992 326.98177936
-9.92491733333 326.930680355
-9.91991466667 326.914674417
-9.914912 326.894838697
-9.90990933333 326.940435097
-9.90490666667 326.884263143
-9.899904 326.940227921
-9.89490133333 326.946782634
-9.88989866667 327.03530063
-9.884896 326.987392892
-9.87989333333 327.048054183
-9.87489066667 327.066509282
-9.869888 327.140992181
-9.86488533333 327.146201908
-9.85988266667 327.22294647
-9.85488 327.30956034
-9.84987733333 327.409384931
-9.84487466667 327.439747557
-9.839872 327.484923109
-9.83486933333 327.496091894
-9.82986666667 327.604831324
-9.824864 327.608803285
-9.81986133333 327.67722446
-9.81485866667 327.736791762
-9.809856 327.85910691
-9.80485333333 327.912095924
-9.79985066667 328.020737423
-9.794848 328.107376122
-9.78984533333 328.241578441
-9.78484266667 328.338876034
-9.77984 328.46940083
-9.77483733333 328.606246424
-9.76983466667 328.761248386
-9.764832 328.866313823
-9.75982933333 328.944980991
-9.75482666667 329.026866001
-9.749824 329.171535538
-9.74482133333 329.228087897
-9.73981866667 329.338897519
-9.734816 329.407161661
-9.72981333333 329.558991576
-9.72481066667 329.58980182
-9.719808 329.685492965
-9.71480533333 329.76287081
-9.70980266667 329.922018032
-9.7048 329.924309984
-9.69979733333 330.060317972
-9.69479466667 330.105572873
-9.689792 330.212413878
-9.68478933333 330.259911081
-9.67978666667 330.31905357
-9.674784 330.387517473
-9.66978133333 330.503675092
-9.66477866667 330.547631125
-9.659776 330.640679534
-9.65477333333 330.697361262
-9.64977066667 330.822858936
-9.644768 330.875781228
-9.63976533333 330.943121189
-9.63476266667 331.01391255
-9.62976 331.080252446
-9.62475733333 331.159003492
-9.61975466667 331.210097442
-9.614752 331.276436384
-9.60974933333 331.370980901
-9.60474666667 331.393040405
-9.599744 331.458560024
-9.59474133333 331.530056452
-9.58973866667 331.717672969
-9.584736 331.794709199
-9.57973333333 331.938592818
-9.57473066667 332.002911861
-9.569728 332.206438027
-9.56472533333 332.249457933
-9.55972266667 332.368293796
-9.55472 332.416053529
-9.54971733333 332.52653022
-9.54471466667 332.547204245
-9.539712 332.624451176
-9.53470933333 332.659909132
-9.52970666667 332.786311617
-9.524704 332.783672848
-9.51970133333 332.828052341
-9.51469866667 332.90907762
-9.509696 333.004506178
-9.50469333333 332.951360597
-9.49969066667 333.036822063
-9.494688 333.048056705
-9.48968533333 333.11868218
-9.48468266667 333.081963333
-9.47968 333.181914934
-9.47467733333 333.191646728
-9.46967466667 333.272765919
-9.464672 333.230794368
-9.45966933333 333.330121893
-9.45466666667 333.316066947
-9.449664 333.376396712
-9.44466133333 333.345106614
-9.43965866667 333.397736362
-9.434656 333.403888524
-9.42965333333 333.452568715
-9.42465066667 333.412176523
-9.419648 333.444237499
-9.41464533333 333.451304325
-9.40964266667 333.484154747
-9.40464 333.445629054
-9.39963733333 333.469404198
-9.39463466667 333.487909006
-9.389632 333.550659237
-9.38462933333 333.495937856
-9.37962666667 333.530111844
-9.374624 333.537213327
-9.36962133333 333.548690643
-9.36461866667 333.464488898
-9.359616 333.480725389
-9.35461333333 333.412904027
-9.34961066667 333.456076888
-9.344608 333.416428763
-9.33960533333 333.430672833
-9.33460266667 333.364124104
-9.3296 333.428334492
-9.32459733333 333.338873588
-9.31959466667 333.360689428
-9.314592 333.321155458
-9.30958933333 333.366599003
-9.30458666667 333.30209216
-9.299584 333.32907928
-9.29458133333 333.292719728
-9.28957866667 333.366155306
-9.284576 333.250826
-9.27957333333 333.281656918
-9.27457066667 333.230329444
-9.269568 333.270481751
-9.26456533333 333.207573741
-9.25956266667 333.245731741
-9.25456 333.181782113
-9.24955733333 333.239982534
-9.24455466667 333.134255315
-9.239552 333.148070706
-9.23454933333 333.155542155
-9.22954666667 333.169385746
-9.224544 333.147143224
-9.21954133333 333.151850044
-9.21453866667 333.137260873
-9.209536 333.192917816
-9.20453333333 333.162578237
-9.19953066667 333.164716385
-9.194528 333.121510912
-9.18952533333 333.166832616
-9.18452266667 333.112250733
-9.17952 333.150156065
-9.17451733333 333.078979744
-9.16951466667 333.119580335
-9.164512 333.0645221
-9.15950933333 333.090711175
-9.15450666667 333.030270328
-9.149504 333.087278207
-9.14450133333 333.029881674
-9.13949866667 333.063627129
-9.134496 333.032401319
-9.12949333333 333.120264844
-9.12449066667 333.050661028
-9.119488 333.131767842
-9.11448533333 333.048981452
-9.10948266667 333.095678379
-9.10448 333.06639566
-9.09947733333 333.077037189
-9.09447466667 333.025743872
-9.089472 333.073148593
-9.08446933333 333.01353879
-9.07946666667 333.022077742
-9.074464 333.011657142
-9.06946133333 333.01008719
-9.06445866667 332.915747208
-9.059456 332.971938029
-9.05445333333 332.965600047
-9.04945066667 332.98807527
-9.044448 332.928997203
-9.03944533333 332.958934357
-9.03444266667 332.933391634
-9.02944 332.977561804
-9.02443733333 332.897596759
-9.01943466667 332.973991407
-9.014432 332.910144324
-9.00942933333 332.925632822
-9.00442666667 332.868524517
-8.999424 332.878367915
-8.99442133333 332.827891617
-8.98941866667 332.824396799
-8.984416 332.847568864
-8.97941333333 332.834171286
-8.97441066667 332.807534864
-8.969408 332.836215133
-8.96440533333 332.760287393
-8.95940266667 332.809456434
-8.9544 332.755389206
-8.94939733333 332.826189871
-8.94439466667 332.762656888
-8.939392 332.837709263
-8.93438933333 332.820602658
-8.92938666667 332.872837222
-8.924384 332.818319753
-8.91938133333 332.853042214
-8.91437866667 332.804695611
-8.909376 332.891227672
-8.90437333333 332.815253728
-8.89937066667 332.870282679
-8.894368 332.813968608
-8.88936533333 332.880103203
-8.88436266667 332.829443889
-8.87936 332.83199199
-8.87435733333 332.832423399
-8.86935466667 332.912954105
-8.864352 332.847881391
-8.85934933333 332.918949074
-8.85434666667 332.84826058
-8.849344 332.900342415
-8.84434133333 332.854977732
-8.83933866667 332.886875925
-8.834336 332.886201567
-8.82933333333 332.930201771
-8.82433066667 332.872417465
-8.819328 332.914913054
-8.81432533333 332.918873367
-8.80932266667 332.971545145
-8.80432 332.922022986
-8.79931733333 332.946081012
-8.79431466667 332.907447704
-8.789312 332.971190508
-8.78430933333 332.947630151
-8.77930666667 333.000391244
-8.774304 332.954362934
-8.76930133333 332.977957359
-8.76429866667 332.918670603
-8.759296 332.976576904
-8.75429333333 332.932963337
-8.74929066667 332.968930552
-8.744288 332.932446028
-8.73928533333 333.001547954
-8.73428266667 333.00389115
-8.72928 333.042819438
-8.72427733333 333.010505041
-8.71927466667 333.098470607
-8.714272 333.069015128
-8.70926933333 333.132448679
-8.70426666667 333.041042113
-8.699264 333.111024459
-8.69426133333 333.097514053
-8.68925866667 333.150278955
-8.684256 333.164313933
-8.67925333333 333.233982383
-8.67425066667 333.206535129
-8.669248 333.253803222
-8.66424533333 333.234065499
-8.65924266667 333.261636591
-8.65424 333.254141501
-8.64923733333 333.345559079
-8.64423466667 333.29214245
-8.639232 333.359921711
-8.63422933333 333.35687231
-8.62922666667 333.413172345
-8.624224 333.367799843
-8.61922133333 333.422366349
-8.61421866667 333.403889804
-8.609216 333.434636144
-8.60421333333 333.369270247
-8.59921066667 333.346591306
-8.594208 333.303234259
-8.58920533333 333.358645389
-8.58420266667 333.253344851
-8.5792 333.278580352
-8.57419733333 333.216711552
-8.56919466667 333.23149143
-8.564192 333.139587009
-8.55918933333 333.217583836
-8.55418666667 333.160990174
-8.549184 333.206669709
-8.54418133333 333.103400089
-8.53917866667 333.140490729
-8.534176 333.054267624
-8.52917333333 333.050822831
-8.52417066667 332.980180894
-8.519168 333.026841407
-8.51416533333 332.964359236
-8.50916266667 332.983018982
-8.50416 332.908872111
-8.49915733333 332.955891121
-8.49415466667 332.89535677
-8.489152 332.918743486
-8.48414933333 332.820223487
-8.47914666667 332.848599256
-8.474144 332.810431762
-8.46914133333 332.845063608
-8.46413866667 332.755162763
-8.459136 332.74709704
-8.45413333333 332.671300432
-8.44913066667 332.666467069
-8.444128 332.540142218
-8.43912533333 332.55246924
-8.43412266667 332.470366045
-8.42912 332.459183517
-8.42411733333 332.354480396
-8.41911466667 332.324227355
-8.414112 332.235476388
-8.40910933333 332.227372896
-8.40410666667 332.145733465
-8.399104 332.164964136
-8.39410133333 332.060346151
-8.38909866667 332.090550357
-8.384096 331.999598565
-8.37909333333 331.97740235
-8.37409066667 331.855910336
-8.369088 331.904082376
-8.36408533333 331.784000422
-8.35908266667 331.814688335
-8.35408 331.763513648
-8.34907733333 331.754781425
-8.34407466667 331.637835227
-8.339072 331.664055745
-8.33406933333 331.586452528
-8.32906666667 331.551662998
-8.324064 331.473881469
-8.31906133333 331.478962969
-8.31405866667 331.413604685
-8.309056 331.449608486
-8.30405333333 331.347417584
-8.29905066667 331.349057152
-8.294048 331.310393894
-8.28904533333 331.329266878
-8.28404266667 331.222781093
-8.27904 331.250074979
-8.27403733333 331.131003943
-8.26903466667 331.161777473
-8.264032 331.068240253
-8.25902933333 331.051839874
-8.25402666667 330.996147787
-8.249024 331.005293892
-8.24402133333 330.907873601
-8.23901866667 330.914379965
-8.234016 330.853736772
-8.22901333333 330.817168175
-8.22401066667 330.751408909
-8.219008 330.765545422
-8.21400533333 330.706531792
-8.20900266667 330.69725507
-8.204 330.620656398
-8.19899733333 330.638324077
-8.19399466667 330.602985515
-8.188992 330.609192303
-8.18398933333 330.507986792
-8.17898666667 330.507440856
-8.173984 330.460343566
-8.16898133333 330.458922668
-8.16397866667 330.339294017
-8.158976 330.361652262
-8.15397333333 330.2723271
-8.14897066667 330.317501185
-8.143968 330.211618578
-8.13896533333 330.227605887
-8.13396266667 330.160798353
-8.12896 330.177251706
-8.12395733333 330.090697664
-8.11895466667 330.131715342
-8.113952 330.074383967
-8.10894933333 330.093927516
-8.10394666667 330.008086047
-8.098944 330.03016414
-8.09394133333 329.973039013
-8.08893866667 329.989886898
-8.083936 329.938661253
-8.07893333333 329.905040669
-8.07393066667 329.899072326
-8.068928 329.932328316
-8.06392533333 329.813362313
-8.05892266667 329.846217595
-8.05392 329.834130244
-8.04891733333 329.851040048
-8.04391466667 329.790741772
-8.038912 329.793620151
-8.03390933333 329.753167575
-8.02890666667 329.785378092
-8.023904 329.738605017
-8.01890133333 329.749556598
-8.01389866667 329.733613062
-8.008896 329.750136335
-8.00389333333 329.673062638
-7.99889066667 329.716976481
-7.993888 329.714192109
-7.98888533333 329.732640719
-7.98388266667 329.65877747
-7.97888 329.672292173
-7.97387733333 329.665902503
-7.96887466667 329.702463798
-7.963872 329.622316091
-7.95886933333 329.677325559
-7.95386666667 329.659979052
-7.948864 329.669871258
-7.94386133333 329.644361221
-7.93885866667 329.646650657
-7.933856 329.614726776
-7.92885333333 329.669747623
-7.92385066667 329.571037848
-7.918848 329.637654899
-7.91384533333 329.61993038
-7.90884266667 329.646941576
-7.90384 329.595235337
-7.89883733333 329.632793867
-7.89383466667 329.579227412
-7.888832 329.624462521
-7.88382933333 329.552677352
-7.87882666667 329.589264822
-7.873824 329.558592769
-7.86882133333 329.576861193
-7.86381866667 329.510517993
-7.858816 329.561235451
-7.85381333333 329.554380039
-7.84881066667 329.55752138
-7.843808 329.48374084
-7.83880533333 329.564593132
-7.83380266667 329.528360139
-7.8288 329.584355537
-7.82379733333 329.487015916
-7.81879466667 329.448369618
-7.813792 329.420936204
-7.80878933333 329.386171297
-7.80378666667 329.325348516
-7.798784 329.350392667
-7.79378133333 329.306229348
-7.78877866667 329.349230026
-7.783776 329.29392311
-7.77877333333 329.300799083
-7.77377066667 329.253624572
-7.768768 329.310298457
-7.76376533333 329.254524893
-7.75876266667 329.307424225
-7.75376 329.266830979
-7.74875733333 329.274024287
-7.74375466667 329.201764309
-7.738752 329.243107346
-7.73374933333 329.21275793
-7.72874666667 329.224748509
-7.723744 329.139345671
-7.71874133333 329.178263743
-7.71373866667 329.141826099
-7.708736 329.161625705
-7.70373333333 329.064998444
-7.69873066667 329.125039891
-7.693728 329.071193108
-7.68872533333 329.103895428
-7.68372266667 329.053464954
-7.67872 329.072647854
-7.67371733333 329.003054125
-7.66871466667 329.050782383
-7.663712 328.986023951
-7.65870933333 329.03980696
-7.65370666667 329.049012014
-7.648704 329.042479262
-7.64370133333 328.980021304
-7.63869866667 329.136258479
-7.633696 329.236096015
-7.62869333333 329.372081554
-7.62369066667 329.448953727
-7.618688 329.587721321
-7.61368533333 329.759979568
-7.60868266667 330.002171139
-7.60368 330.166666102
-7.59867733333 330.491960629
-7.59367466667 330.698246428
-7.588672 330.95932215
-7.58366933333 331.120159741
-7.57866666667 331.34151994
-7.573664 331.528778748
-7.56866133333 331.726589932
-7.56365866667 331.837997989
-7.558656 331.778688192
-7.55365333333 329.201621627
-7.54865066667 328.599907379
-7.543648 327.996370134
-7.53864533333 327.505869243
-7.53364266667 326.371269101
-7.52864 325.694764064
-7.52363733333 325.415139336
-7.51863466667 325.10302015
-7.513632 324.860823894
-7.50862933333 324.855292411
-7.50362666667 324.555309865
-7.498624 324.823339969
-7.49362133333 324.868386012
-7.48861866667 324.839111135
-7.483616 324.805734754
-7.47861333333 324.840912925
-7.47361066667 324.862697808
-7.468608 324.896777042
-7.46360533333 324.96773621
-7.45860266667 325.063024033
-7.4536 325.034797465
-7.44859733333 325.127326067
-7.44359466667 324.984315776
-7.438592 324.587341596
-7.43358933333 324.260043355
-7.42858666667 323.523572709
-7.423584 322.707954602
-7.41858133333 321.813572171
-7.41357866667 320.972006575
-7.408576 321.086550349
-7.40357333333 321.710503524
-7.39857066667 322.703602513
-7.393568 321.938981833
-7.38856533333 321.773999974
-7.38356266667 322.39456403
-7.37856 325.250004734
-7.37355733333 329.379596437
-7.36855466667 331.800638486
-7.363552 331.205347713
-7.35854933333 330.492993807
-7.35354666667 329.640858142
-7.348544 326.702972787
-7.34354133333 322.261381427
-7.33853866667 320.159662928
-7.333536 319.844773252
-7.32853333333 319.761694114
-7.32353066667 319.713890598
-7.318528 319.840336241
-7.31352533333 320.029826112
-7.30852266667 320.193774514
-7.30352 319.836824639
-7.29851733333 319.592439333
-7.29351466667 319.447688728
-7.288512 319.314573565
-7.28350933333 319.144420126
-7.27850666667 319.151682913
-7.273504 319.042745328
-7.26850133333 319.041507943
-7.26349866667 318.968540161
-7.258496 318.913149315
-7.25349333333 318.821076118
-7.24849066667 318.632024274
-7.243488 318.314199439
-7.23848533333 318.220121277
-7.23348266667 317.903741255
-7.22848 317.680756439
-7.22347733333 317.45419618
-7.21847466667 317.260456955
-7.213472 317.122493392
-7.20846933333 316.896446436
-7.20346666667 316.79941558
-7.198464 316.538372964
-7.19346133333 316.255633486
-7.18845866667 315.813766952
-7.183456 315.572734265
-7.17845333333 315.067522668
-7.17345066667 315.234330077
-7.168448 315.319529019
-7.16344533333 315.148140656
-7.15844266667 314.858605519
-7.15344 314.376497211
-7.14843733333 314.088185316
-7.14343466667 314.014668531
-7.138432 314.030437033
-7.13342933333 313.829934111
-7.12842666667 313.574554005
-7.123424 313.443125668
-7.11842133333 313.285638394
-7.11341866667 313.143569968
-7.108416 312.871854627
-7.10341333333 312.629758948
-7.09841066667 312.352710085
-7.093408 312.275898885
-7.08840533333 312.157069154
-7.08340266667 311.999445884
-7.0784 311.871737332
-7.07339733333 311.683914777
-7.06839466667 311.557079324
-7.063392 311.501220686
-7.05838933333 311.378529621
-7.05338666667 311.280113403
-7.048384 311.101302244
-7.04338133333 311.029212504
-7.03837866667 310.859315285
-7.033376 310.629453378
-7.02837333333 310.419389313
-7.02337066667 310.206885613
-7.018368 310.18904316
-7.01336533333 309.936082992
-7.00836266667 309.86722136
-7.00336 309.784988801
-6.99835733333 309.977742509
-6.99335466667 310.615653406
-6.988352 313.208586372
-6.98334933333 313.299518553
-6.97834666667 308.680138683
-6.973344 311.397597876
-6.96834133333 323.023821548
-6.96333866667 323.108219855
-6.958336 322.942306405
-6.95333333333 322.773221033
-6.94833066667 322.639638379
-6.943328 322.491335346
-6.93832533333 322.572031866
-6.93332266667 322.550701785
-6.92832 322.607232158
-6.92331733333 322.543889408
-6.91831466667 322.426872263
-6.913312 322.5553002
-6.90830933333 322.786011577
-6.90330666667 322.597423139
-6.898304 322.283267148
-6.89330133333 322.106306715
-6.88829866667 321.704426944
-6.883296 321.76896682
-6.87829333333 322.269785706
-6.87329066667 322.706648211
-6.868288 322.810391224
-6.86328533333 322.794624206
-6.85828266667 322.998350405
-6.85328 323.050707887
-6.84827733333 323.131344355
-6.84327466667 323.17859282
-6.838272 323.287351959
-6.83326933333 323.373564924
-6.82826666667 323.509196179
-6.823264 323.572362345
-6.81826133333 323.634490722
-6.81325866667 323.747330959
-6.808256 323.814657284
-6.80325333333 323.866223132
-6.79825066667 323.973095696
-6.793248 324.065002569
-6.78824533333 324.197846077
-6.78324266667 324.202438088
-6.77824 324.298247109
-6.77323733333 324.377138867
-6.76823466667 324.473351083
-6.763232 324.673907124
-6.75822933333 324.857041465
-6.75322666667 324.949412477
-6.748224 325.066747109
-6.74322133333 325.155127411
-6.73821866667 325.310517268
-6.733216 325.49791743
-6.72821333333 325.617764732
-6.72321066667 325.757618083
-6.718208 325.896396334
-6.71320533333 326.020850171
-6.70820266667 326.154756463
-6.7032 326.248431248
-6.69819733333 326.375149287
-6.69319466667 326.524140559
-6.688192 326.686246436
-6.68318933333 326.832717494
-6.67818666667 326.967731322
-6.673184 327.126999278
-6.66818133333 327.247521669
-6.66317866667 327.394309868
-6.658176 327.50579121
-6.65317333333 327.659130297
-6.64817066667 327.763997104
-6.643168 327.838732773
-6.63816533333 327.957746407
-6.63316266667 328.088833077
-6.62816 328.228332332
-6.62315733333 328.338388994
-6.61815466667 328.509842642
-6.613152 328.729454068
-6.60814933333 328.915876558
-6.60314666667 329.118457591
-6.598144 329.330116083
-6.59314133333 329.577219563
-6.58813866667 329.804303081
-6.583136 330.019429261
-6.57813333333 330.257425889
-6.57313066667 330.492853956
-6.568128 330.672788954
-6.56312533333 330.896981486
-6.55812266667 331.161913628
-6.55312 331.40002878
-6.54811733333 331.723357055
-6.54311466667 331.933669751
-6.538112 332.147574696
-6.53310933333 332.321912917
-6.52810666667 332.402566614
-6.523104 332.47466097
-6.51810133333 332.591091524
-6.51309866667 332.682000918
-6.508096 332.764198579
-6.50309333333 332.826010902
-6.49809066667 332.861729118
-6.493088 332.891532422
-6.48808533333 332.950232379
-6.48308266667 332.98755739
-6.47808 332.99729619
-6.47307733333 333.09656003
-6.46807466667 333.116957891
-6.463072 333.099713988
-6.45806933333 333.182217926
-6.45306666667 333.211119424
-6.448064 333.193676759
-6.44306133333 333.157969358
-6.43805866667 333.135489847
-6.433056 333.135240578
-6.42805333333 333.128435506
-6.42305066667 333.119467533
-6.418048 333.097244031
-6.41304533333 333.095520601
-6.40804266667 333.082884861
-6.40304 333.060353882
-6.39803733333 333.020096898
-6.39303466667 333.060948729
-6.388032 333.01325409
-6.38302933333 333.0062335
-6.37802666667 332.994983394
-6.373024 333.037394767
-6.36802133333 333.007448274
-6.36301866667 332.968466364
-6.358016 332.974091714
-6.35301333333 332.953089057
-6.34801066667 332.904072418
-6.343008 332.819666503
-6.33800533333 332.7608082
-6.33300266667 332.750322197
-6.328 332.719758999
-6.32299733333 332.696814727
-6.31799466667 332.633683165
-6.312992 332.604858619
-6.30798933333 332.531755267
-6.30298666667 332.482480294
-6.297984 332.469003522
-6.29298133333 332.443829747
-6.28797866667 332.424032451
-6.282976 332.394556604
-6.27797333333 332.372462571
-6.27297066667 332.381434371
-6.267968 332.332429757
-6.26296533333 332.28301939
-6.25796266667 332.261647442
-6.25296 332.234575271
-6.24795733333 332.192394789
-6.24295466667 332.174004914
-6.237952 332.089239534
-6.23294933333 332.055933872
-6.22794666667 331.992019704
-6.222944 331.941417385
-6.21794133333 331.879947312
-6.21293866667 331.868495029
-6.207936 331.79647925
-6.20293333333 331.736456724
-6.19793066667 331.713395736
-6.192928 331.705175777
-6.18792533333 331.668223129
-6.18292266667 331.667146709
-6.17792 331.580250608
-6.17291733333 331.579513864
-6.16791466667 331.49193653
-6.162912 331.459294338
-6.15790933333 331.390896321
-6.15290666667 331.365335911
-6.147904 331.325538933
-6.14290133333 331.308821367
-6.13789866667 331.286768224
-6.132896 331.228723356
-6.12789333333 331.174491206
-6.12289066667 331.131811631
-6.117888 331.113494395
-6.11288533333 331.133230353
-6.10788266667 331.111219868
-6.10288 331.061046919
-6.09787733333 331.057338646
-6.09287466667 331.107249664
-6.087872 331.055819854
-6.08286933333 331.015243632
-6.07786666667 331.009092005
-6.072864 331.032270343
-6.06786133333 330.996058109
-6.06285866667 330.954403005
-6.057856 330.921206678
-6.05285333333 330.922884813
-6.04785066667 330.918120237
-6.042848 330.886210446
-6.03784533333 330.895616643
-6.03284266667 330.904056259
-6.02784 330.873218855
-6.02283733333 330.88344637
-6.01783466667 330.848509136
-6.012832 330.870309433
-6.00782933333 330.784566499
-6.00282666667 330.808956613
-5.997824 330.781372221
-5.99282133333 330.809036646
-5.98781866667 330.786253703
-5.982816 330.760299818
-5.97781333333 330.739933872
-5.97281066667 330.753506973
-5.967808 330.707442297
-5.96280533333 330.698139262
-5.95780266667 330.699215792
-5.9528 330.719428015
-5.94779733333 330.708666177
-5.94279466667 330.70261598
-5.937792 330.668554516
-5.93278933333 330.726142752
-5.92778666667 330.710375601
-5.922784 330.692017132
-5.91778133333 330.667529809
-5.91277866667 330.689169807
-5.907776 330.659817607
-5.90277333333 330.636919769
-5.89777066667 330.637568147
-5.892768 330.687564691
-5.88776533333 330.638282474
-5.88276266667 330.654945349
-5.87776 330.632369363
-5.87275733333 330.637090291
-5.86775466667 330.638910597
-5.862752 330.630225421
-5.85774933333 330.613975559
-5.85274666667 330.593850886
-5.847744 330.643407708
-5.84274133333 330.63985875
-5.83773866667 330.61914679
-5.832736 330.660148804
-5.82773333333 330.669084132
-5.82273066667 330.679272815
-5.817728 330.690423162
-5.81272533333 330.716296163
-5.80772266667 330.697032404
-5.80272 330.726913112
-5.79771733333 330.68931192
-5.79271466667 330.741413491
-5.787712 330.716725902
-5.78270933333 330.716783232
-5.77770666667 330.714986212
-5.772704 330.708898404
-5.76770133333 330.739810729
-5.76269866667 330.763941746
-5.757696 330.74973104
-5.75269333333 330.800530055
-5.74769066667 330.80834773
-5.742688 330.828252742
-5.73768533333 330.82341037
-5.73268266667 330.856968482
-5.72768 330.866476259
-5.72267733333 330.847996326
-5.71767466667 330.858850132
-5.712672 330.871396747
-5.70766933333 330.872945087
-5.70266666667 330.897998074
-5.697664 330.892426769
-5.69266133333 330.926171202
-5.68765866667 330.894758505
-5.682656 330.950166664
-5.67765333333 330.92379023
-5.67265066667 330.985593086
-5.667648 330.946201015
-5.66264533333 330.996304112
-5.65764266667 330.969759184
-5.65264 331.003113051
-5.64763733333 330.981435519
-5.64263466667 331.006688612
-5.637632 330.970723138
-5.63262933333 331.009051038
-5.62762666667 330.971640136
-5.622624 330.993683428
-5.61762133333 330.94402968
-5.61261866667 330.916441446
-5.607616 330.919734074
-5.60261333333 330.858119853
-5.59761066667 330.906360198
-5.592608 330.78637514
-5.58760533333 330.59722242
-5.58260266667 330.310883478
-5.5776 330.19958677
-5.57259733333 330.229108223
-5.56759466667 330.21171874
-5.562592 330.18400004
-5.55758933333 330.196979425
-5.55258666667 330.232821655
-5.547584 330.214877257
-5.54258133333 330.805298712
-5.53757866667 330.933720294
-5.532576 330.955674642
-5.52757333333 330.921953908
-5.52257066667 330.917037268
-5.517568 330.906705225
-5.51256533333 330.926521529
-5.50756266667 330.920648739
-5.50256 330.958285708
-5.49755733333 330.953936411
-5.49255466667 331.027575659
-5.487552 331.006868325
-5.48254933333 331.022124729
-5.47754666667 331.048178522
-5.472544 331.123316701
-5.46754133333 331.066096527
-5.46253866667 331.100180473
-5.457536 331.094968775
-5.45253333333 331.102223777
-5.44753066667 331.099492242
-5.442528 331.152460718
-5.43752533333 331.131066758
-5.43252266667 331.202749697
-5.42752 331.156855412
-5.42251733333 331.198895942
-5.41751466667 331.184584146
-5.412512 331.297673634
-5.40750933333 331.257942935
-5.40250666667 331.271394236
-5.397504 331.226427069
-5.39250133333 331.237115053
-5.38749866667 331.128959613
-5.382496 331.148952493
-5.37749333333 331.132192199
-5.37249066667 331.168205211
-5.367488 331.139824794
-5.36248533333 331.144729434
-5.35748266667 331.116413818
-5.35248 331.179740509
-5.34747733333 331.131395811
-5.34247466667 331.088875289
-5.337472 330.931647838
-5.33246933333 330.792512275
-5.32746666667 330.652922498
-5.322464 330.613746048
-5.31746133333 330.540739057
-5.31245866667 330.516184918
-5.307456 330.432628926
-5.30245333333 330.411969119
-5.29745066667 330.382135331
-5.292448 330.422415588
-5.28744533333 330.345590253
-5.28244266667 330.440656417
-5.27744 330.49925134
-5.27243733333 330.484563569
-5.26743466667 330.291214596
-5.262432 330.188321008
-5.25742933333 330.167432935
-5.25242666667 330.247955779
-5.247424 330.296806529
-5.24242133333 330.105219851
-5.23741866667 329.885741325
-5.232416 329.908970084
-5.22741333333 329.861129998
-5.22241066667 329.905122606
-5.217408 329.916958388
-5.21240533333 330.114741153
-5.20740266667 330.164023372
-5.2024 329.949185007
-5.19739733333 329.878609899
-5.19239466667 330.020658162
-5.187392 329.936782628
-5.18238933333 329.928455172
-5.17738666667 329.823739541
-5.172384 329.824238485
-5.16738133333 329.708578011
-5.16237866667 329.685043313
-5.157376 329.651202547
-5.15237333333 329.700605407
-5.14737066667 329.557191792
-5.142368 329.600475858
-5.13736533333 329.512356512
-5.13236266667 329.556654207
-5.12736 329.487966417
-5.12235733333 329.49990856
-5.11735466667 329.439756662
-5.112352 329.463094818
-5.10734933333 329.321591843
-5.10234666667 329.338278191
-5.097344 329.300260547
-5.09234133333 329.350318887
-5.08733866667 329.164902504
-5.082336 329.161616999
-5.07733333333 329.131877925
-5.07233066667 329.134527084
-5.067328 329.044243488
-5.06232533333 329.065188768
-5.05732266667 329.044018559
-5.05232 329.064224561
-5.04731733333 329.016332399
-5.04231466667 329.047785602
-5.037312 329.00973749
-5.03230933333 329.065286747
-5.02730666667 328.971316122
-5.022304 328.976486515
-5.01730133333 328.966148028
-5.01229866667 328.981610766
-5.007296 328.930111217
-5.00229333333 328.994369093
-4.99729066667 328.932887909
-4.992288 328.94215135
-4.98728533333 328.939875865
-4.98228266667 328.944498943
-4.97728 328.896322816
-4.97227733333 328.951181653
-4.96727466667 328.878927005
-4.962272 328.877754344
-4.95726933333 328.840950912
-4.95226666667 328.907090659
-4.947264 328.832349167
-4.94226133333 328.928484411
-4.93725866667 330.420877285
-4.932256 330.676349112
-4.92725333333 330.608586949
-4.92225066667 330.652406179
-4.917248 330.619873263
-4.91224533333 330.643973961
-4.90724266667 330.579011705
-4.90224 330.586786818
-4.89723733333 330.552202038
-4.89223466667 330.616071314
-4.887232 330.478747017
-4.88222933333 330.478062065
-4.87722666667 330.395745422
-4.872224 330.38039912
-4.86722133333 330.259319783
-4.86221866667 330.174777114
-4.857216 330.072131275
-4.85221333333 330.056293653
-4.84721066667 329.912855515
-4.842208 329.91531427
-4.83720533333 329.798415104
-4.83220266667 329.84581007
-4.8272 329.773219117
-4.82219733333 329.764021754
-4.81719466667 329.523891481
-4.812192 329.140755659
-4.80718933333 328.728780877
-4.80218666667 328.543780376
-4.797184 328.31747302
-4.79218133333 328.231822989
-4.78717866667 328.111691985
-4.782176 328.160025615
-4.77717333333 328.133696035
-4.77217066667 328.414536681
-4.767168 329.077842592
-4.76216533333 329.192394697
-4.75716266667 329.170094182
-4.75216 329.317037044
-4.74715733333 329.455627996
-4.74215466667 329.509397778
-4.737152 329.483435774
-4.73214933333 329.474941491
-4.72714666667 329.292161511
-4.722144 329.239524867
-4.71714133333 329.168255254
-4.71213866667 329.239936051
-4.707136 329.157916674
-4.70213333333 329.176966571
-4.69713066667 329.108451762
-4.692128 329.111172012
-4.68712533333 329.037812809
-4.68212266667 329.023569955
-4.67712 328.940607111
-4.67211733333 328.946754808
-4.66711466667 328.835886621
-4.662112 328.856344697
-4.65710933333 328.810941737
-4.65210666667 328.875110537
-4.647104 328.758180648
-4.64210133333 328.450975089
-4.63709866667 327.927203008
-4.632096 327.801473858
-4.62709333333 327.678835214
-4.62209066667 327.708411095
-4.617088 327.671705199
-4.61208533333 327.683348854
-4.60708266667 327.563915673
-4.60208 327.63024929
-4.59707733333 327.593717894
-4.59207466667 327.555071705
-4.587072 327.457227363
-4.58206933333 327.450146678
-4.57706666667 327.425501167
-4.572064 327.495068414
-4.56706133333 327.391748572
-4.56205866667 327.45010423
-4.557056 327.395853576
-4.55205333333 327.461578335
-4.54705066667 327.391936673
-4.542048 327.44768009
-4.53704533333 327.360687849
-4.53204266667 327.393592705
-4.52704 327.317039343
-4.52203733333 327.318992692
-4.51703466667 327.265710284
-4.512032 327.314161251
-4.50702933333 327.194248709
-4.50202666667 327.219828736
-4.497024 327.201652865
-4.49202133333 327.201663901
-4.48701866667 327.177133625
-4.482016 327.212337666
-4.47701333333 327.17129225
-4.47201066667 327.213801317
-4.467008 327.147613563
-4.46200533333 327.192118503
-4.45700266667 327.231645545
-4.452 327.374540471
-4.44699733333 327.749465871
-4.44199466667 328.243200126
-4.436992 328.392374733
-4.43198933333 328.420103883
-4.42698666667 328.370997951
-4.421984 328.346198126
-4.41698133333 328.311576474
-4.41197866667 328.339664862
-4.406976 328.241582379
-4.40197333333 328.270725451
-4.39697066667 328.163214581
-4.391968 328.204389126
-4.38696533333 328.073173497
-4.38196266667 328.127769188
-4.37696 328.065287349
-4.37195733333 327.831229985
-4.36695466667 327.518770126
-4.361952 327.418793618
-4.35694933333 327.29394005
-4.35194666667 327.293677405
-4.346944 327.192211548
-4.34194133333 327.172279201
-4.33693866667 327.125908996
-4.331936 327.122609161
-4.32693333333 327.048267032
-4.32193066667 327.088009988
-4.316928 327.066974428
-4.31192533333 327.115475168
-4.30692266667 327.058733984
-4.30192 327.092696672
-4.29691733333 327.093672144
-4.29191466667 327.160589947
-4.286912 327.149031149
-4.28190933333 327.223926556
-4.27690666667 327.211576769
-4.271904 327.372657736
-4.26690133333 327.442792989
-4.26189866667 327.747495929
-4.256896 328.621330557
-4.25189333333 329.105861125
-4.24689066667 329.090565548
-4.241888 328.779211547
-4.23688533333 328.327351672
-4.23188266667 328.296484115
-4.22688 328.099669112
-4.22187733333 327.993543377
-4.21687466667 328.645550886
-4.211872 328.652546449
-4.20686933333 328.369438885
-4.20186666667 328.373353666
-4.196864 328.124294468
-4.19186133333 327.93232378
-4.18685866667 327.712540852
-4.181856 327.794000593
-4.17685333333 327.915530336
-4.17185066667 328.099966368
-4.166848 328.077774492
-4.16184533333 328.273136303
-4.15684266667 328.41770132
-4.15184 328.590004336
-4.14683733333 328.566368538
-4.14183466667 328.595974411
-4.136832 328.629710409
-4.13182933333 328.824100693
-4.12682666667 328.680201315
-4.121824 327.927529595
-4.11682133333 320.768043791
-4.11181866667 319.436803567
-4.106816 318.413777707
-4.10181333333 320.563650737
-4.09681066667 321.14177996
-4.091808 320.91044923
-4.08680533333 319.960760022
-4.08180266667 319.705724091
-4.0768 319.489446494
-4.07179733333 319.305701279
-4.06679466667 318.910872421
-4.061792 318.647915412
-4.05678933333 318.611788811
-4.05178666667 318.760701132
-4.046784 318.733727426
-4.04178133333 318.903807271
-4.03677866667 318.989174702
-4.031776 319.081940401
-4.02677333333 318.419855946
-4.02177066667 317.714082476
-4.016768 316.778834094
-4.01176533333 315.971629756
-4.00676266667 316.199477118
-4.00176 316.850892973
-3.99675733333 317.68612936
-3.99175466667 318.508757409
-3.986752 318.836982644
-3.98174933333 319.763564191
-3.97674666667 320.155057784
-3.971744 320.701214202
-3.96674133333 320.89351955
-3.96173866667 321.668575086
-3.956736 322.155305215
-3.95173333333 322.46566894
-3.94673066667 322.873784366
-3.941728 323.602308879
-3.93672533333 323.505858416
-3.93172266667 323.437504066
-3.92672 323.289739729
-3.92171733333 322.925943541
-3.91671466667 322.733911331
-3.911712 322.909327224
-3.90670933333 323.764178609
-3.90170666667 324.518656438
-3.896704 324.302956138
-3.89170133333 324.187182106
-3.88669866667 323.950625255
-3.881696 323.840662509
-3.87669333333 323.633232991
-3.87169066667 323.452793375
-3.866688 323.2059443
-3.86168533333 323.134793503
-3.85668266667 323.069038281
-3.85168 323.024810772
-3.84667733333 322.53410771
-3.84167466667 322.617081741
-3.836672 322.492910899
-3.83166933333 322.394801645
-3.82666666667 321.622351601
-3.821664 320.534349554
-3.81666133333 321.134258234
-3.81165866667 321.794472522
-3.806656 321.60725685
-3.80165333333 321.524176032
-3.79665066667 321.234507951
-3.791648 321.024965102
-3.78664533333 320.744854695
-3.78164266667 320.532789956
-3.77664 320.319868268
-3.77163733333 319.544964963
-3.76663466667 318.194765628
-3.761632 319.640174531
-3.75662933333 319.528642303
-3.75162666667 319.418285747
-3.746624 319.199786892
-3.74162133333 319.111576316
-3.73661866667 318.947145958
-3.731616 318.960600741
-3.72661333333 318.738657112
-3.72161066667 318.682219057
-3.716608 318.381152823
-3.71160533333 318.066516809
-3.70660266667 317.864761354
-3.7016 317.738177064
-3.69659733333 317.514113995
-3.69159466667 317.37978497
-3.686592 317.054639948
-3.68158933333 316.859263891
-3.67658666667 316.664672955
-3.671584 316.451977655
-3.66658133333 316.287187653
-3.66157866667 316.032352989
-3.656576 315.832093928
-3.65157333333 315.682951792
-3.64657066667 315.431844163
-3.641568 315.235169042
-3.63656533333 314.853590831
-3.63156266667 314.57112993
-3.62656 314.403159412
-3.62155733333 314.352140732
-3.61655466667 314.143682867
-3.611552 313.703111588
-3.60654933333 313.650099995
-3.60154666667 313.328557354
-3.596544 313.586326367
-3.59154133333 315.300101824
-3.58653866667 319.956168204
-3.581536 324.877141988
-3.57653333333 325.341174653
-3.57153066667 325.307733198
-3.566528 325.165399303
-3.56152533333 325.230659527
-3.55652266667 325.340214546
-3.55152 325.08455658
-3.54651733333 324.623430662
-3.54151466667 324.156669825
-3.536512 324.388095843
-3.53150933333 324.150840369
-3.52650666667 324.356671924
-3.521504 324.701271114
-3.51650133333 325.070354984
-3.51149866667 324.731995233
-3.506496 324.483955825
-3.50149333333 324.642146028
-3.49649066667 324.110147255
-3.491488 323.62453494
-3.48648533333 324.56460845
-3.48148266667 324.698122749
-3.47648 324.873420725
-3.47147733333 324.845465312
-3.46647466667 324.893244134
-3.461472 325.559186804
-3.45646933333 325.774653396
-3.45146666667 326.02811707
-3.446464 326.24946014
-3.44146133333 326.498012203
-3.43645866667 326.779850245
-3.431456 327.099320085
-3.42645333333 327.323865404
-3.42145066667 327.584595111
-3.416448 327.796190641
-3.41144533333 328.077374049
-3.40644266667 328.379069657
-3.40144 328.683838413
-3.39643733333 328.925215472
-3.39143466667 329.300708071
-3.386432 329.545232014
-3.38142933333 329.929488069
-3.37642666667 330.315777683
-3.371424 330.719543015
-3.36642133333 331.045186817
-3.36141866667 331.467068291
-3.356416 331.933552368
-3.35141333333 332.298255155
-3.34641066667 332.483282845
-3.341408 333.02948051
-3.33640533333 333.207913126
-3.33140266667 333.505183196
-3.3264 333.743457275
-3.32139733333 334.037166326
-3.31639466667 334.251625439
-3.311392 334.570372613
-3.30638933333 334.750476482
-3.30138666667 335.012755034
-3.296384 335.19237096
-3.29138133333 335.368570115
-3.28637866667 335.551652468
-3.281376 335.85072089
-3.27637333333 336.107166999
-3.27137066667 336.377307483
-3.266368 336.586255846
-3.26136533333 336.832675823
-3.25636266667 337.040145372
-3.25136 337.273676582
-3.24635733333 337.382092613
-3.24135466667 337.582896616
-3.236352 337.744512465
-3.23134933333 337.966636003
-3.22634666667 338.094803807
-3.221344 338.277394826
-3.21634133333 338.512057032
-3.21133866667 338.638502096
-3.206336 338.703607438
-3.20133333333 338.831905786
-3.19633066667 338.86765644
-3.191328 339.007933752
-3.18632533333 339.044731537
-3.18132266667 339.181198631
-3.17632 339.259583331
-3.17131733333 339.416777832
-3.16631466667 339.458467471
-3.161312 339.589145109
-3.15630933333 339.7094355
-3.15130666667 339.863708285
-3.146304 339.891523439
-3.14130133333 340.001998939
-3.13629866667 340.162617702
-3.131296 340.31402771
-3.12629333333 340.449410159
-3.12129066667 340.633061836
-3.116288 340.795625175
-3.11128533333 340.980269805
-3.10628266667 341.076536023
-3.10128 341.28606984
-3.09627733333 341.502339453
-3.09127466667 341.702179993
-3.086272 341.879946122
-3.08126933333 342.115448946
-3.07626666667 342.278241345
-3.071264 342.435533608
-3.06626133333 342.488316654
-3.06125866667 342.59601986
-3.056256 342.686956535
-3.05125333333 342.775755969
-3.04625066667 342.79848577
-3.041248 342.864022379
-3.03624533333 342.941490461
-3.03124266667 343.002317486
-3.02624 342.961632801
-3.02123733333 342.98481584
-3.01623466667 342.934670586
-3.011232 342.842541238
-3.00622933333 342.666026716
-3.00122666667 342.589919066
-2.996224 342.478730933
-2.99122133333 342.411319325
-2.98621866667 342.238137864
-2.981216 342.15697386
-2.97621333333 341.998506701
-2.97121066667 341.859724315
-2.966208 341.642224853
-2.96120533333 341.571943443
-2.95620266667 341.502011238
-2.9512 341.374505977
-2.94619733333 341.223826686
-2.94119466667 341.110793888
-2.936192 341.029568203
-2.93118933333 340.976096436
-2.92618666667 340.831741911
-2.921184 340.745887203
-2.91618133333 340.616427478
-2.91117866667 340.603545983
-2.906176 340.489604619
-2.90117333333 340.446134424
-2.89617066667 340.373106179
-2.891168 340.365579512
-2.88616533333 340.260303974
-2.88116266667 340.235191311
-2.87616 340.161889306
-2.87115733333 340.055433449
-2.86615466667 339.961689597
-2.861152 339.929729187
-2.85614933333 339.783294809
-2.85114666667 339.712888729
-2.846144 339.593315484
-2.84114133333 339.485483856
-2.83613866667 339.441967487
-2.831136 339.348312557
-2.82613333333 339.240350537
-2.82113066667 339.174104585
-2.816128 339.122663779
-2.81112533333 339.089512238
-2.80612266667 338.970145124
-2.80112 338.93211146
-2.79611733333 338.853638283
-2.79111466667 338.785968033
-2.786112 338.720697399
-2.78110933333 338.663524325
-2.77610666667 338.581302131
-2.771104 338.531304092
-2.76610133333 338.467765917
-2.76109866667 338.468771342
-2.756096 338.388034661
-2.75109333333 338.278013446
-2.74609066667 338.157095676
-2.741088 338.105105807
-2.73608533333 338.040528337
-2.73108266667 337.905969249
-2.72608 337.800786697
-2.72107733333 337.76827341
-2.71607466667 337.692418047
-2.711072 337.637971656
-2.70606933333 337.574063507
-2.70106666667 337.528656765
-2.696064 337.481053544
-2.69106133333 337.466318862
-2.68605866667 337.408566595
-2.681056 337.367100736
-2.67605333333 337.38109573
-2.67105066667 337.280297214
-2.666048 337.21035637
-2.66104533333 337.136297433
-2.65604266667 337.131476787
-2.65104 337.044685638
-2.64603733333 336.992931387
-2.64103466667 336.934971047
-2.636032 336.917782884
-2.63102933333 336.871359333
-2.62602666667 336.826169634
-2.621024 336.775896571
-2.61602133333 336.770020675
-2.61101866667 336.74174064
-2.606016 336.703202026
-2.60101333333 336.675394936
-2.59601066667 336.679322629
-2.591008 336.662599879
-2.58600533333 336.615924622
-2.58100266667 336.587525941
-2.576 336.559496353
-2.57099733333 336.539189778
-2.56599466667 336.486041432
-2.560992 336.460432184
-2.55598933333 336.420781558
-2.55098666667 336.413516704
-2.545984 336.375455291
-2.54098133333 336.349573137
-2.53597866667 336.359515106
-2.530976 336.331083712
-2.52597333333 336.275578214
-2.52097066667 336.26735776
-2.515968 336.257645466
-2.51096533333 336.259664683
-2.50596266667 336.199626783
-2.50096 336.221951723
-2.49595733333 336.2170682
-2.49095466667 336.167248828
-2.485952 336.134888241
-2.48094933333 336.14037186
-2.47594666667 336.118811066
-2.470944 336.117121171
-2.46594133333 336.041675946
-2.46093866667 336.02388217
-2.455936 335.988603926
-2.45093333333 336.007194984
-2.44593066667 335.973679034
-2.440928 335.955194078
-2.43592533333 335.894400573
-2.43092266667 335.91221721
-2.42592 335.842833919
-2.42091733333 335.789360319
-2.41591466667 335.80036428
-2.410912 335.734769892
-2.40590933333 335.673354883
-2.40090666667 335.642169009
-2.395904 335.593805975
-2.39090133333 335.571188172
-2.38589866667 335.502480442
-2.380896 335.500299551
-2.37589333333 335.462024335
-2.37089066667 335.40287082
-2.365888 335.412362512
-2.36088533333 335.420683005
-2.35588266667 335.360245951
-2.35088 335.370238566
-2.34587733333 335.334442767
-2.34087466667 335.256538163
-2.335872 335.233931219
-2.33086933333 335.126802543
-2.32586666667 335.000454071
-2.320864 334.929396389
-2.31586133333 334.892339511
-2.31085866667 334.798080777
-2.305856 334.641860045
-2.30085333333 334.548725533
-2.29585066667 334.445034818
-2.290848 334.323866762
-2.28584533333 334.165554082
-2.28084266667 333.988712696
-2.27584 333.674113072
-2.27083733333 333.381023
-2.26583466667 333.200025839
-2.260832 333.124689009
-2.25582933333 333.011555256
-2.25082666667 332.824090181
-2.245824 332.680122662
-2.24082133333 332.550964261
-2.23581866667 332.449970056
-2.230816 332.34903468
-2.22581333333 332.239304827
-2.22081066667 332.144343665
-2.215808 332.087730675
-2.21080533333 331.967534827
-2.20580266667 331.911510574
-2.2008 331.847118217
-2.19579733333 331.845043901
-2.19079466667 331.77815515
-2.185792 331.725240084
-2.18078933333 331.661873679
-2.17578666667 331.630989357
-2.170784 331.625308393
-2.16578133333 331.52777311
-2.16077866667 331.494474607
-2.155776 331.500670803
-2.15077333333 331.429598692
-2.14577066667 331.402509733
-2.140768 331.354283472
-2.13576533333 331.356112473
-2.13076266667 331.296058914
-2.12576 331.210052618
-2.12075733333 331.195526027
-2.11575466667 331.171698953
-2.110752 331.066430319
-2.10574933333 330.98804683
-2.10074666667 330.907244614
-2.095744 330.844981207
-2.09074133333 330.811342474
-2.08573866667 330.751490809
-2.080736 330.773905573
-2.07573333333 330.785682129
-2.07073066667 330.788184744
-2.065728 330.762020747
-2.06072533333 330.751197292
-2.05572266667 330.758350002
-2.05072 330.581890293
-2.04571733333 330.448155083
-2.04071466667 330.315699695
-2.035712 330.188302314
-2.03070933333 330.093570149
-2.02570666667 330.325250101
-2.020704 330.460555671
-2.01570133333 330.466541366
-2.01069866667 330.464249656
-2.005696 330.445984698
-2.00069333333 330.451616157
-1.99569066667 330.456343753
-1.990688 330.43526902
-1.98568533333 330.391924116
-1.98068266667 330.405943415
-1.97568 330.655400795
-1.97067733333 331.326634457
-1.96567466667 331.781980078
-1.960672 331.780318124
-1.95566933333 331.792103062
-1.95066666667 331.772842343
-1.945664 331.718893577
-1.94066133333 331.711181572
-1.93565866667 331.730554172
-1.930656 331.711346191
-1.92565333333 331.697457259
-1.92065066667 331.697129614
-1.915648 331.695405742
-1.91064533333 331.668370538
-1.90564266667 331.742399149
-1.90064 331.67389666
-1.89563733333 331.686162937
-1.89063466667 331.658543727
-1.885632 331.594019037
-1.88062933333 331.560299901
-1.87562666667 331.544084163
-1.870624 331.543266398
-1.86562133333 331.505689731
-1.86061866667 331.437817331
-1.855616 331.413049592
-1.85061333333 331.338393552
-1.84561066667 331.268931378
-1.840608 331.222655599
-1.83560533333 331.053811935
-1.83060266667 330.701426056
-1.8256 330.195543337
-1.82059733333 329.83523408
-1.81559466667 329.71190507
-1.810592 329.575941996
-1.80558933333 329.573858229
-1.80058666667 329.749593758
-1.795584 329.789440944
-1.79058133333 329.715211037
-1.78557866667 329.663684125
-1.780576 329.646820105
-1.77557333333 329.57636078
-1.77057066667 329.463929905
-1.765568 329.379367408
-1.76056533333 329.307254315
-1.75556266667 329.309401576
-1.75056 329.228585778
-1.74555733333 329.189176872
-1.74055466667 329.114418041
-1.735552 329.105465244
-1.73054933333 329.058665251
-1.72554666667 329.061717834
-1.720544 328.975419103
-1.71554133333 328.921304542
-1.71053866667 328.853672637
-1.705536 328.785570341
-1.70053333333 328.70441586
-1.69553066667 328.647352557
-1.690528 328.616858525
-1.68552533333 328.543374372
-1.68052266667 328.491686111
-1.67552 328.499303546
-1.67051733333 328.406120778
-1.66551466667 328.416774751
-1.660512 328.381420222
-1.65550933333 328.367772315
-1.65050666667 328.266629089
-1.645504 328.307304546
-1.64050133333 328.230973314
-1.63549866667 328.204808728
-1.630496 328.143235909
-1.62549333333 328.079125688
-1.62049066667 328.087344856
-1.615488 328.062799691
-1.61048533333 328.036126794
-1.60548266667 328.015799555
-1.60048 327.916491438
-1.59547733333 327.944256695
-1.59047466667 327.907307594
-1.585472 327.802053699
-1.58046933333 327.707010984
-1.57546666667 327.62797436
-1.570464 327.532493682
-1.56546133333 327.500055839
-1.56045866667 327.427230467
-1.555456 327.453713047
-1.55045333333 327.414562601
-1.54545066667 327.468075047
-1.540448 327.417339375
-1.53544533333 327.412171489
-1.53044266667 327.375449423
-1.52544 327.412257421
-1.52043733333 327.540426719
-1.51543466667 327.402523433
-1.510432 327.092306491
-1.50542933333 326.917658419
-1.50042666667 326.897310963
-1.495424 326.872651857
-1.49042133333 326.87163148
-1.48541866667 326.857689753
-1.480416 326.895813842
-1.47541333333 326.987860905
-1.47041066667 326.956864154
-1.465408 327.005257346
-1.46040533333 327.033402725
-1.45540266667 327.092213554
-1.4504 327.100931904
-1.44539733333 327.145314655
-1.44039466667 327.110303427
-1.435392 327.151158737
-1.43038933333 327.128937326
-1.42538666667 327.200502694
-1.420384 327.314827053
-1.41538133333 327.3249216
-1.41037866667 327.297508196
-1.405376 327.357397014
-1.40037333333 327.302034784
-1.39537066667 327.343991242
-1.390368 327.257899299
-1.38536533333 327.336109444
-1.38036266667 327.338299087
-1.37536 327.33970993
-1.37035733333 327.28957232
-1.36535466667 327.241349798
-1.360352 327.203676743
-1.35534933333 327.226783686
-1.35034666667 328.086241574
-1.345344 328.346633276
-1.34034133333 328.318159405
-1.33533866667 328.328055908
-1.330336 328.257457717
-1.32533333333 328.277100098
-1.32033066667 328.237228664
-1.315328 328.269167558
-1.31032533333 328.23810912
-1.30532266667 328.267904851
-1.30032 328.248579373
-1.29531733333 328.269300282
-1.29031466667 328.24948351
-1.285312 328.275777484
-1.28030933333 328.257033817
-1.27530666667 328.265108064
-1.270304 328.24025629
-1.26530133333 328.274947908
-1.26029866667 328.232807957
-1.255296 328.236742777
-1.25029333333 328.190419036
-1.24529066667 328.219690234
-1.240288 328.214995621
-1.23528533333 328.294262422
-1.23028266667 328.233623347
-1.22528 328.263062619
-1.22027733333 328.256271998
-1.21527466667 328.266446855
-1.210272 328.245341252
-1.20526933333 328.285699602
-1.20026666667 328.243106576
-1.195264 328.271015638
-1.19026133333 328.214224582
-1.18525866667 328.247323133
-1.180256 328.20594297
-1.17525333333 328.25677806
-1.17025066667 328.22801309
-1.165248 328.254857149
-1.16024533333 328.21855052
-1.15524266667 328.265495464
-1.15024 328.2247686
-1.14523733333 328.261053649
-1.14023466667 328.22240721
-1.135232 328.283897125
-1.13022933333 328.226926171
-1.12522666667 328.241187733
-1.120224 328.2038782
-1.11522133333 328.235786317
-1.11021866667 328.205197633
-1.105216 328.213070408
-1.10021333333 328.161504618
-1.09521066667 328.216056059
-1.090208 328.163868019
-1.08520533333 328.170782493
-1.08020266667 328.155035324
-1.0752 328.199479578
-1.07019733333 328.138078426
-1.06519466667 328.176945989
-1.060192 328.132185213
-1.05518933333 328.141224725
-1.05018666667 328.068444243
-1.045184 328.099455795
-1.04018133333 328.093643354
-1.03517866667 328.141294808
-1.030176 328.08858305
-1.02517333333 328.156711372
-1.02017066667 328.05990826
-1.015168 328.098960732
-1.01016533333 328.051373712
-1.00516266667 328.127256128
-1.00016 328.061053682
-0.995157333333 328.102230431
-0.990154666667 328.06359206
-0.985152 328.088092781
-0.980149333333 328.036233072
-0.975146666667 328.096376522
-0.970144 328.025477381
-0.965141333333 328.044304227
-0.960138666667 328.004425475
-0.955136 328.065348578
-0.950133333333 328.028934854
-0.945130666667 328.08158262
-0.940128 328.019040091
-0.935125333333 328.01869056
-0.930122666667 327.981521434
-0.92512 328.007052063
-0.920117333333 327.942819978
-0.915114666667 328.003077554
-0.910112 327.926828542
-0.905109333333 327.98085793
-0.900106666667 327.902677594
-0.895104 327.950757124
-0.890101333333 327.886642061
-0.885098666667 327.928979429
-0.880096 327.890078179
-0.875093333333 327.915719273
-0.870090666667 327.863523475
-0.865088 327.862209076
-0.860085333333 327.817204501
-0.855082666667 327.893444244
-0.85008 327.807287069
-0.845077333333 327.859804522
-0.840074666667 327.803859286
-0.835072 327.840352561
-0.830069333333 327.79280992
-0.825066666667 327.827231131
-0.820064 327.788813229
-0.815061333333 327.856820145
-0.810058666667 327.779696192
-0.805056 327.821497327
-0.800053333333 327.796550038
-0.795050666667 327.792436057
-0.790048 327.775864122
-0.785045333333 327.775988558
-0.780042666667 327.709985058
-0.77504 327.40455789
-0.770037333333 327.057286793
-0.765034666667 327.026545892
-0.760032 326.964720189
-0.755029333333 326.939215264
-0.750026666667 326.847201442
-0.745024 326.854679597
-0.740021333333 326.785316192
-0.735018666667 326.754694775
-0.730016 326.670707065
-0.725013333333 326.709441908
-0.720010666667 326.666421774
-0.715008 326.732329175
-0.710005333333 326.656280054
-0.705002666667 326.592241653
-0.7 326.477435271
-0.694997333333 326.486301714
-0.689994666667 326.459695714
-0.684992 326.4903228
-0.679989333333 326.491542148
-0.674986666667 326.542961712
-0.669984 326.48305967
-0.664981333333 326.50326405
-0.659978666667 326.482448216
-0.654976 326.510438993
-0.649973333333 326.443656793
-0.644970666667 326.552984301
-0.639968 327.23744662
-0.634965333333 327.425516955
-0.629962666667 327.358954509
-0.62496 327.218479204
-0.619957333333 326.962895114
-0.614954666667 326.859137255
-0.609952 326.718184624
-0.604949333333 326.749124834
-0.599946666667 326.609105723
-0.594944 326.600085019
-0.589941333333 326.473162171
-0.584938666667 326.457148811
-0.579936 326.41089903
-0.574933333333 326.456421738
-0.569930666667 326.356329636
-0.564928 326.38712659
-0.559925333333 326.293767683
-0.554922666667 326.32256116
-0.54992 326.220604621
-0.544917333333 326.234766814
-0.539914666667 326.172954458
-0.534912 326.195411756
-0.529909333333 326.082739576
-0.524906666667 326.082089135
-0.519904 326.033007217
-0.514901333333 326.053439417
-0.509898666667 325.97420598
-0.504896 326.014008627
-0.499893333333 325.973129396
-0.494890666667 326.004532621
-0.489888 325.958804804
-0.484885333333 325.98784668
-0.479882666667 325.969741953
-0.47488 325.983082177
-0.469877333333 325.926194385
-0.464874666667 325.966419325
-0.459872 325.944719266
-0.454869333333 326.016886475
-0.449866666667 325.930655415
-0.444864 325.930098782
-0.439861333333 325.921857324
-0.434858666667 325.983890093
-0.429856 325.952188697
-0.424853333333 325.944385262
-0.419850666667 325.893994476
-0.414848 325.955850888
-0.409845333333 325.865790042
-0.404842666667 325.922858127
-0.39984 325.896094939
-0.394837333333 325.88787118
-0.389834666667 325.838116775
-0.384832 325.852404721
-0.379829333333 325.790362488
-0.374826666667 325.838135964
-0.369824 325.794151712
-0.364821333333 325.818831722
-0.359818666667 325.748309578
-0.354816 325.795949592
-0.349813333333 325.746634048
-0.344810666667 325.769587248
-0.339808 325.718613034
-0.334805333333 325.769314042
-0.329802666667 325.728556607
-0.3248 325.732996895
-0.319797333333 325.691395777
-0.314794666667 325.743424974
-0.309792 325.656191347
-0.304789333333 325.675690695
-0.299786666667 325.644429557
-0.294784 325.710384753
-0.289781333333 325.635777827
-0.284778666667 325.636165881
-0.279776 325.641787411
-0.274773333333 325.671194643
-0.269770666667 325.571303073
-0.264768 325.593008753
-0.259765333333 325.599528682
-0.254762666667 325.624092867
-0.24976 325.573975182
-0.244757333333 325.618231981
-0.239754666667 325.57525454
-0.234752 325.579261511
-0.229749333333 325.524929691
-0.224746666667 325.551683668
-0.219744 325.53653674
-0.214741333333 325.563602819
-0.209738666667 325.47776559
-0.204736 325.499533774
-0.199733333333 325.467781211
-0.194730666667 325.52260975
-0.189728 325.43907889
-0.184725333333 325.490037066
-0.179722666667 325.412717262
-0.17472 325.512226305
-0.169717333333 325.381885781
-0.164714666667 325.479105446
-0.159712 325.3628243
-0.154709333333 325.459017603
-0.149706666667 325.366956577
-0.144704 325.41373669
-0.139701333333 325.362089992
-0.134698666667 325.422140918
-0.129696 325.319445853
-0.124693333333 325.354214778
-0.119690666667 325.305481277
-0.114688 325.315384133
-0.109685333333 325.293400075
-0.104682666667 325.318409003
-0.09968 325.288062281
-0.0946773333333 325.314683876
-0.0896746666667 325.259673977
-0.084672 325.309233503
-0.0796693333333 325.245354871
-0.0746666666667 325.325123182
-0.069664 325.228076693
-0.0646613333333 325.264012036
-0.0596586666667 325.21572915
-0.054656 325.269051547
-0.0496533333333 325.197407944
-0.0446506666667 325.228203891
-0.039648 325.240755265
-0.0346453333333 325.252930619
-0.0296426666667 325.182644711
-0.02464 325.249391565
-0.0196373333333 325.202985017
-0.0146346666667 325.209265028
-0.009632 325.142590045
-0.00462933333333 325.184867317
