-9.99995733333 883.387407085
-9.99495466667 883.348616827
-9.989952 883.264283135
-9.98494933333 883.182293546
-9.97994666667 883.489006554
-9.974944 883.490596364
-9.96994133333 883.674579359
-9.96493866667 883.336333213
-9.959936 883.852132205
-9.95493333333 883.392652048
-9.94993066667 883.846944979
-9.944928 884.2979193
-9.93992533333 884.817569574
-9.93492266667 884.522737822
-9.92992 884.424795481
-9.92491733333 884.336938204
-9.91991466667 884.568301718
-9.914912 884.506944622
-9.90990933333 884.757353337
-9.90490666667 884.659189192
-9.899904 884.657553165
-9.89490133333 884.419280995
-9.88989866667 884.186074804
-9.884896 884.117933706
-9.87989333333 883.748009055
-9.87489066667 883.716377511
-9.869888 883.561354585
-9.86488533333 883.455490155
-9.85988266667 883.497826784
-9.85488 883.402834385
-9.84987733333 883.541027342
-9.84487466667 883.354134949
-9.839872 883.43004148
-9.83486933333 882.882925503
-9.82986666667 883.228254776
-9.824864 882.608568584
-9.81986133333 882.447034867
-9.81485866667 882.239622929
-9.809856 882.267735094
-9.80485333333 881.982386585
-9.79985066667 881.886533169
-9.794848 881.569312064
-9.78984533333 881.717467769
-9.78484266667 881.586689137
-9.77984 881.527834376
-9.77483733333 881.139586327
-9.76983466667 881.386575356
-9.764832 880.846583374
-9.75982933333 880.701615603
-9.75482666667 881.22624213
-9.749824 881.538617691
-9.74482133333 880.932277279
-9.73981866667 881.214124878
-9.734816 881.433177553
-9.72981333333 881.76383592
-9.72481066667 881.411949199
-9.719808 881.127543944
-9.71480533333 880.79520599
-9.70980266667 880.917018273
-9.7048 880.830519738
-9.69979733333 881.017415929
-9.69479466667 881.241689613
-9.689792 881.60516895
-9.68478933333 881.924609057
-9.67978666667 882.156306435
-9.674784 881.499964374
-9.66978133333 882.14360516
-9.66477866667 882.492144033
-9.659776 882.948283865
-9.65477333333 883.144229982
-9.64977066667 883.794172185
-9.644768 883.056025502
-9.63976533333 883.592036292
-9.63476266667 884.742250977
-9.62976 885.735604177
-9.62475733333 885.782621036
-9.61975466667 886.699040379
-9.614752 887.146811492
-9.60974933333 887.942567176
-9.60474666667 888.141215395
-9.599744 889.048296368
-9.59474133333 889.611944549
-9.58973866667 890.556033035
-9.584736 890.756137732
-9.57973333333 891.212568819
-9.57473066667 891.163523072
-9.569728 891.738356163
-9.56472533333 892.135081957
-9.55972266667 892.740371812
-9.55472 892.861676228
-9.54971733333 893.310639548
-9.54471466667 893.645084514
-9.539712 894.319942382
-9.53470933333 894.324964614
-9.52970666667 894.912171891
-9.524704 895.273033055
-9.51970133333 896.242638735
-9.51469866667 896.203699551
-9.509696 896.72366091
-9.50469333333 896.712166156
-9.49969066667 897.10154177
-9.494688 897.781957143
-9.48968533333 898.409325507
-9.48468266667 898.62337578
-9.47968 898.510734966
-9.47467733333 898.867708419
-9.46967466667 899.206389072
-9.464672 898.714707387
-9.45966933333 899.208948837
-9.45466666667 899.744282198
-9.449664 900.440729137
-9.44466133333 900.527097301
-9.43965866667 901.247719157
-9.434656 901.280406647
-9.42965333333 903.860648482
-9.42465066667 904.231528177
-9.419648 904.557207539
-9.41464533333 904.668884227
-9.40964266667 905.268451826
-9.40464 906.128491288
-9.39963733333 908.005243874
-9.39463466667 909.097360481
-9.389632 909.609795742
-9.38462933333 910.207068233
-9.37962666667 909.164398517
-9.374624 910.009798353
-9.36962133333 911.34903547
-9.36461866667 912.432184393
-9.359616 914.427127256
-9.35461333333 914.979689389
-9.34961066667 916.058049704
-9.344608 916.116872763
-9.33960533333 917.582530446
-9.33460266667 918.085369406
-9.3296 919.173508837
-9.32459733333 919.342499099
-9.31959466667 920.220075204
-9.314592 921.30428639
-9.30958933333 921.590898461
-9.30458666667 922.283323392
-9.299584 923.17685824
-9.29458133333 922.880798314
-9.28957866667 922.599795894
-9.284576 921.646557351
-9.27957333333 922.245394935
-9.27457066667 921.722654974
-9.269568 921.506650535
-9.26456533333 920.857379629
-9.25956266667 920.729250324
-9.25456 920.72248587
-9.24955733333 921.046363521
-9.24455466667 920.162010404
-9.239552 920.216411841
-9.23454933333 919.575089902
-9.22954666667 919.097182088
-9.224544 917.961622812
-9.21954133333 917.770127735
-9.21453866667 917.367587432
-9.209536 917.593612329
-9.20453333333 918.475539229
-9.19953066667 915.37755005
-9.194528 899.034058215
-9.18952533333 897.000380645
-9.18452266667 895.80811366
-9.17952 905.741692078
-9.17451733333 912.326131562
-9.16951466667 911.318682377
-9.164512 910.256159141
-9.15950933333 909.26081875
-9.15450666667 908.756210456
-9.149504 909.512384473
-9.14450133333 908.172659672
-9.13949866667 907.520893519
-9.134496 907.34274388
-9.12949333333 907.489667752
-9.12449066667 906.733126025
-9.119488 906.914507501
-9.11448533333 906.456701568
-9.10948266667 906.749787483
-9.10448 905.887629249
-9.09947733333 905.997673323
-9.09447466667 905.295345856
-9.089472 904.733915377
-9.08446933333 904.490542146
-9.07946666667 904.383123741
-9.074464 890.493878656
-9.06946133333 899.824346415
-9.06445866667 904.287168249
-9.059456 904.389283831
-9.05445333333 903.882816047
-9.04945066667 904.18956569
-9.044448 904.167053591
-9.03944533333 904.874348215
-9.03444266667 904.846208249
-9.02944 905.54104501
-9.02443733333 904.983772337
-9.01943466667 905.415778402
-9.014432 905.120928187
-9.00942933333 905.589139635
-9.00442666667 905.501444298
-8.999424 906.052822171
-8.99442133333 905.957480617
-8.98941866667 906.655278006
-8.984416 906.412067487
-8.97941333333 906.277846641
-8.97441066667 906.380010876
-8.969408 906.894363442
-8.96440533333 906.056033105
-8.95940266667 906.752059548
-8.9544 906.597237625
-8.94939733333 907.471627574
-8.94439466667 907.568513098
-8.939392 907.966001718
-8.93438933333 907.574409743
-8.92938666667 907.921775508
-8.924384 907.731616874
-8.91938133333 908.073860813
-8.91437866667 907.871389928
-8.909376 908.241211695
-8.90437333333 908.057122123
-8.89937066667 908.609077455
-8.894368 908.406194946
-8.88936533333 908.670426652
-8.88436266667 908.454303054
-8.87936 907.72108463
-8.87435733333 907.038435708
-8.86935466667 906.775108902
-8.864352 906.054086275
-8.85934933333 905.851434171
-8.85434666667 905.026856253
-8.849344 904.62572802
-8.84434133333 904.2106867
-8.83933866667 904.032845936
-8.834336 903.999636992
-8.82933333333 903.821700861
-8.82433066667 903.452103561
-8.819328 902.896163155
-8.81432533333 902.316240946
-8.80932266667 902.246547032
-8.80432 902.357106055
-8.79931733333 902.223608701
-8.79431466667 901.500072315
-8.789312 901.379516988
-8.78430933333 900.283629564
-8.77930666667 899.844396831
-8.774304 899.233734389
-8.76930133333 899.145034579
-8.76429866667 899.660065854
-8.759296 900.5282592
-8.75429333333 900.818109593
-8.74929066667 898.870134227
-8.744288 899.212470628
-8.73928533333 900.439179198
-8.73428266667 901.247853603
-8.72928 904.071341042
-8.72427733333 904.49335991
-8.71927466667 906.404932146
-8.714272 908.881660397
-8.70926933333 911.526749255
-8.70426666667 913.111762308
-8.699264 916.179030554
-8.69426133333 918.28691121
-8.68925866667 921.856609191
-8.684256 924.481889906
-8.67925333333 928.279558517
-8.67425066667 932.346011242
-8.669248 935.797290316
-8.66424533333 938.582333275
-8.65924266667 941.059415104
-8.65424 943.001307201
-8.64923733333 944.946390737
-8.64423466667 946.420720614
-8.639232 947.541486624
-8.63422933333 947.840307281
-8.62922666667 948.630476546
-8.624224 948.304009096
-8.61922133333 948.398978749
-8.61421866667 947.337477824
-8.609216 947.392790309
-8.60421333333 946.118047782
-8.59921066667 945.989446938
-8.594208 945.445875643
-8.58920533333 945.533419268
-8.58420266667 944.792629433
-8.5792 944.952000686
-8.57419733333 943.885830977
-8.56919466667 943.952913692
-8.564192 943.041482563
-8.55918933333 942.698788032
-8.55418666667 941.879074725
-8.549184 942.362063853
-8.54418133333 941.681865387
-8.53917866667 941.784921439
-8.534176 941.494598385
-8.52917333333 941.835896553
-8.52417066667 941.21641357
-8.519168 941.555840953
-8.51416533333 940.741559777
-8.50916266667 940.997602922
-8.50416 940.558268882
-8.49915733333 941.106679006
-8.49415466667 940.27810334
-8.489152 940.502948309
-8.48414933333 939.823217961
-8.47914666667 939.820160462
-8.474144 939.694779887
-8.46914133333 940.227033318
-8.46413866667 940.057994094
-8.459136 941.106215187
-8.45413333333 940.713435152
-8.44913066667 941.133170891
-8.444128 941.229242402
-8.43912533333 941.738594971
-8.43412266667 941.444086722
-8.42912 942.111862508
-8.42411733333 941.829023112
-8.41911466667 942.110015155
-8.414112 941.747528154
-8.40910933333 942.43348668
-8.40410666667 941.922201337
-8.399104 941.950346027
-8.39410133333 941.467749225
-8.38909866667 941.895554978
-8.384096 940.970658869
-8.37909333333 941.138609579
-8.37409066667 940.733422373
-8.369088 940.88395893
-8.36408533333 940.322452229
-8.35908266667 940.611365503
-8.35408 940.555910117
-8.34907733333 940.859826344
-8.34407466667 940.774419238
-8.339072 940.812338835
-8.33406933333 940.747466137
-8.32906666667 941.516808652
-8.324064 941.368078781
-8.31906133333 941.698835659
-8.31405866667 941.606392444
-8.309056 941.764415104
-8.30405333333 941.477048533
-8.29905066667 941.859877657
-8.294048 941.723408424
-8.28904533333 942.016573839
-8.28404266667 941.835534788
-8.27904 942.594111891
-8.27403733333 942.609501706
-8.26903466667 943.056282827
-8.264032 942.880356807
-8.25902933333 943.140134072
-8.25402666667 942.503164267
-8.249024 942.441001242
-8.24402133333 941.206892008
-8.23901866667 940.974376724
-8.234016 940.423604236
-8.22901333333 940.038051916
-8.22401066667 938.929577934
-8.219008 938.416213629
-8.21400533333 937.883857971
-8.20900266667 937.70335452
-8.204 937.533903663
-8.19899733333 937.735438451
-8.19399466667 937.077612888
-8.188992 937.163798148
-8.18398933333 936.753859969
-8.17898666667 936.77335223
-8.173984 936.213182381
-8.16898133333 936.619107509
-8.16397866667 936.250671903
-8.158976 936.612353667
-8.15397333333 935.710076499
-8.14897066667 936.494816363
-8.143968 935.839764999
-8.13896533333 936.25509469
-8.13396266667 935.608453735
-8.12896 935.926282757
-8.12395733333 935.830080084
-8.11895466667 935.707996501
-8.113952 934.855712811
-8.10894933333 934.886587197
-8.10394666667 933.918506344
-8.098944 934.104933479
-8.09394133333 933.732447585
-8.08893866667 933.968125667
-8.083936 932.796622487
-8.07893333333 933.150575998
-8.07393066667 932.409064825
-8.068928 932.618994061
-8.06392533333 931.895263687
-8.05892266667 931.947482438
-8.05392 931.466831368
-8.04891733333 931.444926971
-8.04391466667 930.837747412
-8.038912 931.302477781
-8.03390933333 930.808023006
-8.02890666667 930.730647578
-8.023904 930.033173924
-8.01890133333 930.557783471
-8.01389866667 929.468065121
-8.008896 929.714749457
-8.00389333333 929.24974879
-7.99889066667 929.401403032
-7.993888 928.846801697
-7.98888533333 928.861198052
-7.98388266667 928.712302561
-7.97888 929.112747886
-7.97387733333 928.702384685
-7.96887466667 928.791125542
-7.963872 928.635853774
-7.95886933333 928.771539969
-7.95386666667 928.230262059
-7.948864 928.793883964
-7.94386133333 927.898018929
-7.93885866667 928.520548545
-7.933856 927.894259803
-7.92885333333 928.383314709
-7.92385066667 928.130219591
-7.918848 928.195421842
-7.91384533333 927.739308486
-7.90884266667 927.722925351
-7.90384 927.511502058
-7.89883733333 927.539513086
-7.89383466667 927.284491036
-7.888832 927.542842724
-7.88382933333 926.917117813
-7.87882666667 927.109766595
-7.873824 926.741602482
-7.86882133333 927.225054973
-7.86381866667 926.776098553
-7.858816 926.920846424
-7.85381333333 926.373286402
-7.84881066667 926.803950575
-7.843808 926.407714982
-7.83880533333 926.869154531
-7.83380266667 926.550972572
-7.8288 927.159893479
-7.82379733333 926.492307249
-7.81879466667 926.767125279
-7.813792 926.438465221
-7.80878933333 927.072875878
-7.80378666667 926.607640179
-7.798784 927.008738268
-7.79378133333 926.149740395
-7.78877866667 926.505275962
-7.783776 925.629434086
-7.77877333333 925.847892218
-7.77377066667 925.732064589
-7.768768 926.031681147
-7.76376533333 925.321823536
-7.75876266667 925.69790711
-7.75376 925.46665097
-7.74875733333 925.161475923
-7.74375466667 924.70512308
-7.738752 925.15620353
-7.73374933333 924.618890749
-7.72874666667 924.738396527
-7.723744 923.8910487
-7.71874133333 924.301034703
-7.71373866667 923.817310379
-7.708736 924.213134037
-7.70373333333 923.797294011
-7.69873066667 923.633654696
-7.693728 923.455299443
-7.68872533333 923.798889995
-7.68372266667 923.043283576
-7.67872 923.507652757
-7.67371733333 922.818138759
-7.66871466667 923.165924612
-7.663712 922.509634793
-7.65870933333 922.542476745
-7.65370666667 922.395449786
-7.648704 922.576784082
-7.64370133333 921.673405123
-7.63869866667 921.993874991
-7.633696 921.706293988
-7.62869333333 921.86554836
-7.62369066667 921.531468807
-7.618688 921.745485569
-7.61368533333 921.376791862
-7.60868266667 921.532529707
-7.60368 920.942573501
-7.59867733333 921.541538629
-7.59367466667 921.199473746
-7.588672 921.546514571
-7.58366933333 921.289517595
-7.57866666667 921.470772701
-7.573664 921.422590881
-7.56866133333 921.495493979
-7.56365866667 921.071277197
-7.558656 921.367055747
-7.55365333333 921.015003688
-7.54865066667 921.237877047
-7.543648 920.835237086
-7.53864533333 921.128079693
-7.53364266667 920.773014209
-7.52864 920.897028524
-7.52363733333 920.314305107
-7.51863466667 921.011114592
-7.513632 920.385816902
-7.50862933333 921.040187674
-7.50362666667 920.676394804
-7.498624 920.911771158
-7.49362133333 920.389544697
-7.48861866667 920.372575798
-7.483616 920.073424185
-7.47861333333 920.500621057
-7.47361066667 920.276537113
-7.468608 920.598660632
-7.46360533333 920.016203534
-7.45860266667 920.184257102
-7.4536 919.675927815
-7.44859733333 920.305069821
-7.44359466667 919.821837825
-7.438592 920.003560813
-7.43358933333 919.608211862
-7.42858666667 919.440939378
-7.423584 919.127809635
-7.41858133333 919.292283602
-7.41357866667 918.96722708
-7.408576 919.320589271
-7.40357333333 918.589762052
-7.39857066667 918.8564056
-7.393568 918.340137222
-7.38856533333 918.373656186
-7.38356266667 917.645818441
-7.37856 918.033506526
-7.37355733333 917.471947873
-7.36855466667 917.606789159
-7.363552 916.947945207
-7.35854933333 917.13970627
-7.35354666667 916.585642666
-7.348544 916.36201649
-7.34354133333 916.068148831
-7.33853866667 916.339236159
-7.333536 915.664102941
-7.32853333333 915.714207516
-7.32353066667 915.181038703
-7.318528 915.512343962
-7.31352533333 915.084976681
-7.30852266667 915.30961559
-7.30352 914.560277637
-7.29851733333 914.40907133
-7.29351466667 914.546094638
-7.288512 914.524501007
-7.28350933333 913.896490224
-7.27850666667 913.604157508
-7.273504 913.256255806
-7.26850133333 913.717555264
-7.26349866667 913.222932936
-7.258496 913.760228025
-7.25349333333 913.140506069
-7.24849066667 913.66870043
-7.243488 913.094003076
-7.23848533333 913.172533722
-7.23348266667 913.05615684
-7.22848 913.135645734
-7.22347733333 912.450904381
-7.21847466667 912.650881134
-7.213472 912.389145703
-7.20846933333 912.68883863
-7.20346666667 912.36505799
-7.198464 912.559234066
-7.19346133333 911.922790704
-7.18845866667 911.914557343
-7.183456 911.846647541
-7.17845333333 911.810190917
-7.17345066667 912.025271007
-7.168448 912.239581289
-7.16344533333 911.274008295
-7.15844266667 911.694168894
-7.15344 911.507066663
-7.14843733333 911.455840577
-7.14343466667 911.022985585
-7.138432 911.398633663
-7.13342933333 911.378103153
-7.12842666667 911.708719147
-7.123424 911.456402919
-7.11842133333 911.779949253
-7.11341866667 911.664105292
-7.108416 912.090248013
-7.10341333333 911.695812769
-7.09841066667 912.178697566
-7.093408 911.89028365
-7.08840533333 912.275919036
-7.08340266667 912.163813088
-7.0784 912.397267185
-7.07339733333 911.774134448
-7.06839466667 911.965603481
-7.063392 911.427298178
-7.05838933333 912.126976755
-7.05338666667 911.575341841
-7.048384 912.057246408
-7.04338133333 911.366282866
-7.03837866667 911.95875715
-7.033376 911.103222859
-7.02837333333 911.197948239
-7.02337066667 911.433125654
-7.018368 911.853421514
-7.01336533333 911.86705963
-7.00836266667 912.087952124
-7.00336 911.868480061
-6.99835733333 912.102022682
-6.99335466667 911.901827609
-6.988352 912.307899014
-6.98334933333 912.218133087
-6.97834666667 912.418366091
-6.973344 912.67914879
-6.96834133333 912.989889688
-6.96333866667 912.716457328
-6.958336 913.275758616
-6.95333333333 913.252589248
-6.94833066667 913.264744192
-6.943328 912.992593295
-6.93832533333 913.029281675
-6.93332266667 913.336565984
-6.92832 913.678993365
-6.92331733333 913.207826345
-6.91831466667 913.270197456
-6.913312 913.116179638
-6.90830933333 913.212092605
-6.90330666667 912.806313688
-6.898304 913.264654518
-6.89330133333 913.139370165
-6.88829866667 912.924675923
-6.883296 912.431860492
-6.87829333333 912.961712451
-6.87329066667 912.543419892
-6.868288 912.871491234
-6.86328533333 912.339606667
-6.85828266667 912.481375539
-6.85328 912.923453171
-6.84827733333 912.793058374
-6.84327466667 912.720174599
-6.838272 913.134422102
-6.83326933333 912.516357869
-6.82826666667 912.989941836
-6.823264 912.508687375
-6.81826133333 913.034317553
-6.81325866667 912.807282149
-6.808256 913.146737246
-6.80325333333 912.462430485
-6.79825066667 912.810442955
-6.793248 912.358851992
-6.78824533333 912.794688242
-6.78324266667 912.480685592
-6.77824 912.692767996
-6.77323733333 912.433572496
-6.76823466667 912.454792435
-6.763232 912.532265342
-6.75822933333 912.904500003
-6.75322666667 912.905490124
-6.748224 912.985014926
-6.74322133333 912.607630945
-6.73821866667 913.116222587
-6.733216 912.664139154
-6.72821333333 912.768019888
-6.72321066667 912.445097777
-6.718208 912.341111497
-6.71320533333 912.24890284
-6.70820266667 912.087997289
-6.7032 911.223795553
-6.69819733333 911.257860971
-6.69319466667 910.514479088
-6.688192 910.686727996
-6.68318933333 909.61664599
-6.67818666667 909.589401007
-6.673184 909.04820995
-6.66818133333 909.323678801
-6.66317866667 908.64316123
-6.658176 908.288808806
-6.65317333333 907.668097978
-6.64817066667 907.861042797
-6.643168 907.058375806
-6.63816533333 906.793557464
-6.63316266667 906.694594746
-6.62816 906.535653657
-6.62315733333 906.056177361
-6.61815466667 905.831815749
-6.613152 905.281221935
-6.60814933333 905.453779829
-6.60314666667 905.146122992
-6.598144 905.12605813
-6.59314133333 904.528465912
-6.58813866667 904.729272512
-6.583136 903.906579132
-6.57813333333 904.163934133
-6.57313066667 903.763355813
-6.568128 903.968264321
-6.56312533333 903.318025886
-6.55812266667 903.553916108
-6.55312 903.085482427
-6.54811733333 903.498259698
-6.54311466667 903.025262744
-6.538112 903.344698052
-6.53310933333 902.770764516
-6.52810666667 902.737474066
-6.523104 902.374473994
-6.51810133333 902.490758855
-6.51309866667 902.233788046
-6.508096 902.126916364
-6.50309333333 901.719501756
-6.49809066667 901.753508886
-6.493088 901.268568545
-6.48808533333 901.839958636
-6.48308266667 900.930400305
-6.47808 901.245793659
-6.47307733333 900.713226109
-6.46807466667 900.784808926
-6.463072 900.031992882
-6.45806933333 900.429219861
-6.45306666667 900.337075628
-6.448064 899.943898093
-6.44306133333 899.317019934
-6.43805866667 899.255542453
-6.433056 898.791325789
-6.42805333333 898.87239563
-6.42305066667 898.562439254
-6.418048 898.365056173
-6.41304533333 898.07487612
-6.40804266667 897.840952326
-6.40304 897.563645908
-6.39803733333 897.563192767
-6.39303466667 897.341016678
-6.388032 897.212664242
-6.38302933333 896.877692435
-6.37802666667 896.76058632
-6.373024 896.551333416
-6.36802133333 896.375485366
-6.36301866667 895.672795604
-6.358016 896.141126632
-6.35301333333 895.622379693
-6.34801066667 895.348238025
-6.343008 895.121741639
-6.33800533333 895.155894619
-6.33300266667 894.911386354
-6.328 895.290704727
-6.32299733333 894.683623486
-6.31799466667 894.765530136
-6.312992 895.005381228
-6.30798933333 895.228563253
-6.30298666667 895.032303993
-6.297984 895.406664878
-6.29298133333 895.609025268
-6.28797866667 896.014116147
-6.282976 895.569695724
-6.27797333333 896.237610949
-6.27297066667 896.453868938
-6.267968 897.363164554
-6.26296533333 897.588840048
-6.25796266667 898.525389513
-6.25296 898.840953117
-6.24795733333 899.714725862
-6.24295466667 899.57646361
-6.237952 900.319965541
-6.23294933333 900.407069506
-6.22794666667 901.474564881
-6.222944 901.739008117
-6.21794133333 902.473587064
-6.21293866667 903.521462061
-6.207936 904.739900852
-6.20293333333 904.915345293
-6.19793066667 906.060238059
-6.192928 906.080260865
-6.18792533333 906.554006398
-6.18292266667 906.73276544
-6.17792 907.271628226
-6.17291733333 907.64808578
-6.16791466667 908.064788036
-6.162912 908.175873783
-6.15790933333 908.63864444
-6.15290666667 908.371285025
-6.147904 908.586882895
-6.14290133333 908.330901201
-6.13789866667 908.639814529
-6.132896 908.866755384
-6.12789333333 909.082860878
-6.12289066667 908.784334642
-6.117888 909.132397145
-6.11288533333 908.972869686
-6.10788266667 909.26989196
-6.10288 909.131872647
-6.09787733333 909.298630315
-6.09287466667 909.275357928
-6.087872 909.377126416
-6.08286933333 909.033353666
-6.07786666667 908.641923262
-6.072864 908.51960933
-6.06786133333 908.148865633
-6.06285866667 907.657121241
-6.057856 907.909104811
-6.05285333333 907.482309771
-6.04785066667 907.292844355
-6.042848 906.937249065
-6.03784533333 906.815905299
-6.03284266667 906.414749618
-6.02784 906.515062755
-6.02283733333 906.192782581
-6.01783466667 906.246703357
-6.012832 905.93915492
-6.00782933333 905.847585673
-6.00282666667 905.725222006
-5.997824 905.80769447
-5.99282133333 905.59561804
-5.98781866667 905.943709343
-5.982816 905.348163872
-5.97781333333 905.759926928
-5.97281066667 905.457238191
-5.967808 905.561400145
-5.96280533333 905.569808404
-5.95780266667 905.540150876
-5.9528 905.298917949
-5.94779733333 905.186047317
-5.94279466667 904.670471239
-5.937792 905.001811111
-5.93278933333 904.798987779
-5.92778666667 904.545894164
-5.922784 904.347077373
-5.91778133333 904.526841934
-5.91277866667 903.923893466
-5.907776 903.881378997
-5.90277333333 903.553575127
-5.89777066667 903.99092095
-5.892768 903.669225837
-5.88776533333 903.255894662
-5.88276266667 902.946669631
-5.87776 898.58447449
-5.87275733333 886.913141175
-5.86775466667 883.244145594
-5.862752 881.968752528
-5.85774933333 882.215901851
-5.85274666667 881.837126307
-5.847744 882.012876831
-5.84274133333 881.222842243
-5.83773866667 881.170698309
-5.832736 880.929239563
-5.82773333333 880.998598933
-5.82273066667 880.639970185
-5.817728 880.630301371
-5.81272533333 880.361259918
-5.80772266667 880.408526878
-5.80272 879.715427019
-5.79771733333 879.446596803
-5.79271466667 879.114280489
-5.787712 879.023642454
-5.78270933333 878.742560772
-5.77770666667 878.525903722
-5.772704 878.194539788
-5.76770133333 877.99515176
-5.76269866667 877.460032948
-5.757696 877.253066428
-5.75269333333 876.98618879
-5.74769066667 876.909725129
-5.742688 876.323170172
-5.73768533333 876.434748989
-5.73268266667 876.178210211
-5.72768 875.705923824
-5.72267733333 875.371212908
-5.71767466667 875.658962866
-5.712672 875.578240345
-5.70766933333 876.006507299
-5.70266666667 875.900497968
-5.697664 876.166322089
-5.69266133333 876.490032169
-5.68765866667 877.984479911
-5.682656 877.077916883
-5.67765333333 877.377401934
-5.67265066667 877.781168059
-5.667648 877.988180158
-5.66264533333 877.90060647
-5.65764266667 877.833908827
-5.65264 893.919576165
-5.64763733333 900.407165438
-5.64263466667 900.830196762
-5.637632 901.439133144
-5.63262933333 900.975927606
-5.62762666667 901.806306873
-5.622624 902.118147606
-5.61762133333 903.456775455
-5.61261866667 904.95203192
-5.607616 906.250374183
-5.60261333333 906.73761918
-5.59761066667 907.827694787
-5.592608 908.618608356
-5.58760533333 909.782936875
-5.58260266667 910.634451563
-5.5776 911.514400984
-5.57259733333 911.868953129
-5.56759466667 912.699108306
-5.562592 912.729803203
-5.55758933333 911.806235076
-5.55258666667 911.435339012
-5.547584 911.296247084
-5.54258133333 910.806559461
-5.53757866667 910.537727701
-5.532576 909.537476864
-5.52757333333 908.841530376
-5.52257066667 907.794003304
-5.517568 908.015547687
-5.51256533333 907.388946131
-5.50756266667 906.797317604
-5.50256 906.128434163
-5.49755733333 905.560633158
-5.49255466667 904.819129979
-5.487552 904.864547077
-5.48254933333 904.297897192
-5.47754666667 904.241956076
-5.472544 903.510982533
-5.46754133333 902.562205892
-5.46253866667 901.13249887
-5.457536 899.778117456
-5.45253333333 899.302871953
-5.44753066667 897.656330498
-5.442528 896.070796545
-5.43752533333 894.756127448
-5.43252266667 893.446305255
-5.42752 892.296917479
-5.42251733333 891.524487383
-5.41751466667 890.790708528
-5.412512 888.755247555
-5.40750933333 886.587884638
-5.40250666667 886.229255635
-5.397504 886.456261262
-5.39250133333 885.829600034
-5.38749866667 885.051987566
-5.382496 884.069073298
-5.37749333333 883.61986138
-5.37249066667 883.212845888
-5.367488 882.857600394
-5.36248533333 882.546216825
-5.35748266667 882.650582861
-5.35248 882.315328175
-5.34747733333 882.804770755
-5.34247466667 882.301734997
-5.337472 876.091523693
-5.33246933333 880.393004371
-5.32746666667 882.269138022
-5.322464 881.73250866
-5.31746133333 881.78804468
-5.31245866667 881.902504521
-5.307456 881.547997665
-5.30245333333 880.985055673
-5.29745066667 880.694205266
-5.292448 880.5305575
-5.28744533333 880.367818922
-5.28244266667 880.392854831
-5.27744 880.190120133
-5.27243733333 879.862035679
-5.26743466667 879.874807641
-5.262432 879.287209803
-5.25742933333 879.422355228
-5.25242666667 878.976227012
-5.247424 878.582443572
-5.24242133333 878.253773903
-5.23741866667 877.165611082
-5.232416 876.703962903
-5.22741333333 876.524621988
-5.22241066667 875.937661012
-5.217408 875.663940395
-5.21240533333 875.735704413
-5.20740266667 876.836477438
-5.2024 875.840401582
-5.19739733333 875.490802531
-5.19239466667 874.89255606
-5.187392 874.356185503
-5.18238933333 874.45630079
-5.17738666667 874.65897221
-5.172384 874.98825701
-5.16738133333 875.240551648
-5.16237866667 875.560202485
-5.157376 875.245631876
-5.15237333333 874.54682236
-5.14737066667 873.922141369
-5.142368 873.641139259
-5.13736533333 875.512603948
-5.13236266667 875.379266082
-5.12736 875.482067551
-5.12235733333 876.832997853
-5.11735466667 878.695476587
-5.112352 880.930704171
-5.10734933333 883.331636827
-5.10234666667 885.993538323
-5.097344 888.616965622
-5.09234133333 892.003194149
-5.08733866667 895.855592232
-5.082336 899.382072174
-5.07733333333 903.538936102
-5.07233066667 907.934293597
-5.067328 911.855304108
-5.06232533333 914.692113428
-5.05732266667 918.576816785
-5.05232 921.930036275
-5.04731733333 926.015378448
-5.04231466667 930.014556481
-5.037312 933.770920632
-5.03230933333 937.008193055
-5.02730666667 939.834942983
-5.022304 942.090723638
-5.01730133333 943.623978078
-5.01229866667 944.26296023
-5.007296 944.315567915
-5.00229333333 943.924311931
-4.99729066667 944.054704554
-4.992288 943.97100158
-4.98728533333 944.539127624
-4.98228266667 944.204258695
-4.97728 944.880003923
-4.97227733333 944.893307021
-4.96727466667 945.264559955
-4.962272 945.437112104
-4.95726933333 945.348534358
-4.95226666667 945.697975209
-4.947264 945.721225111
-4.94226133333 946.088209857
-4.93725866667 946.550408351
-4.932256 946.964230919
-4.92725333333 946.936611452
-4.92225066667 947.250818244
-4.917248 947.1809902
-4.91224533333 947.708349765
-4.90724266667 948.401766404
-4.90224 948.378239825
-4.89723733333 948.899541639
-4.89223466667 949.052603688
-4.887232 949.059402665
-4.88222933333 949.400177085
-4.87722666667 949.723032196
-4.872224 950.390926598
-4.86722133333 950.285310902
-4.86221866667 950.167318943
-4.857216 950.57404565
-4.85221333333 951.001285059
-4.84721066667 951.134802812
-4.842208 951.495646422
-4.83720533333 951.809381507
-4.83220266667 952.002510279
-4.8272 952.214211109
-4.82219733333 952.204938689
-4.81719466667 952.373803845
-4.812192 952.419234749
-4.80718933333 952.059323041
-4.80218666667 951.879772254
-4.797184 951.638433956
-4.79218133333 951.793683586
-4.78717866667 951.582020979
-4.782176 951.68733605
-4.77717333333 951.407054051
-4.77217066667 951.152433684
-4.767168 950.853526962
-4.76216533333 950.694144455
-4.75716266667 950.680076993
-4.75216 951.287745662
-4.74715733333 951.171157479
-4.74215466667 951.639971994
-4.737152 951.521400293
-4.73214933333 951.567854746
-4.72714666667 951.480080993
-4.722144 951.167028114
-4.71714133333 951.090982783
-4.71213866667 951.075608953
-4.707136 951.301584913
-4.70213333333 951.196869984
-4.69713066667 951.3179495
-4.692128 951.615676054
-4.68712533333 951.633658231
-4.68212266667 951.432857977
-4.67712 951.821971234
-4.67211733333 951.863990977
-4.66711466667 952.110737238
-4.662112 952.205895658
-4.65710933333 952.125135671
-4.65210666667 952.505755331
-4.647104 952.450308062
-4.64210133333 952.411781877
-4.63709866667 952.618473535
-4.632096 952.466523238
-4.62709333333 952.547421888
-4.62209066667 952.923084636
-4.617088 952.494104805
-4.61208533333 952.460803929
-4.60708266667 952.175852592
-4.60208 952.617784406
-4.59707733333 952.589048713
-4.59207466667 952.617104388
-4.587072 952.374809798
-4.58206933333 952.444813479
-4.57706666667 952.047169571
-4.572064 952.34060332
-4.56706133333 952.066137157
-4.56205866667 952.011574401
-4.557056 952.084544504
-4.55205333333 952.123754639
-4.54705066667 952.527360946
-4.542048 952.468573439
-4.53704533333 952.561420849
-4.53204266667 952.460802517
-4.52704 952.228784204
-4.52203733333 952.250692903
-4.51703466667 952.349777384
-4.512032 952.42753396
-4.50702933333 952.083009014
-4.50202666667 951.866277571
-4.497024 951.658172574
-4.49202133333 951.886784661
-4.48701866667 951.920016101
-4.482016 951.981745368
-4.47701333333 952.15599317
-4.47201066667 952.334684687
-4.467008 952.714479425
-4.46200533333 952.740532783
-4.45700266667 952.30881346
-4.452 953.167064779
-4.44699733333 953.288764976
-4.44199466667 953.521270369
-4.436992 954.062928111
-4.43198933333 954.331961419
-4.42698666667 954.407982258
-4.421984 954.851389623
-4.41698133333 955.210079017
-4.41197866667 955.583988421
-4.406976 955.731505552
-4.40197333333 956.336273353
-4.39697066667 956.416271659
-4.391968 956.564837352
-4.38696533333 956.539549717
-4.38196266667 956.486271305
-4.37696 956.551750715
-4.37195733333 956.789293537
-4.36695466667 956.574527354
-4.361952 956.67495405
-4.35694933333 956.67977311
-4.35194666667 956.528050733
-4.346944 956.239990746
-4.34194133333 955.829725837
-4.33693866667 956.232832881
-4.331936 956.186260714
-4.32693333333 955.714354713
-4.32193066667 955.754139817
-4.316928 955.104991269
-4.31192533333 955.198804902
-4.30692266667 955.091958225
-4.30192 954.921596963
-4.29691733333 954.619097239
-4.29191466667 954.547158985
-4.286912 954.500467096
-4.28190933333 954.564523736
-4.27690666667 954.363451698
-4.271904 954.414899178
-4.26690133333 954.153635303
-4.26189866667 953.977438602
-4.256896 953.766635912
-4.25189333333 953.655453648
-4.24689066667 953.335028754
-4.241888 953.181265624
-4.23688533333 953.336456883
-4.23188266667 952.758890041
-4.22688 952.710647213
-4.22187733333 952.70721727
-4.21687466667 952.217030434
-4.211872 952.145673348
-4.20686933333 952.061465421
-4.20186666667 951.623618667
-4.196864 951.559280899
-4.19186133333 951.564586079
-4.18685866667 951.461059752
-4.181856 951.380439613
-4.17685333333 951.123125898
-4.17185066667 951.039802396
-4.166848 950.714327357
-4.16184533333 950.373488292
-4.15684266667 950.311974752
-4.15184 950.322894807
-4.14683733333 949.81912261
-4.14183466667 949.531936677
-4.136832 949.066772166
-4.13182933333 948.58093016
-4.12682666667 948.56611084
-4.121824 948.426638928
-4.11682133333 948.076507145
-4.11181866667 947.981597517
-4.106816 947.749634937
-4.10181333333 947.30086399
-4.09681066667 947.315105164
-4.091808 947.026927345
-4.08680533333 946.260343362
-4.08180266667 946.200275279
-4.0768 945.431862489
-4.07179733333 945.520702061
-4.06679466667 945.3274302
-4.061792 944.862765616
-4.05678933333 944.786054777
-4.05178666667 944.902202345
-4.046784 944.121929623
-4.04178133333 944.033105963
-4.03677866667 943.681489348
-4.031776 943.523997894
-4.02677333333 943.169919467
-4.02177066667 942.874933901
-4.016768 941.941928506
-4.01176533333 941.806809053
-4.00676266667 941.651499467
-4.00176 941.569359875
-3.99675733333 941.315850829
-3.99175466667 941.308573496
-3.986752 941.088169144
-3.98174933333 940.545695341
-3.97674666667 940.618691921
-3.971744 940.385785106
-3.96674133333 940.354330801
-3.96173866667 939.910988474
-3.956736 939.383238646
-3.95173333333 939.358730595
-3.94673066667 938.983413195
-3.941728 938.84748061
-3.93672533333 938.792540086
-3.93172266667 938.950316546
-3.92672 938.235773678
-3.92171733333 937.828912996
-3.91671466667 937.226828902
-3.911712 937.480400821
-3.90670933333 936.5925451
-3.90170666667 936.762588258
-3.896704 936.09922341
-3.89170133333 936.014576161
-3.88669866667 935.654864377
-3.881696 936.078739918
-3.87669333333 935.647346516
-3.87169066667 935.544067701
-3.866688 935.500174798
-3.86168533333 934.964910638
-3.85668266667 934.884215071
-3.85168 935.493345897
-3.84667733333 935.233245712
-3.84167466667 935.173498285
-3.836672 934.855506874
-3.83166933333 934.830453274
-3.82666666667 934.666318914
-3.821664 935.121431379
-3.81666133333 934.865124163
-3.81165866667 934.816302678
-3.806656 934.371524462
-3.80165333333 934.689118867
-3.79665066667 934.150977255
-3.791648 934.095137731
-3.78664533333 933.397001432
-3.78164266667 933.431553632
-3.77664 933.021986226
-3.77163733333 932.783251244
-3.76663466667 932.032788833
-3.761632 931.951208782
-3.75662933333 931.582885655
-3.75162666667 931.331219166
-3.746624 930.608673034
-3.74162133333 930.221372026
-3.73661866667 929.797544515
-3.731616 929.879945589
-3.72661333333 929.680366723
-3.72161066667 929.243707038
-3.716608 928.606866351
-3.71160533333 928.270708221
-3.70660266667 928.061894325
-3.7016 926.996027444
-3.69659733333 926.13197286
-3.69159466667 925.585252458
-3.686592 925.050174657
-3.68158933333 924.989996321
-3.67658666667 924.228378309
-3.671584 924.213850424
-3.66658133333 924.010208738
-3.66157866667 923.898451478
-3.656576 923.407301947
-3.65157333333 922.834869096
-3.64657066667 922.967273606
-3.641568 923.006583153
-3.63656533333 922.89076866
-3.63156266667 922.909735925
-3.62656 922.327374645
-3.62155733333 922.242450168
-3.61655466667 922.136512991
-3.611552 922.100120521
-3.60654933333 921.915084418
-3.60154666667 921.933407635
-3.596544 921.530624097
-3.59154133333 921.805547127
-3.58653866667 920.912398064
-3.581536 921.144614858
-3.57653333333 920.758798397
-3.57153066667 920.892990197
-3.566528 921.021152884
-3.56152533333 920.878487504
-3.55652266667 920.811562279
-3.55152 921.355142402
-3.54651733333 920.916879772
-3.54151466667 921.348711363
-3.536512 921.143836618
-3.53150933333 920.66180293
-3.52650666667 921.16206051
-3.521504 920.989631534
-3.51650133333 921.015721202
-3.51149866667 921.367333943
-3.506496 921.380901757
-3.50149333333 921.302109538
-3.49649066667 921.187994422
-3.491488 921.263132908
-3.48648533333 921.891673537
-3.48148266667 922.07433543
-3.47648 921.858059329
-3.47147733333 921.971642132
-3.46647466667 921.800643529
-3.461472 922.323731714
-3.45646933333 922.245280011
-3.45146666667 922.686397203
-3.446464 922.552875008
-3.44146133333 922.861689437
-3.43645866667 922.523311176
-3.431456 922.69943165
-3.42645333333 922.446363753
-3.42145066667 922.648069587
-3.416448 922.49147692
-3.41144533333 922.528468528
-3.40644266667 922.23053026
-3.40144 922.385477143
-3.39643733333 922.495223604
-3.39143466667 922.718743925
-3.386432 922.233631573
-3.38142933333 922.407137849
-3.37642666667 922.241824831
-3.371424 922.257088449
-3.36642133333 922.248693114
-3.36141866667 922.713339426
-3.356416 922.576995067
-3.35141333333 922.878226599
-3.34641066667 922.573126348
-3.341408 922.992637419
-3.33640533333 922.898640611
-3.33140266667 922.988914972
-3.3264 923.022862905
-3.32139733333 923.148463257
-3.31639466667 922.785616851
-3.311392 923.007694934
-3.30638933333 922.936950529
-3.30138666667 923.187657837
-3.296384 923.249021612
-3.29138133333 923.425853378
-3.28637866667 923.400139654
-3.281376 923.268607459
-3.27637333333 923.1319402
-3.27137066667 923.781363978
-3.266368 923.279738433
-3.26136533333 923.564277639
-3.25636266667 922.935735415
-3.25136 923.24146129
-3.24635733333 923.052079941
-3.24135466667 923.10362461
-3.236352 922.926540314
-3.23134933333 923.090490493
-3.22634666667 922.832824673
-3.221344 923.401979643
-3.21634133333 922.8827266
-3.21133866667 923.12450907
-3.206336 922.798658202
-3.20133333333 923.063138838
-3.19633066667 922.815420595
-3.191328 923.219867169
-3.18632533333 922.916952131
-3.18132266667 923.093468822
-3.17632 922.937854286
-3.17131733333 922.939869475
-3.16631466667 923.338288636
-3.161312 923.593529817
-3.15630933333 923.639845825
-3.15130666667 923.708524881
-3.146304 923.540050059
-3.14130133333 924.059009796
-3.13629866667 923.598385096
-3.131296 923.580678244
-3.12629333333 923.382669461
-3.12129066667 923.339449271
-3.116288 922.772879779
-3.11128533333 923.022730387
-3.10628266667 922.541292644
-3.10128 922.332074241
-3.09627733333 921.97636617
-3.09127466667 922.149112974
-3.086272 921.790704475
-3.08126933333 921.616894657
-3.07626666667 921.236075682
-3.071264 921.24693764
-3.06626133333 920.584505593
-3.06125866667 920.663419315
-3.056256 920.385783167
-3.05125333333 920.415943476
-3.04625066667 919.77595465
-3.041248 920.065472861
-3.03624533333 919.998245286
-3.03124266667 920.009419131
-3.02624 919.589091775
-3.02123733333 919.64124162
-3.01623466667 919.171421131
-3.011232 919.032693182
-3.00622933333 918.831126798
-3.00122666667 918.723500342
-2.996224 918.213746629
-2.99122133333 918.516205666
-2.98621866667 918.135528112
-2.981216 918.197870372
-2.97621333333 918.171905097
-2.97121066667 918.545429834
-2.966208 917.933184612
-2.96120533333 917.898509798
-2.95620266667 917.725535155
-2.9512 917.927903888
-2.94619733333 917.908720471
-2.94119466667 917.817534147
-2.936192 917.469236521
-2.93118933333 918.099599948
-2.92618666667 918.04497272
-2.921184 918.34765975
-2.91618133333 918.206740957
-2.91117866667 918.455189991
-2.906176 918.49812028
-2.90117333333 918.783175785
-2.89617066667 918.598462133
-2.891168 918.982231811
-2.88616533333 919.226836485
-2.88116266667 919.662345253
-2.87616 919.090542961
-2.87115733333 919.154241689
-2.86615466667 918.887128572
-2.861152 919.168532634
-2.85614933333 919.07688352
-2.85114666667 919.415758123
-2.846144 919.187468462
-2.84114133333 919.134538971
-2.83613866667 919.086973346
-2.831136 919.313992733
-2.82613333333 919.142300473
-2.82113066667 919.047950085
-2.816128 919.220234225
-2.81112533333 919.268341996
-2.80612266667 918.83566173
-2.80112 918.942908267
-2.79611733333 918.851552361
-2.79111466667 919.200539575
-2.786112 918.804251607
-2.78110933333 919.169336903
-2.77610666667 918.70474231
-2.771104 919.11162306
-2.76610133333 918.869137997
-2.76109866667 918.73506325
-2.756096 918.790381968
-2.75109333333 919.172449853
-2.74609066667 918.541887603
-2.741088 919.024571772
-2.73608533333 918.527682938
-2.73108266667 919.182760891
-2.72608 918.680376092
-2.72107733333 919.178749641
-2.71607466667 918.955162746
-2.711072 919.237654352
-2.70606933333 918.945526383
-2.70106666667 919.035001899
-2.696064 918.865549602
-2.69106133333 919.167034444
-2.68605866667 918.719608914
-2.681056 918.984472397
-2.67605333333 918.775020589
-2.67105066667 918.970008354
-2.666048 918.880551049
-2.66104533333 919.13860371
-2.65604266667 918.644024072
-2.65104 918.821196703
-2.64603733333 918.521067365
-2.64103466667 918.673474321
-2.636032 918.579964108
-2.63102933333 918.997900025
-2.62602666667 918.120422989
-2.621024 918.501080091
-2.61602133333 918.05680364
-2.61101866667 918.592430606
-2.606016 917.735344001
-2.60101333333 917.593881329
-2.59601066667 917.232597151
-2.591008 917.092141967
-2.58600533333 917.185737126
-2.58100266667 916.877096758
-2.576 916.725520822
-2.57099733333 916.614344433
-2.56599466667 916.253677045
-2.560992 916.436770814
-2.55598933333 916.01910442
-2.55098666667 915.816077586
-2.545984 915.535593814
-2.54098133333 915.680069134
-2.53597866667 915.164482926
-2.530976 914.845425186
-2.52597333333 914.463970669
-2.52097066667 914.123205701
-2.515968 913.8688005
-2.51096533333 914.287478316
-2.50596266667 913.558541772
-2.50096 913.849812292
-2.49595733333 913.340786719
-2.49095466667 913.828588744
-2.485952 913.174337102
-2.48094933333 913.341001849
-2.47594666667 913.220712637
-2.470944 913.354647767
-2.46594133333 913.180615287
-2.46093866667 913.624036535
-2.455936 913.185854307
-2.45093333333 913.246348141
-2.44593066667 912.70841277
-2.440928 912.971149849
-2.43592533333 912.559649276
-2.43092266667 913.070629189
-2.42592 912.689931034
-2.42091733333 912.97561299
-2.41591466667 912.702793231
-2.410912 912.922118539
-2.40590933333 912.706842608
-2.40090666667 912.645153776
-2.395904 912.41731011
-2.39090133333 912.622416962
-2.38589866667 912.109255237
-2.380896 912.184645305
-2.37589333333 911.976851046
-2.37089066667 912.216343054
-2.365888 911.754541309
-2.36088533333 911.810492202
-2.35588266667 911.383164887
-2.35088 911.554615127
-2.34587733333 910.996512987
-2.34087466667 911.068328434
-2.335872 910.749094055
-2.33086933333 910.98445727
-2.32586666667 910.284240201
-2.320864 910.194368999
-2.31586133333 909.729144246
-2.31085866667 909.823576244
-2.305856 909.170625788
-2.30085333333 909.49513604
-2.29585066667 909.088603072
-2.290848 909.016245431
-2.28584533333 908.571797082
-2.28084266667 908.999199527
-2.27584 908.319415331
-2.27083733333 908.614729424
-2.26583466667 908.233995215
-2.260832 908.359090057
-2.25582933333 907.653990285
-2.25082666667 907.97869325
-2.245824 907.569922001
-2.24082133333 907.603345305
-2.23581866667 907.582041811
-2.230816 907.7087851
-2.22581333333 907.604668299
-2.22081066667 907.987295388
-2.215808 907.639338956
-2.21080533333 908.008260148
-2.20580266667 906.880551819
-2.2008 906.766962478
-2.19579733333 905.985078326
-2.19079466667 906.474634419
-2.185792 906.101839248
-2.18078933333 906.572496037
-2.17578666667 906.090250954
-2.170784 906.343659534
-2.16578133333 906.482248631
-2.16077866667 906.959499876
-2.155776 907.427932718
-2.15077333333 907.824518651
-2.14577066667 907.250657507
-2.140768 907.372482108
-2.13576533333 905.660432007
-2.13076266667 888.759789283
-2.12576 886.265841375
-2.12075733333 886.100793607
-2.11575466667 886.487040478
-2.110752 898.899680924
-2.10574933333 901.433799169
-2.10074666667 901.746332815
-2.095744 900.804635736
-2.09074133333 900.650627425
-2.08573866667 899.314863242
-2.080736 899.154066608
-2.07573333333 898.152299325
-2.07073066667 897.835931758
-2.065728 897.507664639
-2.06072533333 897.710408107
-2.05572266667 896.924555353
-2.05072 896.29151447
-2.04571733333 894.623864398
-2.04071466667 894.070250844
-2.035712 893.603473812
-2.03070933333 892.963096682
-2.02570666667 891.649395165
-2.020704 890.949651162
-2.01570133333 890.374575634
-2.01069866667 890.408992252
-2.005696 889.923713784
-2.00069333333 888.94345817
-1.99569066667 887.816818618
-1.990688 887.237933555
-1.98568533333 885.644511253
-1.98068266667 884.851653874
-1.97568 883.399742402
-1.97067733333 882.090080964
-1.96567466667 880.265709985
-1.960672 879.509508499
-1.95566933333 878.349232614
-1.95066666667 877.805813295
-1.945664 876.043579783
-1.94066133333 875.565995939
-1.93565866667 873.989556245
-1.930656 872.905353014
-1.92565333333 871.540698364
-1.92065066667 871.169108239
-1.915648 869.876333473
-1.91064533333 868.847782593
-1.90564266667 868.202658961
-1.90064 867.280356686
-1.89563733333 866.193820648
-1.89063466667 866.792758824
-1.885632 866.250661117
-1.88062933333 865.341232645
-1.87562666667 864.894543842
-1.870624 865.110692861
-1.86562133333 864.786077919
-1.86061866667 864.513611711
-1.855616 863.418576332
-1.85061333333 863.531790502
-1.84561066667 863.258471318
-1.840608 863.17422313
-1.83560533333 862.393869958
-1.83060266667 862.130794594
-1.8256 861.131482955
-1.82059733333 860.513224982
-1.81559466667 859.777445103
-1.810592 860.271066103
-1.80558933333 860.250814083
-1.80058666667 859.945760074
-1.795584 860.107083792
-1.79058133333 860.449238987
-1.78557866667 859.823968845
-1.780576 859.524375798
-1.77557333333 859.139689525
-1.77057066667 859.565470085
-1.765568 858.84512227
-1.76056533333 859.029535004
-1.75556266667 858.730817657
-1.75056 859.086490044
-1.74555733333 858.640514709
-1.74055466667 858.446580101
-1.735552 857.88917577
-1.73054933333 858.421586326
-1.72554666667 856.543988269
-1.720544 857.944410151
-1.71554133333 857.911560339
-1.71053866667 858.010746734
-1.705536 857.87368643
-1.70053333333 858.194686016
-1.69553066667 857.821035029
-1.690528 858.378612221
-1.68552533333 858.204727616
-1.68052266667 858.973993524
-1.67552 850.320422658
-1.67051733333 846.836346749
-1.66551466667 855.147635376
-1.660512 861.447241841
-1.65550933333 865.544310658
-1.65050666667 868.176721975
-1.645504 870.932118004
-1.64050133333 875.39412121
-1.63549866667 878.822117536
-1.630496 881.83325006
-1.62549333333 885.658542055
-1.62049066667 890.054530542
-1.615488 893.79728251
-1.61048533333 897.852570954
-1.60548266667 901.486682709
-1.60048 905.898682286
-1.59547733333 909.773125815
-1.59047466667 913.411991045
-1.585472 916.596819969
-1.58046933333 919.474990441
-1.57546666667 922.107992618
-1.570464 925.786269047
-1.56546133333 927.755356324
-1.56045866667 930.699745256
-1.555456 931.9975697
-1.55045333333 934.110929719
-1.54545066667 934.886013733
-1.540448 936.196276885
-1.53544533333 936.391397608
-1.53044266667 937.493654297
-1.52544 937.309145166
-1.52043733333 938.154857778
-1.51543466667 938.475605019
-1.510432 938.238705096
-1.50542933333 937.846329617
-1.50042666667 938.757673062
-1.495424 938.888545578
-1.49042133333 939.990683503
-1.48541866667 939.415491113
-1.480416 940.057805173
-1.47541333333 940.436911959
-1.47041066667 940.991047165
-1.465408 941.217097312
-1.46040533333 941.637328436
-1.45540266667 941.675038153
-1.4504 942.30192978
-1.44539733333 942.111262018
-1.44039466667 942.712147646
-1.435392 942.537636946
-1.43038933333 943.211682582
-1.42538666667 943.177954626
-1.420384 943.733724638
-1.41538133333 943.370986735
-1.41037866667 943.920748601
-1.405376 944.081961409
-1.40037333333 944.550632104
-1.39537066667 944.994223303
-1.390368 945.33049422
-1.38536533333 945.447818686
-1.38036266667 945.611641266
-1.37536 945.795983636
-1.37035733333 946.240104071
-1.36535466667 946.041657362
-1.360352 946.545807681
-1.35534933333 946.643734162
-1.35034666667 946.936824249
-1.345344 946.986293969
-1.34034133333 947.792769904
-1.33533866667 948.346528178
-1.330336 948.726201605
-1.32533333333 948.06689924
-1.32033066667 948.423204085
-1.315328 948.28520144
-1.31032533333 948.801685122
-1.30532266667 948.392988849
-1.30032 948.600391953
-1.29531733333 947.843728741
-1.29031466667 947.96161645
-1.285312 947.381803478
-1.28030933333 947.647058674
-1.27530666667 947.547860265
-1.270304 947.539774107
-1.26530133333 947.233982059
-1.26029866667 946.877149952
-1.255296 946.42435878
-1.25029333333 946.630308062
-1.24529066667 945.87848761
-1.240288 945.909123108
-1.23528533333 945.643832765
-1.23028266667 945.777934282
-1.22528 945.525347615
-1.22027733333 945.457204105
-1.21527466667 945.185811595
-1.210272 945.310047296
-1.20526933333 944.445270079
-1.20026666667 944.470622334
-1.195264 943.610658761
-1.19026133333 943.759120596
-1.18525866667 943.357617695
-1.180256 943.585863944
-1.17525333333 942.899365768
-1.17025066667 942.961137823
-1.165248 942.471050063
-1.16024533333 942.839412655
-1.15524266667 942.256315028
-1.15024 942.556802237
-1.14523733333 942.238157775
-1.14023466667 942.107275764
-1.135232 941.452774616
-1.13022933333 941.954426303
-1.12522666667 941.257236773
-1.120224 941.196231349
-1.11522133333 940.834955844
-1.11021866667 940.932082376
-1.105216 940.631272245
-1.10021333333 940.358054066
-1.09521066667 939.654670872
-1.090208 939.714736148
-1.08520533333 939.222338217
-1.08020266667 939.271766316
-1.0752 938.769107992
-1.07019733333 938.502344562
-1.06519466667 937.607888776
-1.060192 937.78381568
-1.05518933333 937.393943299
-1.05018666667 937.362876941
-1.045184 936.391242846
-1.04018133333 936.425211175
-1.03517866667 935.922868003
-1.030176 936.085235953
-1.02517333333 935.745382857
-1.02017066667 935.754462903
-1.015168 935.393936827
-1.01016533333 935.763087453
-1.00516266667 935.009908085
-1.00016 935.318529208
-0.995157333333 935.216232127
-0.990154666667 935.057708989
-0.985152 934.744242293
-0.980149333333 934.575681559
-0.975146666667 933.865347915
-0.970144 934.635231085
-0.965141333333 933.847878115
-0.960138666667 934.239545768
-0.955136 933.638929967
-0.950133333333 933.896818391
-0.945130666667 933.409376473
-0.940128 933.879298436
-0.935125333333 933.39955535
-0.930122666667 933.674339864
-0.92512 933.070098764
-0.920117333333 933.614267937
-0.915114666667 933.588917889
-0.910112 933.814682935
-0.905109333333 933.490639429
-0.900106666667 933.470358272
-0.895104 933.048804075
-0.890101333333 933.183908516
-0.885098666667 932.769541361
-0.880096 932.706752363
-0.875093333333 932.14821794
-0.870090666667 932.466926318
-0.865088 932.112646804
-0.860085333333 932.253029122
-0.855082666667 931.711813207
-0.85008 932.26457936
-0.845077333333 931.60054426
-0.840074666667 931.897117922
-0.835072 931.320835863
-0.830069333333 931.613127711
-0.825066666667 931.116617791
-0.820064 931.159676554
-0.815061333333 931.037944461
-0.810058666667 930.998213796
-0.805056 930.143857689
-0.800053333333 929.759411606
-0.795050666667 929.635405371
-0.790048 929.670996467
-0.785045333333 928.844949418
-0.780042666667 928.808693336
-0.77504 928.298910138
-0.770037333333 928.548840278
-0.765034666667 927.948468733
-0.760032 928.211479983
-0.755029333333 927.475864017
-0.750026666667 927.494203153
-0.745024 926.737481178
-0.740021333333 926.697334502
-0.735018666667 926.492538882
-0.730016 926.514506425
-0.725013333333 925.929011966
-0.720010666667 926.021841466
-0.715008 925.518920276
-0.710005333333 925.625503327
-0.705002666667 924.806735452
-0.7 924.927503999
-0.694997333333 924.602008585
-0.689994666667 924.692850883
-0.684992 924.103832542
-0.679989333333 923.657710263
-0.674986666667 923.893828486
-0.669984 924.009685826
-0.664981333333 923.338509536
-0.659978666667 923.763426912
-0.654976 923.477460809
-0.649973333333 923.36533233
-0.644970666667 923.098540543
-0.639968 923.444329208
-0.634965333333 923.317421048
-0.629962666667 923.303887549
-0.62496 922.682072278
-0.619957333333 922.564591718
-0.614954666667 922.455026658
-0.609952 922.395501379
-0.604949333333 921.872817738
-0.599946666667 922.048617484
-0.594944 921.746232201
-0.589941333333 921.873706826
-0.584938666667 921.365148735
-0.579936 921.636383662
-0.574933333333 921.275571264
-0.569930666667 921.662943238
-0.564928 921.047248167
-0.559925333333 921.420348587
-0.554922666667 921.39736519
-0.54992 921.387291728
-0.544917333333 921.124338482
-0.539914666667 921.344695551
-0.534912 920.697311368
-0.529909333333 920.927778386
-0.524906666667 920.770180913
-0.519904 921.220517521
-0.514901333333 920.828707591
-0.509898666667 920.401508748
-0.504896 920.143861641
-0.499893333333 920.158832914
-0.494890666667 919.527657307
-0.489888 919.534156911
-0.484885333333 919.265868619
-0.479882666667 919.294994302
-0.47488 918.875048858
-0.469877333333 919.064350544
-0.464874666667 918.618906245
-0.459872 918.939149236
-0.454869333333 918.291629327
-0.449866666667 918.487175274
-0.444864 917.553087763
-0.439861333333 917.626887511
-0.434858666667 917.380611283
-0.429856 917.503401724
-0.424853333333 916.670798376
-0.419850666667 916.876725761
-0.414848 916.306967777
-0.409845333333 916.549089164
-0.404842666667 915.840650824
-0.39984 916.170354934
-0.394837333333 915.757355772
-0.389834666667 915.55673687
-0.384832 914.997259791
-0.379829333333 914.430670188
-0.374826666667 913.902923454
-0.369824 914.171981389
-0.364821333333 913.576873492
-0.359818666667 913.888629248
-0.354816 913.432417709
-0.349813333333 913.184293869
-0.344810666667 912.569254424
-0.339808 913.040569351
-0.334805333333 912.423287746
-0.329802666667 912.439542663
-0.3248 911.931354475
-0.319797333333 912.265905011
-0.314794666667 911.860770123
-0.309792 912.256275202
-0.304789333333 911.798734598
-0.299786666667 912.004462674
-0.294784 911.60461127
-0.289781333333 911.972757207
-0.284778666667 911.380906403
-0.279776 911.797929212
-0.274773333333 911.932365193
-0.269770666667 912.197708714
-0.264768 912.020607872
-0.259765333333 912.12218215
-0.254762666667 911.795404522
-0.24976 912.364340521
-0.244757333333 912.056056731
-0.239754666667 912.514123337
-0.234752 912.48143167
-0.229749333333 912.518851515
-0.224746666667 912.289584722
-0.219744 913.002254725
-0.214741333333 912.731614289
-0.209738666667 913.159181825
-0.204736 912.958477213
-0.199733333333 913.089161296
-0.194730666667 912.607824315
-0.189728 913.141239915
-0.184725333333 912.662775011
-0.179722666667 913.043138603
-0.17472 913.107770817
-0.169717333333 912.893004464
-0.164714666667 912.80378392
-0.159712 912.64743384
-0.154709333333 912.320398234
-0.149706666667 912.79823763
-0.144704 912.371882432
-0.139701333333 912.6253983
-0.134698666667 912.580596689
-0.129696 912.707992565
-0.124693333333 912.409842987
-0.119690666667 912.836304908
-0.114688 913.065278605
-0.109685333333 912.779607807
-0.104682666667 912.613750097
-0.09968 912.646003364
-0.0946773333333 912.785326437
-0.0896746666667 912.577660656
-0.084672 912.450073701
-0.0796693333333 912.616408689
-0.0746666666667 912.356193417
-0.069664 912.564086356
-0.0646613333333 912.627445106
-0.0596586666667 912.671417069
-0.054656 912.22614819
-0.0496533333333 912.130717027
-0.0446506666667 911.7418852
-0.039648 911.668146176
-0.0346453333333 911.287100553
-0.0296426666667 911.46968278
-0.02464 910.529745105
-0.0196373333333 910.70167893
-0.0146346666667 910.210478393
-0.009632 910.523503478
-0.00462933333333 910.024189861
