-9.99995733333 566.554543119
-9.99495466667 565.888840838
-9.989952 565.648666068
-9.98494933333 565.193541494
-9.97994666667 565.020023731
-9.974944 564.831488636
-9.96994133333 564.634735364
-9.96493866667 564.1685646
-9.959936 564.016837541
-9.95493333333 563.458470449
-9.94993066667 562.930466337
-9.944928 562.307243649
-9.93992533333 561.798006572
-9.93492266667 561.125416401
-9.92992 560.944099195
-9.92491733333 560.573727498
-9.91991466667 560.881235617
-9.914912 561.319704421
-9.90990933333 562.171715191
-9.90490666667 563.375097072
-9.899904 564.75690712
-9.89490133333 565.887601782
-9.88989866667 567.171751605
-9.884896 568.0654885
-9.87989333333 569.068607104
-9.87489066667 569.71120784
-9.869888 570.687016058
-9.86488533333 571.185071919
-9.85988266667 571.701966915
-9.85488 572.156461223
-9.84987733333 572.59289551
-9.84487466667 572.690504953
-9.839872 573.01131619
-9.83486933333 572.997498731
-9.82986666667 573.144299779
-9.824864 573.077864024
-9.81986133333 573.054538101
-9.81485866667 572.815758264
-9.809856 572.857122545
-9.80485333333 572.576955904
-9.79985066667 572.454474836
-9.794848 572.16159241
-9.78984533333 572.04495928
-9.78484266667 571.599226803
-9.77984 571.254386676
-9.77483733333 570.970260943
-9.76983466667 570.833270558
-9.764832 570.468051251
-9.75982933333 570.145511347
-9.75482666667 569.700033898
-9.749824 569.46797161
-9.74482133333 569.085340593
-9.73981866667 568.756990017
-9.734816 568.301116957
-9.72981333333 567.955841628
-9.72481066667 567.323419517
-9.719808 566.914949059
-9.71480533333 566.410002401
-9.70980266667 566.32922686
-9.7048 565.843055162
-9.69979733333 565.745446616
-9.69479466667 565.593259516
-9.689792 565.617569874
-9.68478933333 565.215853121
-9.67978666667 565.21637522
-9.674784 564.79693621
-9.66978133333 564.71045809
-9.66477866667 564.344248153
-9.659776 564.217073824
-9.65477333333 563.705223797
-9.64977066667 563.547616173
-9.644768 563.172809358
-9.63976533333 562.912206594
-9.63476266667 562.568321887
-9.62976 562.403963843
-9.62475733333 562.228191535
-9.61975466667 562.183468609
-9.614752 561.928433686
-9.60974933333 561.785396519
-9.60474666667 561.195334155
-9.599744 560.850640676
-9.59474133333 560.262739121
-9.58973866667 560.02994102
-9.584736 559.478579231
-9.57973333333 559.238775417
-9.57473066667 559.122425541
-9.569728 559.351938194
-9.56472533333 559.171314092
-9.55972266667 559.13655889
-9.55472 558.697123102
-9.54971733333 558.536584061
-9.54471466667 558.043057023
-9.539712 557.916716074
-9.53470933333 557.754743287
-9.52970666667 557.869327512
-9.524704 557.70809148
-9.51970133333 557.847617913
-9.51469866667 557.73210364
-9.509696 557.703984471
-9.50469333333 557.41878728
-9.49969066667 557.415982061
-9.494688 557.155462741
-9.48968533333 557.133393675
-9.48468266667 557.052631977
-9.47968 557.217335693
-9.47467733333 557.328349056
-9.46967466667 557.567983297
-9.464672 557.240761309
-9.45966933333 557.087596138
-9.45466666667 556.573599784
-9.449664 556.288451823
-9.44466133333 556.076554007
-9.43965866667 555.930096915
-9.434656 555.714336004
-9.42965333333 555.691729229
-9.42465066667 555.41558028
-9.419648 555.333964818
-9.41464533333 555.021215968
-9.40964266667 554.99521867
-9.40464 554.598939101
-9.39963733333 554.475460932
-9.39463466667 554.164363042
-9.389632 554.094336603
-9.38462933333 553.835500613
-9.37962666667 553.903348667
-9.374624 553.89566887
-9.36962133333 554.045013753
-9.36461866667 554.108618185
-9.359616 554.191165504
-9.35461333333 554.215208027
-9.34961066667 554.408730615
-9.344608 554.336934443
-9.33960533333 554.460656024
-9.33460266667 554.453180503
-9.3296 554.629749239
-9.32459733333 554.476389768
-9.31959466667 554.546440586
-9.314592 554.457909689
-9.30958933333 554.537570342
-9.30458666667 554.491047462
-9.299584 554.559629068
-9.29458133333 554.699595119
-9.28957866667 555.0050742
-9.284576 554.932117629
-9.27957333333 555.056250948
-9.27457066667 555.175750687
-9.269568 555.32784724
-9.26456533333 555.265070224
-9.25956266667 555.244591834
-9.25456 555.218832652
-9.24955733333 555.203288987
-9.24455466667 554.961647501
-9.239552 554.623364228
-9.23454933333 554.028842021
-9.22954666667 553.666241001
-9.224544 553.101636399
-9.21954133333 552.83059829
-9.21453866667 552.548834589
-9.209536 552.491338669
-9.20453333333 552.138060228
-9.19953066667 552.106833954
-9.194528 551.839355989
-9.18952533333 551.753632539
-9.18452266667 551.454862709
-9.17952 551.323196623
-9.17451733333 551.130602719
-9.16951466667 551.114794866
-9.164512 551.013756906
-9.15950933333 551.250446374
-9.15450666667 551.18604884
-9.149504 551.169520186
-9.14450133333 551.150169965
-9.13949866667 551.414750457
-9.134496 551.390809675
-9.12949333333 551.667679241
-9.12449066667 551.531893652
-9.119488 551.6637864
-9.11448533333 551.585202871
-9.10948266667 551.953988571
-9.10448 551.879262251
-9.09947733333 552.147941847
-9.09447466667 552.280908205
-9.089472 552.722023831
-9.08446933333 552.892631972
-9.07946666667 553.317170115
-9.074464 553.745176111
-9.06946133333 554.289004289
-9.06445866667 554.616291746
-9.059456 555.157907181
-9.05445333333 555.388597611
-9.04945066667 555.943184166
-9.044448 556.090756191
-9.03944533333 556.183018805
-9.03444266667 556.244554226
-9.02944 556.669688902
-9.02443733333 556.994501031
-9.01943466667 557.46222687
-9.014432 557.682378059
-9.00942933333 558.199098345
-9.00442666667 558.35262926
-8.999424 558.804884379
-8.99442133333 558.845844645
-8.98941866667 559.241852496
-8.984416 559.404671205
-8.97941333333 559.86035635
-8.97441066667 559.884534323
-8.969408 560.154793213
-8.96440533333 559.89763679
-8.95940266667 559.797096698
-8.9544 559.450922138
-8.94939733333 559.31389063
-8.94439466667 559.015132518
-8.939392 559.010164241
-8.93438933333 558.760533509
-8.92938666667 558.566214231
-8.924384 558.271448349
-8.91938133333 558.008349864
-8.91437866667 557.535412268
-8.909376 557.395096901
-8.90437333333 557.061735894
-8.89937066667 556.840680821
-8.894368 556.504385651
-8.88936533333 556.452004605
-8.88436266667 556.134500288
-8.87936 556.040334373
-8.87435733333 555.857739601
-8.86935466667 555.844026382
-8.864352 555.536990589
-8.85934933333 555.733247562
-8.85434666667 555.505453312
-8.849344 555.710691191
-8.84434133333 555.533450127
-8.83933866667 555.533151402
-8.834336 555.364179477
-8.82933333333 555.377545993
-8.82433066667 554.988545483
-8.819328 555.037564275
-8.81432533333 554.730090927
-8.80932266667 554.802399574
-8.80432 554.719244062
-8.79931733333 554.82986189
-8.79431466667 554.705621924
-8.789312 554.749250122
-8.78430933333 554.656181599
-8.77930666667 554.853297514
-8.774304 554.731501533
-8.76930133333 554.938510568
-8.76429866667 554.813490071
-8.759296 554.914072766
-8.75429333333 554.671892697
-8.74929066667 554.75966693
-8.744288 554.411835619
-8.73928533333 554.268848216
-8.73428266667 554.062495487
-8.72928 554.018812851
-8.72427733333 553.741160924
-8.71927466667 553.753303772
-8.714272 553.537718265
-8.70926933333 553.601431812
-8.70426666667 553.362070629
-8.699264 553.507020276
-8.69426133333 553.522814728
-8.68925866667 553.591293771
-8.684256 553.507439951
-8.67925333333 553.6304703
-8.67425066667 553.702243121
-8.669248 553.856025557
-8.66424533333 553.703266396
-8.65924266667 553.837314819
-8.65424 553.679738023
-8.64923733333 553.685269412
-8.64423466667 553.342952056
-8.639232 553.314228745
-8.63422933333 553.155608673
-8.62922666667 553.223902023
-8.624224 552.998990766
-8.61922133333 553.062428372
-8.61421866667 553.032931106
-8.609216 553.191765566
-8.60421333333 553.117112512
-8.59921066667 553.318442495
-8.594208 553.398841644
-8.58920533333 553.556034561
-8.58420266667 553.620734992
-8.5792 553.810244993
-8.57419733333 553.82108184
-8.56919466667 554.030771779
-8.564192 554.126620081
-8.55918933333 554.359952014
-8.55418666667 554.524141196
-8.549184 554.79330484
-8.54418133333 554.824427243
-8.53917866667 554.887481618
-8.534176 554.791034818
-8.52917333333 554.927972413
-8.52417066667 554.756968594
-8.519168 554.880277303
-8.51416533333 554.755299142
-8.50916266667 554.852834796
-8.50416 554.672273063
-8.49915733333 554.820679798
-8.49415466667 554.660751964
-8.489152 554.758600223
-8.48414933333 554.655542617
-8.47914666667 554.677162577
-8.474144 554.49887876
-8.46914133333 554.348387545
-8.46413866667 553.826495629
-8.459136 553.701950471
-8.45413333333 553.272687358
-8.44913066667 552.894993537
-8.444128 552.487909586
-8.43912533333 552.20426634
-8.43412266667 551.684059123
-8.42912 551.368165145
-8.42411733333 550.942019247
-8.41911466667 550.627150402
-8.414112 550.216797034
-8.40910933333 549.955947385
-8.40410666667 549.752757863
-8.399104 549.815400742
-8.39410133333 549.573619418
-8.38909866667 549.766386796
-8.384096 549.681862205
-8.37909333333 549.874838691
-8.37409066667 549.790627966
-8.369088 549.984872771
-8.36408533333 550.054884414
-8.35908266667 550.171675048
-8.35408 550.12402371
-8.34907733333 550.269797667
-8.34407466667 550.308042398
-8.339072 550.734501777
-8.33406933333 550.966975928
-8.32906666667 551.439797028
-8.324064 551.483801963
-8.31906133333 551.79267837
-8.31405866667 551.851122247
-8.309056 552.202441806
-8.30405333333 551.916242547
-8.29905066667 552.114073002
-8.294048 552.064846049
-8.28904533333 552.293547564
-8.28404266667 552.6688357
-8.27904 553.231132011
-8.27403733333 553.632169781
-8.26903466667 554.158118373
-8.264032 554.262580174
-8.25902933333 554.405937587
-8.25402666667 554.598080241
-8.249024 555.152376863
-8.24402133333 555.309207346
-8.23901866667 555.819014072
-8.234016 555.956439967
-8.22901333333 556.294393338
-8.22401066667 556.508661972
-8.219008 556.608301613
-8.21400533333 556.452859976
-8.20900266667 556.370400512
-8.204 556.060363374
-8.19899733333 556.077002551
-8.19399466667 555.891465975
-8.188992 555.885371856
-8.18398933333 555.452566821
-8.17898666667 555.319728787
-8.173984 554.971402629
-8.16898133333 554.745966136
-8.16397866667 554.449928731
-8.158976 554.29492037
-8.15397333333 554.167402971
-8.14897066667 554.23624257
-8.143968 554.171249302
-8.13896533333 554.391560403
-8.13396266667 554.475805824
-8.12896 554.57774251
-8.12395733333 554.676553845
-8.11895466667 554.688914678
-8.113952 554.837528173
-8.10894933333 554.929925942
-8.10394666667 554.89165544
-8.098944 555.041682531
-8.09394133333 555.04724723
-8.08893866667 555.242951839
-8.083936 555.126082682
-8.07893333333 555.060268015
-8.07393066667 554.891111179
-8.068928 554.68951962
-8.06392533333 554.520718326
-8.05892266667 554.674993788
-8.05392 554.942069233
-8.04891733333 555.464824869
-8.04391466667 556.059874571
-8.038912 556.900851821
-8.03390933333 557.292854674
-8.02890666667 557.750863518
-8.023904 557.831034267
-8.01890133333 558.08803355
-8.01389866667 558.070923556
-8.008896 558.019675858
-8.00389333333 557.98636584
-7.99889066667 558.020625765
-7.993888 558.006431302
-7.98888533333 558.320647824
-7.98388266667 558.486890794
-7.97888 558.976914863
-7.97387733333 559.274765605
-7.96887466667 559.989987572
-7.963872 560.490041919
-7.95886933333 561.085617535
-7.95386666667 561.268072885
-7.948864 561.72710908
-7.94386133333 561.990655256
-7.93885866667 562.345699174
-7.933856 562.590122726
-7.92885333333 563.026350408
-7.92385066667 563.264218369
-7.918848 563.815390815
-7.91384533333 564.149439279
-7.90884266667 564.880013771
-7.90384 565.220529262
-7.89883733333 565.960142679
-7.89383466667 566.414874636
-7.888832 567.364904625
-7.88382933333 567.970838063
-7.87882666667 569.127885324
-7.873824 569.8130746
-7.86882133333 570.900194633
-7.86381866667 571.716208408
-7.858816 572.711545705
-7.85381333333 573.692646715
-7.84881066667 574.91378961
-7.843808 575.735813611
-7.83880533333 576.686577599
-7.83380266667 577.439806245
-7.8288 578.173172384
-7.82379733333 578.599245164
-7.81879466667 579.012854525
-7.813792 579.358222106
-7.80878933333 580.092531766
-7.80378666667 580.523521833
-7.798784 581.330812874
-7.79378133333 581.976942634
-7.78877866667 582.928014532
-7.783776 583.536610543
-7.77877333333 584.322687582
-7.77377066667 584.819714675
-7.768768 585.477096318
-7.76376533333 586.035330326
-7.75876266667 586.727821215
-7.75376 587.0962769
-7.74875733333 587.620223583
-7.74375466667 587.761335831
-7.738752 588.097938054
-7.73374933333 588.175685744
-7.72874666667 588.180988459
-7.723744 587.990093337
-7.71874133333 588.005121507
-7.71373866667 587.521943365
-7.708736 587.242218917
-7.70373333333 586.517818904
-7.69873066667 586.239940191
-7.693728 585.788296666
-7.68872533333 585.58436694
-7.68372266667 585.157143855
-7.67872 585.028670961
-7.67371733333 584.650905476
-7.66871466667 584.483232273
-7.663712 583.930688441
-7.65870933333 583.447065688
-7.65370666667 582.999899013
-7.648704 582.584971547
-7.64370133333 582.094722092
-7.63869866667 582.058917661
-7.633696 581.86633192
-7.62869333333 582.169222771
-7.62369066667 581.970495954
-7.618688 581.866963794
-7.61368533333 581.401541222
-7.60868266667 580.966231072
-7.60368 580.450745254
-7.59867733333 580.176012916
-7.59367466667 579.571229024
-7.588672 579.197137472
-7.58366933333 578.58816091
-7.57866666667 578.261201653
-7.573664 577.954218881
-7.56866133333 577.859932453
-7.56365866667 577.359478228
-7.558656 577.258824327
-7.55365333333 576.990495693
-7.54865066667 576.860130789
-7.543648 576.428552394
-7.53864533333 576.234862231
-7.53364266667 575.802442528
-7.52864 575.5212412
-7.52363733333 575.168621177
-7.51863466667 575.025215054
-7.513632 574.719963095
-7.50862933333 574.597036119
-7.50362666667 574.254819955
-7.498624 574.097555744
-7.49362133333 573.847850604
-7.48861866667 573.697486282
-7.483616 573.265659758
-7.47861333333 573.167699054
-7.47361066667 572.712433736
-7.468608 572.641764023
-7.46360533333 572.182616625
-7.45860266667 572.001282382
-7.4536 571.545560181
-7.44859733333 571.23022587
-7.44359466667 570.520996256
-7.438592 570.080046721
-7.43358933333 569.573498272
-7.42858666667 569.265855697
-7.423584 568.715929818
-6.86126933333 556.902310467
-6.85626666667 557.33678116
-6.851264 557.315530351
-6.84626133333 557.782700928
-6.84125866667 557.677220708
-6.836256 558.098554784
-6.83125333333 558.090050388
-6.82625066667 558.444150427
-6.821248 558.291714255
-6.81624533333 558.699014577
-6.81124266667 558.586502595
-6.80624 558.710487524
-6.80123733333 558.630863136
-6.79623466667 558.751787354
-6.791232 558.677286235
-6.78622933333 558.771886016
-6.78122666667 558.406440804
-6.776224 558.604651596
-6.77122133333 558.428633241
-6.76621866667 558.669558062
-6.761216 558.461109971
-6.75621333333 558.724464734
-6.75121066667 558.663139149
-6.746208 558.767738098
-6.74120533333 558.495639661
-6.73620266667 558.647674134
-6.7312 558.485408849
-6.72619733333 558.81340762
-6.72119466667 558.645685415
-6.716192 558.806953853
-6.71118933333 558.686615352
-6.70618666667 559.058482084
-6.701184 559.043127672
-6.69618133333 559.279568795
-6.69117866667 559.222762807
-6.686176 559.603921275
-6.68117333333 559.366679845
-6.67617066667 559.661830119
-6.671168 559.557541075
-6.66616533333 559.703395176
-6.66116266667 559.185541588
-6.65616 559.298702739
-6.65115733333 558.927808427
-6.64615466667 558.86600472
-6.641152 558.27072047
-6.63614933333 558.199101949
-6.63114666667 557.754509315
-6.626144 557.686258028
-6.62114133333 557.198763307
-6.61613866667 557.270105204
-6.611136 556.845369413
-6.60613333333 556.939692418
-6.60113066667 556.558422414
-6.596128 556.609156692
-6.59112533333 556.396472904
-6.58612266667 556.318114928
-6.58112 556.023650489
-6.57611733333 556.068462371
-6.57111466667 555.872401385
-6.566112 555.925918565
-6.56110933333 555.629254455
-6.55610666667 555.791869215
-6.551104 555.653095129
-6.54610133333 555.741863004
-6.54109866667 555.471770594
-6.536096 555.616434585
-6.53109333333 555.371137182
-6.52609066667 555.387526011
-6.521088 555.167346058
-6.51608533333 555.302424786
-6.51108266667 555.125675345
-6.50608 555.320999388
-6.50107733333 555.056401241
-6.49607466667 555.276487261
-6.491072 555.142463177
-6.48606933333 555.441286637
-6.48106666667 555.216828597
-6.476064 555.515735822
-6.47106133333 555.410975611
-6.46605866667 555.51913572
-6.461056 555.372730438
-6.45605333333 555.520741482
-6.45105066667 555.476658069
-6.446048 555.699773897
-6.44104533333 555.431961152
-6.43604266667 555.786599701
-6.43104 555.570680441
-6.42603733333 555.943528733
-6.42103466667 555.648179057
-6.416032 555.866734121
-6.41102933333 555.65771689
-6.40602666667 555.82479901
-6.401024 555.555359272
-6.39602133333 555.935435138
-6.39101866667 555.882054458
-6.386016 556.135426278
-6.38101333333 555.716684579
-6.37601066667 555.959244026
-6.371008 555.607901501
-6.36600533333 555.254228602
-6.36100266667 554.561758471
-6.356 554.337679788
-6.35099733333 553.989450673
-6.34599466667 554.114615701
-6.340992 554.083229858
-6.33598933333 554.595780751
-6.33098666667 554.723551731
-6.325984 554.904180868
-6.32098133333 554.491005652
-6.31597866667 554.603457745
-6.310976 554.218339261
-6.30597333333 554.292851484
-6.30097066667 553.825139702
-6.295968 553.68552251
-6.29096533333 553.286244248
-6.28596266667 553.205917068
-6.28096 552.77493107
-6.27595733333 552.862139256
-6.27095466667 552.758446075
-6.265952 552.837887253
-6.26094933333 552.546806976
-6.25594666667 552.669412117
-6.250944 552.420717324
-6.24594133333 552.485175279
-6.24093866667 552.054725611
-6.235936 552.050194759
-6.23093333333 551.830496365
-6.22593066667 551.92788064
-6.220928 551.663788774
-6.21592533333 551.867383112
-6.21092266667 551.690873938
-6.20592 551.901079703
-6.20091733333 551.60153729
-6.19591466667 551.862584105
-6.190912 551.704439377
-6.18590933333 551.886251089
-6.18090666667 551.592505358
-6.175904 551.969852584
-6.17090133333 551.83500764
-6.16589866667 552.022235628
-6.160896 551.730898255
-6.15589333333 551.966982603
-6.15089066667 551.963475389
-6.145888 552.176761023
-6.14088533333 551.980056888
-6.13588266667 552.350771358
-6.13088 552.218229768
-6.12587733333 552.412510911
-6.12087466667 552.216023942
-6.115872 552.416435382
-6.11086933333 552.129374424
-6.10586666667 552.195007795
-6.100864 552.004375525
-6.09586133333 552.196197763
-6.09085866667 552.068866679
-6.085856 552.275198594
-6.08085333333 551.882200123
-6.07585066667 552.033287246
-6.070848 551.886437342
-6.06584533333 551.860625567
-6.06084266667 551.456429949
-6.05584 551.345634558
-6.05083733333 551.064804302
-6.04583466667 551.052404795
-6.040832 550.762094406
-6.03582933333 550.880029407
-6.03082666667 550.617476468
-6.025824 550.58647125
-6.02082133333 550.174308077
-6.01581866667 550.187333391
-6.010816 549.794127579
-6.00581333333 549.765638346
-6.00081066667 549.541214189
-5.995808 549.605814851
-5.99080533333 549.327798832
-5.98580266667 549.398031676
-5.9808 548.931009288
-5.97579733333 549.038268517
-5.97079466667 548.810806105
-5.965792 548.898090242
-5.96078933333 548.639988396
-5.95578666667 548.788074097
-5.950784 548.610804526
-5.94578133333 548.773304434
-5.94077866667 548.606875365
-5.935776 548.74449725
-5.93077333333 548.654544587
-5.92577066667 548.925116233
-5.920768 548.724000569
-5.91576533333 549.007624355
-5.91076266667 548.831224962
-5.90576 549.31010371
-5.90075733333 549.008573116
-5.89575466667 549.40033902
-5.890752 549.307229501
-5.88574933333 549.606014722
-5.88074666667 549.459580033
-5.875744 549.774723202
-5.87074133333 549.873447374
-5.86573866667 550.194227266
-5.860736 550.073334971
-5.85573333333 550.417755335
-5.85073066667 550.539863868
-5.845728 550.94210541
-5.84072533333 551.045933251
-5.83572266667 551.596903265
-5.83072 551.728403289
-5.82571733333 552.166869187
-5.82071466667 552.394123491
-5.815712 552.849461293
-5.81070933333 553.055896346
-5.80570666667 553.648292932
-5.800704 553.763915005
-5.79570133333 554.394380404
-5.79069866667 554.531866176
-5.785696 554.872150162
-5.78069333333 554.739215718
-5.77569066667 555.329301971
-5.770688 555.504210156
-5.76568533333 556.136040823
-5.76068266667 556.540730739
-5.75568 557.568904488
-5.75067733333 558.321022213
-5.74567466667 559.055717865
-5.740672 559.519036005
-5.73566933333 560.212332429
-5.73066666667 560.454751833
-5.725664 560.783093259
-5.72066133333 560.750513787
-5.71565866667 561.132945894
-5.710656 561.456206611
-5.70565333333 561.791472503
-5.70065066667 562.216395694
-5.695648 562.963168488
-5.69064533333 563.344062
-5.68564266667 564.256021916
-5.68064 564.68298697
-5.67563733333 565.593137376
-5.67063466667 566.377761368
-5.665632 567.513529585
-5.66062933333 568.598020989
-5.65562666667 570.586199621
-5.650624 573.238259572
-5.64562133333 576.124025691
-5.64061866667 578.281656928
-5.635616 580.345988073
-5.63061333333 581.707368039
-5.62561066667 583.288729913
-5.620608 584.391555984
-5.61560533333 585.637246063
-5.61060266667 586.222142279
-5.6056 586.952263953
-5.60059733333 586.948183861
-5.59559466667 587.288591094
-5.590592 587.342880956
-5.58558933333 587.504676922
-5.58058666667 587.251101221
-5.575584 587.356266446
-5.57058133333 587.028172156
-5.56557866667 586.796890663
-5.560576 586.01907967
-5.55557333333 585.792309497
-5.55057066667 585.233611362
-5.545568 585.103862598
-5.54056533333 584.555509148
-5.53556266667 584.675395622
-5.53056 584.548012316
-5.52555733333 584.94690319
-5.52055466667 584.804999892
-5.515552 585.067674281
-5.51054933333 585.049713269
-5.50554666667 585.340205806
-5.500544 585.132837788
-5.49554133333 585.514767681
-5.49053866667 585.537134393
-5.485536 586.029870255
-5.48053333333 585.815434359
-5.47553066667 586.138249179
-5.470528 586.074226087
-5.46552533333 586.287346784
-5.46052266667 585.997451667
-5.45552 586.177871147
-5.45051733333 585.981867642
-5.44551466667 586.148814993
-5.440512 585.776419083
-5.43550933333 585.775835148
-5.43050666667 585.301056802
-5.425504 585.057942545
-5.42050133333 584.450626045
-5.41549866667 584.470417931
-5.410496 584.164284646
-5.40549333333 584.128074705
-5.40049066667 583.629916674
-5.395488 583.67275133
-5.39048533333 583.370974057
-5.38548266667 583.442131903
-5.38048 583.082888863
-5.37547733333 583.30858164
-5.37047466667 583.102218611
-5.365472 583.210039072
-5.36046933333 582.901251099
-5.35546666667 583.035048578
-5.350464 582.678076312
-5.34546133333 582.405191997
-5.34045866667 581.717344082
-5.335456 581.653221233
-5.33045333333 581.377628557
-5.32545066667 581.518022272
-5.320448 581.212578061
-5.31544533333 581.453517444
-5.31044266667 581.357359554
-5.30544 581.491876161
-5.30043733333 581.213977714
-5.29543466667 581.345965101
-5.290432 581.264648109
-5.28542933333 581.367368354
-5.28042666667 581.156140898
-5.275424 581.483827414
-5.27042133333 581.563499587
-5.26541866667 582.059499221
-5.260416 582.366508587
-5.25541333333 583.129924297
-5.25041066667 583.5132084
-5.245408 584.179489454
-5.24040533333 584.617110962
-5.23540266667 585.294884137
-5.2304 585.791776178
-5.22539733333 586.485395408
-5.22039466667 586.766066135
-5.215392 587.639376958
-5.21038933333 588.252409178
-5.20538666667 589.047232328
-5.200384 589.364556509
-5.19538133333 590.125341445
-5.19037866667 590.503984052
-5.185376 591.161117466
-5.18037333333 591.271096206
-5.17537066667 591.791291038
-5.170368 591.652086759
-5.16536533333 591.966653537
-5.16036266667 591.861775849
-5.15536 592.238686348
-5.15035733333 592.192044647
-5.14535466667 592.685278781
-5.140352 592.553575876
-5.13534933333 592.884321438
-5.13034666667 592.890331215
-5.125344 593.1540549
-5.12034133333 592.979615014
-5.11533866667 593.252008268
-5.110336 593.017341463
-5.10533333333 593.192818692
-5.10033066667 592.871957954
-5.095328 592.793472137
-5.09032533333 592.280807153
-5.08532266667 592.204579324
-5.08032 591.518782026
-5.07531733333 591.522393446
-5.07031466667 591.135792914
-5.065312 591.229844482
-5.06030933333 590.882817266
-5.05530666667 590.88541748
-5.050304 590.324572131
-5.04530133333 590.23275199
-5.04029866667 589.573042095
-5.035296 589.367406083
-5.03029333333 588.74992513
-5.02529066667 588.571614977
-5.020288 587.938776094
-5.01528533333 587.850893292
-5.01028266667 587.490601085
-5.00528 587.231241006
-5.00027733333 586.394402171
-4.99527466667 586.205826743
-4.990272 585.566381178
-4.98526933333 585.535262564
-4.98026666667 585.170288419
-4.975264 585.592780296
-4.97026133333 585.522806537
-4.96525866667 585.663337776
-4.960256 585.16759308
-4.95525333333 585.007417741
-4.95025066667 584.257204949
-4.945248 584.052961832
-4.94024533333 583.469798775
-4.93524266667 583.228490239
-4.93024 582.780023106
-4.92523733333 582.67858919
-4.92023466667 582.146991716
-4.915232 582.091687719
-4.91022933333 581.602078035
-4.90522666667 581.555654903
-4.900224 581.140135517
-4.89522133333 581.169717092
-4.89021866667 580.754850149
-4.885216 580.653822541
-4.88021333333 580.138598454
-4.87521066667 580.116779169
-4.870208 579.546577162
-4.86520533333 579.535940052
-4.86020266667 579.012481352
-4.8552 578.835617126
-4.85019733333 578.337460526
-4.84519466667 578.274129622
-4.840192 577.883557133
-4.83518933333 577.900647147
-4.83018666667 577.436519141
-4.825184 577.139810828
-4.82018133333 576.170221014
-4.81517866667 575.648058487
-4.810176 574.96382072
-4.80517333333 574.58644321
-4.80017066667 574.068766183
-4.795168 574.066249209
-4.79016533333 573.797459424
-4.78516266667 573.737118444
-4.78016 572.916190185
-4.77515733333 572.315372545
-4.77015466667 571.152328256
-4.765152 570.120565981
-4.76014933333 568.593356884
-4.75514666667 567.58223335
-4.750144 566.751684481
-4.74514133333 566.082348405
-4.74013866667 565.349832907
-4.735136 564.906675389
-4.73013333333 564.19934104
-4.72513066667 563.845719551
-4.720128 563.091363124
-4.71512533333 562.70167166
-4.71012266667 562.10600825
-4.70512 561.970727352
-4.70011733333 561.369667912
-4.69511466667 561.222236672
-4.690112 560.932034528
-4.68510933333 560.816491993
-4.68010666667 560.367560804
-4.675104 560.373441279
-4.67010133333 560.173285552
-4.66509866667 560.367752725
-4.660096 559.939490313
-4.65509333333 560.121626449
-4.65009066667 559.903343691
-4.645088 560.023719765
-4.64008533333 559.834198268
-4.63508266667 560.001537599
-4.63008 559.961653067
-4.62507733333 560.152289088
-4.62007466667 559.898008599
-4.615072 560.245607837
-4.61006933333 560.235053131
-4.60506666667 560.468455309
-4.600064 560.292842091
-4.59506133333 560.699036882
-4.59005866667 560.657465012
-4.585056 561.013528489
-4.58005333333 560.966606143
-4.57505066667 561.260047881
-4.570048 561.390168706
-4.56504533333 561.649248504
-4.56004266667 561.554562814
-4.55504 561.771279721
-4.55003733333 561.807503023
-4.54503466667 562.094495863
-4.540032 561.903181207
-4.53502933333 561.973278853
-4.53002666667 561.764855153
-4.525024 561.819616117
-4.52002133333 561.537083132
-4.51501866667 561.623616051
-4.510016 561.440210965
-4.50501333333 561.563214351
-4.50001066667 561.088109083
-4.495008 561.200186336
-4.49000533333 561.056610378
-4.48500266667 561.062014536
-4.48 560.682503865
-4.47499733333 560.654636399
-4.46999466667 560.47923487
-4.464992 560.381093955
-4.45998933333 559.904899313
-4.45498666667 559.896455858
-4.449984 559.580524922
-4.44498133333 559.452281211
-4.43997866667 558.903989617
-4.434976 558.818509949
-4.42997333333 558.358214774
-4.42497066667 558.170520949
-4.419968 557.626098099
-4.41496533333 557.522758787
-4.40996266667 557.260871327
-4.40496 557.325345436
-4.39995733333 556.886404208
-4.39495466667 557.001416672
-4.389952 556.862794724
-4.38494933333 556.790373341
-4.37994666667 556.398580082
-4.374944 556.489194977
-4.36994133333 556.216985017
-4.36493866667 556.272358194
-4.359936 556.071275081
-4.35493333333 556.224117816
-4.34993066667 555.953235834
-4.344928 555.955001092
-4.33992533333 555.479472302
-4.33492266667 555.347049119
-4.32992 554.77334953
-4.32491733333 554.670497279
-4.31991466667 554.192525663
-4.314912 554.353869441
-4.30990933333 554.448891718
-4.30490666667 554.829795198
-4.299904 554.464472992
-4.29490133333 554.49069167
-4.28989866667 554.149070091
-4.284896 553.831670208
-4.27989333333 553.313655907
-4.27489066667 552.902342937
-4.269888 552.17468522
-4.26488533333 551.827452585
-4.25988266667 551.408834108
-4.25488 551.269884664
-4.24987733333 550.962790848
-4.24487466667 551.072633562
-4.239872 550.717361289
-4.23486933333 550.9631684
-4.22986666667 550.757058016
-4.224864 550.616468107
-4.21986133333 550.113717436
-4.21485866667 550.06582522
-4.209856 549.456328649
-4.20485333333 549.317188053
-4.19985066667 548.963849906
-4.194848 549.072081439
-4.18984533333 548.938786172
-4.18484266667 549.102510568
-4.17984 548.829254387
-4.17483733333 548.870255449
-4.16983466667 548.717515351
-4.164832 548.755599869
-4.15982933333 548.411718302
-4.15482666667 548.445788052
-4.149824 548.390409041
-4.14482133333 548.373709469
-4.13981866667 548.159091141
-4.134816 548.340454
-4.12981333333 548.148124234
-4.12481066667 548.203151817
-4.119808 547.910957375
-4.11480533333 548.033933227
-4.10980266667 547.963711884
-4.1048 547.96393762
-4.09979733333 547.700196088
-4.09479466667 547.752437683
-4.089792 547.560682358
-4.08478933333 547.515586722
-4.07978666667 547.114341588
-4.074784 547.261587977
-4.06978133333 547.05438834
-4.06477866667 547.239257377
-4.059776 546.826978337
-4.05477333333 546.859714741
-4.04977066667 546.689741792
-4.044768 546.806562477
-4.03976533333 546.64756802
-4.03476266667 546.639844037
-4.02976 546.394134014
-4.02475733333 546.309832565
-4.01975466667 545.927199607
-4.014752 546.038097604
-4.00974933333 545.758285975
-4.00474666667 545.813355499
-3.999744 545.43052451
-3.99474133333 545.332633005
-3.98973866667 545.194527754
-3.984736 545.138017938
-3.97973333333 544.94092525
-3.97473066667 544.992979229
-3.969728 544.698766891
-3.96472533333 544.585440899
-3.95972266667 544.016144935
-3.95472 543.972263224
-3.94971733333 543.75213777
-3.94471466667 543.659539886
-3.939712 543.306655278
-3.93470933333 543.499142341
-3.92970666667 543.442588324
-3.924704 543.353013001
-3.91970133333 543.28063668
-3.91469866667 543.275916091
-3.909696 543.136347882
-3.90469333333 543.237422937
-3.89969066667 543.001093687
-3.894688 543.072539992
-3.88968533333 542.92275389
-3.88468266667 542.888909932
-3.87968 542.592177712
-3.87467733333 542.718781119
-3.86967466667 542.646475867
-3.864672 542.89384295
-3.85966933333 542.86512829
-3.85466666667 543.182538604
-3.849664 543.374793053
-3.84466133333 543.835462698
-3.83965866667 544.058188951
-3.834656 544.651936485
-3.82965333333 545.144910399
-3.82465066667 546.026356416
-3.819648 546.436468017
-3.81464533333 547.089562262
-3.80964266667 547.101753647
-3.80464 547.435935158
-3.79963733333 547.629137472
-3.79463466667 547.916488314
-3.789632 548.059369131
-3.78462933333 548.379565529
-3.77962666667 548.309248201
-3.774624 548.662655138
-3.76962133333 548.95191965
-3.76461866667 549.351600276
-3.759616 549.55221607
-3.75461333333 550.024878302
-3.74961066667 550.379587802
-3.744608 551.201394679
-3.73960533333 551.763142232
-3.73460266667 552.573591489
-3.7296 552.957453877
-3.72459733333 553.451484644
-3.71959466667 553.603870016
-3.714592 554.176345567
-3.70958933333 554.426404771
-3.70458666667 555.151517033
-3.699584 555.533760366
-3.69458133333 556.108699059
-3.68957866667 556.420408891
-3.684576 557.120593358
-3.67957333333 557.393789164
-3.67457066667 558.033317586
-3.669568 558.181430058
-3.66456533333 558.542158603
-3.65956266667 558.482214121
-3.65456 558.644516687
-3.64955733333 558.340742976
-3.64455466667 558.50264076
-3.639552 558.343150461
-3.63454933333 558.711092104
-3.62954666667 558.962833056
-3.624544 559.603178865
-3.61954133333 559.635003808
-3.61453866667 560.07959653
-3.609536 559.991609637
-3.60453333333 560.425064592
-3.59953066667 560.326273209
-3.594528 560.629977171
-3.58952533333 560.537411883
-3.58452266667 560.646531562
-3.57952 560.582481891
-3.57451733333 560.758486436
-3.56951466667 560.630854819
-3.564512 561.047134713
-3.55950933333 560.908801428
-3.55450666667 561.006351296
-3.549504 560.913185133
-3.54450133333 561.040963889
-3.53949866667 560.775194206
-3.534496 561.017662223
-3.52949333333 560.842958702
-3.52449066667 561.130770648
-3.519488 561.064866063
-3.51448533333 561.41523637
-3.50948266667 561.639988171
-3.50448 561.943513174
-3.49947733333 562.008483927
-3.49447466667 562.398785861
-3.489472 562.446167296
-3.48446933333 562.700870902
-3.47946666667 562.673190771
-3.474464 563.008487461
-3.46946133333 563.148354265
-3.46445866667 563.563342077
-3.459456 563.669476771
-3.45445333333 564.011353413
-3.44945066667 564.352429192
-3.444448 564.818415177
-3.43944533333 564.96293812
-3.43444266667 565.645687277
-3.42944 566.006783915
-3.42443733333 566.666676665
-3.41943466667 567.047450613
-3.414432 567.865746956
-3.40942933333 568.532018727
-3.40442666667 569.419963042
-3.399424 570.000895724
-3.39442133333 571.122879175
-3.38941866667 571.827681622
-3.384416 572.891346149
-3.37941333333 573.52988637
-3.37441066667 574.596096093
-3.369408 575.552837586
-3.36440533333 576.962191978
-3.35940266667 578.340017122
-3.3544 580.102314083
-3.34939733333 581.51324479
-3.34439466667 583.1427444
-3.339392 584.762420136
-3.33438933333 587.058286737
-3.32938666667 589.430007037
-3.324384 592.283679199
-3.31938133333 594.76450256
-3.31437866667 597.667478456
-3.309376 600.341008031
-3.30437333333 603.084412323
-3.29937066667 604.973200376
-3.294368 606.918647438
-3.28936533333 608.396720993
-3.28436266667 610.005319118
-3.27936 611.291432883
-3.27435733333 613.060557187
-3.26935466667 614.434141321
-3.264352 616.218753857
-3.25934933333 617.713628832
-3.25434666667 619.782417374
-3.249344 621.396201887
-3.24434133333 623.282614724
-3.23933866667 624.451716701
-3.234336 626.029569904
-3.22933333333 627.474682716
-3.22433066667 629.157890371
-3.219328 630.246766555
-3.21432533333 631.781271838
-3.20932266667 632.850850205
-3.20432 634.343153757
-3.19931733333 635.192509668
-3.19431466667 636.334124596
-3.189312 636.818643849
-3.18430933333 637.77060784
-3.17930666667 637.977446096
-3.174304 638.474006078
-3.16930133333 638.42904391
-3.16429866667 638.576458095
-3.159296 637.993163657
-3.15429333333 638.198129882
-3.14929066667 637.930631985
-3.144288 638.055842743
-3.13928533333 637.900466643
-3.13428266667 638.569882341
-3.12928 638.68613344
-3.12427733333 639.07631756
-3.11927466667 639.044331082
-3.114272 639.350993195
-3.10926933333 639.214132527
-3.10426666667 639.065026141
-3.099264 638.539651382
-3.09426133333 638.203425308
-3.08925866667 637.49741927
-3.084256 637.37643641
-3.07925333333 637.032348662
-3.07425066667 637.359497577
-3.069248 637.25555642
-3.06424533333 637.319872171
-3.05924266667 636.959846135
-3.05424 637.084794628
-3.04923733333 636.201591687
-3.04423466667 635.734712104
-3.039232 634.578884994
-3.03422933333 634.017931425
-3.02922666667 633.567177339
-3.024224 633.752169715
-3.01922133333 632.95476665
-3.01421866667 632.085114859
-3.009216 630.603127108
-3.00421333333 629.515051254
-2.99921066667 628.165690436
-2.994208 627.718780533
-2.98920533333 627.026690948
-2.98420266667 627.368252664
-2.9792 627.137918192
-2.97419733333 627.355508899
-2.96919466667 627.258381532
-2.964192 627.471763406
-2.95918933333 626.994677536
-2.95418666667 626.505035442
-2.949184 624.855534689
-2.94418133333 623.115739545
-2.93917866667 620.652731367
-2.934176 618.715801105
-2.92917333333 616.983164564
-2.92417066667 616.325603158
-2.919168 615.765932968
-2.91416533333 616.309364811
-2.90916266667 616.518321707
-2.90416 617.224447269
-2.89915733333 617.422156475
-2.89415466667 618.023313879
-2.889152 618.298953273
-2.88414933333 618.979686526
-2.87914666667 619.206745451
-2.874144 619.694133885
-2.86914133333 619.895372135
-2.86413866667 620.334642426
-2.859136 620.255761189
-2.85413333333 620.602117362
-2.84913066667 620.67201203
-2.844128 621.666195896
-2.83912533333 622.33408188
-2.83412266667 623.555993747
-2.82912 624.662190584
-2.82411733333 626.273578816
-2.81911466667 627.270992351
-2.814112 628.925223086
-2.80910933333 629.893647833
-2.80410666667 631.088142701
-2.799104 631.656003218
-2.79410133333 632.307925817
-2.78909866667 632.429436948
-2.784096 632.755081593
-2.77909333333 632.516400975
-2.77409066667 632.461643598
-2.769088 631.720059515
-2.76408533333 631.569743155
-2.75908266667 630.682497326
-2.75408 630.563370143
-2.74907733333 629.907038553
-2.74407466667 629.991576013
-2.739072 629.238621097
-2.73406933333 629.15059263
-2.72906666667 628.499999221
-2.724064 628.270016603
-2.71906133333 627.454126018
-2.71405866667 627.255202636
-2.709056 626.446096439
-2.70405333333 626.01247518
-2.69905066667 624.694729531
-2.694048 624.076858962
-2.68904533333 622.968349441
-2.68404266667 622.158957045
-2.67904 620.805944053
-2.67403733333 620.215604361
-2.66903466667 619.203243525
-2.664032 618.739065853
-2.65902933333 617.665516982
-2.65402666667 617.359115868
-2.649024 616.557990879
-2.64402133333 616.334406022
-2.63901866667 615.887008144
-2.634016 615.89156705
-2.62901333333 615.39655685
-2.62401066667 615.499575257
-2.619008 614.941560615
-2.61400533333 614.869197234
-2.60900266667 614.185080446
-2.604 614.181305829
-2.59899733333 613.676605079
-2.59399466667 613.60290094
-2.588992 613.30729784
-2.58398933333 613.377506995
-2.57898666667 612.899467354
-2.573984 613.125551148
-2.56898133333 613.019679078
-2.56397866667 613.16603532
-2.558976 612.925246528
-2.55397333333 613.398354692
-2.54897066667 613.460986543
-2.543968 614.13205635
-2.53896533333 614.332000164
-2.53396266667 615.269693393
-2.52896 615.944155133
-2.52395733333 616.891333369
-2.51895466667 617.652784286
-2.513952 619.010188401
-2.50894933333 619.929290074
-2.50394666667 621.166428955
-2.498944 621.775319867
-2.49394133333 623.000705517
-2.48893866667 623.49571288
-2.483936 624.259968344
-2.47893333333 624.450722319
-2.47393066667 625.470043122
-2.468928 625.848638811
-2.46392533333 626.718636447
-2.45892266667 626.704949551
-2.45392 626.701303612
-2.44891733333 625.997121237
-2.44391466667 625.842269052
-2.438912 625.571532686
-2.43390933333 626.147723969
-2.42890666667 626.675827468
-2.423904 627.661669867
-2.41890133333 628.505693204
-2.41389866667 630.392380023
-2.408896 631.551826629
-2.40389333333 632.871932187
-2.39889066667 633.326533936
-2.393888 633.948831405
-2.38888533333 634.069648128
-2.38388266667 634.581057823
-2.37888 634.573044473
-2.37387733333 634.855798516
-2.36887466667 634.201851856
-2.363872 633.899108378
-2.35886933333 632.916934928
-2.35386666667 632.46737003
-2.348864 631.428397023
-2.34386133333 630.795867987
-2.33885866667 629.693611432
-2.333856 628.648060447
-2.32885333333 627.146898162
-2.32385066667 625.866482854
-2.318848 624.442180944
-2.31384533333 623.831488137
-2.30884266667 622.769626886
-2.30384 621.672956629
-2.29883733333 619.981353867
-2.29383466667 619.02439814
-2.288832 617.172029173
-2.28382933333 615.750956884
-2.27882666667 613.622773774
-2.273824 611.834802777
-2.26882133333 609.403880582
-2.26381866667 607.60229591
-2.258816 605.591144969
-2.25381333333 603.784547411
-2.24881066667 601.567329978
-2.243808 599.485953598
-2.23880533333 597.133567937
-2.23380266667 595.605890806
-2.2288 594.016147047
-2.22379733333 592.793745559
-2.21879466667 591.294203622
-2.213792 590.114335176
-2.20878933333 588.502684326
-2.20378666667 587.54943793
-2.198784 586.126738246
-2.19378133333 585.359903698
-2.18877866667 584.189708331
-2.183776 583.423402441
-2.17877333333 582.44147574
-2.17377066667 581.862374823
-2.168768 581.153117453
-2.16376533333 580.690902751
-2.15876266667 579.873563012
-2.15376 579.453360624
-2.14875733333 578.685292272
-2.14375466667 578.272998034
-2.138752 577.51779936
-2.13374933333 577.270451252
-2.12874666667 576.549083662
-2.123744 576.23023141
-2.11874133333 575.470240314
-2.11373866667 575.097760176
-2.108736 574.365200526
-2.10373333333 573.994872404
-2.09873066667 573.284721431
-2.093728 573.011893696
-2.08872533333 572.336578872
-2.08372266667 571.91215974
-2.07872 571.296090235
-2.07371733333 571.041790661
-2.06871466667 570.429191407
-2.063712 570.197750795
-2.05870933333 569.742047426
-2.05370666667 569.627086334
-2.048704 569.390890754
-2.04370133333 569.300801679
-2.03869866667 568.832951401
-2.033696 568.908613905
-2.02869333333 568.658726596
-2.02369066667 568.659217711
-2.018688 568.232517965
-2.01368533333 568.152643178
-2.00868266667 567.849776848
-2.00368 567.751723277
-1.99867733333 567.281071193
-1.99367466667 567.070951515
-1.988672 566.482373702
-1.98366933333 565.988587451
-1.97866666667 565.078190496
-1.973664 564.474796014
-1.96866133333 563.505399595
-1.96365866667 562.842909292
-1.958656 561.972863882
-1.95365333333 561.367598172
-1.94865066667 560.266930235
-1.943648 559.526801064
-1.93864533333 558.456565692
-1.93364266667 557.719940417
-1.92864 556.698522672
-1.92363733333 555.947540717
-1.91863466667 554.90659516
-1.913632 554.002739531
-1.90862933333 552.826611249
-1.90362666667 551.776162491
-1.898624 550.401931326
-1.89362133333 549.435073868
-1.88861866667 548.476266946
-1.883616 547.902680365
-1.87861333333 547.043594879
-1.87361066667 546.778270546
-1.868608 546.015499474
-1.86360533333 545.720703849
-1.85860266667 544.975019955
-1.8536 544.603289148
-1.84859733333 543.616305762
-1.84359466667 542.842425496
-1.838592 541.50998609
-1.83358933333 540.640817581
-1.82858666667 539.711448927
-1.823584 539.078971697
-1.81858133333 538.026961108
-1.81357866667 536.932662207
-1.808576 535.532309658
-1.80357333333 534.324816889
-1.79857066667 532.722836476
-1.793568 531.316931164
-1.78856533333 529.712487765
-1.78356266667 528.398080001
-1.77856 526.948948839
-1.77355733333 525.965210758
-1.76855466667 524.227499337
-1.763552 522.737465558
-1.75854933333 520.891508166
-1.75354666667 519.305750001
-1.748544 517.345235046
-1.74354133333 515.475978444
-1.73853866667 513.503910723
-1.733536 512.011653164
-1.72853333333 510.221302686
-1.72353066667 508.859730543
-1.718528 507.305546321
-1.71352533333 506.137807262
-1.70852266667 504.779538807
-1.70352 503.684972959
-1.69851733333 502.329510949
-1.69351466667 501.194765067
-1.688512 499.803901622
-1.68350933333 498.817276455
-1.67850666667 497.504985137
-1.673504 496.498112346
-1.66850133333 495.388884286
-1.66349866667 494.46341087
-1.658496 493.252183528
-1.65349333333 492.703044276
-1.64849066667 491.990591777
-1.643488 491.796921793
-1.63848533333 491.393906541
-1.63348266667 491.184938666
-1.62848 490.903990391
-1.62347733333 491.001136471
-1.61847466667 491.099079732
-1.613472 491.556942368
-1.60846933333 492.067382234
-1.60346666667 493.048318586
-1.598464 493.883573258
-1.59346133333 495.40061169
-1.58845866667 496.445596607
-1.583456 497.698649102
-1.57845333333 498.912539617
-1.57345066667 500.578181042
-1.568448 502.128629839
-1.56344533333 504.22575769
-1.55844266667 506.06860056
-1.55344 508.673370404
-1.54843733333 511.104936758
-1.54343466667 513.837098661
-1.538432 516.378195572
-1.53342933333 518.837315823
-1.52842666667 520.943392184
-1.523424 523.40007541
-1.51842133333 525.486095998
-1.51341866667 527.768929103
-1.508416 529.40307398
-1.50341333333 531.409142048
-1.49841066667 533.733585275
-1.493408 535.861277527
-1.48840533333 538.37816098
-1.48340266667 541.461660041
-1.4784 543.358422895
-1.47339733333 545.234578277
-1.46839466667 547.277970832
-1.463392 549.973200864
-1.45838933333 552.439997455
-1.45338666667 555.667595023
-1.448384 558.748180304
-1.44338133333 562.99582103
-1.43837866667 567.022299579
-1.433376 570.844605486
-1.42837333333 572.722801391
-1.42337066667 574.173439814
-1.418368 575.19265715
-1.41336533333 576.668397358
-1.40836266667 577.699889797
-1.40336 578.823784302
-1.39835733333 579.029620767
-1.39335466667 579.427323902
-1.388352 579.274167617
-1.38334933333 579.283342538
-1.37834666667 578.739568369
-1.373344 578.629309031
-1.36834133333 578.19889473
-1.36333866667 577.752159164
-1.358336 577.045188962
-1.35333333333 576.643451887
-1.34833066667 576.091910868
-1.343328 575.557495279
-1.33832533333 574.801558723
-1.33332266667 573.900668987
-1.32832 572.752906678
-1.32331733333 571.30167525
-1.31831466667 569.769123027
-1.313312 568.422943228
-1.30830933333 566.714723819
-1.30330666667 565.798356662
-1.298304 564.476423723
-1.29330133333 563.388768016
-1.28829866667 561.88269685
-1.283296 560.528199368
-1.27829333333 559.404836458
-1.27329066667 558.745953707
-1.268288 558.125654971
-1.26328533333 557.871530627
-1.25828266667 557.200073975
-1.25328 556.909755787
-1.24827733333 556.364884509
-1.24327466667 556.00875569
-1.238272 555.443400198
-1.23326933333 555.179792623
-1.22826666667 554.72425074
-1.223264 554.431525938
-1.21826133333 553.703461652
-1.21325866667 553.265519314
-1.208256 552.499078489
-1.20325333333 552.184372763
-1.19825066667 551.371491693
-1.193248 550.899500637
-1.18824533333 550.018038334
-1.18324266667 549.538071046
-1.17824 548.519620755
-1.17323733333 548.160224048
-1.16823466667 547.784548069
-1.163232 547.75992314
-1.15822933333 547.442286028
-1.15322666667 547.519911109
-1.148224 547.224677382
-1.14322133333 547.074838181
-1.13821866667 546.800504769
-1.133216 546.693613474
-1.12821333333 546.440182916
-1.12321066667 546.586446241
-1.118208 546.387966426
-1.11320533333 546.543351331
-1.10820266667 546.453256003
-1.1032 546.618721075
-1.09819733333 546.646213153
-1.09319466667 546.817858574
-1.088192 546.697864812
-1.08318933333 546.818707942
-1.07818666667 546.504615042
-1.073184 546.344995802
-1.06818133333 546.078284399
-1.06317866667 545.994882528
-1.058176 545.729888452
-1.05317333333 545.718436602
-1.04817066667 545.44270579
-1.043168 545.338742286
-1.03816533333 545.153423799
-1.03316266667 545.204485402
-1.02816 545.110075742
-1.02315733333 544.972186608
-1.01815466667 544.553320571
-1.013152 544.538591991
-1.00814933333 544.40568386
-1.00314666667 544.459209201
-0.998144 544.319599334
-0.993141333333 544.847956567
-0.988138666667 545.189771381
-0.983136 545.776712349
-0.978133333333 545.736404108
-0.973130666667 546.01553775
-0.968128 546.026423017
-0.963125333333 546.256616261
-0.958122666667 546.141079337
-0.95312 546.309399616
-0.948117333333 545.94222801
-0.943114666667 545.655400281
-0.938112 544.970714702
-0.933109333333 544.84340373
-0.928106666667 544.279492749
-0.923104 544.087372992
-0.918101333333 543.627426898
-0.913098666667 543.504050564
-0.908096 543.13127257
-0.903093333333 543.056829553
-0.898090666667 542.437375857
-0.893088 542.474662141
-0.888085333333 542.028660946
-0.883082666667 542.044793736
-0.87808 541.413753035
-0.873077333333 541.347312552
-0.868074666667 540.725517624
-0.863072 540.467356748
-0.858069333333 539.711633764
-0.853066666667 539.418044212
-0.848064 538.824520286
-0.843061333333 538.380300277
-0.838058666667 537.589073066
-0.833056 537.166014621
-0.828053333333 536.551372868
-0.823050666667 536.088218399
-0.818048 535.327149631
-0.813045333333 534.888857046
-0.808042666667 534.220940703
-0.80304 533.827734842
-0.798037333333 532.901330384
-0.793034666667 532.236245895
-0.788032 531.352210468
-0.783029333333 530.842662741
-0.778026666667 530.0242522
-0.773024 529.454205735
-0.768021333333 528.847250472
-0.763018666667 528.208972138
-0.758016 527.659906559
-0.753013333333 527.581335997
-0.748010666667 527.094501139
-0.743008 526.659939818
-0.738005333333 526.102208248
-0.733002666667 526.025685602
-0.728 525.765408718
-0.722997333333 525.558495474
-0.717994666667 524.912931212
-0.712992 524.588133029
-0.707989333333 523.921531096
-0.702986666667 523.627058366
-0.697984 522.927940132
-0.692981333333 522.668306077
-0.687978666667 522.307039724
-0.682976 522.265431936
-0.677973333333 521.855379339
-0.672970666667 521.791522356
-0.667968 521.664645069
-0.662965333333 521.682615186
-0.657962666667 521.285545814
-0.65296 521.09414589
-0.647957333333 520.887722915
-0.642954666667 520.833253432
-0.637952 520.571745119
-0.632949333333 520.798353066
-0.627946666667 520.741027246
-0.622944 520.877952595
-0.617941333333 520.91378483
-0.612938666667 521.186276209
-0.607936 521.339257286
-0.602933333333 521.552439163
-0.597930666667 521.543147146
-0.592928 521.845265274
-0.587925333333 521.750226106
-0.582922666667 521.949058525
-0.57792 521.558425339
-0.572917333333 521.415463947
-0.567914666667 520.958868979
-0.562912 520.813988361
-0.557909333333 520.313556115
-0.552906666667 520.317387544
-0.547904 520.064407802
-0.542901333333 519.886135318
-0.537898666667 519.381284882
-0.532896 519.222853651
-0.527893333333 518.822779703
-0.522890666667 518.626195174
-0.517888 517.86159318
-0.512885333333 517.328090677
-0.507882666667 516.539276297
-0.50288 516.235628699
-0.497877333333 515.665479297
-0.492874666667 515.56147276
-0.487872 515.164677498
-0.482869333333 514.792995213
-0.477866666667 514.084106322
-0.472864 513.713685974
-0.467861333333 513.27464377
-0.462858666667 513.024129675
-0.457856 512.341119911
-0.452853333333 512.083850577
-0.447850666667 511.47454173
-0.442848 510.709775349
-0.437845333333 510.022596206
-0.432842666667 509.727844339
-0.42784 509.324059619
-0.422837333333 509.049990512
-0.417834666667 508.521434135
-0.412832 508.261762798
-0.407829333333 507.893219622
-0.402826666667 507.573080434
-0.397824 507.065158108
-0.392821333333 507.029918649
-0.387818666667 506.74966672
-0.382816 506.805422577
-0.377813333333 506.340176174
-0.372810666667 506.32231168
-0.367808 505.964767033
-0.362805333333 506.029007769
-0.357802666667 505.592074427
-0.3528 505.715939615
-0.347797333333 506.023275606
-0.342794666667 506.797286239
-0.337792 507.855788314
-0.332789333333 508.998073573
-0.327786666667 509.721446912
-0.322784 510.492144978
-0.317781333333 511.149957029
-0.312778666667 512.24827145
-0.307776 513.014978879
-0.302773333333 513.971292397
-0.297770666667 514.875683313
-0.292768 516.167326454
-0.287765333333 516.49697726
-0.282762666667 517.346135923
-0.27776 518.044967035
-0.272757333333 518.745502379
-0.267754666667 519.225407705
-0.262752 520.155462409
-0.257749333333 520.505207619
-0.252746666667 521.031172731
-0.247744 521.271892614
-0.242741333333 521.699925175
-0.237738666667 521.572752961
-0.232736 521.902431586
-0.227733333333 522.006760724
-0.222730666667 522.23328319
-0.217728 522.130617943
-0.212725333333 522.158225628
-0.207722666667 521.903703812
-0.20272 521.889393555
-0.197717333333 521.66498012
-0.192714666667 521.635059235
-0.187712 521.363936726
-0.182709333333 521.431241645
-0.177706666667 521.126010866
-0.172704 521.135343343
-0.167701333333 520.902288655
-0.162698666667 521.01983256
-0.157696 520.759904183
-0.152693333333 520.81404731
-0.147690666667 520.669544628
-0.142688 520.773586646
-0.137685333333 520.558095672
-0.132682666667 520.547412841
-0.12768 520.426435621
-0.122677333333 520.40753562
-0.117674666667 520.147285524
-0.112672 520.221292995
-0.107669333333 520.049348622
-0.102666666667 520.11983349
-0.097664 519.753512305
-0.0926613333333 519.875367274
-0.0876586666667 519.600359425
-0.082656 519.707774507
-0.0776533333333 519.395362553
-0.0726506666667 519.506938136
-0.067648 519.293187045
-0.0626453333333 519.306411102
-0.0576426666667 518.991128044
-0.05264 518.917505141
-0.0476373333333 518.735557717
-0.0426346666667 518.841173936
-0.037632 518.618799795
-0.0326293333333 518.758979098
-0.0276266666667 518.704697083
-0.022624 518.738349295
-0.0176213333333 518.611439445
-0.0126186666667 518.651521491
-0.007616 518.517250794
-0.00261333333333 518.481028528
