-9.99995733333 366.557360494
-9.99495466667 366.555915765
-9.989952 366.265297943
-9.98494933333 363.645540897
-9.97994666667 357.702321999
-9.974944 352.834522368
-9.96994133333 350.297510511
-9.96493866667 346.765225781
-9.959936 345.211112057
-9.95493333333 345.524603901
-9.94993066667 348.917051492
-9.944928 353.422318861
-9.93992533333 354.594281153
-9.93492266667 354.260522701
-9.92992 353.562707971
-9.92491733333 353.522387806
-9.91991466667 354.87010074
-9.914912 355.616561055
-9.90990933333 355.419941369
-9.90490666667 355.762496071
-9.899904 355.617835116
-9.89490133333 354.443572274
-9.88989866667 354.573540226
-9.884896 354.691276826
-9.87989333333 353.22250741
-9.87489066667 352.728115519
-9.869888 351.664900259
-9.86488533333 350.442444294
-9.85988266667 348.872903917
-9.85488 347.812720719
-9.84987733333 346.539582055
-9.84487466667 345.742332822
-9.839872 344.95676967
-9.83486933333 344.74303737
-9.82986666667 344.606263949
-9.824864 344.678491839
-9.81986133333 344.678028836
-9.81485866667 344.719156389
-9.809856 344.841769882
-9.80485333333 344.887162463
-9.79985066667 344.914264433
-9.794848 345.025964672
-9.78984533333 345.047922366
-9.78484266667 345.081548743
-9.77984 345.064052431
-9.77483733333 345.155500429
-9.76983466667 345.306355359
-9.764832 345.386578694
-9.75982933333 345.351708874
-9.75482666667 345.358955653
-9.749824 345.456451261
-9.74482133333 345.442668815
-9.73981866667 345.526952694
-9.734816 345.641694394
-9.72981333333 345.656438163
-9.72481066667 345.672290492
-9.719808 345.655422674
-9.71480533333 345.579321073
-9.70980266667 345.56901379
-9.7048 345.493220588
-9.69979733333 345.319440035
-9.69479466667 345.131973428
-9.689792 345.109881471
-9.68478933333 345.437530232
-9.67978666667 346.033247376
-9.674784 346.308715484
-9.66978133333 346.967705241
-9.66477866667 348.34083503
-9.659776 348.926990636
-9.65477333333 348.543952967
-9.64977066667 348.267338672
-9.644768 347.923829461
-9.63976533333 348.019591673
-9.63476266667 350.022594127
-9.62976 351.779711019
-9.62475733333 353.125471213
-9.61975466667 354.066536865
-9.614752 353.835326872
-9.60974933333 353.564871704
-9.60474666667 352.630548536
-9.599744 352.842203467
-9.59474133333 353.26015434
-9.58973866667 353.5860338
-9.584736 353.432925895
-9.57973333333 353.857644281
-9.57473066667 353.819489262
-9.569728 353.350554711
-9.56472533333 353.648038732
-9.55972266667 355.130227084
-9.55472 356.628727227
-9.54971733333 358.261421127
-9.54471466667 358.469976077
-9.539712 358.772218771
-9.53470933333 359.048312738
-9.52970666667 358.287718114
-9.524704 357.943212904
-9.51970133333 357.747095013
-9.51469866667 357.976555912
-9.509696 358.527539455
-9.50469333333 359.600472022
-9.49969066667 361.021351081
-9.494688 361.197729895
-9.48968533333 361.377315766
-9.48468266667 361.130275088
-9.47968 360.11366144
-9.47467733333 359.348197961
-9.46967466667 358.935498167
-9.464672 359.249881711
-9.45966933333 359.138112575
-9.45466666667 359.305375377
-9.449664 359.210120132
-9.44466133333 359.142770733
-9.43965866667 359.280180722
-9.434656 359.403095298
-9.42965333333 359.285363953
-9.42465066667 359.151108202
-9.419648 358.946180132
-9.41464533333 358.890823845
-9.40964266667 358.885789326
-9.40464 359.009444804
-9.39963733333 358.820814689
-9.39463466667 358.704426185
-9.389632 358.665211061
-9.38462933333 358.725859405
-9.37962666667 358.714090617
-9.374624 358.649400003
-9.36962133333 358.735082564
-9.36461866667 358.733096616
-9.359616 358.623948574
-9.35461333333 358.634099575
-9.34961066667 358.588453533
-9.344608 358.609471365
-9.33960533333 358.563917379
-9.33460266667 358.550402716
-9.3296 358.537328904
-9.32459733333 358.474690728
-9.31959466667 358.337783917
-9.314592 358.324408718
-9.30958933333 358.205921423
-9.30458666667 358.101145888
-9.299584 357.860063103
-9.29458133333 356.660847793
-9.28957866667 354.100883819
-9.284576 352.341651522
-9.27957333333 351.170424103
-9.27457066667 350.463763054
-9.269568 350.317273937
-9.26456533333 350.201742683
-9.25956266667 349.561831772
-9.25456 349.975335522
-9.24955733333 349.397928186
-9.24455466667 347.343407912
-9.239552 346.077875795
-9.23454933333 345.738054639
-9.22954666667 345.69201959
-9.224544 345.59223843
-9.21954133333 345.484545048
-9.21453866667 345.446390573
-9.209536 345.115029336
-9.20453333333 344.516144345
-9.19953066667 343.949346239
-9.194528 343.852801347
-9.18952533333 343.751563572
-9.18452266667 343.529894016
-9.17952 343.345151814
-9.17451733333 342.73769564
-9.16951466667 342.177984163
-9.164512 341.825066968
-9.15950933333 341.566296928
-9.15450666667 341.372985076
-9.149504 341.296918969
-9.14450133333 341.316967646
-9.13949866667 341.12825775
-9.134496 341.105820768
-9.12949333333 340.96762368
-9.12449066667 340.93298448
-9.119488 340.816320019
-9.11448533333 340.720301832
-9.10948266667 340.739315418
-9.10448 340.708587455
-9.09947733333 340.666235424
-9.09447466667 340.685713032
-9.089472 340.734983955
-9.08446933333 340.824850231
-9.07946666667 340.771082028
-9.074464 340.664134173
-9.06946133333 340.608226637
-9.06445866667 340.563363153
-9.059456 340.576613706
-9.05445333333 340.593199332
-9.04945066667 340.604227725
-9.044448 340.580348178
-9.03944533333 340.584893973
-9.03444266667 340.577648799
-9.02944 340.630176093
-9.02443733333 340.627750323
-9.01943466667 340.614312211
-9.014432 340.706571901
-9.00942933333 340.634012575
-9.00442666667 340.671875617
-8.999424 340.732254441
-8.99442133333 340.746771563
-8.98941866667 340.816362185
-8.984416 341.083252627
-8.97941333333 341.146956072
-8.97441066667 341.059596661
-8.969408 340.939054893
-8.96440533333 340.954631377
-8.95940266667 340.869154595
-8.9544 340.931696647
-8.94939733333 340.921112256
-8.94439466667 340.918992325
-8.939392 340.709523288
-8.93438933333 340.714438284
-8.92938666667 340.675745222
-8.924384 340.743768367
-8.91938133333 340.675843963
-8.91437866667 340.746936348
-8.909376 340.672064894
-8.90437333333 340.701209963
-8.89937066667 340.428500784
-8.894368 340.176632237
-8.88936533333 339.905566963
-8.88436266667 339.926848331
-8.87936 339.822485907
-8.87435733333 339.887569199
-8.86935466667 339.829793652
-8.864352 339.870796246
-8.85934933333 339.801022051
-8.85434666667 339.88173095
-8.849344 339.814238261
-8.84434133333 339.839776532
-8.83933866667 339.830091971
-8.834336 339.850945779
-8.82933333333 339.807292977
-8.82433066667 339.819422806
-8.819328 339.782502769
-8.81432533333 339.835593092
-8.80932266667 339.766150398
-8.80432 339.829939162
-8.79931733333 339.758671551
-8.79431466667 339.831669167
-8.789312 339.764244825
-8.78430933333 339.837261183
-8.77930666667 339.710369802
-8.774304 339.798840611
-8.76930133333 339.744801454
-8.76429866667 339.745294327
-8.759296 339.728584721
-8.75429333333 339.808725138
-8.74929066667 339.750523803
-8.744288 339.832829103
-8.73928533333 339.744715175
-8.73428266667 339.762714975
-8.72928 339.760081275
-8.72427733333 339.821551271
-8.71927466667 339.775278429
-8.714272 339.820357088
-8.70926933333 339.726512045
-8.70426666667 339.811000881
-8.699264 339.725750209
-8.69426133333 339.742515905
-8.68925866667 339.737944915
-8.684256 339.747320943
-8.67925333333 339.716948923
-8.67425066667 339.789333223
-8.669248 339.748427282
-8.66424533333 339.779899168
-8.65924266667 339.72838846
-8.65424 339.779820402
-8.64923733333 339.743789798
-8.64423466667 339.767063774
-8.639232 339.732448877
-8.63422933333 339.762974477
-8.62922666667 339.791165666
-8.624224 339.854018407
-8.61922133333 339.782203652
-8.61421866667 339.800759211
-8.609216 339.759449714
-8.60421333333 339.783985401
-8.59921066667 339.691188533
-8.594208 339.79180385
-8.58920533333 339.73999731
-8.58420266667 339.698785976
-8.5792 339.721292302
-8.57419733333 339.734651826
-8.56919466667 339.70109055
-8.564192 339.754834288
-8.55918933333 339.724221198
-8.55418666667 339.785695897
-8.549184 339.723869685
-8.54418133333 339.771444208
-8.53917866667 339.667722933
-8.534176 339.748629604
-8.52917333333 339.651675966
-8.52417066667 339.670813224
-8.519168 339.642327645
-8.51416533333 339.700003774
-8.50916266667 339.628772315
-8.50416 339.732242757
-8.49915733333 339.627051361
-8.49415466667 339.707395809
-8.489152 339.648601571
-8.48414933333 339.673218068
-8.47914666667 339.665042633
-8.474144 339.713932491
-8.46914133333 339.682867098
-8.46413866667 339.773695237
-8.459136 339.653037029
-8.45413333333 339.696957356
-8.44913066667 339.641562042
-8.444128 339.707668286
-8.43912533333 339.502366064
-8.43412266667 339.575778453
-8.42912 339.487133617
-8.42411733333 339.583294373
-8.41911466667 339.683175288
-8.414112 339.797769037
-8.40910933333 339.658505154
-8.40410666667 339.247155751
-8.399104 338.975294072
-8.39410133333 338.878223695
-8.38909866667 338.60421876
-8.384096 338.621264225
-8.37909333333 338.517240664
-8.37409066667 338.425283265
-8.369088 338.28539268
-8.36408533333 338.259466502
-8.35908266667 338.07494127
-8.35408 338.083265053
-8.34907733333 337.931317456
-8.34407466667 337.969694732
-8.339072 337.80559126
-8.33406933333 337.819898227
-8.32906666667 337.75177295
-8.324064 337.793202071
-8.31906133333 337.659901428
-8.31405866667 337.639048022
-8.309056 337.55684468
-8.30405333333 337.665760996
-8.29905066667 337.564593194
-8.294048 337.570643928
-8.28904533333 337.538356913
-8.28404266667 337.549491138
-8.27904 337.528398326
-8.27403733333 337.502641428
-8.26903466667 337.428368476
-8.264032 337.464963796
-8.25902933333 337.391440681
-8.25402666667 337.451695155
-8.249024 337.486540327
-8.24402133333 337.472559397
-8.23901866667 337.430566667
-8.234016 337.496704178
-8.22901333333 337.504720927
-8.22401066667 337.531307888
-8.219008 337.511777577
-8.21400533333 337.570973855
-8.20900266667 337.541490322
-8.204 337.560039458
-8.19899733333 337.486941952
-8.19399466667 337.517729948
-8.188992 337.519851807
-8.18398933333 337.532822266
-8.17898666667 337.463692039
-8.173984 337.548289906
-8.16898133333 337.527119861
-8.16397866667 337.55959295
-8.158976 337.462076557
-8.15397333333 337.577373322
-8.14897066667 337.513136414
-8.143968 337.621826766
-8.13896533333 337.514784258
-8.13396266667 337.560778628
-8.12896 337.484399319
-8.12395733333 337.498346449
-8.11895466667 337.450677831
-8.113952 337.480783822
-8.10894933333 337.416932529
-8.10394666667 337.514916127
-8.098944 337.375142599
-8.09394133333 337.528162851
-8.08893866667 337.441578339
-8.083936 337.541553199
-8.07893333333 337.468478034
-8.07393066667 337.542948293
-8.068928 337.497362962
-8.06392533333 337.600626503
-8.05892266667 337.478513469
-8.05392 337.493557743
-8.04891733333 337.369887585
-8.04391466667 337.399266812
-8.038912 337.304339025
-8.03390933333 337.431167387
-8.02890666667 337.35172105
-8.023904 337.466164111
-8.01890133333 337.332133305
-8.01389866667 337.380107156
-8.008896 337.34424477
-8.00389333333 337.418224363
-7.99889066667 337.331933233
-7.993888 337.344202148
-7.98888533333 337.339417025
-7.98388266667 337.423998444
-7.97888 337.331669519
-7.97387733333 337.368094733
-7.96887466667 337.339353824
-7.963872 337.417668738
-7.95886933333 337.374174635
-7.95386666667 337.398613984
-7.948864 337.34759711
-7.94386133333 337.410262531
-7.93885866667 337.342443027
-7.933856 337.371276865
-7.92885333333 337.388465519
-7.92385066667 337.492687381
-7.918848 337.402501631
-7.91384533333 337.380632951
-7.90884266667 337.426037596
-7.90384 337.516268329
-7.89883733333 337.427708495
-7.89383466667 337.492157401
-7.888832 337.457988468
-7.88382933333 337.489915308
-7.87882666667 337.453472087
-7.873824 337.495191811
-7.86882133333 337.457538395
-7.86381866667 337.511653655
-7.858816 337.503903038
-7.85381333333 337.524937961
-7.84881066667 337.507863594
-7.843808 337.554107089
-7.83880533333 337.463392766
-7.83380266667 337.537375959
-7.8288 337.552568989
-7.82379733333 337.585738178
-7.81879466667 337.531145503
-7.813792 337.627575916
-7.80878933333 337.604306996
-7.80378666667 337.650562417
-7.798784 337.56116163
-7.79378133333 337.632720621
-7.78877866667 337.566709946
-7.783776 337.618995334
-7.77877333333 337.534337213
-7.77377066667 337.647149523
-7.768768 337.57063508
-7.76376533333 337.627371103
-7.75876266667 337.516987535
-7.75376 337.576618609
-7.74875733333 337.537375916
-7.74375466667 337.542042767
-7.738752 337.532442526
-7.73374933333 337.568044991
-7.72874666667 337.547675568
-7.723744 337.613310418
-7.71874133333 337.466969019
-7.71373866667 337.528965889
-7.708736 337.515450925
-7.70373333333 337.515651872
-7.69873066667 337.46663931
-7.693728 337.525894838
-7.68872533333 337.435451632
-7.68372266667 337.521735314
-7.67872 337.413403365
-7.67371733333 337.488974196
-7.66871466667 337.46387682
-7.663712 337.547653968
-7.65870933333 337.427832249
-7.65370666667 337.535978178
-7.648704 337.441516456
-7.64370133333 337.581955434
-7.63869866667 337.45968767
-7.633696 337.564231875
-7.62869333333 337.477302294
-7.62369066667 337.608543557
-7.618688 337.493644468
-7.61368533333 337.575182835
-7.60868266667 337.543903578
-7.60368 337.605239175
-7.59867733333 337.482590077
-7.59367466667 337.573954516
-7.588672 337.489089885
-7.58366933333 337.607488133
-7.57866666667 337.650226309
-7.573664 337.663352895
-7.56866133333 337.578292468
-7.56365866667 337.661551457
-7.558656 337.605337699
-7.55365333333 337.655997813
-7.54865066667 337.610717738
-7.543648 337.562531211
-7.53864533333 337.286131895
-7.53364266667 337.326622945
-7.52864 337.31175146
-7.52363733333 337.337357123
-7.51863466667 337.228681949
-7.513632 337.258931681
-7.50862933333 337.189345483
-7.50362666667 337.233920559
-7.498624 337.111033407
-7.49362133333 337.204965067
-7.48861866667 337.162944528
-7.483616 337.200947054
-7.47861333333 337.086187309
-7.47361066667 337.127968713
-7.468608 337.09338107
-7.46360533333 337.155639574
-7.45860266667 337.080396585
-7.4536 337.139958624
-7.44859733333 337.059464744
-7.44359466667 337.101642829
-7.438592 337.01460679
-7.43358933333 337.073501955
-7.42858666667 337.052902115
-7.423584 337.058055721
-7.41858133333 337.04243802
-7.41357866667 337.163836443
-7.408576 337.062537711
-7.40357333333 337.145253705
-7.39857066667 337.050362934
-7.393568 337.128688501
-7.38856533333 337.099616177
-7.38356266667 337.177619168
-7.37856 337.132777772
-7.37355733333 337.21238826
-7.36855466667 337.149239561
-7.363552 337.236269646
-7.35854933333 337.174110895
-7.35354666667 337.305828509
-7.348544 337.189556063
-7.34354133333 337.257559215
-7.33853866667 337.18143994
-7.333536 337.248330251
-7.32853333333 337.218396393
-7.32353066667 337.26512526
-7.318528 337.188957836
-7.31352533333 337.252025443
-7.30852266667 337.173421878
-7.30352 337.272839107
-7.29851733333 337.179769596
-7.29351466667 337.280291612
-7.288512 337.243298687
-7.28350933333 337.339898323
-7.27850666667 337.26650412
-7.273504 337.368201533
-7.26850133333 337.243905408
-7.26349866667 337.343006917
-7.258496 337.326730483
-7.25349333333 337.379315175
-7.24849066667 337.267784483
-7.243488 337.369222131
-7.23848533333 337.266629411
-7.23348266667 337.406463537
-7.22848 337.30101612
-7.22347733333 337.466538065
-7.21847466667 337.388637024
-7.213472 337.515682653
-7.20846933333 337.40715894
-7.20346666667 337.520785367
-7.198464 337.56985988
-7.19346133333 337.698188891
-7.18845866667 337.634806192
-7.183456 337.726703376
-7.17845333333 337.634589551
-7.17345066667 337.708504688
-7.168448 337.651750424
-7.16344533333 337.729573854
-7.15844266667 337.633824732
-7.15344 337.712381849
-7.14843733333 337.6256634
-7.14343466667 337.677889896
-7.138432 337.588278223
-7.13342933333 337.677050332
-7.12842666667 337.641643452
-7.123424 337.69273771
-7.11842133333 337.622758354
-7.11341866667 337.653094865
-7.108416 337.608273816
-7.10341333333 337.707316409
-7.09841066667 337.654089466
-7.093408 337.69090758
-7.08840533333 337.644963054
-7.08340266667 337.693865979
-7.0784 337.602553545
-7.07339733333 337.686086308
-7.06839466667 337.67277862
-7.063392 337.724674774
-7.05838933333 337.654804336
-7.05338666667 337.753465345
-7.048384 337.682506529
-7.04338133333 337.763533777
-7.03837866667 337.658841731
-7.033376 337.734812342
-7.02837333333 337.703133886
-7.02337066667 337.771422562
-7.018368 337.690021056
-7.01336533333 337.722803947
-7.00836266667 337.654342792
-7.00336 337.751519518
-6.99835733333 337.616129431
-6.99335466667 337.723109692
-6.988352 337.691514288
-6.98334933333 337.757411556
-6.97834666667 337.625820202
-6.973344 337.691022067
-6.96834133333 337.641341619
-6.96333866667 337.749139405
-6.958336 337.652036094
-6.95333333333 337.67958186
-6.94833066667 337.665945936
-6.943328 337.776302157
-6.93832533333 337.65336261
-6.93332266667 337.754929043
-6.92832 337.680890725
-6.92331733333 337.752702676
-6.91831466667 337.647655454
-6.913312 337.773333829
-6.90830933333 337.688281509
-6.90330666667 337.759238195
-6.898304 337.664403203
-6.89330133333 337.747892923
-6.88829866667 337.659970171
-6.883296 337.764964189
-6.87829333333 337.627302748
-6.87329066667 337.731239212
-6.868288 337.664284218
-6.86328533333 337.768974069
-6.85828266667 337.668699916
-6.85328 337.769973616
-6.84827733333 337.667154941
-6.84327466667 337.719946598
-6.838272 337.632763017
-6.83326933333 337.759191388
-6.82826666667 337.679275056
-6.823264 337.703267279
-6.81826133333 337.659272569
-6.81325866667 337.771573908
-6.808256 337.6690819
-6.80325333333 337.782683446
-6.79825066667 337.6272255
-6.793248 337.825533112
-6.78824533333 337.678660758
-6.78324266667 337.758407301
-6.77824 337.681437817
-6.77323733333 337.773057597
-6.76823466667 337.713811872
-6.763232 337.787834068
-6.75822933333 337.683399634
-6.75322666667 337.696797855
-6.748224 337.68416065
-6.74322133333 337.768210933
-6.73821866667 337.688707089
-6.733216 337.738345553
-6.72821333333 337.678668272
-6.72321066667 337.759488763
-6.718208 337.691256374
-6.71320533333 337.752898375
-6.70820266667 337.656048948
-6.7032 337.732982048
-6.69819733333 337.738676308
-6.69319466667 337.937820546
-6.688192 337.956500346
-6.68318933333 337.963202125
-6.67818666667 337.873885256
-6.673184 337.936565328
-6.66818133333 337.837966547
-6.66317866667 337.868931149
-6.658176 337.670508179
-6.65317333333 337.710700504
-6.64817066667 337.672356356
-6.643168 337.663864674
-6.63816533333 337.454610331
-6.63316266667 337.361346986
-6.62816 337.236341708
-6.62315733333 337.233598351
-6.61815466667 337.132869793
-6.613152 337.154260367
-6.60814933333 337.082653592
-6.60314666667 337.100915933
-6.598144 337.007508428
-6.59314133333 337.127607183
-6.58813866667 336.954707054
-6.583136 337.031772263
-6.57813333333 336.871934434
-6.57313066667 336.899945886
-6.568128 336.736953365
-6.56312533333 336.750871709
-6.55812266667 336.564816538
-6.55312 336.56162875
-6.54811733333 336.501235765
-6.54311466667 336.592596449
-6.538112 336.516773334
-6.53310933333 336.62985633
-6.52810666667 336.529284776
-6.523104 336.615971649
-6.51810133333 336.442999634
-6.51309866667 336.644163407
-6.508096 336.527499411
-6.50309333333 336.49916586
-6.49809066667 336.413607971
-6.493088 336.548258138
-6.48808533333 336.405879493
-6.48308266667 336.538466696
-6.47808 336.371961595
-6.47307733333 336.470235308
-6.46807466667 336.410355797
-6.463072 336.451264916
-6.45806933333 336.305647357
-6.45306666667 336.425298999
-6.448064 336.301808438
-6.44306133333 336.385348491
-6.43805866667 336.32384608
-6.433056 336.352452232
-6.42805333333 336.286627194
-6.42305066667 336.334140953
-6.418048 336.250634167
-6.41304533333 336.361881022
-6.40804266667 336.287797468
-6.40304 336.341411916
-6.39803733333 336.303215477
-6.39303466667 336.37802661
-6.388032 336.298506785
-6.38302933333 336.36964165
-6.37802666667 336.271951729
-6.373024 336.331726783
-6.36802133333 336.245123359
-6.36301866667 336.392083056
-6.358016 336.28694372
-6.35301333333 336.334716176
-6.34801066667 336.274471958
-6.343008 336.381288434
-6.33800533333 336.271131065
-6.33300266667 336.354531316
-6.328 336.291806033
-6.32299733333 336.361963263
-6.31799466667 336.315623978
-6.312992 336.334724352
-6.30798933333 336.325529568
-6.30298666667 336.395296274
-6.297984 336.304467612
-6.29298133333 336.461708332
-6.28797866667 336.332523434
-6.282976 336.406165327
-6.27797333333 336.337167097
-6.27297066667 336.434399772
-6.267968 336.347077886
-6.26296533333 336.454897353
-6.25796266667 336.334675211
-6.25296 336.51251434
-6.24795733333 336.403249065
-6.24295466667 336.495758681
-6.237952 336.399540548
-6.23294933333 336.506931152
-6.22794666667 336.414250041
-6.222944 336.539181635
-6.21794133333 336.407092237
-6.21293866667 336.542544305
-6.207936 336.474199782
-6.20293333333 336.527050264
-6.19793066667 336.437027094
-6.192928 336.549484578
-6.18792533333 336.479794539
-6.18292266667 336.543018542
-6.17792 336.362381782
-6.17291733333 336.557044723
-6.16791466667 336.43078416
-6.162912 336.50928761
-6.15790933333 336.432318195
-6.15290666667 336.539692061
-6.147904 336.450655172
-6.14290133333 336.558848843
-6.13789866667 336.420903167
-6.132896 336.544771079
-6.12789333333 336.430469704
-6.12289066667 336.539440001
-6.117888 336.439110145
-6.11288533333 336.519377101
-6.10788266667 336.395606989
-6.10288 336.528605198
-6.09787733333 336.425547028
-6.09287466667 336.495526194
-6.087872 336.373267992
-6.08286933333 336.496891554
-6.07786666667 336.369387611
-6.072864 336.498506299
-6.06786133333 336.414440216
-6.06285866667 336.518610818
-6.057856 336.363394348
-6.05285333333 336.444530288
-6.04785066667 336.386994716
-6.042848 336.481034167
-6.03784533333 336.408498235
-6.03284266667 336.457447955
-6.02784 336.406628988
-6.02283733333 336.501392558
-6.01783466667 336.425830729
-6.012832 336.485911145
-6.00782933333 336.462723742
-6.00282666667 336.536016871
-5.997824 336.537937447
-5.99282133333 336.682146168
-5.98781866667 336.67533873
-5.982816 336.772044451
-5.97781333333 336.72421107
-5.97281066667 336.813082115
-5.967808 336.782252348
-5.96280533333 336.862747035
-5.95780266667 336.717357007
-5.9528 336.756385796
-5.94779733333 336.721716396
-5.94279466667 336.796868014
-5.937792 336.674502757
-5.93278933333 336.761609661
-5.92778666667 336.719864545
-5.922784 336.806418057
-5.91778133333 336.645626248
-5.91277866667 336.800835875
-5.907776 336.722573442
-5.90277333333 336.776645587
-5.89777066667 336.683620941
-5.892768 336.817855963
-5.88776533333 336.691884897
-5.88276266667 336.865846895
-5.87776 336.703141181
-5.87275733333 336.862571653
-5.86775466667 336.768423234
-5.862752 336.864182422
-5.85774933333 336.752241706
-5.85274666667 336.925324404
-5.847744 337.160893164
-5.84274133333 337.532067004
-5.83773866667 337.527646669
-5.832736 337.72718427
-5.82773333333 337.627291999
-5.82273066667 337.773760447
-5.817728 337.693916806
-5.81272533333 337.799722735
-5.80772266667 337.672142874
-5.80272 338.114884825
-5.79771733333 339.144344955
-5.79271466667 341.02725077
-5.787712 341.580442749
-5.78270933333 341.330627038
-5.77770666667 340.647671295
-5.772704 340.32903156
-5.76770133333 340.090785876
-5.76269866667 340.104301989
-5.757696 340.029046362
-5.75269333333 340.046579914
-5.74769066667 339.945148256
-5.742688 340.020923313
-5.73768533333 339.874199166
-5.73268266667 339.917093372
-5.72768 339.815525059
-5.72267733333 339.923134645
-5.71767466667 339.801114666
-5.712672 339.825973604
-5.70766933333 339.69435031
-5.70266666667 339.591020924
-5.697664 339.361866217
-5.69266133333 339.270917598
-5.68765866667 339.212862914
-5.682656 339.246273481
-5.67765333333 339.168636556
-5.67265066667 339.175024489
-5.667648 339.060818083
-5.66264533333 339.183881401
-5.65764266667 339.074879092
-5.65264 339.17137267
-5.64763733333 339.077694854
-5.64263466667 339.136035919
-5.637632 339.025602742
-5.63262933333 339.115355286
-5.62762666667 339.050420889
-5.622624 339.119744087
-5.61762133333 338.964432419
-5.61261866667 339.074548612
-5.607616 338.963998384
-5.60261333333 339.110919154
-5.59761066667 338.96894946
-5.592608 339.092075311
-5.58760533333 338.975481526
-5.58260266667 339.075543151
-5.5776 338.836407788
-5.57259733333 339.014494918
-5.56759466667 338.954777701
-5.562592 339.045282177
-5.55758933333 338.908420723
-5.55258666667 338.996105396
-5.547584 338.962093672
-5.54258133333 338.979029159
-5.53757866667 338.874231775
-5.532576 338.991034346
-5.52757333333 338.923068837
-5.52257066667 339.02072228
-5.517568 338.905961506
-5.51256533333 339.01125796
-5.50756266667 338.888700634
-5.50256 338.932877531
-5.49755733333 338.846394089
-5.49255466667 338.936987227
-5.487552 338.822948889
-5.48254933333 338.926952081
-5.47754666667 338.841534748
-5.472544 338.914000889
-5.46754133333 338.816757861
-5.46253866667 338.946995003
-5.457536 338.888721137
-5.45253333333 338.988568635
-5.44753066667 338.914633427
-5.442528 338.885235386
-5.43752533333 338.839217677
-5.43252266667 338.844701666
-5.42752 338.701523385
-5.42251733333 338.701224925
-5.41751466667 338.471699615
-5.412512 338.484607784
-5.40750933333 338.33650303
-5.40250666667 338.393667466
-5.397504 338.321842632
-5.39250133333 338.386676162
-5.38749866667 338.329663244
-5.382496 338.34893213
-5.37749333333 338.174463185
-5.37249066667 338.276650625
-5.367488 338.232035776
-5.36248533333 338.274070914
-5.35748266667 338.198132405
-5.35248 338.243747638
-5.34747733333 338.193261561
-5.34247466667 338.242907086
-5.337472 338.188889961
-5.33246933333 338.275485929
-5.32746666667 338.202844023
-5.322464 338.331279748
-5.31746133333 338.227134715
-5.31245866667 338.254555107
-5.307456 338.205262875
-5.30245333333 338.2794973
-5.29745066667 338.169566276
-5.292448 338.233610509
-5.28744533333 338.242377575
-5.28244266667 338.284053543
-5.27744 338.196394449
-5.27243733333 338.227140565
-5.26743466667 338.202420305
-5.262432 338.322353995
-5.25742933333 338.170758715
-5.25242666667 338.272837624
-5.247424 338.167348524
-5.24242133333 338.283550135
-5.23741866667 338.159242957
-5.232416 338.301716664
-5.22741333333 338.24422661
-5.22241066667 338.320649563
-5.217408 338.185860845
-5.21240533333 338.300585269
-5.20740266667 338.262407476
-5.2024 338.367453966
-5.19739733333 338.210920425
-5.19239466667 338.396844123
-5.187392 338.268455802
-5.18238933333 338.328454593
-5.17738666667 338.253821129
-5.172384 338.282614057
-5.16738133333 338.159260706
-5.16237866667 338.22000448
-5.157376 338.128666788
-5.15237333333 338.183259011
-5.14737066667 338.08016978
-5.142368 338.140577139
-5.13736533333 337.999711879
-5.13236266667 338.160062614
-5.12736 338.085834073
-5.12235733333 338.222292703
-5.11735466667 338.138007507
-5.112352 338.191735955
-5.10734933333 338.132639732
-5.10234666667 338.277745342
-5.097344 338.140899439
-5.09234133333 338.281019508
-5.08733866667 338.262310645
-5.082336 338.348085295
-5.07733333333 338.261265651
-5.07233066667 338.457187614
-5.067328 338.413153437
-5.06232533333 338.639886297
-5.05732266667 338.577056929
-5.05232 338.729540108
-5.04731733333 338.741866862
-5.04231466667 338.849303592
-5.037312 338.860790163
-5.03230933333 338.993104006
-5.02730666667 338.994551834
-5.022304 339.084841504
-5.01730133333 339.045628707
-5.01229866667 339.149522135
-5.007296 339.117194321
-5.00229333333 339.18587907
-4.99729066667 339.099598256
-4.992288 339.209694672
-4.98728533333 339.160689267
-4.98228266667 339.266210701
-4.97728 339.074843473
-4.97227733333 339.190146317
-4.96727466667 339.180449886
-4.962272 339.345891919
-4.95726933333 339.239671251
-4.95226666667 339.359057436
-4.947264 339.243675606
-4.94226133333 339.238569667
-4.93725866667 339.041020493
-4.932256 339.09939649
-4.92725333333 339.135531921
-4.92225066667 339.265253727
-4.917248 339.071981473
-4.91224533333 339.129686193
-4.90724266667 338.997474724
-4.90224 339.059010285
-4.89723733333 338.992064834
-4.89223466667 339.117456532
-4.887232 339.033921799
-4.88222933333 339.204183763
-4.87722666667 339.085860378
-4.872224 339.190215605
-4.86722133333 339.080038627
-4.86221866667 339.315545732
-4.857216 339.337217289
-4.85221333333 339.618955874
-4.84721066667 339.661002747
-4.842208 339.920949173
-4.83720533333 340.071934175
-4.83220266667 340.765166882
-4.8272 340.95459366
-4.82219733333 341.120921256
-4.81719466667 341.158424147
-4.812192 341.323682042
-4.80718933333 341.150718777
-4.80218666667 341.154713901
-4.797184 341.002228387
-4.79218133333 341.00312507
-4.78717866667 340.97052518
-4.782176 341.068858989
-4.77717333333 341.130460684
-4.77217066667 341.250457066
-4.767168 341.181784684
-4.76216533333 341.194050474
-4.75716266667 341.039332881
-4.75216 341.02479921
-4.74715733333 340.84655347
-4.74215466667 340.935101165
-4.737152 340.776391389
-4.73214933333 340.823421634
-4.72714666667 340.738018798
-4.722144 340.779043301
-4.71714133333 340.748347605
-4.71213866667 340.735626094
-4.707136 340.660110302
-4.70213333333 340.693008541
-4.69713066667 340.645822675
-4.692128 340.687176994
-4.68712533333 340.610251295
-4.68212266667 340.689321004
-4.67712 340.568671733
-4.67211733333 340.645152481
-4.66711466667 340.607373807
-4.662112 340.641145292
-4.65710933333 340.591925138
-4.65210666667 340.570501629
-4.647104 340.503460343
-4.64210133333 340.639129997
-4.63709866667 340.509303819
-4.632096 340.579127362
-4.62709333333 340.532348213
-4.62209066667 340.592702629
-4.617088 340.484938453
-4.61208533333 340.546611246
-4.60708266667 340.516073688
-4.60208 340.581950757
-4.59707733333 340.441108555
-4.59207466667 340.500023501
-4.587072 340.438712717
-4.58206933333 340.481477371
-4.57706666667 340.323675165
-4.572064 340.449487167
-4.56706133333 340.344126612
-4.56205866667 340.476835903
-4.557056 340.312286978
-4.55205333333 340.428298222
-4.54705066667 340.337555976
-4.542048 340.443570414
-4.53704533333 340.286817494
-4.53204266667 340.413675354
-4.52704 340.267084763
-4.52203733333 340.389626788
-4.51703466667 340.233752784
-4.512032 340.405855326
-4.50702933333 340.241889926
-4.50202666667 340.374073801
-4.497024 340.257481918
-4.49202133333 340.387621966
-4.48701866667 340.275456691
-4.482016 340.380703709
-4.47701333333 340.224093373
-4.47201066667 340.361163337
-4.467008 340.261294269
-4.46200533333 340.364423763
-4.45700266667 340.231053877
-4.452 340.364599061
-4.44699733333 340.286578584
-4.44199466667 340.376561046
-4.436992 340.285752512
-4.43198933333 340.376168278
-4.42698666667 340.282534323
-4.421984 340.364640656
-4.41698133333 340.230887767
-4.41197866667 340.382958712
-4.406976 340.24341062
-4.40197333333 340.290563094
-4.39697066667 340.275449023
-4.391968 340.318730093
-4.38696533333 340.29878101
-4.38196266667 340.324512098
-4.37696 340.297420879
-4.37195733333 340.336247629
-4.36695466667 340.320885474
-4.361952 340.337668116
-4.35694933333 340.266941558
-4.35194666667 340.320710661
-4.346944 340.276962406
-4.34194133333 340.30918177
-4.33693866667 340.059484625
-4.331936 339.991934142
-4.32693333333 339.851072076
-4.32193066667 339.92745863
-4.316928 339.836607624
-4.31192533333 339.828642272
-4.30692266667 339.729842349
-4.30192 339.842802314
-4.29691733333 339.726560259
-4.29191466667 339.879626025
-4.286912 339.812382054
-4.28190933333 339.895498861
-4.27690666667 339.846253194
-4.271904 339.932321573
-4.26690133333 339.895049504
-4.26189866667 339.925327934
-4.256896 339.72398941
-4.25189333333 339.755175817
-4.24689066667 339.711251785
-4.241888 339.829067512
-4.23688533333 339.665521305
-4.23188266667 339.7735576
-4.22688 339.707754237
-4.22187733333 339.776948064
-4.21687466667 339.662635491
-4.211872 339.747488835
-4.20686933333 339.722188372
-4.20186666667 339.790412737
-4.196864 339.755622296
-4.19186133333 339.928633708
-4.18685866667 339.977927684
-4.181856 340.262286883
-4.17685333333 340.276949276
-4.17185066667 340.529796004
-4.166848 340.734173697
-4.16184533333 340.913420544
-4.15684266667 340.783279581
-4.15184 341.000097598
-4.14683733333 341.035051759
-4.14183466667 341.24963909
-4.136832 341.343811061
-4.13182933333 341.76789205
-4.12682666667 341.989949289
-4.121824 342.151406112
-4.11682133333 342.030293218
-4.11181866667 342.084593205
-4.106816 341.909188776
-4.10181333333 341.916237233
-4.09681066667 341.67404605
-4.091808 341.936080082
-4.08680533333 344.270179571
-4.08180266667 347.658403763
-4.0768 348.81227916
-4.07179733333 348.262797591
-4.06679466667 345.287264088
-4.061792 343.002284317
-4.05678933333 342.251447844
-4.05178666667 342.144106342
-4.046784 341.969188677
-4.04178133333 341.982978385
-4.03677866667 341.826147788
-4.031776 341.727742504
-4.02677333333 341.598973583
-4.02177066667 341.629924887
-4.016768 341.487617924
-4.01176533333 341.553784248
-4.00676266667 341.498914904
-4.00176 341.510019622
-3.99675733333 341.351268093
-3.99175466667 341.37561795
-3.986752 341.176849761
-3.98174933333 340.937507722
-3.97674666667 340.796923996
-3.971744 340.717780271
-3.96674133333 340.59323083
-3.96173866667 340.559466835
-3.956736 340.370187152
-3.95173333333 340.276104067
-3.94673066667 340.075145066
-3.941728 339.974021688
-3.93672533333 339.806381329
-3.93172266667 339.887548777
-3.92672 339.799706864
-3.92171733333 339.941899348
-3.91671466667 339.785021118
-3.911712 339.929014954
-3.90670933333 339.75063559
-3.90170666667 339.911691326
-3.896704 339.778093138
-3.89170133333 339.871798549
-3.88669866667 339.773437557
-3.881696 339.849880819
-3.87669333333 339.653653211
-3.87169066667 339.7989183
-3.866688 339.758667741
-3.86168533333 339.867132608
-3.85668266667 339.765669497
-3.85168 339.890489825
-3.84667733333 339.807870001
-3.84167466667 339.891651867
-3.836672 339.78281984
-3.83166933333 339.897165657
-3.82666666667 339.882776838
-3.821664 339.985439671
-3.81666133333 339.94990341
-3.81165866667 340.096542975
-3.806656 340.190665474
-3.80165333333 340.916422125
-3.79665066667 341.270711734
-3.791648 341.324740492
-3.78664533333 341.102094963
-3.78164266667 341.090136996
-3.77664 340.927870495
-3.77163733333 340.938942994
-3.76663466667 340.859557245
-3.761632 340.930064818
-3.75662933333 340.741154663
-3.75162666667 340.876622154
-3.746624 340.730383441
-3.74162133333 340.829400862
-3.73661866667 340.609554737
-3.731616 340.673744238
-3.72661333333 340.596197397
-3.72161066667 340.641940846
-3.716608 340.374302091
-3.71160533333 340.287298948
-3.70660266667 340.133900445
-3.7016 340.148679959
-3.69659733333 339.940373603
-3.69159466667 339.873540682
-3.686592 339.642098244
-3.68158933333 339.537672062
-3.67658666667 339.446947456
-3.671584 339.458458373
-3.66658133333 339.365053522
-3.66157866667 339.314935676
-3.656576 339.227255917
-3.65157333333 339.261148518
-3.64657066667 339.24791662
-3.641568 339.39317618
-3.63656533333 339.574498744
-3.63156266667 340.047148856
-3.62656 340.206364238
-3.62155733333 340.414356382
-3.61655466667 340.392652972
-3.611552 340.576894428
-3.60654933333 340.796981317
-3.60154666667 341.120139588
-3.596544 341.457087317
-3.59154133333 341.94797323
-3.58653866667 342.156785421
-3.581536 342.526395494
-3.57653333333 342.682208772
-3.57153066667 343.052494417
-3.566528 343.092151994
-3.56152533333 343.718311266
-3.55652266667 344.304294975
-3.55152 344.568202844
-3.54651733333 344.58741899
-3.54151466667 344.787433388
-3.536512 344.761024341
-3.53150933333 344.876698227
-3.52650666667 345.040564612
-3.521504 345.438698572
-3.51650133333 345.553387939
-3.51149866667 345.58065619
-3.506496 345.417372474
-3.50149333333 345.240728187
-3.49649066667 343.965477101
-3.491488 343.294436005
-3.48648533333 342.802885598
-3.48148266667 342.970790712
-3.47648 343.493821402
-3.47147733333 344.40618078
-3.46647466667 345.038575334
-3.461472 345.393241389
-3.45646933333 345.651372532
-3.45146666667 345.891418914
-3.446464 345.619433692
-3.44146133333 345.585898325
-3.43645866667 345.258303528
-3.431456 345.501332448
-3.42645333333 345.985567934
-3.42145066667 346.825259391
-3.416448 347.417872185
-3.41144533333 348.262217397
-3.40644266667 348.968078113
-3.40144 349.904018501
-3.39643733333 350.412167395
-3.39143466667 350.491710027
-3.386432 350.448443357
-3.38142933333 350.830397453
-3.37642666667 350.672695024
-3.371424 350.731394162
-3.36642133333 350.385208702
-3.36141866667 350.389053892
-3.356416 350.110199595
-3.35141333333 349.833202291
-3.34641066667 349.585780102
-3.341408 349.396612004
-3.33640533333 349.140648638
-3.33140266667 349.147419362
-3.3264 348.996562841
-3.32139733333 349.109160186
-3.31639466667 348.857548613
-3.311392 348.472089155
-3.30638933333 347.918780337
-3.30138666667 347.17362538
-3.296384 345.893391435
-3.29138133333 345.235170863
-3.28637866667 345.394687538
-3.281376 346.591720493
-3.27637333333 347.830890716
-3.27137066667 348.32824474
-3.266368 348.323891575
-3.26136533333 348.366381556
-3.25636266667 348.226307432
-3.25136 348.285403667
-3.24635733333 348.245466436
-3.24135466667 348.427057875
-3.236352 348.723936183
-3.23134933333 348.842244036
-3.22634666667 348.427822068
-3.221344 348.149516414
-3.21634133333 346.935118431
-3.21133866667 345.106423936
-3.206336 343.875390273
-3.20133333333 342.972942183
-3.19633066667 342.829778194
-3.191328 343.294594794
-3.18632533333 343.727308143
-3.18132266667 343.927334279
-3.17632 343.488534686
-3.17131733333 343.415056531
-3.16631466667 343.442028048
-3.161312 344.034462715
-3.15630933333 344.490133795
-3.15130666667 346.768713325
-3.146304 349.64073804
-3.14130133333 347.682727717
-3.13629866667 345.894631382
-3.131296 348.439382392
-3.12629333333 350.652955639
-3.12129066667 348.673497678
-3.116288 346.740255043
-3.11128533333 346.759929801
-3.10628266667 348.471719503
-3.10128 351.452638189
-3.09627733333 353.416793613
-3.09127466667 354.367166498
-3.086272 355.463641455
-3.08126933333 357.31493988
-3.07626666667 352.702744164
-3.071264 350.732449778
-3.06626133333 350.629608828
-3.06125866667 352.513184275
-3.056256 353.34771458
-3.05125333333 352.88342524
-3.04625066667 355.672564353
-3.041248 356.71719742
-3.03624533333 356.667023141
-3.03124266667 356.491682241
-3.02624 356.534707812
-3.02123733333 357.604973613
-3.01623466667 361.37583987
-3.011232 363.865909125
-3.00622933333 363.360538548
-3.00122666667 364.714779353
-2.996224 365.42224824
-2.99122133333 366.097638882
-2.98621866667 367.271279123
-2.981216 368.411269562
-2.97621333333 368.38077797
-2.97121066667 367.395145254
-2.966208 367.339592427
-2.96120533333 373.796710319
-2.95620266667 377.043850137
-2.9512 377.363266718
-2.94619733333 375.958425132
-2.94119466667 376.791229118
-2.936192 375.770431474
-2.93118933333 375.184043883
-2.92618666667 374.281844616
-2.921184 372.843880397
-2.91618133333 371.964088787
-2.91117866667 371.817202306
-2.906176 371.796918493
-2.90117333333 371.918687124
-2.89617066667 371.810722824
-2.891168 371.525813822
-2.88616533333 370.915835549
-2.88116266667 370.477543664
-2.87616 369.951531067
-2.87115733333 371.345472202
-2.86615466667 373.237336854
-2.861152 374.643417098
-2.85614933333 378.140766844
-2.85114666667 377.765920766
-2.846144 376.299392535
-2.84114133333 375.532376966
-2.83613866667 375.652140703
-2.831136 376.238522327
-2.82613333333 375.452219186
-2.82113066667 374.819954319
-2.816128 374.907801304
-2.81112533333 376.104461392
-2.80612266667 382.859039048
-2.80112 388.586985971
-2.79611733333 388.614575193
-2.79111466667 387.625411078
-2.786112 386.491249658
-2.78110933333 384.773550423
-2.77610666667 380.745619037
-2.771104 379.267213139
-2.76610133333 379.204677908
-2.76109866667 384.11029526
-2.756096 383.500229831
-2.75109333333 383.229726082
-2.74609066667 382.82947263
-2.741088 383.115470668
-2.73608533333 383.49117974
-2.73108266667 384.719469002
-2.72608 386.043446492
-2.72107733333 384.667123581
-2.71607466667 383.324051474
-2.711072 382.54025549
-2.70606933333 381.390139673
-2.70106666667 380.516854675
-2.696064 380.369006534
-2.69106133333 380.658511833
-2.68605866667 380.396671681
-2.681056 380.088411676
-2.67605333333 379.967882418
-2.67105066667 380.194649755
-2.666048 380.326076448
-2.66104533333 380.737147866
-2.65604266667 380.845350535
-2.65104 381.130532701
-2.64603733333 380.682439398
-2.64103466667 380.740478451
-2.636032 380.648359416
-2.63102933333 380.03483327
-2.62602666667 378.871993844
-2.621024 377.229283626
-2.61602133333 375.579368547
-2.61101866667 374.807254439
-2.606016 373.748266488
-2.60101333333 372.182727645
-2.59601066667 370.961601858
-2.591008 370.966104227
-2.58600533333 371.231084069
-2.58100266667 370.432896668
-2.576 369.798797617
-2.57099733333 369.482037774
-2.56599466667 368.765395619
-2.560992 368.669329787
-2.55598933333 368.35254006
-2.55098666667 368.116253003
-2.545984 367.941942853
-2.54098133333 368.090434374
-2.53597866667 367.806122173
-2.530976 368.08643284
-2.52597333333 368.031129052
-2.52097066667 367.989094961
-2.515968 367.529852906
-2.51096533333 367.58373225
-2.50596266667 367.517693214
-2.50096 367.151634507
-2.49595733333 366.745127858
-2.49095466667 366.600807753
-2.485952 366.340592691
-2.48094933333 366.219862468
-2.47594666667 365.735308777
-2.470944 365.497960137
-2.46594133333 364.917159856
-2.46093866667 364.318681695
-2.455936 363.146563482
-2.45093333333 361.345532519
-2.44593066667 359.561056019
-2.440928 358.0422027
-2.43592533333 356.492622906
-2.43092266667 355.360101693
-2.42592 354.013363455
-2.42091733333 353.115597072
-2.41591466667 351.691636747
-2.410912 350.774611922
-2.40590933333 349.943122348
-2.40090666667 349.916208987
-2.395904 352.426447329
-2.39090133333 349.088548851
-2.38589866667 343.450844067
-2.380896 362.506142876
-2.37589333333 361.815028296
-2.37089066667 358.329265501
-2.365888 357.113104846
-2.36088533333 344.908355788
-2.35588266667 360.632545689
-2.35088 378.092811369
-2.34587733333 372.202607907
-2.34087466667 373.417321434
-2.335872 356.307137742
-2.33086933333 387.683337351
-2.32586666667 387.099349215
-2.320864 389.090050021
-2.31586133333 386.518042239
-2.31085866667 387.970282527
-2.305856 392.019862213
-2.30085333333 393.001875778
-2.29585066667 394.287645158
-2.290848 388.445662414
-2.28584533333 386.597894187
-2.28084266667 391.957004554
-2.27584 395.996352068
-2.27083733333 397.30697911
-2.26583466667 398.593843936
-2.260832 398.274831428
-2.25582933333 398.889420269
-2.25082666667 400.468233767
-2.245824 400.689290814
-2.24082133333 400.81365552
-2.23581866667 400.912737801
-2.230816 400.997753978
-2.22581333333 400.801567029
-2.22081066667 400.746259433
-2.215808 400.64738066
-2.21080533333 400.648330364
-2.20580266667 400.556655011
-2.2008 400.64518575
-2.19579733333 400.549931723
-2.19079466667 400.712828344
-2.185792 400.616147845
-2.18078933333 400.695362527
-2.17578666667 400.586844401
-2.170784 400.608066532
-2.16578133333 400.487766014
-2.16077866667 400.70422368
-2.155776 400.75371093
-2.15077333333 400.829247834
-2.14577066667 400.635226205
-2.140768 400.757393213
-2.13576533333 400.647322864
-2.13076266667 400.831890867
-2.12576 400.74033635
-2.12075733333 400.735269665
-2.11575466667 400.645100024
-2.110752 400.67408495
-2.10574933333 400.771108272
-2.10074666667 400.967838128
-2.095744 400.951657338
-2.09074133333 401.16210708
-2.08573866667 401.071002372
-2.080736 401.193720124
-2.07573333333 400.979359635
-2.07073066667 401.070689675
-2.065728 401.127059795
-2.06072533333 401.325293462
-2.05572266667 401.304357702
-2.05072 401.52517385
-2.04571733333 401.544992415
-2.04071466667 401.756783405
-2.035712 401.781150726
-2.03070933333 402.002704509
-2.02570666667 402.112536237
-2.020704 402.312611913
-2.01570133333 402.299813343
-2.01069866667 402.371353569
-2.005696 402.277319561
-2.00069333333 402.456220751
-1.99569066667 402.476746086
-1.990688 402.602269096
-1.98568533333 402.57287887
-1.98068266667 402.774381545
-1.97568 402.741715786
-1.97067733333 403.100094821
-1.96567466667 403.255092223
-1.960672 403.539702877
-1.95566933333 403.673308698
-1.95066666667 404.034667241
-1.945664 404.212639975
-1.94066133333 404.350499457
-1.93565866667 404.399373595
-1.930656 404.629266866
-1.92565333333 404.546721606
-1.92065066667 404.656632289
-1.915648 404.743813498
-1.91064533333 404.971914332
-1.90564266667 405.050343296
-1.90064 405.240494633
-1.89563733333 405.260234916
-1.89063466667 405.369996636
-1.885632 405.434174357
-1.88062933333 405.64454381
-1.87562666667 405.555457208
-1.870624 405.702832397
-1.86562133333 405.630548776
-1.86061866667 405.693728583
-1.855616 405.562315715
-1.85061333333 405.666656126
-1.84561066667 405.679796707
-1.840608 405.862048496
-1.83560533333 405.708437919
-1.83060266667 405.861962158
-1.8256 405.854178189
-1.82059733333 406.08821616
-1.81559466667 405.964900814
-1.810592 406.042711953
-1.80558933333 405.884875163
-1.80058666667 406.05534257
-1.795584 405.93847122
-1.79058133333 406.024474466
-1.78557866667 405.914055246
-1.780576 405.978533302
-1.77557333333 405.921115307
-1.77057066667 406.018894885
-1.765568 406.052455591
-1.76056533333 406.119818296
-1.75556266667 406.027642626
-1.75056 406.162376108
-1.74555733333 406.114195437
-1.74055466667 406.181506072
-1.735552 406.034694801
-1.73054933333 406.077178747
-1.72554666667 405.941995703
-1.720544 405.980572765
-1.71554133333 405.836371444
-1.71053866667 405.849632582
-1.705536 405.754001974
-1.70053333333 405.848539889
-1.69553066667 405.65189473
-1.690528 405.663996734
-1.68552533333 405.536788556
-1.68052266667 405.397547375
-1.67552 405.213608207
-1.67051733333 405.258827337
-1.66551466667 405.218950517
-1.660512 405.258433086
-1.65550933333 404.982209832
-1.65050666667 404.999608238
-1.645504 404.986999174
-1.64050133333 405.03316405
-1.63549866667 404.926585992
-1.630496 405.00153272
-1.62549333333 404.867839472
-1.62049066667 404.914211119
-1.615488 404.687266536
-1.61048533333 404.678705915
-1.60548266667 404.780384816
-1.60048 404.755949773
-1.59547733333 404.757206557
-1.59047466667 404.838702608
-1.585472 404.836212924
-1.58046933333 404.95589565
-1.57546666667 404.892310193
-1.570464 404.901339281
-1.56546133333 404.77923879
-1.56045866667 404.871960849
-1.555456 404.765831405
-1.55045333333 404.820283657
-1.54545066667 404.823808462
-1.540448 404.853819897
-1.53544533333 404.764255058
-1.53044266667 404.81578535
-1.52544 404.776923636
-1.52043733333 404.798673156
-1.51543466667 404.787654546
-1.510432 404.78730534
-1.50542933333 404.7237137
-1.50042666667 404.782664504
-1.495424 404.630439398
-1.49042133333 404.635588648
-1.48541866667 404.043476132
-1.480416 401.96145379
-1.47541333333 399.847997784
-1.47041066667 399.451834842
-1.465408 399.01305832
-1.46040533333 399.094720652
-1.45540266667 398.878654938
-1.4504 399.032888901
-1.44539733333 399.078881689
-1.44039466667 399.130609087
-1.435392 398.68646347
-1.43038933333 398.075825879
-1.42538666667 399.759802059
-1.420384 401.587531057
-1.41538133333 402.097925226
-1.41037866667 401.978443887
-1.405376 399.841448468
-1.40037333333 399.103424312
-1.39537066667 398.620409116
-1.390368 397.459477906
-1.38536533333 398.180183399
-1.38036266667 398.609196363
-1.37536 398.958012983
-1.37035733333 394.539176477
-1.36535466667 384.890652286
-1.360352 382.209752514
-1.35534933333 380.720980852
-1.35034666667 379.728007109
-1.345344 379.046556084
-1.34034133333 379.23660941
-1.33533866667 378.61710079
-1.330336 378.433878229
-1.32533333333 378.596513855
-1.32033066667 379.055931679
-1.315328 379.629377179
-1.31032533333 379.662577972
-1.30532266667 379.205715955
-1.30032 379.666535091
-1.29531733333 381.919034616
-1.29031466667 384.167346101
-1.285312 383.638386228
-1.28030933333 383.64697717
-1.27530666667 382.730565826
-1.270304 381.472717952
-1.26530133333 380.681926626
-1.26029866667 380.608404433
-1.255296 380.221632824
-1.25029333333 380.177085286
-1.24529066667 380.080227771
-1.240288 380.268961039
-1.23528533333 380.215649648
-1.23028266667 380.276196834
-1.22528 380.274714871
-1.22027733333 380.512869906
-1.21527466667 380.817506279
-1.210272 383.091714438
-1.20526933333 398.212412984
-1.20026666667 398.495331774
-1.195264 401.608946266
-1.19026133333 400.81314199
-1.18525866667 400.436530388
-1.180256 400.830714862
-1.17525333333 397.19703149
-1.17025066667 394.127434523
-1.165248 392.588873412
-1.16024533333 392.191596479
-1.15524266667 392.408085387
-1.15024 394.953350931
-1.14523733333 396.640555843
-1.14023466667 396.523140818
-1.135232 396.482732027
-1.13022933333 396.955084348
-1.12522666667 397.310446377
-1.120224 397.696471647
-1.11522133333 397.635219426
-1.11021866667 397.718345874
-1.105216 397.747125902
-1.10021333333 397.967749282
-1.09521066667 397.870013114
-1.090208 398.019027344
-1.08520533333 397.846836699
-1.08020266667 397.659078778
-1.0752 397.486847288
-1.07019733333 397.418310104
-1.06519466667 397.347774718
-1.060192 397.459449775
-1.05518933333 397.369581156
-1.05018666667 397.598445974
-1.045184 397.958854286
-1.04018133333 398.658019653
-1.03517866667 398.908742492
-1.030176 399.024833041
-1.02517333333 398.91771555
-1.02017066667 398.945055327
-1.015168 399.769780629
-1.01016533333 402.175131309
-1.00516266667 406.093374268
-1.00016 407.743856342
-0.995157333333 408.120778154
-0.990154666667 408.122481245
-0.985152 407.752434731
-0.980149333333 407.352235435
-0.975146666667 406.817984179
-0.970144 406.441464493
-0.965141333333 406.056468073
-0.960138666667 405.691361
-0.955136 405.361532238
-0.950133333333 405.133383825
-0.945130666667 404.8991347
-0.940128 404.697791
-0.935125333333 404.485665918
-0.930122666667 404.350622623
-0.92512 404.031940101
-0.920117333333 403.794441797
-0.915114666667 403.316312683
-0.910112 403.168783644
-0.905109333333 402.705679154
-0.900106666667 402.035057258
-0.895104 401.132141639
-0.890101333333 400.754787122
-0.885098666667 400.13717866
-0.880096 399.788451391
-0.875093333333 399.447086314
-0.870090666667 399.128883716
-0.865088 398.652922968
-0.860085333333 398.259351502
-0.855082666667 397.737168337
-0.85008 396.411142637
-0.845077333333 393.201166969
-0.840074666667 391.6535738
-0.835072 390.610660587
-0.830069333333 390.176672743
-0.825066666667 390.084154688
-0.820064 388.920952972
-0.815061333333 383.324185417
-0.810058666667 383.297085674
-0.805056 383.273733047
-0.800053333333 380.103590264
-0.795050666667 376.853589641
-0.790048 375.846759668
-0.785045333333 375.901828926
-0.780042666667 378.453011893
-0.77504 378.245412906
-0.770037333333 377.506920206
-0.765034666667 373.453121331
-0.760032 371.758264585
-0.755029333333 371.336257703
-0.750026666667 371.300353555
-0.745024 371.205664546
-0.740021333333 370.222543787
-0.735018666667 369.328368121
-0.730016 368.514110549
-0.725013333333 367.608561796
-0.720010666667 367.116055855
-0.715008 366.870085884
-0.710005333333 367.60959989
-0.705002666667 367.235502064
-0.7 366.692603072
-0.694997333333 365.274458248
-0.689994666667 364.931602118
-0.684992 365.504625914
-0.679989333333 366.130593132
-0.674986666667 365.050841347
-0.669984 364.467962117
-0.664981333333 364.253983868
-0.659978666667 364.157548724
-0.654976 363.860619388
-0.649973333333 363.650383114
-0.644970666667 363.088581942
-0.639968 362.87622325
-0.634965333333 362.494273086
-0.629962666667 362.353181995
-0.62496 362.106722733
-0.619957333333 361.986202958
-0.614954666667 361.723515714
-0.609952 361.566146689
-0.604949333333 361.365884339
-0.599946666667 361.197162688
-0.594944 361.082709902
-0.589941333333 360.3669655
-0.584938666667 359.459449987
-0.579936 361.191789619
-0.574933333333 360.966743352
-0.569930666667 360.800367799
-0.564928 360.571688857
-0.559925333333 360.428066525
-0.554922666667 360.2674024
-0.54992 360.26094012
-0.544917333333 360.298549577
-0.539914666667 360.275483722
-0.534912 360.268546979
-0.529909333333 360.301331992
-0.524906666667 360.524875371
-0.519904 360.445412052
-0.514901333333 360.414475732
-0.509898666667 360.240393996
-0.504896 360.156247369
-0.499893333333 360.123987042
-0.494890666667 360.044369382
-0.489888 360.137399256
-0.484885333333 360.150045841
-0.479882666667 360.232745776
-0.47488 360.019937399
-0.469877333333 360.154753563
-0.464874666667 360.081301402
-0.459872 360.040025724
-0.454869333333 359.88489576
-0.449866666667 359.878828133
-0.444864 359.806779475
-0.439861333333 359.775484945
-0.434858666667 359.683803006
-0.429856 359.684644025
-0.424853333333 359.546511058
-0.419850666667 359.426237646
-0.414848 359.191729094
-0.409845333333 359.132841604
-0.404842666667 359.024532557
-0.39984 358.98215193
-0.394837333333 359.002674676
-0.389834666667 358.939040466
-0.384832 358.85017152
-0.379829333333 358.680744889
-0.374826666667 358.525162917
-0.369824 358.40829457
-0.364821333333 358.461989037
-0.359818666667 358.61536206
-0.354816 358.46118221
-0.349813333333 358.674378458
-0.344810666667 360.10140992
-0.339808 360.080927927
-0.334805333333 359.848226307
-0.329802666667 359.872674737
-0.3248 360.298711419
-0.319797333333 361.133480783
-0.314794666667 360.68228688
-0.309792 364.386943656
-0.304789333333 364.887783787
-0.299786666667 364.59690521
-0.294784 364.319544279
-0.289781333333 364.072354897
-0.284778666667 363.567923624
-0.279776 363.287557157
-0.274773333333 363.059463738
-0.269770666667 363.145755907
-0.264768 363.054348765
-0.259765333333 363.152263592
-0.254762666667 362.820471862
-0.24976 362.749364047
-0.244757333333 362.55798777
-0.239754666667 362.604339622
-0.234752 362.483580303
-0.229749333333 362.572239103
-0.224746666667 362.435090436
-0.219744 362.558422899
-0.214741333333 362.376956766
-0.209738666667 362.112102302
-0.204736 361.874623303
-0.199733333333 361.813188742
-0.194730666667 361.807034444
-0.189728 362.636429121
-0.184725333333 362.943571571
-0.179722666667 363.856209668
-0.17472 364.249581829
-0.169717333333 364.830997437
-0.164714666667 364.694649344
-0.159712 365.125530203
-0.154709333333 364.988011334
-0.149706666667 364.786448397
-0.144704 363.72811192
-0.139701333333 361.147972152
-0.134698666667 360.275629424
-0.129696 359.632054466
-0.124693333333 359.577036903
-0.119690666667 360.668228043
-0.114688 360.512737761
-0.109685333333 361.287717754
-0.104682666667 361.068425218
-0.09968 361.246223885
-0.0946773333333 361.189205526
-0.0896746666667 361.46179574
-0.084672 361.313406518
-0.0796693333333 361.532862736
-0.0746666666667 361.418670329
-0.069664 361.771902957
-0.0646613333333 361.816243507
-0.0596586666667 361.975092204
-0.054656 362.245829405
-0.0496533333333 362.858243827
-0.0446506666667 363.20096677
-0.039648 363.176457568
-0.0346453333333 363.469815174
-0.0296426666667 364.162967319
-0.02464 364.837184918
-0.0196373333333 371.443530305
-0.0146346666667 371.511388543
-0.009632 371.546926145
-0.00462933333333 372.780416141
