-9.99995733333 1001.75322342
-9.99495466667 1001.19777783
-9.989952 1001.74996104
-9.98494933333 1001.41381167
-9.97994666667 1001.59717632
-9.974944 1001.31692156
-9.96994133333 1001.59625285
-9.96493866667 1000.99636459
-9.959936 1001.23805144
-9.95493333333 1000.90746922
-9.94993066667 1001.43581802
-9.944928 1001.18406398
-9.93992533333 1001.32553387
-9.93492266667 1001.09225127
-9.92992 1001.76754681
-9.92491733333 1001.07582486
-9.91991466667 1001.69479182
-9.914912 1001.401511
-9.90990933333 1001.74661508
-9.90490666667 1001.325254
-9.899904 1001.50322304
-9.89490133333 1001.24614739
-9.88989866667 1001.76386111
-9.884896 1001.50902266
-9.87989333333 1001.7240901
-9.87489066667 1001.47681662
-9.869888 1001.70520607
-9.86488533333 1001.1368019
-9.85988266667 1001.76575759
-9.85488 1001.27095195
-9.84987733333 1001.8684522
-9.84487466667 1001.23884022
-9.839872 1001.64582132
-9.83486933333 1001.30258754
-9.82986666667 1001.56843214
-9.824864 1001.03483277
-9.81986133333 1001.76824753
-9.81485866667 1001.09459551
-9.809856 1001.62514666
-9.80485333333 1000.81552571
-9.79985066667 1001.38074581
-9.794848 1001.22149662
-9.78984533333 1001.19735216
-9.78484266667 1000.90513763
-9.77984 1000.9456814
-9.77483733333 1000.78305076
-9.76983466667 1001.38933608
-9.764832 1000.95203815
-9.75982933333 1001.36163657
-9.75482666667 1001.07264318
-9.749824 1001.49434482
-9.74482133333 1000.66301515
-9.73981866667 1001.32371113
-9.734816 1001.00171066
-9.72981333333 1001.2249288
-9.72481066667 1000.9512094
-9.719808 1000.90004415
-9.71480533333 1000.49245109
-9.70980266667 1001.16746252
-9.7048 1000.39668876
-9.69979733333 1000.69462545
-9.69479466667 1000.52817206
-9.689792 1000.86232314
-9.68478933333 1000.43931987
-9.67978666667 1000.69642515
-9.674784 1000.34205681
-9.66978133333 1000.79275609
-9.66477866667 1000.42428418
-9.659776 1000.56495289
-9.65477333333 1000.36163993
-9.64977066667 1001.11204326
-9.644768 1000.48285413
-9.63976533333 1000.72523998
-9.63476266667 1000.29419888
-9.62976 1000.46750061
-9.62475733333 1000.25429128
-9.61975466667 1000.79696978
-9.614752 1000.61207032
-9.60974933333 1001.02620067
-9.60474666667 1000.471646
-9.599744 1000.65333219
-9.59474133333 1000.23204351
-9.58973866667 1000.4971001
-9.584736 1000.03635705
-9.57973333333 1000.82025617
-9.57473066667 1000.34077813
-9.569728 1000.91119305
-9.56472533333 1000.30199658
-9.55972266667 1000.546157
-9.55472 1000.29987352
-9.54971733333 1000.68117316
-9.54471466667 1000.37752813
-9.539712 1000.213262
-9.53470933333 1000.16948859
-9.52970666667 1000.64310304
-9.524704 1000.17956516
-9.51970133333 1000.36100584
-9.51469866667 1000.09486665
-9.509696 1000.18591057
-9.50469333333 999.932706144
-9.49969066667 1000.05318608
-9.494688 999.906011298
-9.48968533333 1000.44319957
-9.48468266667 999.94579534
-9.47968 1000.10309247
-9.47467733333 999.812179028
-9.46967466667 1000.30557144
-9.464672 1000.15117176
-9.45966933333 1000.16886117
-9.45466666667 999.803332564
-9.449664 1000.49481312
-9.44466133333 999.783498057
-9.43965866667 1000.17762443
-9.434656 1000.00061361
-9.42965333333 1000.43078821
-9.42465066667 999.92995886
-9.419648 1000.59238448
-9.41464533333 1000.23894248
-9.40964266667 1000.85898298
-9.40464 1000.64339427
-9.39963733333 1000.50572674
-9.39463466667 1000.53318355
-9.389632 1000.7448708
-9.38462933333 1000.5648678
-9.37962666667 1000.83982902
-9.374624 1000.56086357
-9.36962133333 1001.32282389
-9.36461866667 1000.88222576
-9.359616 1001.16066516
-9.35461333333 1000.84191495
-9.34961066667 1001.08749845
-9.344608 1000.71051809
-9.33960533333 1001.18945003
-9.33460266667 1000.95736782
-9.3296 1001.20340976
-9.32459733333 1001.04070941
-9.31959466667 1001.31768101
-9.314592 1001.23796211
-9.30958933333 1001.2807142
-9.30458666667 1000.87652161
-9.299584 1000.76283134
-9.29458133333 1000.87866125
-9.28957866667 1001.21676179
-9.284576 1000.99717231
-9.27957333333 1001.071102
-9.27457066667 1000.74258315
-9.269568 1001.24527914
-9.26456533333 1000.52485118
-9.25956266667 1001.01673244
-9.25456 1000.83650173
-9.24955733333 1000.96478354
-9.24455466667 1000.47380286
-9.239552 1000.83220068
-9.23454933333 1000.44767756
-9.22954666667 1000.72767263
-9.224544 1000.13849291
-9.21954133333 1000.45063575
-9.21453866667 1000.3364591
-9.209536 1000.59300155
-9.20453333333 1000.17827638
-9.19953066667 1000.24018316
-9.194528 999.938521574
-9.18952533333 1000.26455784
-9.18452266667 1000.11930948
-9.17952 1000.26320487
-9.17451733333 1000.10517706
-9.16951466667 1000.27403225
-9.164512 999.736004806
-9.15950933333 1000.14867969
-9.15450666667 999.963786953
-9.149504 1000.17387015
-9.14450133333 999.978209731
-9.13949866667 1000.22515045
-9.134496 999.613838823
-9.12949333333 1000.07673577
-9.12449066667 999.839164022
-9.119488 1000.05131755
-9.11448533333 999.740198109
-9.10948266667 1000.19175325
-9.10448 999.466389024
-9.09947733333 1000.15601994
-9.09447466667 999.810092303
-9.089472 1000.09715426
-9.08446933333 999.160515241
-9.07946666667 999.907090455
-9.074464 999.644787953
-9.06946133333 999.470157383
-9.06445866667 999.37582108
-9.059456 999.594959338
-9.05445333333 999.216820315
-9.04945066667 999.661991864
-9.044448 999.198877407
-9.03944533333 999.339829645
-9.03444266667 999.13256313
-9.02944 999.347891261
-9.02443733333 998.740901408
-9.01943466667 999.318026156
-9.014432 998.934230615
-9.00942933333 999.005943805
-9.00442666667 998.818006645
-8.999424 998.806484949
-8.99442133333 998.91933056
-8.98941866667 999.329044835
-8.984416 998.856472888
-8.97941333333 998.895713595
-8.97441066667 998.618915243
-8.969408 999.052462473
-8.96440533333 998.743951739
-8.95940266667 998.745241696
-8.9544 998.528571563
-8.94939733333 998.853649361
-8.94439466667 998.70252833
-8.939392 998.790882578
-8.93438933333 998.416314975
-8.92938666667 998.949774862
-8.924384 998.525874801
-8.91938133333 999.00822049
-8.91437866667 998.760750291
-8.909376 999.01772191
-8.90437333333 998.592640489
-8.89937066667 999.101933136
-8.894368 998.802097409
-8.88936533333 999.164909726
-8.88436266667 998.750009529
-8.87936 998.962587664
-8.87435733333 998.676339068
-8.86935466667 999.219207454
-8.864352 998.440686265
-8.85934933333 998.607299985
-8.85434666667 998.466466963
-8.849344 998.914549433
-8.84434133333 998.334201384
-8.83933866667 998.477490496
-8.834336 998.251404044
-8.82933333333 998.755785935
-8.82433066667 998.212771302
-8.819328 998.464225794
-8.81432533333 998.190934797
-8.80932266667 998.631062591
-8.80432 998.101914277
-8.79931733333 998.193570158
-8.79431466667 998.134017191
-8.789312 998.52232354
-8.78430933333 997.945987811
-8.77930666667 998.299982867
-8.774304 998.079586422
-8.76930133333 998.317067249
-8.76429866667 997.791468872
-8.759296 998.18845629
-8.75429333333 997.950149351
-8.74929066667 998.033136779
-8.744288 997.90633783
-8.73928533333 997.803590575
-8.73428266667 997.914736317
-8.72928 998.164452102
-8.72427733333 997.771255059
-8.71927466667 998.2499256
-8.714272 998.240445402
-8.70926933333 998.254835804
-8.70426666667 997.883189819
-8.699264 998.266778967
-8.69426133333 998.084167158
-8.68925866667 998.265015283
-8.684256 997.694489183
-8.67925333333 997.910687231
-8.67425066667 997.795014792
-8.669248 998.181106052
-8.66424533333 997.871474636
-8.65924266667 997.88391594
-8.65424 997.565221427
-8.64923733333 997.795832313
-8.64423466667 997.391731382
-8.639232 997.944996968
-8.63422933333 997.645205058
-8.62922666667 997.563463202
-8.624224 997.569390892
-8.61922133333 997.842314853
-8.61421866667 997.467597391
-8.609216 998.181416527
-8.60421333333 997.744059006
-8.59921066667 997.807608985
-8.594208 997.541176142
-8.58920533333 998.004971701
-8.58420266667 997.704794788
-8.5792 998.140771319
-8.57419733333 997.417631945
-8.56919466667 998.156737074
-8.564192 997.78055271
-8.55918933333 997.939086363
-8.55418666667 997.613226627
-8.549184 997.862767763
-8.54418133333 997.794268283
-8.53917866667 997.940367243
-8.534176 997.614867891
-8.52917333333 997.692924619
-8.52417066667 997.47713681
-8.519168 997.830874963
-8.51416533333 997.878430493
-8.50916266667 998.326934234
-8.50416 997.889217766
-8.49915733333 997.88617215
-8.49415466667 997.745500007
-8.489152 997.927783017
-8.48414933333 997.511928718
-8.47914666667 997.749985858
-8.474144 997.435578657
-8.46914133333 997.749677115
-8.46413866667 997.381825334
-8.459136 997.480838789
-8.45413333333 997.579577561
-8.44913066667 997.724806027
-8.444128 997.42421738
-8.43912533333 997.913830492
-8.43412266667 997.742078351
-8.42912 998.000746172
-8.42411733333 997.583028965
-8.41911466667 997.967431752
-8.414112 997.677260725
-8.40910933333 997.874025667
-8.40410666667 997.695800847
-8.399104 997.891478849
-8.39410133333 997.995651961
-8.38909866667 998.173955897
-8.384096 998.042955078
-8.37909333333 998.051165648
-8.37409066667 997.866017113
-8.369088 998.258853113
-8.36408533333 998.204783107
-8.35908266667 998.549436648
-8.35408 998.304689705
-8.34907733333 998.777462126
-8.34407466667 998.457249746
-8.339072 998.945584521
-8.33406933333 998.664676087
-8.32906666667 999.405035226
-8.324064 999.255004747
-8.31906133333 999.58638442
-8.31405866667 999.464431323
-8.309056 999.673823551
-8.30405333333 999.690944271
-8.29905066667 999.827081003
-8.294048 999.75823967
-8.28904533333 999.964018194
-8.28404266667 999.68652275
-8.27904 999.995696405
-8.27403733333 999.79590001
-8.26903466667 1000.17404483
-8.264032 999.578270023
-8.25902933333 999.919573584
-8.25402666667 999.85326233
-8.249024 999.734862436
-8.24402133333 999.695361578
-8.23901866667 999.796362431
-8.234016 999.760180139
-8.22901333333 999.782185295
-8.22401066667 999.523298078
-8.219008 999.649857423
-8.21400533333 999.81507874
-8.20900266667 1000.2582522
-8.204 999.810784666
-8.19899733333 1000.06353946
-8.19399466667 999.762340942
-8.188992 999.842322661
-8.18398933333 999.558669322
-8.17898666667 1000.06606575
-8.173984 999.853360187
-8.16898133333 1000.00201332
-8.16397866667 999.673675603
-8.158976 999.744786804
-8.15397333333 999.697806387
-8.14897066667 999.718363079
-8.143968 999.316246001
-8.13896533333 999.5134658
-8.13396266667 999.455869798
-8.12896 999.514530725
-8.12395733333 999.329052651
-8.11895466667 999.536297439
-8.113952 999.056446685
-8.10894933333 999.281923016
-8.10394666667 998.797793107
-8.098944 999.083790849
-8.09394133333 998.799232807
-8.08893866667 998.933841376
-8.083936 999.111956839
-8.07893333333 998.872880673
-8.07393066667 998.520563283
-8.068928 998.612583685
-8.06392533333 998.381699163
-8.05892266667 998.752400137
-8.05392 998.547133426
-8.04891733333 998.40294789
-8.04391466667 998.151551036
-8.038912 998.278329011
-8.03390933333 998.310191117
-8.02890666667 998.451936338
-8.023904 998.538413446
-8.01890133333 998.618741657
-8.01389866667 998.375697755
-8.008896 998.690390672
-8.00389333333 998.49424732
-7.99889066667 998.781160609
-7.993888 998.683198496
-7.98888533333 999.255806293
-7.98388266667 998.983905185
-7.97888 999.480753999
-7.97387733333 999.670244002
-7.96887466667 999.862203005
-7.963872 999.847596401
-7.95886933333 1000.30918712
-7.95386666667 1000.05650312
-7.948864 1000.73553661
-7.94386133333 1000.85925371
-7.93885866667 1000.98889871
-7.933856 1001.5440178
-7.92885333333 1002.11844367
-7.92385066667 1002.09571481
-7.918848 1002.73862096
-7.91384533333 1003.14778847
-7.90884266667 1003.79652411
-7.90384 1003.77556987
-7.89883733333 1004.7084685
-7.89383466667 1005.18093654
-7.888832 1005.88568178
-7.88382933333 1005.96115895
-7.87882666667 1006.24751894
-7.873824 1006.80131796
-7.86882133333 1008.10128889
-7.86381866667 1008.12544454
-7.858816 1009.07374436
-7.85381333333 1009.47972726
-7.84881066667 1010.28050358
-7.843808 1010.26649976
-7.83880533333 1011.14110541
-7.83380266667 1011.19580563
-7.8288 1011.84507461
-7.82379733333 1012.29157473
-7.81879466667 1013.05824849
-7.813792 1013.53545104
-7.80878933333 1014.09497555
-7.80378666667 1014.30129962
-7.798784 1014.72194189
-7.79378133333 1014.45857923
-7.78877866667 1015.00682616
-7.783776 1015.34261204
-7.77877333333 1015.74957296
-7.77377066667 1015.958491
-7.768768 1016.64776698
-7.76376533333 1017.5207976
-7.75876266667 1018.19320885
-7.75376 1018.60387656
-7.74875733333 1019.32180299
-7.74375466667 1019.88307918
-7.738752 1020.99691332
-7.73374933333 1021.59068241
-7.72874666667 1022.59921211
-7.723744 1023.94091717
-7.71874133333 1024.91490803
-7.71373866667 1025.93598734
-7.708736 1027.4975758
-7.70373333333 1028.128972
-7.69873066667 1029.65762182
-7.693728 1031.23895968
-7.68872533333 1034.06468451
-7.68372266667 1035.52999119
-7.67872 1038.36074339
-7.67371733333 1040.48682565
-7.66871466667 1041.32769069
-7.663712 1041.78363851
-7.65870933333 1043.68801403
-7.65370666667 1044.95421835
-7.648704 1045.56315603
-7.64370133333 1047.25605197
-7.63869866667 1050.18094181
-7.633696 1052.01279679
-7.62869333333 1053.51456899
-7.62369066667 1055.0406192
-7.618688 1056.25051742
-7.61368533333 1057.10941073
-7.60868266667 1057.94480869
-7.60368 1059.00500834
-7.59867733333 1061.50656951
-7.59367466667 1062.70598811
-7.588672 1063.75110166
-7.58366933333 1066.79520677
-7.57866666667 1068.13862902
-7.573664 1069.10367338
-7.56866133333 1071.54010007
-7.56365866667 1072.16459544
-7.558656 1073.49908488
-7.55365333333 1075.08918159
-7.54865066667 1076.5618609
-7.543648 1077.45610756
-7.53864533333 1079.10777448
-7.53364266667 1080.21137022
-7.52864 1081.36200028
-7.52363733333 1081.92126936
-7.51863466667 1082.18501952
-7.513632 1082.35417885
-7.50862933333 1081.75448773
-7.50362666667 1081.68170805
-7.498624 1081.10732058
-7.49362133333 1080.43809436
-7.48861866667 1079.10714604
-7.483616 1078.3118059
-7.47861333333 1079.2832001
-7.47361066667 1077.42139214
-7.468608 1076.51818693
-7.46360533333 1074.21636618
-7.45860266667 1072.6511497
-7.4536 1071.35202594
-7.44859733333 1069.2620572
-7.44359466667 1068.98774009
-7.438592 1069.44664
-7.43358933333 1069.29381794
-7.42858666667 1068.64280316
-7.423584 1067.68446184
-7.41858133333 1068.50122679
-7.41357866667 1067.83897958
-7.408576 1066.60562991
-7.40357333333 1065.16067873
-7.39857066667 1064.5389767
-7.393568 1064.39798891
-7.38856533333 1063.9187058
-7.38356266667 1063.00503836
-7.37856 1062.6915513
-7.37355733333 1062.44187408
-7.36855466667 1062.88390959
-7.363552 1062.73442294
-7.35854933333 1063.44003794
-7.35354666667 1062.58621533
-7.348544 1062.64073283
-7.34354133333 1061.94986694
-7.33853866667 1061.82545065
-7.333536 1061.28300795
-7.32853333333 1061.37288556
-7.32353066667 1060.56216716
-7.318528 1059.79142075
-7.31352533333 1059.55548037
-7.30852266667 1059.18928343
-7.30352 1058.91758286
-7.29851733333 1058.84179586
-7.29351466667 1058.14807612
-7.288512 1057.87190637
-7.28350933333 1057.84053416
-7.27850666667 1057.74589477
-7.273504 1058.75593692
-7.26850133333 1058.46657811
-7.26349866667 1058.7417783
-7.258496 1058.92043905
-7.25349333333 1058.802013
-7.24849066667 1058.54441598
-7.243488 1058.08443074
-7.23848533333 1057.76199376
-7.23348266667 1058.1890319
-7.22848 1057.7483964
-7.22347733333 1057.71997253
-7.21847466667 1057.84984541
-7.213472 1057.39767686
-7.20846933333 1057.458753
-7.20346666667 1057.06774061
-7.198464 1056.65753088
-7.19346133333 1056.58930674
-7.18845866667 1056.1833376
-7.183456 1056.15033867
-7.17845333333 1056.05786255
-7.17345066667 1055.69942714
-7.168448 1056.13618301
-7.16344533333 1056.01098706
-7.15844266667 1055.548324
-7.15344 1055.62270609
-7.14843733333 1055.1657408
-7.14343466667 1054.51525762
-7.138432 1054.53317997
-7.13342933333 1054.0125775
-7.12842666667 1054.16755583
-7.123424 1054.53092707
-7.11842133333 1054.32528614
-7.11341866667 1054.29756591
-7.108416 1053.7882527
-7.10341333333 1053.56495598
-7.09841066667 1053.83205219
-7.093408 1052.52211643
-7.08840533333 1053.76079604
-7.08340266667 1054.65865629
-7.0784 1053.12302049
-7.07339733333 1052.69254475
-7.06839466667 1052.64390903
-7.063392 1051.58844055
-7.05838933333 1051.64015555
-7.05338666667 1052.35774144
-7.048384 1052.44078881
-7.04338133333 1053.39256706
-7.03837866667 1053.55497646
-7.033376 1055.25238501
-7.02837333333 1056.09744242
-7.02337066667 1055.18114463
-7.018368 1055.78451564
-7.01336533333 1055.69608216
-7.00836266667 1054.58924685
-7.00336 1054.02447887
-6.99835733333 1053.50844322
-6.99335466667 1052.42192971
-6.988352 1051.83903438
-6.98334933333 1049.31291273
-6.97834666667 1046.85108726
-6.973344 1046.01890202
-6.96834133333 1046.0069909
-6.96333866667 1045.61197426
-6.958336 1045.45625352
-6.95333333333 1045.2162359
-6.94833066667 1045.20291591
-6.943328 1044.52906287
-6.93832533333 1044.40504603
-6.93332266667 1044.57981817
-6.92832 1044.29875552
-6.92331733333 1043.59711076
-6.91831466667 1043.28486137
-6.913312 1042.77254798
-6.90830933333 1042.55677424
-6.90330666667 1042.54944929
-6.898304 1042.00329028
-6.89330133333 1041.58470559
-6.88829866667 1041.86520492
-6.883296 1041.92840802
-6.87829333333 1041.55062052
-6.87329066667 1041.12310396
-6.868288 1040.98580056
-6.86328533333 1040.59972906
-6.85828266667 1040.1839576
-6.85328 1040.13507061
-6.84827733333 1039.8803286
-6.84327466667 1039.0066994
-6.838272 1038.7939481
-6.83326933333 1038.78199514
-6.82826666667 1038.80713973
-6.823264 1038.32319102
-6.81826133333 1038.22310089
-6.81325866667 1038.24792109
-6.808256 1038.50847574
-6.80325333333 1038.35107658
-6.79825066667 1038.27076906
-6.793248 1038.19712604
-6.78824533333 1038.12383018
-6.78324266667 1038.36140159
-6.77824 1038.17059162
-6.77323733333 1037.99709189
-6.76823466667 1038.17021353
-6.763232 1038.04930481
-6.75822933333 1037.74705941
-6.75322666667 1037.62557876
-6.748224 1037.7240644
-6.74322133333 1037.24539968
-6.73821866667 1037.32146681
-6.733216 1037.10205037
-6.72821333333 1036.85994804
-6.72321066667 1036.98383704
-6.718208 1036.86600923
-6.71320533333 1036.87020351
-6.70820266667 1036.51396085
-6.7032 1036.37433491
-6.69819733333 1036.2159758
-6.69319466667 1036.59365731
-6.688192 1035.80318272
-6.68318933333 1035.49501969
-6.67818666667 1035.32219477
-6.673184 1035.5517183
-6.66818133333 1034.9807414
-6.66317866667 1034.49000686
-6.658176 1034.35730719
-6.65317333333 1034.28257778
-6.64817066667 1033.7966139
-6.643168 1033.65572815
-6.63816533333 1033.21655859
-6.63316266667 1032.88168078
-6.62816 1032.85669021
-6.62315733333 1032.41396049
-6.61815466667 1032.51612217
-6.613152 1032.40209345
-6.60814933333 1031.953528
-6.60314666667 1031.56647625
-6.598144 1031.3717068
-6.59314133333 1031.3230681
-6.58813866667 1031.2384098
-6.583136 1031.27844125
-6.57813333333 1030.83176181
-6.57313066667 1030.62958548
-6.568128 1030.14134185
-6.56312533333 1030.13197465
-6.55812266667 1029.96843527
-6.55312 1029.58606176
-6.54811733333 1029.51163368
-6.54311466667 1029.15004999
-6.538112 1028.86353571
-6.53310933333 1028.78751229
-6.52810666667 1028.65876859
-6.523104 1029.04905836
-6.51810133333 1028.64547905
-6.51309866667 1028.54059536
-6.508096 1028.694208
-6.50309333333 1028.32944731
-6.49809066667 1028.1677167
-6.493088 1028.10626663
-6.48808533333 1027.72917213
-6.48308266667 1028.06515388
-6.47808 1027.68951807
-6.47307733333 1027.68217449
-6.46807466667 1027.1801428
-6.463072 1027.34277183
-6.45806933333 1026.99381922
-6.45306666667 1026.66328212
-6.448064 1026.6194118
-6.44306133333 1026.61693968
-6.43805866667 1026.36523763
-6.433056 1026.18366642
-6.42805333333 1025.96410156
-6.42305066667 1025.86066425
-6.418048 1024.90547793
-6.41304533333 1024.91867034
-6.40804266667 1024.37442859
-6.40304 1024.43839043
-6.39803733333 1023.52350225
-6.39303466667 1023.08877214
-6.388032 1023.03096177
-6.38302933333 1022.94486903
-6.37802666667 1022.95494324
-6.373024 1022.85279928
-6.36802133333 1022.34562196
-6.36301866667 1022.18113894
-6.358016 1021.86874223
-6.35301333333 1021.7036829
-6.34801066667 1021.3314562
-6.343008 1021.01343147
-6.33800533333 1020.44546869
-6.33300266667 1020.35488542
-6.328 1019.72519187
-6.32299733333 1019.21492839
-6.31799466667 1019.28284103
-6.312992 1019.27720783
-6.30798933333 1018.6235614
-6.30298666667 1018.64999863
-6.297984 1018.41025862
-6.29298133333 1017.91128298
-6.28797866667 1018.01510046
-6.282976 1017.48860259
-6.27797333333 1017.03523376
-6.27297066667 1017.26217793
-6.267968 1016.75729213
-6.26296533333 1016.4412414
-6.25796266667 1015.7238847
-6.25296 1015.49491427
-6.24795733333 1015.22692377
-6.24295466667 1015.01626692
-6.237952 1014.31014782
-6.23294933333 1014.59255965
-6.22794666667 1013.40489346
-6.222944 1013.32481232
-6.21794133333 1013.2690483
-6.21293866667 1012.52546991
-6.207936 1012.64854646
-6.20293333333 1012.67200794
-6.19793066667 1011.83909923
-6.192928 1012.06413208
-6.18792533333 1010.97763075
-6.18292266667 1010.37180354
-6.17792 1010.44048508
-6.17291733333 1010.54276927
-6.16791466667 1010.26694008
-6.162912 1010.25667464
-6.15790933333 1010.08251489
-6.15290666667 1009.72809336
-6.147904 1009.12166215
-6.14290133333 1009.43706377
-6.13789866667 1009.61384281
-6.132896 1009.75682745
-6.12789333333 1009.79567714
-6.12289066667 1009.58335594
-6.117888 1009.19255335
-6.11288533333 1008.956743
-6.10788266667 1008.74738202
-6.10288 1009.04785831
-6.09787733333 1008.82351059
-6.09287466667 1008.65078655
-6.087872 1008.78803591
-6.08286933333 1008.5328149
-6.07786666667 1008.32952736
-6.072864 1008.48770376
-6.06786133333 1008.08693581
-6.06285866667 1008.46141953
-6.057856 1008.04537523
-6.05285333333 1008.45910682
-6.04785066667 1007.72402787
-6.042848 1008.00743156
-6.03784533333 1007.67333418
-6.03284266667 1007.2416018
-6.02784 1007.08209203
-6.02283733333 1007.19048159
-6.01783466667 1006.73351437
-6.012832 1006.73446155
-6.00782933333 1006.48437604
-6.00282666667 1006.55260523
-5.997824 1006.2135471
-5.99282133333 1006.57573358
-5.98781866667 1005.91493921
-5.982816 1005.83190901
-5.97781333333 1005.62312377
-5.97281066667 1005.472707
-5.967808 1005.11354861
-5.96280533333 1005.27227271
-5.95780266667 1005.30734877
-5.9528 1005.56765391
-5.94779733333 1005.324763
-5.94279466667 1005.03343563
-5.937792 1004.74411977
-5.93278933333 1005.09410366
-5.92778666667 1004.69889981
-5.922784 1005.08233132
-5.91778133333 1005.017523
-5.91277866667 1004.94878992
-5.907776 1004.72189271
-5.90277333333 1004.84724397
-5.89777066667 1004.48061499
-5.892768 1004.6402773
-5.88776533333 1004.60795781
-5.88276266667 1004.57352145
-5.87776 1004.04942822
-5.87275733333 1004.48450461
-5.86775466667 1004.2794268
-5.862752 1004.37359704
-5.85774933333 1004.12239159
-5.85274666667 1004.27429991
-5.847744 1003.90749886
-5.84274133333 1003.691186
-5.83773866667 1003.70181023
-5.832736 1004.39423694
-5.82773333333 1004.00930049
-5.82273066667 1003.64115483
-5.817728 1003.60214363
-5.81272533333 1003.8137248
-5.80772266667 1003.25778406
-5.80272 1003.59652643
-5.79771733333 1003.12059349
-5.79271466667 1003.78119561
-5.787712 1003.10129837
-5.78270933333 1003.1669574
-5.77770666667 1002.98392094
-5.772704 1003.71025066
-5.76770133333 1003.10875125
-5.76269866667 1003.34370925
-5.757696 1002.9213712
-5.75269333333 1003.07094696
-5.74769066667 1003.17757317
-5.742688 1003.34527702
-5.73768533333 1002.97566134
-5.73268266667 1003.14265873
-5.72768 1002.94194772
-5.72267733333 1003.22582949
-5.71767466667 1003.26921997
-5.712672 1003.38595228
-5.70766933333 1003.45917761
-5.70266666667 1003.3920679
-5.697664 1003.10873267
-5.69266133333 1003.44397149
-5.68765866667 1003.63254736
-5.682656 1004.24662845
-5.67765333333 1003.87917006
-5.67265066667 1004.32919419
-5.667648 1003.95564646
-5.66264533333 1004.13169104
-5.65764266667 1004.12918379
-5.65264 1004.31066937
-5.64763733333 1004.26132635
-5.64263466667 1004.31521821
-5.637632 1004.26713893
-5.63262933333 1004.42524375
-5.62762666667 1004.15575776
-5.622624 1004.44529989
-5.61762133333 1004.66750984
-5.61261866667 1005.09704644
-5.607616 1004.63689345
-5.60261333333 1005.27095715
-5.59761066667 1005.21023297
-5.592608 1005.950117
-5.58760533333 1005.87868753
-5.58260266667 1005.72095522
-5.5776 1005.7788711
-5.57259733333 1006.7753221
-5.56759466667 1006.21555984
-5.562592 1007.07475686
-5.55758933333 1006.92508319
-5.55258666667 1006.8671194
-5.547584 1007.269059
-5.54258133333 1007.56916058
-5.53757866667 1007.26052679
-5.532576 1008.00383503
-5.52757333333 1007.28256735
-5.52257066667 1008.07222171
-5.517568 1007.75001976
-5.51256533333 1008.46588889
-5.50756266667 1008.64945354
-5.50256 1009.13987114
-5.49755733333 1009.00168129
-5.49255466667 1009.87729244
-5.487552 1009.75203886
-5.48254933333 1009.78616056
-5.47754666667 1009.83776802
-5.472544 1010.17094513
-5.46754133333 1010.24084676
-5.46253866667 1010.50351064
-5.457536 1010.16041469
-5.45253333333 1011.09844152
-5.44753066667 1010.8194747
-5.442528 1010.84962984
-5.43752533333 1010.6248313
-5.43252266667 1010.69533687
-5.42752 1010.30750737
-5.42251733333 1010.88422563
-5.41751466667 1010.31995215
-5.412512 1010.3421069
-5.40750933333 1010.25084694
-5.40250666667 1010.21656981
-5.397504 1009.90482605
-5.39250133333 1010.24753994
-5.38749866667 1009.72023719
-5.382496 1009.8960504
-5.37749333333 1009.88663701
-5.37249066667 1009.7525458
-5.367488 1009.54942425
-5.36248533333 1009.72561082
-5.35748266667 1009.2784247
-5.35248 1009.65964926
-5.34747733333 1009.25093769
-5.34247466667 1009.46191857
-5.337472 1009.08154968
-5.33246933333 1009.67031558
-5.32746666667 1009.21530783
-5.322464 1009.41498126
-5.31746133333 1008.99368284
-5.31245866667 1009.54776855
-5.307456 1008.83436071
-5.30245333333 1009.13505591
-5.29745066667 1009.06530667
-5.292448 1009.2411556
-5.28744533333 1009.16942293
-5.28244266667 1009.20434122
-5.27744 1008.95109905
-5.27243733333 1009.35079329
-5.26743466667 1008.82460736
-5.262432 1008.89036546
-5.25742933333 1008.25592781
-5.25242666667 1008.6002524
-5.247424 1008.79844318
-5.24242133333 1009.00414744
-5.23741866667 1008.27963624
-5.232416 1008.89439806
-5.22741333333 1008.36193464
-5.22241066667 1008.49313757
-5.217408 1008.40621222
-5.21240533333 1008.62943742
-5.20740266667 1008.22353963
-5.2024 1008.50211973
-5.19739733333 1008.34461748
-5.19239466667 1008.88677164
-5.187392 1008.45390722
-5.18238933333 1008.71116121
-5.17738666667 1008.48101562
-5.172384 1008.86765534
-5.16738133333 1008.28488481
-5.16237866667 1008.86387732
-5.157376 1008.29865234
-5.15237333333 1008.33435975
-5.14737066667 1007.55220128
-5.142368 1007.26590631
-5.13736533333 1007.43975752
-5.13236266667 1007.64954154
-5.12736 1007.01208661
-5.12235733333 1007.51209246
-5.11735466667 1007.43782139
-5.112352 1007.98187755
-5.10734933333 1007.78008666
-5.10234666667 1008.07536364
-5.097344 1007.6996741
-5.09234133333 1007.5416127
-5.08733866667 1007.13025003
-5.082336 1006.98088517
-5.07733333333 1007.01878891
-5.07233066667 1007.5794878
-5.067328 1007.0778294
-5.06232533333 1007.38867519
-5.05732266667 1006.68398196
-5.05232 1006.66718035
-5.04731733333 1006.55635619
-5.04231466667 1006.8594828
-5.037312 1006.60986295
-5.03230933333 1006.94525875
-5.02730666667 1006.44099265
-5.022304 1006.47421484
-5.01730133333 1006.44581061
-5.01229866667 1006.5924025
-5.007296 1006.00555205
-5.00229333333 1006.16075707
-4.99729066667 1005.77340621
-4.992288 1005.77174474
-4.98728533333 1005.54578862
-4.98228266667 1005.83170393
-4.97728 1005.47373116
-4.97227733333 1005.92074016
-4.96727466667 1005.55210126
-4.962272 1005.45043968
-4.95726933333 1005.63453396
-4.95226666667 1005.68803673
-4.947264 1005.39088378
-4.94226133333 1005.65380462
-4.93725866667 1005.13742474
-4.932256 1005.45474776
-4.92725333333 1005.18656713
-4.92225066667 1005.61958673
-4.917248 1005.46611325
-4.91224533333 1005.77029911
-4.90724266667 1005.32379086
-4.90224 1006.01134721
-4.89723733333 1005.7739022
-4.89223466667 1006.22555351
-4.887232 1005.64660872
-4.88222933333 1005.70949135
-4.87722666667 1005.63558598
-4.872224 1005.78093014
-4.86722133333 1005.90739167
-4.86221866667 1006.10623223
-4.857216 1006.0502214
-4.85221333333 1006.09028372
-4.84721066667 1005.85699726
-4.842208 1005.9159364
-4.83720533333 1005.39496971
-4.83220266667 1006.07499262
-4.8272 1005.47667351
-4.82219733333 1005.9701187
-4.81719466667 1005.56832206
-4.812192 1005.85682842
-4.80718933333 1005.71448239
-4.80218666667 1005.62221213
-4.797184 1005.46141518
-4.79218133333 1005.72885342
-4.78717866667 1005.30036364
-4.782176 1005.42421416
-4.77717333333 1004.88575027
-4.77217066667 1005.59994805
-4.767168 1005.1538242
-4.76216533333 1005.37208706
-4.75716266667 1005.42821448
-4.75216 1005.52867938
-4.74715733333 1005.00147539
-4.74215466667 1005.3965084
-4.737152 1005.38313819
-4.73214933333 1005.93704014
-4.72714666667 1005.40160177
-4.722144 1005.49818624
-4.71714133333 1005.11202225
-4.71213866667 1005.82143367
-4.707136 1005.18999772
-4.70213333333 1005.63776494
-4.69713066667 1005.27482674
-4.692128 1005.50963837
-4.68712533333 1005.14393479
-4.68212266667 1005.4260362
-4.67712 1004.96892356
-4.67211733333 1005.28588893
-4.66711466667 1004.77207055
-4.662112 1005.38958023
-4.65710933333 1004.7862879
-4.65210666667 1005.17563464
-4.647104 1004.9779001
-4.64210133333 1005.27390462
-4.63709866667 1004.94568613
-4.632096 1005.05930876
-4.62709333333 1004.8522621
-4.62209066667 1005.0314678
-4.617088 1004.81973603
-4.61208533333 1004.53309675
-4.60708266667 1004.66805334
-4.60208 1004.92513973
-4.59707733333 1004.47256791
-4.59207466667 1004.8256846
-4.587072 1004.4966319
-4.58206933333 1004.62426219
-4.57706666667 1004.22978099
-4.572064 1004.36292086
-4.56706133333 1004.11453921
-4.56205866667 1004.16709055
-4.557056 1003.6597733
-4.55205333333 1004.1551577
-4.54705066667 1003.55099205
-4.542048 1003.28094012
-4.53704533333 1003.45515546
-4.53204266667 1003.65790197
-4.52704 1003.1595423
-4.52203733333 1003.56556685
-4.51703466667 1003.4940916
-4.512032 1003.77247616
-4.50702933333 1003.40325734
-4.50202666667 1003.81603527
-4.497024 1003.48594942
-4.49202133333 1003.49340345
-4.48701866667 1003.35821534
-4.482016 1003.90747832
-4.47701333333 1003.36314086
-4.47201066667 1004.31399198
-4.467008 1003.63078186
-4.46200533333 1003.90622412
-4.45700266667 1003.95084664
-4.452 1004.59054335
-4.44699733333 1003.84624422
-4.44199466667 1004.52109843
-4.436992 1004.23659732
-4.43198933333 1004.56057542
-4.42698666667 1004.20470733
-4.421984 1004.4480467
-4.41698133333 1004.14888978
-4.41197866667 1004.68746933
-4.406976 1004.17701639
-4.40197333333 1004.48874759
-4.39697066667 1004.04839127
-4.391968 1004.76865486
-4.38696533333 1004.24591397
-4.38196266667 1004.59038793
-4.37696 1004.5085988
-4.37195733333 1004.69217105
-4.36695466667 1004.01752597
-4.361952 1004.22701097
-4.35694933333 1003.88652835
-4.35194666667 1004.62308768
-4.346944 1004.03598313
-4.34194133333 1004.24875702
-4.33693866667 1004.2584921
-4.331936 1004.46182043
-4.32693333333 1003.99508617
-4.32193066667 1004.1463977
-4.316928 1004.2565292
-4.31192533333 1004.7742503
-4.30692266667 1004.38005045
-4.30192 1004.9284541
-4.29691733333 1004.54402107
-4.29191466667 1005.02608597
-4.286912 1004.44252427
-4.28190933333 1004.79560585
-4.27690666667 1004.35186251
-4.271904 1004.6672452
-4.26690133333 1004.26266811
-4.26189866667 1004.45167836
-4.256896 1004.01139498
-4.25189333333 1004.3346316
-4.24689066667 1004.3388173
-4.241888 1004.94303182
-4.23688533333 1004.34749428
-4.23188266667 1004.54167995
-4.22688 1004.25841853
-4.22187733333 1004.69391438
-4.21687466667 1004.54444787
-4.211872 1004.53858042
-4.20686933333 1003.83968879
-4.20186666667 1003.98232498
-4.196864 1003.83286963
-4.19186133333 1003.74870339
-4.18685866667 1003.44201042
-4.181856 1003.95265148
-4.17685333333 1003.35131278
-4.17185066667 1003.67592067
-4.166848 1003.30564815
-4.16184533333 1003.41880185
-4.15684266667 1002.90157678
-4.15184 1003.26493248
-4.14683733333 1002.7299791
-4.14183466667 1002.93422972
-4.136832 1002.43974805
-4.13182933333 1002.54888768
-4.12682666667 1002.11486858
-4.121824 1002.03789871
-4.11682133333 1002.04128639
-4.11181866667 1002.36856388
-4.106816 1002.11677583
-4.10181333333 1002.58710551
-4.09681066667 1002.37064004
-4.091808 1002.41308003
-4.08680533333 1002.00692539
-4.08180266667 1002.42484871
-4.0768 1001.9341844
-4.07179733333 1002.46228056
-4.06679466667 1001.67507335
-4.061792 1001.70286386
-4.05678933333 1001.52457823
-4.05178666667 1002.1378789
-4.046784 1001.51852251
-4.04178133333 1002.02428027
-4.03677866667 1001.69423572
-4.031776 1002.4018897
-4.02677333333 1001.5827021
-4.02177066667 1001.70631537
-4.016768 1001.41891747
-4.01176533333 1001.51888366
-4.00676266667 1001.35926763
-4.00176 1001.4137177
-3.99675733333 1001.22827935
-3.99175466667 1001.69730789
-3.986752 1001.22396858
-3.98174933333 1001.7253482
-3.97674666667 1001.20136904
-3.971744 1001.56313103
-3.96674133333 1001.28731754
-3.96173866667 1001.24747958
-3.956736 1001.18724384
-3.95173333333 1001.38905745
-3.94673066667 1001.21202463
-3.941728 1001.32863294
-3.93672533333 1001.23038257
-3.93172266667 1001.45654407
-3.92672 1000.90899968
-3.92171733333 1001.44405403
-3.91671466667 1001.32865896
-3.911712 1001.76834397
-3.90670933333 1001.19034753
-3.90170666667 1001.57421036
-3.896704 1001.06239118
-3.89170133333 1001.51972153
-3.88669866667 1001.22165981
-3.881696 1001.6747131
-3.87669333333 1001.7624413
-3.87169066667 1001.82099724
-3.866688 1001.33706443
-3.86168533333 1001.68008186
-3.85668266667 1001.52244758
-3.85168 1001.6787902
-3.84667733333 1001.2765077
-3.84167466667 1001.2063688
-3.836672 1001.04053137
-3.83166933333 1001.33973422
-3.82666666667 1001.02770214
-3.821664 1001.39812868
-3.81666133333 1000.97527233
-3.81165866667 1001.38549586
-3.806656 1000.8620117
-3.80165333333 1001.6327514
-3.79665066667 1001.17698818
-3.791648 1001.34159746
-3.78664533333 1001.19981016
-3.78164266667 1001.14791367
-3.77664 1000.73584729
-3.77163733333 1001.4343979
-3.76663466667 1000.54412908
-3.761632 1001.25243049
-3.75662933333 1000.93277641
-3.75162666667 1001.10048627
-3.746624 1000.67539479
-3.74162133333 1001.26242859
-3.73661866667 1000.9544411
-3.731616 1001.14928745
-3.72661333333 1000.53346553
-3.72161066667 1000.89840814
-3.716608 1001.00130053
-3.71160533333 1000.73579404
-3.70660266667 1000.54214837
-3.7016 1000.9961437
-3.69659733333 1000.73884589
-3.69159466667 1000.843691
-3.686592 1000.37172499
-3.68158933333 1000.87901106
-3.67658666667 1000.536209
-3.671584 1000.70977471
-3.66658133333 1000.45358111
-3.66157866667 1000.70126539
-3.656576 999.921347336
-3.65157333333 1000.48601424
-3.64657066667 1000.26589576
-3.641568 1000.40063597
-3.63656533333 1000.20765964
-3.63156266667 1000.43947876
-3.62656 999.897922762
-3.62155733333 1000.40383729
-3.61655466667 999.533582027
-3.611552 1000.20724936
-3.60654933333 999.903877287
-3.60154666667 999.963226802
-3.596544 999.827400327
-3.59154133333 999.976453227
-3.58653866667 999.373869011
-3.581536 999.994792935
-3.57653333333 999.426041826
-3.57153066667 999.729554285
-3.566528 999.020752385
-3.56152533333 999.540267562
-3.55652266667 999.344232785
-3.55152 999.749515429
-3.54651733333 999.455746235
-3.54151466667 999.792400712
-3.536512 999.113768173
-3.53150933333 999.423847313
-3.52650666667 999.006307136
-3.521504 999.428269034
-3.51650133333 999.230626197
-3.51149866667 999.748317817
-3.506496 999.04851124
-3.50149333333 999.376642501
-3.49649066667 999.002164268
-3.491488 999.218809659
-3.48648533333 998.813768478
-3.48148266667 999.253582108
-3.47648 998.872504726
-3.47147733333 999.14766826
-3.46647466667 998.729089848
-3.461472 999.299750983
-3.45646933333 999.001726218
-3.45146666667 999.008898399
-3.446464 998.541296697
-3.44146133333 998.325641732
-3.43645866667 998.196506607
-3.431456 998.548411291
-3.42645333333 997.976120875
-3.42145066667 998.258284341
-3.416448 998.075078829
-3.41144533333 998.016971675
-3.40644266667 997.828516308
-3.40144 998.190253678
-3.39643733333 997.897359561
-3.39143466667 998.18733756
-3.386432 997.796505035
-3.38142933333 997.793633289
-3.37642666667 997.489125447
-3.371424 997.698471071
-3.36642133333 997.573150743
-3.36141866667 997.691761608
-3.356416 997.942840554
-3.35141333333 998.275044796
-3.34641066667 997.973369792
-3.341408 998.19703637
-3.33640533333 998.25872616
-3.33140266667 998.129075717
-3.3264 998.297332137
-3.32139733333 998.271539197
-3.31639466667 997.838635646
-3.311392 998.152149095
-3.30638933333 998.090333921
-3.30138666667 998.061789929
-3.296384 998.383295877
-3.29138133333 997.990468929
-3.28637866667 997.767316415
-3.281376 997.963535493
-3.27637333333 998.079454859
-3.27137066667 998.372519414
-3.266368 997.859648523
-3.26136533333 997.966102299
-3.25636266667 997.956269624
-3.25136 998.289600717
-3.24635733333 997.860453782
-3.24135466667 998.148123513
-3.236352 997.841092434
-3.23134933333 998.234044819
-3.22634666667 997.764446846
-3.221344 998.198606383
-3.21634133333 998.014505267
-3.21133866667 998.241101392
-3.206336 998.074251089
-3.20133333333 998.10532386
-3.19633066667 997.988504801
-3.191328 998.453697161
-3.18632533333 998.016303111
-3.18132266667 998.316783913
-3.17632 998.35068063
-3.17131733333 998.344320836
-3.16631466667 998.108137172
-3.161312 998.672125706
-3.15630933333 998.668564513
-3.15130666667 998.929740266
-3.146304 998.58742939
-3.14130133333 998.769229234
-3.13629866667 998.751448674
-3.131296 998.873106603
-3.12629333333 998.345221162
-3.12129066667 999.289479896
-3.116288 999.278468388
-3.11128533333 999.352066633
-3.10628266667 999.140275831
-3.10128 1000.02870138
-3.09627733333 1000.49897065
-3.09127466667 1000.76916511
-3.086272 1000.57570059
-3.08126933333 1001.17285732
-3.07626666667 1001.00887408
-3.071264 1001.39362456
-3.06626133333 1001.72888943
-3.06125866667 1002.02912866
-3.056256 1002.0028459
-3.05125333333 1002.41843883
-3.04625066667 1002.34506183
-3.041248 1002.72537386
-3.03624533333 1002.94888972
-3.03124266667 1002.74366513
-3.02624 1002.58665022
-3.02123733333 1002.70641996
-3.01623466667 1002.33072295
-3.011232 1002.55240337
-3.00622933333 1002.35445298
-3.00122666667 1002.6888543
-2.996224 1002.4756716
-2.99122133333 1002.41219652
-2.98621866667 1001.80197738
-2.981216 1001.98087341
-2.97621333333 1001.67533265
-2.97121066667 1001.43454534
-2.966208 1001.23179295
-2.96120533333 1001.4179216
-2.95620266667 1001.08602241
-2.9512 1000.84026296
-2.94619733333 1000.20662447
-2.94119466667 1000.08314994
-2.936192 999.828123717
-2.93118933333 999.865168913
-2.92618666667 999.025616696
-2.921184 998.69950053
-2.91618133333 998.019670802
-2.91117866667 998.116869998
-2.906176 997.443578312
-2.90117333333 997.215901175
-2.89617066667 996.885845651
-2.891168 996.873792506
-2.88616533333 995.9557375
-2.88116266667 995.713207325
-2.87616 995.117007726
-2.87115733333 994.70560313
-2.86615466667 994.077910241
-2.861152 993.59272803
-2.85614933333 993.411616113
-2.85114666667 993.070824218
-2.846144 992.310434834
-2.84114133333 992.094671622
-2.83613866667 991.827074475
-2.831136 991.705067147
-2.82613333333 991.356389494
-2.82113066667 991.385015842
-2.816128 990.768670725
-2.81112533333 991.032635395
-2.80612266667 990.626193131
-2.80112 990.535412538
-2.79611733333 990.761577741
-2.79111466667 990.738436404
-2.786112 990.105845157
-2.78110933333 990.352293233
-2.77610666667 990.379735129
-2.771104 990.24016611
-2.76610133333 989.953479682
-2.76109866667 989.804272524
-2.756096 989.853573095
-2.75109333333 989.632140909
-2.74609066667 989.457726967
-2.741088 989.474968594
-2.73608533333 989.285854325
-2.73108266667 989.692514823
-2.72608 988.775033888
-2.72107733333 989.109695881
-2.71607466667 988.912871316
-2.711072 989.08759749
-2.70606933333 989.129637413
-2.70106666667 989.373165691
-2.696064 989.229578601
-2.69106133333 989.577625654
-2.68605866667 989.547403113
-2.681056 989.889779962
-2.67605333333 989.863253745
-2.67105066667 990.414105717
-2.666048 990.68484194
-2.66104533333 991.242530969
-2.65604266667 991.423440914
-2.65104 991.797633174
-2.64603733333 992.219743736
-2.64103466667 993.235012995
-2.636032 993.338174533
-2.63102933333 994.176051836
-2.62602666667 994.153386452
-2.621024 994.791292854
-2.61602133333 995.046713972
-2.61101866667 995.808393563
-2.606016 996.357637667
-2.60101333333 996.901548842
-2.59601066667 997.239158731
-2.591008 997.902227383
-2.58600533333 997.970913691
-2.58100266667 998.525640266
-2.576 999.143256678
-2.57099733333 999.8656404
-2.56599466667 999.767480131
-2.560992 1000.10617292
-2.55598933333 1000.07292513
-2.55098666667 1000.65676304
-2.545984 1000.80253957
-2.54098133333 1000.90675782
-2.53597866667 1001.45419741
-2.530976 1001.70046646
-2.52597333333 1000.92176769
-2.52097066667 1001.36218332
-2.515968 1001.75941656
-2.51096533333 1002.18816164
-2.50596266667 1002.7063803
-2.50096 1003.05856736
-2.49595733333 1003.07797731
-2.49095466667 1004.11617197
-2.485952 1004.36671532
-2.48094933333 1004.84179245
-2.47594666667 1005.20325758
-2.470944 1005.94111298
-2.46594133333 1006.44189919
-2.46093866667 1007.28505943
-2.455936 1008.32731375
-2.45093333333 1008.8106096
-2.44593066667 1009.67782023
-2.440928 1010.5584931
-2.43592533333 1011.65581603
-2.43092266667 1013.02381962
-2.42592 1013.95565037
-2.42091733333 1015.45241541
-2.41591466667 1016.97012582
-2.410912 1018.50741958
-2.40590933333 1020.21545667
-2.40090666667 1021.89380209
-2.395904 1023.27882326
-2.39090133333 1024.77422612
-2.38589866667 1025.49253625
-2.380896 1026.62797494
-2.37589333333 1028.16076032
-2.37089066667 1030.06649552
-2.365888 1031.07155106
-2.36088533333 1032.06636612
-2.35588266667 1032.88421681
-2.35088 1033.92832616
-2.34587733333 1034.07901443
-2.34087466667 1034.33375927
-2.335872 1034.59208423
-2.33086933333 1034.98239883
-2.32586666667 1034.73689274
-2.320864 1034.93432333
-2.31586133333 1034.56980959
-2.31085866667 1034.79795942
-2.305856 1034.86161705
-2.30085333333 1035.35191356
-2.29585066667 1035.27357557
-2.290848 1035.48456705
-2.28584533333 1035.5182178
-2.28084266667 1035.60108526
-2.27584 1035.49923646
-2.27083733333 1035.24591511
-2.26583466667 1035.14058673
-2.260832 1035.00334911
-2.25582933333 1034.71035332
-2.25082666667 1034.4088235
-2.245824 1034.47399116
-2.24082133333 1034.86057161
-2.23581866667 1034.39920807
-2.230816 1034.47553087
-2.22581333333 1033.96450205
-2.22081066667 1033.96821913
-2.215808 1033.91316199
-2.21080533333 1033.84406267
-2.20580266667 1033.44835881
-2.2008 1033.07678284
-2.19579733333 1032.88829041
-2.19079466667 1032.72583202
-2.185792 1032.72141521
-2.18078933333 1032.43455856
-2.17578666667 1031.97614299
-2.170784 1031.977148
-2.16578133333 1031.34138298
-2.16077866667 1030.86633397
-2.155776 1030.28158864
-2.15077333333 1029.92394789
-2.14577066667 1029.23922286
-2.140768 1028.31990596
-2.13576533333 1027.14315586
-2.13076266667 1027.05450978
-2.12576 1026.54704338
-2.12075733333 1026.37053524
-2.11575466667 1026.08240881
-2.110752 1025.70464114
-2.10574933333 1025.22286213
-2.10074666667 1025.8038395
-2.095744 1025.78874933
-2.09074133333 1025.99852994
-2.08573866667 1025.88377107
-2.080736 1026.02010518
-2.07573333333 1026.1312559
-2.07073066667 1026.35559961
-2.065728 1027.02533685
-2.06072533333 1027.51345731
-2.05572266667 1027.42956667
-2.05072 1027.26566456
-2.04571733333 1027.94408673
-2.04071466667 1027.82912621
-2.035712 1029.94532791
-2.03070933333 1032.41216172
-2.02570666667 1033.77857755
-2.020704 1034.9603515
-2.01570133333 1035.81485935
-2.01069866667 1036.19942456
-2.005696 1037.37902515
-2.00069333333 1040.7137835
-1.99569066667 1042.79429147
-1.990688 1043.29357954
-1.98568533333 1045.50622583
-1.98068266667 1046.80162261
-1.97568 1048.15714558
-1.97067733333 1048.99771462
-1.96567466667 1051.10004531
-1.960672 1052.96559152
-1.95566933333 1055.78175477
-1.95066666667 1058.3082618
-1.945664 1059.34401511
-1.94066133333 1059.49011712
-1.93565866667 1059.35839475
-1.930656 1059.95310989
-1.92565333333 1059.4085835
-1.92065066667 1059.19787225
-1.915648 1059.69630394
-1.91064533333 1060.26180651
-1.90564266667 1060.14284083
-1.90064 1060.14179807
-1.89563733333 1059.59690168
-1.89063466667 1059.19670503
-1.885632 1058.58180395
-1.88062933333 1058.40117275
-1.87562666667 1057.8552038
-1.870624 1057.48929624
-1.86562133333 1056.43001398
-1.86061866667 1056.10267098
-1.855616 1055.38075336
-1.85061333333 1055.02915116
-1.84561066667 1054.35746725
-1.840608 1054.37928433
-1.83560533333 1053.59707913
-1.83060266667 1056.49688326
-1.8256 1055.37778484
-1.82059733333 1054.78169131
-1.81559466667 1054.76120764
-1.810592 1054.37033097
-1.80558933333 1056.06156709
-1.80058666667 1054.00640355
-1.795584 1051.57638913
-1.79058133333 1050.70518712
-1.78557866667 1049.53230511
-1.780576 1050.25220149
-1.77557333333 1050.65880979
-1.77057066667 1048.95585135
-1.765568 1046.83451508
-1.76056533333 1045.01328894
-1.75556266667 1043.73393199
-1.75056 1042.89145978
-1.74555733333 1042.82208794
-1.74055466667 1042.40060192
-1.735552 1042.51268077
-1.73054933333 1040.34233207
-1.72554666667 1039.69459747
-1.720544 1039.80054866
-1.71554133333 1038.76415308
-1.71053866667 1038.29758413
-1.705536 1037.84279308
-1.70053333333 1037.43532934
-1.69553066667 1037.14876102
-1.690528 1037.75159325
-1.68552533333 1036.79326294
-1.68052266667 1036.56281188
-1.67552 1036.94336453
-1.67051733333 1036.34435347
-1.66551466667 1036.54431274
-1.660512 1036.71338176
-1.65550933333 1036.58432298
-1.65050666667 1036.39141999
-1.645504 1036.11184119
-1.64050133333 1036.21145566
-1.63549866667 1035.8523078
-1.630496 1035.65220718
-1.62549333333 1035.61070378
-1.62049066667 1034.84784093
-1.615488 1034.51692345
-1.61048533333 1034.24204814
-1.60548266667 1034.12334484
-1.60048 1034.25000459
-1.59547733333 1034.00891557
-1.59047466667 1033.84534686
-1.585472 1033.66573726
-1.58046933333 1033.50514063
-1.57546666667 1033.16784699
-1.570464 1033.00575871
-1.56546133333 1032.47993442
-1.56045866667 1031.81973509
-1.555456 1032.22051895
-1.55045333333 1031.63686306
-1.54545066667 1031.12231546
-1.540448 1030.57358936
-1.53544533333 1030.7486428
-1.53044266667 1032.35586018
-1.52544 1029.85386066
-1.52043733333 1029.77616012
-1.51543466667 1031.35225687
-1.510432 1030.60827213
-1.50542933333 1029.30755348
-1.50042666667 1029.30945268
-1.495424 1029.42510817
-1.49042133333 1029.24110883
-1.48541866667 1028.23274839
-1.480416 1027.6910864
-1.47541333333 1026.31246213
-1.47041066667 1026.13635814
-1.465408 1023.95966633
-1.46040533333 1023.5113439
-1.45540266667 1024.19565819
-1.4504 1024.53796959
-1.44539733333 1023.56305998
-1.44039466667 1022.3102968
-1.435392 1022.0329756
-1.43038933333 1021.08568217
-1.42538666667 1022.32062317
-1.420384 1023.9893953
-1.41538133333 1024.70680046
-1.41037866667 1024.56856256
-1.405376 1025.41725356
-1.40037333333 1026.07748503
-1.39537066667 1025.60177112
-1.390368 1025.58147293
-1.38536533333 1027.19444039
-1.38036266667 1028.52911051
-1.37536 1029.0240308
-1.37035733333 1029.70298071
-1.36535466667 1028.74620998
-1.360352 1027.48818595
-1.35534933333 1026.78299745
-1.35034666667 1025.94912786
-1.345344 1025.83238477
-1.34034133333 1026.76163324
-1.33533866667 1027.67498973
-1.330336 1027.88667817
-1.32533333333 1027.9871576
-1.32033066667 1027.93351417
-1.315328 1029.39797684
-1.31032533333 1029.83258705
-1.30532266667 1030.16776628
-1.30032 1030.12786952
-1.29531733333 1029.96975777
-1.29031466667 1030.16722154
-1.285312 1029.72941498
-1.28030933333 1029.97520979
-1.27530666667 1030.07208512
-1.270304 1029.93328961
-1.26530133333 1029.63553619
-1.26029866667 1029.62928721
-1.255296 1029.55644929
-1.25029333333 1029.57839835
-1.24529066667 1029.3730298
-1.240288 1029.19450693
-1.23528533333 1029.1022621
-1.23028266667 1028.77204224
-1.22528 1028.6158019
-1.22027733333 1028.30481915
-1.21527466667 1027.94569447
-1.210272 1027.7708788
-1.20526933333 1027.74471809
-1.20026666667 1027.03399961
-1.195264 1026.60159496
-1.19026133333 1026.00444359
-1.18525866667 1025.70163974
-1.180256 1024.73856282
-1.17525333333 1024.50877526
-1.17025066667 1023.5788869
-1.165248 1022.67935378
-1.16024533333 1021.82850418
-1.15524266667 1021.30095328
-1.15024 1020.36524628
-1.14523733333 1019.56100393
-1.14023466667 1018.4295092
-1.135232 1017.89333484
-1.13022933333 1016.89072143
-1.12522666667 1016.26633551
-1.120224 1015.24275265
-1.11522133333 1014.79728042
-1.11021866667 1013.58177805
-1.105216 1013.04046814
-1.10021333333 1012.57676295
-1.09521066667 1011.8853373
-1.090208 1010.99091844
-1.08520533333 1010.87944072
-1.08020266667 1010.43793981
-1.0752 1009.74342467
-1.07019733333 1009.31310101
-1.06519466667 1008.47330765
-1.060192 1007.65957461
-1.05518933333 1007.2457452
-1.05018666667 1006.66650509
-1.045184 1005.83557282
-1.04018133333 1005.26865907
-1.03517866667 1005.03649963
-1.030176 1005.23392288
-1.02517333333 1006.18825315
-1.02017066667 1006.35648991
-1.015168 1006.36899618
-1.01016533333 1005.92028407
-1.00516266667 1005.6547581
-1.00016 1005.26068499
-0.995157333333 1004.88284934
-0.990154666667 1004.50043821
-0.985152 1004.44687663
-0.980149333333 1004.07817394
-0.975146666667 1003.98784153
-0.970144 1003.83208893
-0.965141333333 1003.86604114
-0.960138666667 1004.1849777
-0.955136 1003.89245645
-0.950133333333 1003.70282167
-0.945130666667 1003.47182235
-0.940128 1003.37270805
-0.935125333333 1003.06072296
-0.930122666667 1003.0830075
-0.92512 1003.25132874
-0.920117333333 1002.76639165
-0.915114666667 1002.76272578
-0.910112 1002.60892065
-0.905109333333 1002.34809693
-0.900106666667 1002.40204911
-0.895104 1002.67965391
-0.890101333333 1002.29275223
-0.885098666667 1002.35008701
-0.880096 1002.27360023
-0.875093333333 1002.16677321
-0.870090666667 1001.95272221
-0.865088 1001.69780871
-0.860085333333 1001.57771794
-0.855082666667 1001.76800171
-0.85008 1001.4882095
-0.845077333333 1001.58602918
-0.840074666667 1001.29711757
-0.835072 1001.64782904
-0.830069333333 1001.32709701
-0.825066666667 1000.95638646
-0.820064 1000.76243892
-0.815061333333 1000.69729662
-0.810058666667 1000.82735912
-0.805056 1000.90270277
-0.800053333333 1000.39542949
-0.795050666667 1000.43782048
-0.790048 1000.21935651
-0.785045333333 1000.12537602
-0.780042666667 999.831233292
-0.77504 999.90877893
-0.770037333333 999.660356448
-0.765034666667 999.465135363
-0.760032 999.328075952
-0.755029333333 999.090398048
-0.750026666667 998.880416228
-0.745024 998.259046568
-0.740021333333 997.702596985
-0.735018666667 997.720736895
-0.730016 997.763996271
-0.725013333333 997.848053062
-0.720010666667 997.610140192
-0.715008 997.484272005
-0.710005333333 997.581226917
-0.705002666667 997.379852697
-0.7 996.803475667
-0.694997333333 997.156113616
-0.689994666667 997.097234581
-0.684992 997.077301133
-0.679989333333 997.011529354
-0.674986666667 996.923476275
-0.669984 996.7367364
-0.664981333333 996.723982799
-0.659978666667 996.558473832
-0.654976 996.563504063
-0.649973333333 996.646727132
-0.644970666667 995.959993313
-0.639968 995.266470655
-0.634965333333 995.297192558
-0.629962666667 995.259962054
-0.62496 994.75476577
-0.619957333333 994.443631655
-0.614954666667 994.538057452
-0.609952 994.384151878
-0.604949333333 994.88645065
-0.599946666667 994.702374849
-0.594944 994.559546486
-0.589941333333 994.278540656
-0.584938666667 994.169420325
-0.579936 994.18856914
-0.574933333333 994.760667566
-0.569930666667 994.791131459
-0.564928 994.737336949
-0.559925333333 994.548374322
-0.554922666667 994.718175814
-0.54992 994.701805373
-0.544917333333 995.090181704
-0.539914666667 994.455210682
-0.534912 994.850418281
-0.529909333333 994.751782128
-0.524906666667 995.098865533
-0.519904 994.927249692
-0.514901333333 995.170398589
-0.509898666667 994.781263776
-0.504896 994.642105939
-0.499893333333 994.481575603
-0.494890666667 994.295525713
-0.489888 994.338291853
-0.484885333333 994.513859746
-0.479882666667 994.16179801
-0.47488 994.494607633
-0.469877333333 994.218609661
-0.464874666667 993.992298284
-0.459872 994.037032757
-0.454869333333 994.32685685
-0.449866666667 993.859363727
-0.444864 994.167953218
-0.439861333333 993.689935392
-0.434858666667 993.745283933
-0.429856 993.666299756
-0.424853333333 993.547272
-0.419850666667 993.547207609
-0.414848 993.926500471
-0.409845333333 993.820780293
-0.404842666667 993.650108699
-0.39984 993.420640073
-0.394837333333 993.661977586
-0.389834666667 993.633374293
-0.384832 993.656521158
-0.379829333333 993.361812744
-0.374826666667 993.460417906
-0.369824 993.491308213
-0.364821333333 993.240933761
-0.359818666667 993.344554803
-0.354816 993.344516261
-0.349813333333 993.123459473
-0.344810666667 993.039520006
-0.339808 992.380498058
-0.334805333333 992.460414399
-0.329802666667 992.262866889
-0.3248 992.606523742
-0.319797333333 992.153228475
-0.314794666667 992.174147017
-0.309792 991.686999524
-0.304789333333 991.861549831
-0.299786666667 991.555085805
-0.294784 991.802692152
-0.289781333333 991.373651985
-0.284778666667 991.726961373
-0.279776 991.182211034
-0.274773333333 991.233842047
-0.269770666667 991.092951001
-0.264768 991.162434926
-0.259765333333 991.14235031
-0.254762666667 991.191729943
-0.24976 991.310221306
-0.244757333333 990.603077212
-0.239754666667 990.876011415
-0.234752 990.946313024
-0.229749333333 990.548660687
-0.224746666667 990.548130232
-0.219744 990.730443984
-0.214741333333 990.707547812
-0.209738666667 990.469910286
-0.204736 990.633001851
-0.199733333333 990.606366146
-0.194730666667 990.643616332
-0.189728 990.447312242
-0.184725333333 990.34742187
-0.179722666667 990.403931375
-0.17472 990.51962525
-0.169717333333 990.111952997
-0.164714666667 990.064576638
-0.159712 989.765121737
-0.154709333333 990.028520398
-0.149706666667 989.573757019
-0.144704 989.67438478
-0.139701333333 989.351753637
-0.134698666667 989.355341714
-0.129696 989.590763348
-0.124693333333 989.747157294
-0.119690666667 989.35684487
-0.114688 989.448333571
-0.109685333333 989.561790406
-0.104682666667 989.236673587
-0.09968 989.488034073
-0.0946773333333 989.678894067
-0.0896746666667 989.666922245
-0.084672 989.97785593
-0.0796693333333 989.741431948
-0.0746666666667 990.193843044
-0.069664 989.74104625
-0.0646613333333 989.78709602
-0.0596586666667 989.700771205
-0.054656 990.100496146
-0.0496533333333 989.714010053
-0.0446506666667 989.972150309
-0.039648 989.417040008
-0.0346453333333 989.66834245
-0.0296426666667 989.461044497
-0.02464 989.60375906
-0.0196373333333 989.520042817
-0.0146346666667 989.894613529
-0.009632 989.465013674
-0.00462933333333 989.457945517
