-9.99995733333 275.500418152
-9.99495466667 275.489909526
-9.989952 275.503150595
-9.98494933333 275.499274181
-9.97994666667 275.520697016
-9.974944 275.504868821
-9.96994133333 275.529270812
-9.96493866667 275.466633121
-9.959936 275.505692246
-9.95493333333 275.477846393
-9.94993066667 275.495654024
-9.944928 275.487237656
-9.93992533333 275.507809492
-9.93492266667 275.495384112
-9.92992 275.508780213
-9.92491733333 275.461421768
-9.91991466667 275.470690852
-9.914912 275.490850346
-9.90990933333 275.505682795
-9.90490666667 275.455465454
-9.899904 275.503561464
-9.89490133333 275.506794283
-9.88989866667 275.519393065
-9.884896 275.460063934
-9.87989333333 275.518464914
-9.87489066667 275.510501959
-9.869888 275.539907961
-9.86488533333 275.473571026
-9.85988266667 275.520428275
-9.85488 275.522019738
-9.84987733333 275.562668393
-9.84487466667 275.487378728
-9.839872 275.529348976
-9.83486933333 275.532965016
-9.82986666667 275.534880419
-9.824864 275.480149422
-9.81986133333 275.520982366
-9.81485866667 275.495023968
-9.809856 275.528190626
-9.80485333333 275.482087048
-9.79985066667 275.518208957
-9.794848 275.527983288
-9.78984533333 275.539899169
-9.78484266667 275.482345982
-9.77984 275.52940294
-9.77483733333 275.495221139
-9.76983466667 275.508769525
-9.764832 275.443305655
-9.75982933333 275.515059199
-9.75482666667 275.471235906
-9.749824 275.496342637
-9.74482133333 275.46030819
-9.73981866667 275.477366315
-9.734816 275.498673725
-9.72981333333 275.546293636
-9.72481066667 275.488338453
-9.719808 275.527973017
-9.71480533333 275.539153625
-9.70980266667 275.522579326
-9.7048 275.532281186
-9.69979733333 275.524247285
-9.69479466667 275.520190847
-9.689792 275.521513648
-9.68478933333 275.509204746
-9.67978666667 275.53909725
-9.674784 275.520461219
-9.66978133333 275.529409964
-9.66477866667 275.505264663
-9.659776 275.492295376
-9.65477333333 275.499109665
-9.64977066667 275.52188084
-9.644768 275.510177318
-9.63976533333 275.537953964
-9.63476266667 275.513081769
-9.62976 275.533562879
-9.62475733333 275.532604347
-9.61975466667 275.508728117
-9.614752 275.542164545
-9.60974933333 275.555337487
-9.60474666667 275.490427288
-9.599744 275.550085464
-9.59474133333 275.540379958
-9.58973866667 275.545773718
-9.584736 275.507880574
-9.57973333333 275.514875587
-9.57473066667 275.520391808
-9.569728 275.540001164
-9.56472533333 275.48791305
-9.55972266667 275.498521554
-9.55472 275.54533216
-9.54971733333 275.540235887
-9.54471466667 275.506110261
-9.539712 275.534711002
-9.53470933333 275.478041368
-9.52970666667 275.510695168
-9.524704 275.47255797
-9.51970133333 275.494373755
-9.51469866667 275.508265084
-9.509696 275.514979257
-9.50469333333 275.509845447
-9.49969066667 275.548240105
-9.494688 275.546577899
-9.48968533333 275.552971959
-9.48468266667 275.528954982
-9.47968 275.557866327
-9.47467733333 275.518999384
-9.46967466667 275.53230787
-9.464672 275.49474986
-9.45966933333 275.521186447
-9.45466666667 275.548758728
-9.449664 275.532462845
-9.44466133333 275.522575825
-9.43965866667 275.512534317
-9.434656 275.506569656
-9.42965333333 275.520990269
-9.42465066667 275.517290913
-9.419648 275.536236425
-9.41464533333 275.525903065
-9.40964266667 275.530693934
-9.40464 275.442057503
-9.39963733333 275.457295602
-9.39463466667 275.453906601
-9.389632 275.464928703
-9.38462933333 275.441667158
-9.37962666667 275.429354444
-9.374624 275.447504704
-9.36962133333 275.457240209
-9.36461866667 275.42128125
-9.359616 275.418796361
-9.35461333333 275.401322058
-9.34961066667 275.445194841
-9.344608 275.348014256
-9.33960533333 275.37985602
-9.33460266667 275.320799503
-9.3296 275.342606136
-9.32459733333 275.298344983
-9.31959466667 275.334718857
-9.314592 275.3256595
-9.30958933333 275.335183356
-9.30458666667 275.301572499
-9.299584 275.294687596
-9.29458133333 275.284256313
-9.28957866667 275.281223789
-9.284576 275.256324357
-9.27957333333 275.256902775
-9.27457066667 275.270645107
-9.269568 275.292689342
-9.26456533333 275.209272866
-9.25956266667 275.245121246
-9.25456 275.215998942
-9.24955733333 275.261526786
-9.24455466667 275.246816131
-9.239552 275.287019783
-9.23454933333 275.21921441
-9.22954666667 275.260163262
-9.224544 275.227033534
-9.21954133333 275.227659044
-9.21453866667 275.229897215
-9.209536 275.238852675
-9.20453333333 275.20661162
-9.19953066667 275.232844353
-9.194528 275.210937481
-9.18952533333 275.213432715
-9.18452266667 275.187919183
-9.17952 275.173342857
-9.17451733333 275.205262001
-9.16951466667 275.180862722
-9.164512 275.142112209
-9.15950933333 275.150592087
-9.15450666667 275.125553882
-9.149504 275.157435502
-9.14450133333 275.107911538
-9.13949866667 275.120540482
-9.134496 275.128971223
-9.12949333333 275.14269169
-9.12449066667 275.143966184
-9.119488 275.165380442
-9.11448533333 275.108359889
-9.10948266667 275.145912623
-9.10448 275.117437837
-9.09947733333 275.11915833
-9.09447466667 275.117576126
-9.089472 275.134813636
-9.08446933333 275.09478042
-9.07946666667 275.115765648
-9.074464 275.094821765
-9.06946133333 275.097908478
-9.06445866667 275.047048427
-9.059456 275.127040025
-9.05445333333 275.10271206
-9.04945066667 275.110926539
-9.044448 275.07633643
-9.03944533333 275.121765096
-9.03444266667 275.129490996
-9.02944 275.155313164
-9.02443733333 275.116000868
-9.01943466667 275.116515429
-9.014432 275.093128404
-9.00942933333 275.141083764
-9.00442666667 275.133165585
-8.999424 275.178116318
-8.99442133333 275.182531877
-8.98941866667 275.191723046
-8.984416 275.166449806
-8.97941333333 275.214011822
-8.97441066667 275.200701873
-8.969408 275.242753855
-8.96440533333 275.223096334
-8.95940266667 275.257441086
-8.9544 275.232650813
-8.94939733333 275.251480712
-8.94439466667 275.212724728
-8.939392 275.278551362
-8.93438933333 275.264745989
-8.92938666667 275.299824103
-8.924384 275.240908904
-8.91938133333 275.277305117
-8.91437866667 275.315025921
-8.909376 275.303560982
-8.90437333333 275.324294132
-8.89937066667 275.358039173
-8.894368 275.335573937
-8.88936533333 275.33339458
-8.88436266667 275.301158099
-8.87936 275.328553803
-8.87435733333 275.328872194
-8.86935466667 275.390801909
-8.864352 275.365367351
-8.85934933333 275.396891293
-8.85434666667 275.326534966
-8.849344 275.378235084
-8.84434133333 275.400189124
-8.83933866667 275.395907691
-8.834336 275.412511626
-8.82933333333 275.401923686
-8.82433066667 275.351595251
-8.819328 275.368828909
-8.81432533333 275.406568248
-8.80932266667 275.43105495
-8.80432 275.375896919
-8.79931733333 275.394409118
-8.79431466667 275.424263256
-8.789312 275.41033309
-8.78430933333 275.37464962
-8.77930666667 275.374261762
-8.774304 275.378821052
-8.76930133333 275.401357849
-8.76429866667 275.363476673
-8.759296 275.375311685
-8.75429333333 275.378678898
-8.74929066667 275.43071462
-8.744288 275.383641614
-8.73928533333 275.350391016
-8.73428266667 275.359095455
-8.72928 275.371906019
-8.72427733333 275.338301158
-8.71927466667 275.363991057
-8.714272 275.377636288
-8.70926933333 275.372701827
-8.70426666667 275.373667924
-8.699264 275.343479964
-8.69426133333 275.351853953
-8.68925866667 275.37886265
-8.684256 275.359346944
-8.67925333333 275.373620577
-8.67425066667 275.336451797
-8.669248 275.35879798
-8.66424533333 275.335887279
-8.65924266667 275.364535165
-8.65424 275.347046647
-8.64923733333 275.334811026
-8.64423466667 275.352881115
-8.639232 275.33271197
-8.63422933333 275.317295703
-8.62922666667 275.372358439
-8.624224 275.337113806
-8.61922133333 275.35259469
-8.61421866667 275.32718441
-8.609216 275.323259971
-8.60421333333 275.315677552
-8.59921066667 275.353736991
-8.594208 275.372531058
-8.58920533333 275.367661733
-8.58420266667 275.303535631
-8.5792 275.338235188
-8.57419733333 275.298037048
-8.56919466667 275.347426453
-8.564192 275.326905447
-8.55918933333 275.296613062
-8.55418666667 275.312096581
-8.549184 275.321282943
-8.54418133333 275.265006523
-8.53917866667 275.310676881
-8.534176 275.302414441
-8.52917333333 275.311859923
-8.52417066667 275.288345807
-8.519168 275.291707435
-8.51416533333 275.307244509
-8.50916266667 275.303965907
-8.50416 275.287591562
-8.49915733333 275.29509356
-8.49415466667 275.299808794
-8.489152 275.271392081
-8.48414933333 275.27424754
-8.47914666667 275.306805541
-8.474144 275.305088877
-8.46914133333 275.298938546
-8.46413866667 275.281494842
-8.459136 275.281696242
-8.45413333333 275.302848707
-8.44913066667 275.316955792
-8.444128 275.264333932
-8.43912533333 275.300937216
-8.43412266667 275.263815873
-8.42912 275.281905809
-8.42411733333 275.224240925
-8.41911466667 275.208771836
-8.414112 275.251399725
-8.40910933333 275.26907632
-8.40410666667 275.229244735
-8.399104 275.194366035
-8.39410133333 275.213588884
-8.38909866667 275.204407022
-8.384096 275.194562515
-8.37909333333 275.236967262
-8.37409066667 275.191563702
-8.369088 275.196190084
-8.36408533333 275.157520863
-8.35908266667 275.146686896
-8.35408 275.131631495
-8.34907733333 275.161567579
-8.34407466667 275.141993738
-8.339072 275.120914884
-8.33406933333 275.108036834
-8.32906666667 275.113034485
-8.324064 275.123668427
-8.31906133333 275.104226145
-8.31405866667 275.1074912
-8.309056 275.0929382
-8.30405333333 275.065795297
-8.29905066667 275.054341529
-8.294048 275.039289631
-8.28904533333 275.019253951
-8.28404266667 274.99596516
-8.27904 274.981102098
-8.27403733333 275.005875195
-8.26903466667 275.00723931
-8.264032 274.998356226
-8.25902933333 274.980335795
-8.25402666667 274.968377684
-8.249024 274.93298957
-8.24402133333 274.913663294
-8.23901866667 274.923665024
-8.234016 274.919171616
-8.22901333333 274.937340902
-8.22401066667 274.903573076
-8.219008 274.870989843
-8.21400533333 274.860626366
-8.20900266667 274.865185413
-8.204 274.83810776
-8.19899733333 274.856613636
-8.19399466667 274.829930133
-8.188992 274.876867855
-8.18398933333 274.827818284
-8.17898666667 274.852634681
-8.173984 274.820453902
-8.16898133333 274.814718938
-8.16397866667 274.803844505
-8.158976 274.815682102
-8.15397333333 274.788494199
-8.14897066667 274.802813807
-8.143968 274.763020831
-8.13896533333 274.774348049
-8.13396266667 274.793888945
-8.12896 274.760201438
-8.12395733333 274.729698722
-8.11895466667 274.727362146
-8.113952 274.741013926
-8.10894933333 274.778454638
-8.10394666667 274.742691402
-8.098944 274.758528534
-8.09394133333 274.718837728
-8.08893866667 274.759833096
-8.083936 274.714186913
-8.07893333333 274.726247569
-8.07393066667 274.727545832
-8.068928 274.739704037
-8.06392533333 274.703494421
-8.05892266667 274.719504099
-8.05392 274.727577731
-8.04891733333 274.770898291
-8.04391466667 274.694770493
-8.038912 274.711725518
-8.03390933333 274.737526339
-8.02890666667 274.725314232
-8.023904 274.701262167
-8.01890133333 274.716545204
-8.01389866667 274.730021272
-8.008896 274.750088719
-8.00389333333 274.701752163
-7.99889066667 274.695780041
-7.993888 274.769938293
-7.98888533333 274.736916219
-7.98388266667 274.715051198
-7.97888 274.724221316
-7.97387733333 274.7364112
-7.96887466667 274.745475258
-7.963872 274.723703849
-7.95886933333 274.745666719
-7.95386666667 274.761137303
-7.948864 274.76733684
-7.94386133333 274.744683007
-7.93885866667 274.741993734
-7.933856 274.763297617
-7.92885333333 274.767261731
-7.92385066667 274.735005832
-7.918848 274.745951547
-7.91384533333 274.771995442
-7.90884266667 274.752113063
-7.90384 274.724416285
-7.89883733333 274.726173222
-7.89383466667 274.789005908
-7.888832 274.770987029
-7.88382933333 274.745219849
-7.87882666667 274.775044521
-7.873824 274.810784114
-7.86882133333 274.802227017
-7.86381866667 274.791430858
-7.858816 274.83624906
-7.85381333333 274.850081214
-7.84881066667 274.812330446
-7.843808 274.801374962
-7.83880533333 274.806001048
-7.83380266667 274.785585688
-7.8288 274.811900605
-7.82379733333 274.770568884
-7.81879466667 274.782767849
-7.813792 274.840320075
-7.80878933333 274.822114553
-7.80378666667 274.818236943
-7.798784 274.793469714
-7.79378133333 274.792876505
-7.78877866667 274.798827461
-7.783776 274.755300561
-7.77877333333 274.805567947
-7.77377066667 274.832772068
-7.768768 274.899986471
-7.76376533333 274.893325082
-7.75876266667 274.898232034
-7.75376 274.9426901
-7.74875733333 274.944058359
-7.74375466667 274.903022917
-7.738752 274.905157045
-7.73374933333 274.900096861
-7.72874666667 274.916553756
-7.723744 274.906586646
-7.71874133333 274.873266906
-7.71373866667 274.885087614
-7.708736 274.905958078
-7.70373333333 274.842356857
-7.69873066667 274.799760974
-7.693728 274.811048303
-7.68872533333 274.804114087
-7.68372266667 274.780549001
-7.67872 274.777006967
-7.67371733333 274.83795293
-7.66871466667 274.847785402
-7.663712 274.808435832
-7.65870933333 274.774147917
-7.65370666667 274.776950614
-7.648704 274.775276357
-7.64370133333 274.730838585
-7.63869866667 274.734787823
-7.633696 274.736092365
-7.62869333333 274.742794907
-7.62369066667 274.752501205
-7.618688 274.76295421
-7.61368533333 274.786067215
-7.60868266667 274.79517649
-7.60368 274.739528183
-7.59867733333 274.721516352
-7.59367466667 274.746393225
-7.588672 274.703218783
-7.58366933333 274.703610554
-7.57866666667 274.683213466
-7.573664 274.642449577
-7.56866133333 274.663693874
-7.56365866667 274.658989922
-7.558656 274.652283352
-7.55365333333 274.651729568
-7.54865066667 274.64535916
-7.543648 274.618780657
-7.53864533333 274.603017321
-7.53364266667 274.687225297
-7.52864 274.665947218
-7.52363733333 274.62837119
-7.51863466667 274.621603713
-7.513632 274.635441049
-7.50862933333 274.643094585
-7.50362666667 274.588092519
-7.498624 274.584598502
-7.49362133333 274.57852385
-7.48861866667 274.607691938
-7.483616 274.569974536
-7.47861333333 274.550433372
-7.47361066667 274.562956982
-7.468608 274.572246716
-7.46360533333 274.569264958
-7.45860266667 274.60179834
-7.4536 274.59337015
-7.44859733333 274.64738998
-7.44359466667 274.573319165
-7.438592 274.589905429
-7.43358933333 274.578025761
-7.42858666667 274.628790857
-7.423584 274.609600176
-7.41858133333 274.630157046
-7.41357866667 274.653456796
-7.408576 274.667987328
-7.40357333333 274.653780831
-7.39857066667 274.660141568
-7.393568 274.660386065
-7.38856533333 274.654685986
-7.38356266667 274.649026575
-7.37856 274.67081779
-7.37355733333 274.686770644
-7.36855466667 274.747785019
-7.363552 274.739438648
-7.35854933333 274.751387582
-7.35354666667 274.781820551
-7.348544 274.785513951
-7.34354133333 274.79782845
-7.33853866667 274.811366811
-7.333536 274.836331789
-7.32853333333 274.847912826
-7.32353066667 274.792997737
-7.318528 274.8515655
-7.31352533333 274.873108955
-7.30852266667 274.875687217
-7.30352 274.853966785
-7.29851733333 274.850968566
-7.29351466667 274.829396235
-7.288512 274.851517018
-7.28350933333 274.863548786
-7.27850666667 274.844937342
-7.273504 274.856674304
-7.26850133333 274.886311472
-7.26349866667 274.839951019
-7.258496 274.85906948
-7.25349333333 274.857616254
-7.24849066667 274.865709786
-7.243488 274.821336245
-7.23848533333 274.837484839
-7.23348266667 274.861231087
-7.22848 274.874523614
-7.22347733333 274.884763974
-7.21847466667 274.910878471
-7.213472 274.898139667
-7.20846933333 274.954306331
-7.20346666667 274.958083104
-7.198464 274.958609653
-7.19346133333 275.015111492
-7.18845866667 275.046275309
-7.183456 275.084313811
-7.17845333333 275.027675589
-7.17345066667 275.046632222
-7.168448 275.077196785
-7.16344533333 275.119128598
-7.15844266667 275.170804522
-7.15344 275.200188899
-7.14843733333 275.216217185
-7.14343466667 275.120240061
-7.138432 275.102654427
-7.13342933333 275.093397732
-7.12842666667 275.041242902
-7.123424 274.981841391
-7.11842133333 274.961038603
-7.11341866667 274.949826923
-7.108416 274.91188103
-7.10341333333 274.915378905
-7.09841066667 274.926666465
-7.093408 274.895867962
-7.08840533333 274.913335172
-7.08340266667 274.905577324
-7.0784 274.910086799
-7.07339733333 275.009678263
-7.06839466667 275.007720988
-7.063392 274.945635289
-7.05838933333 274.901593724
-7.05338666667 274.846168711
-7.048384 274.812424817
-7.04338133333 274.8099351
-7.03837866667 274.812237732
-7.033376 274.802947233
-7.02837333333 274.805429567
-7.02337066667 274.757657508
-7.018368 274.783592316
-7.01336533333 274.856904418
-7.00836266667 275.089112667
-7.00336 275.341373113
-6.99835733333 275.633066668
-6.99335466667 275.807851224
-6.988352 275.907145102
-6.98334933333 275.884786809
-6.97834666667 275.836049167
-6.973344 275.842306108
-6.96834133333 275.855114964
-6.96333866667 275.865505192
-6.958336 275.879838318
-6.95333333333 275.989878494
-6.94833066667 276.004260745
-6.943328 276.035171343
-6.93832533333 276.071608695
-6.93332266667 276.037869616
-6.92832 276.058294372
-6.92331733333 276.00230073
-6.91831466667 276.006234061
-6.913312 276.033954953
-6.90830933333 276.037674394
-6.90330666667 275.99165721
-6.898304 275.955865326
-6.89330133333 275.991349678
-6.88829866667 275.953758228
-6.883296 275.960438732
-6.87829333333 275.984105924
-6.87329066667 276.028380373
-6.868288 276.014537912
-6.86328533333 275.959685493
-6.85828266667 275.935407321
-6.85328 275.913325368
-6.84827733333 275.938705334
-6.84327466667 275.94336892
-6.838272 275.931996198
-6.83326933333 275.939637728
-6.82826666667 275.939815418
-6.823264 275.903287734
-6.81826133333 275.907559235
-6.81325866667 275.902838973
-6.808256 275.94833288
-6.80325333333 275.953175817
-6.79825066667 275.940287055
-6.793248 275.910088999
-6.78824533333 275.904911867
-6.78324266667 275.946094544
-6.77824 275.915568608
-6.77323733333 275.916442112
-6.76823466667 275.90141401
-6.763232 275.874558503
-6.75822933333 275.893619647
-6.75322666667 275.975169945
-6.748224 275.938645858
-6.74322133333 275.811095982
-6.73821866667 275.73804394
-6.733216 275.595283205
-6.72821333333 275.495656073
-6.72321066667 275.251667979
-6.718208 275.094368124
-6.71320533333 275.085924306
-6.70820266667 275.039775118
-6.7032 274.992334853
-6.69819733333 274.683040488
-6.69319466667 274.049649109
-6.688192 273.515016073
-6.68318933333 273.231206022
-6.67818666667 273.126625511
-6.673184 272.796041361
-6.66818133333 272.476230298
-6.66317866667 272.010913427
-6.658176 272.185170902
-6.65317333333 272.316782079
-6.64817066667 272.678602115
-6.643168 272.791032653
-6.63816533333 272.708716203
-6.63316266667 271.792373505
-6.62816 271.284961224
-6.62315733333 270.945148541
-6.61815466667 271.127474151
-6.613152 271.488209451
-6.60814933333 271.395851357
-6.60314666667 271.382434519
-6.598144 271.606383352
-6.59314133333 272.028132263
-6.58813866667 272.548261057
-6.583136 273.030376291
-6.57813333333 273.433222804
-6.57313066667 273.830898539
-6.568128 274.046037667
-6.56312533333 274.076392295
-6.55812266667 274.109598376
-6.55312 274.072302677
-6.54811733333 274.11258679
-6.54311466667 274.160705107
-6.538112 274.203634486
-6.53310933333 274.20981529
-6.52810666667 274.142759637
-6.523104 274.074549086
-6.51810133333 274.014343048
-6.51309866667 273.791739296
-6.508096 273.599628298
-6.50309333333 273.492928146
-6.49809066667 273.240770564
-6.493088 273.160648173
-6.48808533333 273.015272691
-6.48308266667 273.039973404
-6.47808 273.033853979
-6.47307733333 273.088349248
-6.46807466667 273.079890822
-6.463072 272.905760873
-6.45806933333 272.60942339
-6.45306666667 272.581933187
-6.448064 272.453083746
-6.44306133333 272.385767523
-6.43805866667 272.335233039
-6.433056 272.342127457
-6.42805333333 272.298890319
-6.42305066667 272.358932869
-6.418048 272.354737331
-6.41304533333 272.388841266
-6.40804266667 272.430019421
-6.40304 272.485059219
-6.39803733333 272.544980014
-6.39303466667 272.588668815
-6.388032 272.604392478
-6.38302933333 272.581714781
-6.37802666667 272.574627259
-6.373024 272.62154978
-6.36802133333 272.639980682
-6.36301866667 272.614112829
-6.358016 272.579749992
-6.35301333333 272.587355526
-6.34801066667 272.550151842
-6.343008 272.517971371
-6.33800533333 272.476002086
-6.33300266667 272.462368421
-6.328 272.436730248
-6.32299733333 272.437254334
-6.31799466667 272.380397933
-6.312992 272.396817414
-6.30798933333 272.456067767
-6.30298666667 272.419641846
-6.297984 272.386846772
-6.29298133333 272.366234272
-6.28797866667 272.337953786
-6.282976 272.284934255
-6.27797333333 272.226428276
-6.27297066667 272.118338599
-6.267968 271.937205978
-6.26296533333 271.799891699
-6.25796266667 271.894940004
-6.25296 272.293463054
-6.24795733333 272.311761844
-6.24295466667 272.313918097
-6.237952 272.272272519
-6.23294933333 272.206346734
-6.22794666667 272.091562389
-6.222944 271.951544972
-6.21794133333 271.848749012
-6.21293866667 271.842534968
-6.207936 271.811758995
-6.20293333333 271.829725338
-6.19793066667 271.733686315
-6.192928 271.653970159
-6.18792533333 271.554075477
-6.18292266667 271.50790099
-6.17792 271.440995497
-6.17291733333 271.431850799
-6.16791466667 271.421651873
-6.162912 271.420207418
-6.15790933333 271.493081966
-6.15290666667 271.788567102
-6.147904 271.915042415
-6.14290133333 271.912854955
-6.13789866667 271.871682745
-6.132896 271.81036331
-6.12789333333 271.798893108
-6.12289066667 271.767479274
-6.117888 271.674422113
-6.11288533333 271.591432298
-6.10788266667 271.442628172
-6.10288 271.282503405
-6.09787733333 271.161346529
-6.09287466667 271.064876051
-6.087872 270.939344857
-6.08286933333 270.803283388
-6.07786666667 270.664218839
-6.072864 270.535791035
-6.06786133333 270.348823391
-6.06285866667 270.170281103
-6.057856 269.993872433
-6.05285333333 269.762235983
-6.04785066667 269.518332625
-6.042848 269.327222158
-6.03784533333 269.072673446
-6.03284266667 268.926669234
-6.02784 268.765716504
-6.02283733333 268.640333242
-6.01783466667 268.457789771
-6.012832 268.359499716
-6.00782933333 268.241003713
-6.00282666667 268.134801862
-5.997824 268.147995177
-5.99282133333 268.165180651
-5.98781866667 268.193772309
-5.982816 268.291584807
-5.97781333333 268.387428697
-5.97281066667 268.271712032
-5.967808 268.357524483
-5.96280533333 268.981216485
-5.95780266667 269.931959905
-5.9528 271.309521061
-5.94779733333 271.938637343
-5.94279466667 272.241050012
-5.937792 272.836891538
-5.93278933333 272.060230229
-5.92778666667 273.218099438
-5.922784 274.254160451
-5.91778133333 274.557622494
-5.91277866667 274.640923073
-5.907776 274.619651398
-5.90277333333 274.668454855
-5.89777066667 274.653360659
-5.892768 274.773286555
-5.88776533333 274.800198996
-5.88276266667 274.772677672
-5.87776 274.838886964
-5.87275733333 274.833688976
-5.86775466667 274.869796745
-5.862752 274.859243873
-5.85774933333 274.890151673
-5.85274666667 274.969326402
-5.847744 275.055635493
-5.84274133333 275.241608274
-5.83773866667 275.323384423
-5.832736 275.392068583
-5.82773333333 275.45888709
-5.82273066667 275.518347542
-5.817728 275.572325118
-5.81272533333 275.668610912
-5.80772266667 275.673686704
-5.80272 275.770910901
-5.79771733333 275.828913516
-5.79271466667 275.901272992
-5.787712 275.875941665
-5.78270933333 275.944945067
-5.77770666667 275.948799172
-5.772704 275.978744443
-5.76770133333 275.975850543
-5.76269866667 276.027246255
-5.757696 276.090000564
-5.75269333333 276.086598301
-5.74769066667 276.106774812
-5.742688 276.129642909
-5.73768533333 276.170346423
-5.73268266667 276.256915743
-5.72768 276.244219436
-5.72267733333 276.289697308
-5.71767466667 276.330052484
-5.712672 276.444099982
-5.70766933333 276.479555471
-5.70266666667 276.50668368
-5.697664 276.54689686
-5.69266133333 276.610498739
-5.68765866667 276.66626319
-5.682656 276.664551916
-5.67765333333 276.673867296
-5.67265066667 276.713326899
-5.667648 276.677772417
-5.66264533333 276.718296125
-5.65764266667 276.748685075
-5.65264 276.807383516
-5.64763733333 276.806699902
-5.64263466667 276.811592666
-5.637632 276.83780048
-5.63262933333 276.865523653
-5.62762666667 276.908096575
-5.622624 276.929149238
-5.61762133333 276.878815997
-5.61261866667 276.93721853
-5.607616 276.845428746
-5.60261333333 276.803414624
-5.59761066667 276.790185043
-5.592608 276.816338053
-5.58760533333 276.809312594
-5.58260266667 276.793408083
-5.5776 276.764771087
-5.57259733333 276.775172772
-5.56759466667 276.793637678
-5.562592 276.863679496
-5.55758933333 276.857547427
-5.55258666667 276.911712599
-5.547584 276.88641893
-5.54258133333 276.914792351
-5.53757866667 276.901602829
-5.532576 276.901753997
-5.52757333333 276.843064327
-5.52257066667 276.916251955
-5.517568 276.897184355
-5.51256533333 276.920399639
-5.50756266667 276.935012265
-5.50256 276.950756666
-5.49755733333 276.91873757
-5.49255466667 276.927331061
-5.487552 276.914619154
-5.48254933333 276.935826985
-5.47754666667 276.942008779
-5.472544 276.967980172
-5.46754133333 276.971599774
-5.46253866667 276.968950668
-5.457536 276.983925206
-5.45253333333 277.03730875
-5.44753066667 277.027915547
-5.442528 277.038668437
-5.43752533333 277.041822521
-5.43252266667 277.053435596
-5.42752 277.024977391
-5.42251733333 277.043731648
-5.41751466667 277.061215766
-5.412512 277.077072701
-5.40750933333 277.047990469
-5.40250666667 277.040233001
-5.397504 277.036363009
-5.39250133333 277.023820198
-5.38749866667 277.034107917
-5.382496 277.029952293
-5.37749333333 277.030447698
-5.37249066667 276.998868484
-5.367488 276.981597533
-5.36248533333 276.99089986
-5.35748266667 277.026567968
-5.35248 277.042618084
-5.34747733333 277.038994922
-5.34247466667 277.014852533
-5.337472 277.053476808
-5.33246933333 277.0373011
-5.32746666667 277.051823199
-5.322464 277.090758489
-5.31746133333 277.121430249
-5.31245866667 277.12300568
-5.307456 277.062502525
-5.30245333333 277.074832065
-5.29745066667 277.114521253
-5.292448 277.232151909
-5.28744533333 277.225461142
-5.28244266667 277.203033414
-5.27744 277.205674944
-5.27243733333 277.218502521
-5.26743466667 277.203085323
-5.262432 277.235480043
-5.25742933333 277.233779636
-5.25242666667 277.240881197
-5.247424 277.22952056
-5.24242133333 277.25654544
-5.23741866667 277.313572595
-5.232416 277.378953663
-5.22741333333 277.450714291
-5.22241066667 277.532682261
-5.217408 277.564602551
-5.21240533333 277.628885
-5.20740266667 277.730977883
-5.2024 277.794341163
-5.19739733333 277.792078873
-5.19239466667 277.857035434
-5.187392 277.822629809
-5.18238933333 277.882803473
-5.17738666667 277.851093929
-5.172384 277.948591253
-5.16738133333 277.945201399
-5.16237866667 277.941987671
-5.157376 277.945749474
-5.15237333333 277.940970137
-5.14737066667 277.957352424
-5.142368 277.986708015
-5.13736533333 277.983530425
-5.13236266667 278.017032249
-5.12736 278.034482109
-5.12235733333 278.034091949
-5.11735466667 278.043677154
-5.112352 278.071913155
-5.10734933333 278.068898776
-5.10234666667 278.145650007
-5.097344 278.114816391
-5.09234133333 278.152172244
-5.08733866667 278.169928974
-5.082336 278.17607714
-5.07733333333 278.21540157
-5.07233066667 278.247650469
-5.067328 278.206823139
-5.06232533333 278.163024623
-5.05732266667 278.179714196
-5.05232 278.204238474
-5.04731733333 278.20098036
-5.04231466667 278.229893444
-5.037312 278.184420254
-5.03230933333 278.203109037
-5.02730666667 278.215276125
-5.022304 278.21165617
-5.01730133333 278.262382429
-5.01229866667 278.257803543
-5.007296 278.225244538
-5.00229333333 278.253706985
-4.99729066667 278.223946174
-4.992288 278.24104926
-4.98728533333 278.232509258
-4.98228266667 278.248791781
-4.97728 278.233423204
-4.97227733333 278.249227016
-4.96727466667 278.229759145
-4.962272 278.264668603
-4.95726933333 278.269346503
-4.95226666667 278.334422455
-4.947264 278.319265455
-4.94226133333 278.335427076
-4.93725866667 278.359531121
-4.932256 278.442822051
-4.92725333333 278.459790368
-4.92225066667 278.506799497
-4.917248 278.459076227
-4.91224533333 278.46927799
-4.90724266667 278.432060753
-4.90224 278.380491104
-4.89723733333 278.393285582
-4.89223466667 278.495788972
-4.887232 278.486378586
-4.88222933333 278.504257093
-4.87722666667 278.528033437
-4.872224 278.564221519
-4.86722133333 278.529097425
-4.86221866667 278.526844046
-4.857216 278.534240928
-4.85221333333 278.54534369
-4.84721066667 278.53821788
-4.842208 278.504411872
-4.83720533333 278.496083347
-4.83220266667 278.56288044
-4.8272 278.549603038
-4.82219733333 278.540869835
-4.81719466667 278.509111418
-4.812192 278.53064505
-4.80718933333 278.551998757
-4.80218666667 278.528443707
-4.797184 278.548220634
-4.79218133333 278.598463766
-4.78717866667 278.591234549
-4.782176 278.612610523
-4.77717333333 278.651268135
-4.77217066667 278.683978793
-4.767168 278.678183375
-4.76216533333 278.655328882
-4.75716266667 278.64325245
-4.75216 278.671200724
-4.74715733333 278.632868781
-4.74215466667 278.648293649
-4.737152 278.625508738
-4.73214933333 278.695454294
-4.72714666667 278.666979163
-4.722144 278.635097428
-4.71714133333 278.608519646
-4.71213866667 278.63715024
-4.707136 278.616716096
-4.70213333333 278.612997289
-4.69713066667 278.584888983
-4.692128 278.589368909
-4.68712533333 278.545858922
-4.68212266667 278.546437234
-4.67712 278.524062578
-4.67211733333 278.551104088
-4.66711466667 278.563541006
-4.662112 278.51649765
-4.65710933333 278.470536093
-4.65210666667 278.522064172
-4.647104 278.530383888
-4.64210133333 278.495527402
-4.63709866667 278.457333544
-4.632096 278.435579793
-4.62709333333 278.414626602
-4.62209066667 278.359629989
-4.617088 278.317813155
-4.61208533333 278.299261946
-4.60708266667 278.314559303
-4.60208 278.248276445
-4.59707733333 278.223553939
-4.59207466667 278.246553371
-4.587072 278.183568187
-4.58206933333 278.181977375
-4.57706666667 278.129810424
-4.572064 278.145998335
-4.56706133333 278.111568278
-4.56205866667 278.13510541
-4.557056 278.098270913
-4.55205333333 278.167788116
-4.54705066667 278.140467878
-4.542048 278.182234296
-4.53704533333 278.136366413
-4.53204266667 278.171800117
-4.52704 278.178981307
-4.52203733333 278.222029065
-4.51703466667 278.208284272
-4.512032 278.234815816
-4.50702933333 278.21005155
-4.50202666667 278.236789489
-4.497024 278.277218241
-4.49202133333 278.288205391
-4.48701866667 278.279601362
-4.482016 278.285464627
-4.47701333333 278.271370212
-4.47201066667 278.317140635
-4.467008 278.32690782
-4.46200533333 278.361314818
-4.45700266667 278.393327439
-4.452 278.418930859
-4.44699733333 278.465534904
-4.44199466667 278.46567842
-4.436992 278.494179535
-4.43198933333 278.543802624
-4.42698666667 278.507505107
-4.421984 278.518189554
-4.41698133333 278.488223843
-4.41197866667 278.515232908
-4.406976 278.468030252
-4.40197333333 278.45675927
-4.39697066667 278.444773333
-4.391968 278.455890219
-4.38696533333 278.438879523
-4.38196266667 278.453090854
-4.37696 278.447591972
-4.37195733333 278.45681678
-4.36695466667 278.455451322
-4.361952 278.471030269
-4.35694933333 278.440455881
-4.35194666667 278.450171331
-4.346944 278.470663017
-4.34194133333 278.438568707
-4.33693866667 278.473181711
-4.331936 278.492909103
-4.32693333333 278.464557116
-4.32193066667 278.451341359
-4.316928 278.454347797
-4.31192533333 278.468344448
-4.30692266667 278.480989306
-4.30192 278.466878565
-4.29691733333 278.426409876
-4.29191466667 278.45759839
-4.286912 278.445164124
-4.28190933333 278.399961581
-4.27690666667 278.39416672
-4.271904 278.437471259
-4.26690133333 278.414517192
-4.26189866667 278.418919145
-4.256896 278.383068412
-4.25189333333 278.422769268
-4.24689066667 278.384776784
-4.241888 278.409944156
-4.23688533333 278.429023339
-4.23188266667 278.42563373
-4.22688 278.426087264
-4.22187733333 278.437530278
-4.21687466667 278.409605673
-4.211872 278.438472555
-4.20686933333 278.429366531
-4.20186666667 278.422909721
-4.196864 278.397985481
-4.19186133333 278.361244518
-4.18685866667 278.269027273
-4.181856 278.288778574
-4.17685333333 278.279532712
-4.17185066667 278.314834
-4.166848 278.249620779
-4.16184533333 278.243501653
-4.15684266667 278.230191674
-4.15184 278.167428121
-4.14683733333 278.111667199
-4.14183466667 278.062301842
-4.136832 277.984454396
-4.13182933333 277.973276463
-4.12682666667 277.955063597
-4.121824 277.893839568
-4.11682133333 277.812830579
-4.11181866667 277.796610471
-4.106816 277.752721702
-4.10181333333 277.653153002
-4.09681066667 277.609153501
-4.091808 277.602881
-4.08680533333 277.558073288
-4.08180266667 277.556420498
-4.0768 277.487516485
-4.07179733333 277.531495007
-4.06679466667 277.484124394
-4.061792 277.511910662
-4.05678933333 277.495306714
-4.05178666667 277.492175819
-4.046784 277.461969879
-4.04178133333 277.469147339
-4.03677866667 277.435858668
-4.031776 277.473026493
-4.02677333333 277.471546439
-4.02177066667 277.458567436
-4.016768 277.407006019
-4.01176533333 277.446273127
-4.00676266667 277.427243879
-4.00176 277.434155783
-3.99675733333 277.44730572
-3.99175466667 277.484884185
-3.986752 277.44315382
-3.98174933333 277.444653638
-3.97674666667 277.456141941
-3.971744 277.519674723
-3.96674133333 277.511576124
-3.96173866667 277.525161566
-3.956736 277.494399992
-3.95173333333 277.546398356
-3.94673066667 277.561008693
-3.941728 277.564799841
-3.93672533333 277.659377374
-3.93172266667 277.757191191
-3.92672 277.722446102
-3.92171733333 277.693733529
-3.91671466667 277.702900294
-3.911712 277.75707481
-3.90670933333 277.814265804
-3.90170666667 277.819823697
-3.896704 277.79736643
-3.89170133333 277.780623582
-3.88669866667 277.728042454
-3.881696 277.759060328
-3.87669333333 277.737403985
-3.87169066667 277.730116373
-3.866688 277.693140567
-3.86168533333 277.665776513
-3.85668266667 277.668245076
-3.85168 277.68255234
-3.84667733333 277.685798177
-3.84167466667 277.706417744
-3.836672 277.645391951
-3.83166933333 277.663374305
-3.82666666667 277.641123268
-3.821664 277.64845205
-3.81666133333 277.642088952
-3.81165866667 277.663602603
-3.806656 277.641185881
-3.80165333333 277.637617739
-3.79665066667 277.606476533
-3.791648 277.642720429
-3.78664533333 277.602823269
-3.78164266667 277.58741568
-3.77664 277.549957731
-3.77163733333 277.583500678
-3.76663466667 277.561856435
-3.761632 277.589297061
-3.75662933333 277.548932736
-3.75162666667 277.589116932
-3.746624 277.559679189
-3.74162133333 277.56327674
-3.73661866667 277.534073031
-3.731616 277.541381961
-3.72661333333 277.466390546
-3.72161066667 277.495211896
-3.716608 277.429790719
-3.71160533333 277.43014504
-3.70660266667 277.387484409
-3.7016 277.387915159
-3.69659733333 277.365704566
-3.69159466667 277.413095645
-3.686592 277.362370492
-3.68158933333 277.300555203
-3.67658666667 277.297388751
-3.671584 277.28886915
-3.66658133333 277.291897339
-3.66157866667 277.314630593
-3.656576 277.315680509
-3.65157333333 277.299859612
-3.64657066667 277.336788047
-3.641568 277.261426255
-3.63656533333 277.264862987
-3.63156266667 277.264989984
-3.62656 277.221815203
-3.62155733333 277.178580652
-3.61655466667 277.188170586
-3.611552 277.213481623
-3.60654933333 277.201228118
-3.60154666667 277.238626312
-3.596544 277.219500705
-3.59154133333 277.209799216
-3.58653866667 277.145413996
-3.581536 277.151728998
-3.57653333333 277.094684242
-3.57153066667 277.138089242
-3.566528 277.120183481
-3.56152533333 277.088694642
-3.55652266667 277.084785618
-3.55152 277.146291158
-3.54651733333 277.141757357
-3.54151466667 277.210748295
-3.536512 277.209604586
-3.53150933333 277.214689983
-3.52650666667 277.189511464
-3.521504 277.16386769
-3.51650133333 277.159602455
-3.51149866667 277.209123308
-3.506496 277.137424065
-3.50149333333 277.176798915
-3.49649066667 277.227272893
-3.491488 277.363483313
-3.48648533333 277.46947526
-3.48148266667 277.445100779
-3.47648 277.407040859
-3.47147733333 277.420869562
-3.46647466667 277.434205671
-3.461472 277.492276961
-3.45646933333 277.505314288
-3.45146666667 277.553277047
-3.446464 277.566050749
-3.44146133333 277.582654315
-3.43645866667 277.559596191
-3.431456 277.62260262
-3.42645333333 277.617032908
-3.42145066667 277.593643414
-3.416448 277.581389682
-3.41144533333 277.685069196
-3.40644266667 277.722720449
-3.40144 277.758422601
-3.39643733333 277.786914215
-3.39143466667 277.816259705
-3.386432 277.787206105
-3.38142933333 277.776240777
-3.37642666667 277.723597294
-3.371424 277.7784071
-3.36642133333 277.770530432
-3.36141866667 277.731031683
-3.356416 277.680077466
-3.35141333333 277.675169557
-3.34641066667 277.628720484
-3.341408 277.5622796
-3.33640533333 277.502285973
-3.33140266667 277.440667571
-3.3264 277.375750482
-3.32139733333 277.320401653
-3.31639466667 277.273669637
-3.311392 277.20907304
-3.30638933333 277.096222535
-3.30138666667 277.046905392
-3.296384 277.001330462
-3.29138133333 276.968616084
-3.28637866667 276.927553
-3.281376 276.882090515
-3.27637333333 276.895408481
-3.27137066667 276.897988023
-3.266368 276.872105357
-3.26136533333 276.883632412
-3.25636266667 276.880665905
-3.25136 276.904519108
-3.24635733333 276.884232038
-3.24135466667 276.930569599
-3.236352 276.903550126
-3.23134933333 276.962480631
-3.22634666667 276.973917612
-3.221344 277.021362764
-3.21634133333 277.111573646
-3.21133866667 277.199487668
-3.206336 277.236506974
-3.20133333333 277.319530746
-3.19633066667 277.475024699
-3.191328 277.668203668
-3.18632533333 277.741894989
-3.18132266667 277.885503083
-3.17632 277.980645707
-3.17131733333 278.138200165
-3.16631466667 278.225539163
-3.161312 278.353078849
-3.15630933333 278.552536756
-3.15130666667 278.700613483
-3.146304 278.747610516
-3.14130133333 278.876657565
-3.13629866667 278.928608148
-3.131296 278.970360207
-3.12629333333 279.01800272
-3.12129066667 279.049916691
-3.116288 279.002002369
-3.11128533333 279.025304985
-3.10628266667 279.023131198
-3.10128 278.989809859
-3.09627733333 278.960766474
-3.09127466667 278.97938127
-3.086272 278.956671048
-3.08126933333 279.000424982
-3.07626666667 278.983902161
-3.071264 278.982669821
-3.06626133333 278.963223295
-3.06125866667 278.949095503
-3.056256 278.912148274
-3.05125333333 278.943857869
-3.04625066667 278.960313575
-3.041248 279.017013661
-3.03624533333 279.021330336
-3.03124266667 279.057895024
-3.02624 279.049622882
-3.02123733333 279.08506884
-3.01623466667 279.063774848
-3.011232 279.078591062
-3.00622933333 278.974242711
-3.00122666667 278.999756427
-2.996224 278.978357882
-2.99122133333 278.955125584
-2.98621866667 278.961440812
-2.981216 278.943288037
-2.97621333333 278.954910991
-2.97121066667 278.960919169
-2.966208 278.924753191
-2.96120533333 278.910544759
-2.95620266667 278.861480807
-2.9512 278.840304663
-2.94619733333 278.796918024
-2.94119466667 278.730022798
-2.936192 278.710849323
-2.93118933333 278.66071432
-2.92618666667 278.665034375
-2.921184 278.623999816
-2.91618133333 278.576619118
-2.91117866667 278.554401502
-2.906176 278.458304976
-2.90117333333 278.402053449
-2.89617066667 278.29184614
-2.891168 278.266594546
-2.88616533333 278.219840937
-2.88116266667 278.208097
-2.87616 278.160597792
-2.87115733333 278.11308582
-2.86615466667 278.02561821
-2.861152 277.979179699
-2.85614933333 277.886116973
-2.85114666667 277.851726673
-2.846144 277.807036067
-2.84114133333 277.838222995
-2.83613866667 277.827216859
-2.831136 277.80736284
-2.82613333333 277.756170108
-2.82113066667 277.724804643
-2.816128 277.742684439
-2.81112533333 277.787732444
-2.80612266667 277.783945402
-2.80112 277.798520733
-2.79611733333 277.777285963
-2.79111466667 277.79776031
-2.786112 277.815183855
-2.78110933333 277.855841473
-2.77610666667 277.820915567
-2.771104 277.851618088
-2.76610133333 277.846974957
-2.76109866667 277.904194326
-2.756096 277.93928517
-2.75109333333 278.077570334
-2.74609066667 278.040742537
-2.741088 278.126792918
-2.73608533333 278.141043177
-2.73108266667 278.148153975
-2.72608 278.055393909
-2.72107733333 278.044879377
-2.71607466667 278.003426914
-2.711072 278.054635871
-2.70606933333 277.904734405
-2.70106666667 277.824623775
-2.696064 277.697710734
-2.69106133333 277.709111144
-2.68605866667 277.654990027
-2.681056 277.616457751
-2.67605333333 277.556891186
-2.67105066667 277.582411826
-2.666048 277.50338533
-2.66104533333 277.4825727
-2.65604266667 277.387461566
-2.65104 277.360520653
-2.64603733333 277.237127898
-2.64103466667 277.321473771
-2.636032 277.325371321
-2.63102933333 277.387378152
-2.62602666667 277.359476408
-2.621024 277.457286336
-2.61602133333 277.608116022
-2.61101866667 277.573321849
-2.606016 277.463222535
-2.60101333333 277.378518463
-2.59601066667 277.364534779
-2.591008 277.42318872
-2.58600533333 277.27560905
-2.58100266667 277.202463089
-2.576 277.134797414
-2.57099733333 276.959674025
-2.56599466667 276.736971851
-2.560992 276.738083865
-2.55598933333 276.379582766
-2.55098666667 276.087011723
-2.545984 275.86767022
-2.54098133333 275.512459368
-2.53597866667 275.31065467
-2.530976 275.226891119
-2.52597333333 272.629822265
-2.52097066667 271.460416517
-2.515968 270.824420108
-2.51096533333 270.417162858
-2.50596266667 270.264078651
-2.50096 270.371685573
-2.49595733333 270.740383319
-2.49095466667 270.937778906
-2.485952 270.957983708
-2.48094933333 270.978599483
-2.47594666667 271.025654126
-2.470944 271.921708759
-2.46594133333 274.496954039
-2.46093866667 276.823536399
-2.455936 278.204269886
-2.45093333333 280.131056169
-2.44593066667 285.989929844
-2.440928 289.782935854
-2.43592533333 290.701033021
-2.43092266667 294.375653499
-2.42592 294.494000636
-2.42091733333 294.449160141
-2.41591466667 294.770509452
-2.410912 294.894815511
-2.40590933333 294.834392212
-2.40090666667 294.828332007
-2.395904 294.811835062
-2.39090133333 294.529924463
-2.38589866667 294.418754174
-2.380896 293.818117718
-2.37589333333 285.698941213
-2.37089066667 282.291568032
-2.365888 280.787164827
-2.36088533333 279.785021359
-2.35588266667 279.14727291
-2.35088 278.566729236
-2.34587733333 277.911972189
-2.34087466667 277.517058455
-2.335872 277.226644178
-2.33086933333 277.05422741
-2.32586666667 276.747907859
-2.320864 276.309780084
-2.31586133333 275.879502668
-2.31085866667 275.409071356
-2.305856 275.046297225
-2.30085333333 274.632727382
-2.29585066667 274.18570734
-2.290848 273.759244578
-2.28584533333 272.486137531
-2.28084266667 271.682946073
-2.27584 271.01508039
-2.27083733333 270.366589096
-2.26583466667 269.872434339
-2.260832 269.54151994
-2.25582933333 269.2803458
-2.25082666667 269.072909223
-2.245824 268.829629772
-2.24082133333 268.729476352
-2.23581866667 268.615414578
-2.230816 268.591193307
-2.22581333333 268.52696158
-2.22081066667 268.483555803
-2.215808 268.418633752
-2.21080533333 268.396383396
-2.20580266667 268.291327162
-2.2008 268.237272494
-2.19579733333 268.158595338
-2.19079466667 268.163652457
-2.185792 268.084994738
-2.18078933333 268.045344238
-2.17578666667 268.02510893
-2.170784 268.067488882
-2.16578133333 268.02068819
-2.16077866667 268.109860342
-2.155776 268.208864663
-2.15077333333 268.374366724
-2.14577066667 268.462209177
-2.140768 268.666285739
-2.13576533333 269.123537632
-2.13076266667 271.036464774
-2.12576 272.444349098
-2.12075733333 272.478333119
-2.11575466667 272.465075086
-2.110752 272.538465134
-2.10574933333 272.592277404
-2.10074666667 272.65617054
-2.095744 272.751146308
-2.09074133333 272.904991246
-2.08573866667 272.918965912
-2.080736 272.944618542
-2.07573333333 272.891932241
-2.07073066667 272.898807633
-2.065728 272.867784222
-2.06072533333 272.87221694
-2.05572266667 272.944529279
-2.05072 273.156498221
-2.04571733333 274.044480762
-2.04071466667 276.353643554
-2.035712 277.709135698
-2.03070933333 277.315439177
-2.02570666667 276.807589162
-2.020704 276.459213941
-2.01570133333 276.740400086
-2.01069866667 277.523407316
-2.005696 278.365114555
-2.00069333333 278.576526999
-1.99569066667 278.22190316
-1.990688 278.064151564
-1.98568533333 277.769165226
-1.98068266667 277.410433206
-1.97568 277.160235923
-1.97067733333 276.872594603
-1.96567466667 276.776355304
-1.960672 276.876236715
-1.95566933333 276.98040721
-1.95066666667 277.413329337
-1.945664 277.675940706
-1.94066133333 277.952103922
-1.93565866667 278.267462258
-1.930656 279.330757045
-1.92565333333 279.714005987
-1.92065066667 279.761207674
-1.915648 280.400420264
-1.91064533333 281.181854626
-1.90564266667 281.462650147
-1.90064 281.731239531
-1.89563733333 282.578342605
-1.89063466667 283.184287527
-1.885632 283.042558336
-1.88062933333 282.708273583
-1.87562666667 280.724227837
-1.870624 277.126744662
-1.86562133333 275.544794959
-1.86061866667 273.448590685
-1.855616 272.822968854
-1.85061333333 269.335614296
-1.84561066667 266.510790762
-1.840608 266.737906535
-1.83560533333 265.896587047
-1.83060266667 266.234269551
-1.8256 268.901185146
-1.82059733333 268.682062853
-1.81559466667 269.498881037
-1.810592 271.374035996
-1.80558933333 271.366440105
-1.80058666667 272.132880426
-1.795584 272.749347005
-1.79058133333 273.451522166
-1.78557866667 274.063299052
-1.780576 274.384551916
-1.77557333333 274.82863524
-1.77057066667 275.125577892
-1.765568 275.378550113
-1.76056533333 275.581450445
-1.75556266667 275.600550495
-1.75056 275.697319788
-1.74555733333 275.68257435
-1.74055466667 275.841182332
-1.735552 276.073142389
-1.73054933333 276.255705935
-1.72554666667 276.322152661
-1.720544 276.439101719
-1.71554133333 276.524124641
-1.71053866667 276.639801053
-1.705536 276.757837746
-1.70053333333 276.844771711
-1.69553066667 276.903755985
-1.690528 276.958595411
-1.68552533333 276.950130961
-1.68052266667 277.029610635
-1.67552 277.011898031
-1.67051733333 277.102736196
-1.66551466667 277.091643605
-1.660512 277.09224758
-1.65550933333 277.063786359
-1.65050666667 277.021255045
-1.645504 276.941372819
-1.64050133333 276.954813149
-1.63549866667 276.851766573
-1.630496 276.894444394
-1.62549333333 276.837900941
-1.62049066667 276.78549655
-1.615488 276.745489002
-1.61048533333 276.689478245
-1.60548266667 276.667080784
-1.60048 276.656731836
-1.59547733333 276.551304676
-1.59047466667 276.532310595
-1.585472 276.416576015
-1.58046933333 276.281892277
-1.57546666667 276.219077498
-1.570464 276.161277929
-1.56546133333 276.128625696
-1.56045866667 276.097668588
-1.555456 275.985617095
-1.55045333333 275.966115665
-1.54545066667 275.876376479
-1.540448 275.856975423
-1.53544533333 275.769564369
-1.53044266667 275.794884218
-1.52544 275.70308847
-1.52043733333 275.718306218
-1.51543466667 275.714302469
-1.510432 275.785775673
-1.50542933333 275.747071326
-1.50042666667 275.718853555
-1.495424 275.643926457
-1.49042133333 275.672329602
-1.48541866667 275.672864978
-1.480416 275.700872769
-1.47541333333 275.692263457
-1.47041066667 275.734274788
-1.465408 275.701508513
-1.46040533333 275.755392033
-1.45540266667 275.745549361
-1.4504 275.807744657
-1.44539733333 275.821334821
-1.44039466667 275.932969877
-1.435392 275.910099561
-1.43038933333 275.950942233
-1.42538666667 275.926126189
-1.420384 276.006449495
-1.41538133333 276.027784991
-1.41037866667 276.058848873
-1.405376 276.051053909
-1.40037333333 276.117860085
-1.39537066667 276.141340843
-1.390368 276.255920328
-1.38536533333 276.204465492
-1.38036266667 276.201988981
-1.37536 276.157147252
-1.37035733333 276.187432123
-1.36535466667 276.15116089
-1.360352 276.160310952
-1.35534933333 276.15395986
-1.35034666667 276.234538044
-1.345344 276.218605178
-1.34034133333 276.181086424
-1.33533866667 276.122950264
-1.330336 276.20608707
-1.32533333333 276.190309691
-1.32033066667 276.246256802
-1.315328 276.24550008
-1.31032533333 276.305607069
-1.30532266667 276.290191449
-1.30032 276.296371742
-1.29531733333 276.281358585
-1.29031466667 276.298372593
-1.285312 276.268017322
-1.28030933333 276.312873707
-1.27530666667 276.314344126
-1.270304 276.385267916
-1.26530133333 276.366101565
-1.26029866667 276.348538904
-1.255296 276.330557573
-1.25029333333 276.318493842
-1.24529066667 276.318985958
-1.240288 276.329668725
-1.23528533333 276.310677301
-1.23028266667 276.369004372
-1.22528 276.39886981
-1.22027733333 276.424812562
-1.21527466667 276.362587529
-1.210272 276.437616483
-1.20526933333 276.398637317
-1.20026666667 276.392060661
-1.195264 276.428253926
-1.19026133333 276.442635501
-1.18525866667 276.368661059
-1.180256 276.398507828
-1.17525333333 276.371329019
-1.17025066667 276.418857288
-1.165248 276.349510403
-1.16024533333 276.362112004
-1.15524266667 276.321788649
-1.15024 276.318026701
-1.14523733333 276.271886443
-1.14023466667 276.219968286
-1.135232 276.191478904
-1.13022933333 276.230222499
-1.12522666667 276.190866106
-1.120224 276.163366246
-1.11522133333 276.138585476
-1.11021866667 276.163869268
-1.105216 276.165369426
-1.10021333333 276.129048311
-1.09521066667 276.06492243
-1.090208 276.056694452
-1.08520533333 276.01601503
-1.08020266667 276.033713537
-1.0752 276.012598565
-1.07019733333 276.086825608
-1.06519466667 276.105266981
-1.060192 276.077984566
-1.05518933333 276.105301784
-1.05018666667 276.144549431
-1.045184 276.082155366
-1.04018133333 276.08091108
-1.03517866667 276.093983464
-1.030176 276.157531098
-1.02517333333 276.15218452
-1.02017066667 276.216812725
-1.015168 276.143790242
-1.01016533333 276.200859156
-1.00516266667 276.151302991
-1.00016 276.155140898
-0.995157333333 276.160798286
-0.990154666667 276.17729742
-0.985152 276.231822219
-0.980149333333 276.254163708
-0.975146666667 276.263592141
-0.970144 276.328637947
-0.965141333333 276.293397479
-0.960138666667 276.284105458
-0.955136 276.300202073
-0.950133333333 276.376522079
-0.945130666667 276.343984217
-0.940128 276.386477166
-0.935125333333 276.448865282
-0.930122666667 276.504335194
-0.92512 276.550501977
-0.920117333333 276.590750759
-0.915114666667 276.57282687
-0.910112 276.637211109
-0.905109333333 276.661720505
-0.900106666667 276.661132574
-0.895104 276.629475804
-0.890101333333 276.707968015
-0.885098666667 276.708450438
-0.880096 276.690906508
-0.875093333333 276.645690784
-0.870090666667 276.736057464
-0.865088 276.710008875
-0.860085333333 276.740454064
-0.855082666667 276.691520127
-0.85008 276.773979448
-0.845077333333 276.726775548
-0.840074666667 276.808952005
-0.835072 276.773855473
-0.830069333333 276.816647657
-0.825066666667 276.790091868
-0.820064 276.793932762
-0.815061333333 276.783089772
-0.810058666667 276.809672779
-0.805056 276.782135679
-0.800053333333 276.815491642
-0.795050666667 276.807674721
-0.790048 276.821263437
-0.785045333333 276.772974648
-0.780042666667 276.779483343
-0.77504 276.818556278
-0.770037333333 276.85860498
-0.765034666667 276.855617784
-0.760032 276.900972262
-0.755029333333 276.866374476
-0.750026666667 276.880386058
-0.745024 276.884195383
-0.740021333333 276.868336033
-0.735018666667 276.84035161
-0.730016 276.873138673
-0.725013333333 276.795721812
-0.720010666667 276.820212811
-0.715008 276.820930635
-0.710005333333 276.864592402
-0.705002666667 276.856051513
-0.7 276.839722602
-0.694997333333 276.791488262
-0.689994666667 276.823532962
-0.684992 276.78777522
-0.679989333333 276.82322227
-0.674986666667 276.857173832
-0.669984 276.880577184
-0.664981333333 276.892261515
-0.659978666667 276.906920442
-0.654976 276.875229996
-0.649973333333 276.913989185
-0.644970666667 276.898793123
-0.639968 276.955270416
-0.634965333333 276.983812943
-0.629962666667 277.018216605
-0.62496 276.992287477
-0.619957333333 277.024962969
-0.614954666667 277.046470228
-0.609952 277.09586676
-0.604949333333 277.044203739
-0.599946666667 277.078779836
-0.594944 277.040272371
-0.589941333333 277.105411711
-0.584938666667 277.080828108
-0.579936 277.122944693
-0.574933333333 277.075096519
-0.569930666667 277.132120847
-0.564928 277.088264856
-0.559925333333 277.109348908
-0.554922666667 277.0578045
-0.54992 277.147001681
-0.544917333333 277.123395704
-0.539914666667 277.152792715
-0.534912 277.134656824
-0.529909333333 277.226208734
-0.524906666667 277.211542249
-0.519904 277.221719592
-0.514901333333 277.236490658
-0.509898666667 277.305117088
-0.504896 277.300971987
-0.499893333333 277.352875789
-0.494890666667 277.382327841
-0.489888 277.421323523
-0.484885333333 277.420442512
-0.479882666667 277.435951025
-0.47488 277.442166298
-0.469877333333 277.462831274
-0.464874666667 277.450552039
-0.459872 277.427600364
-0.454869333333 277.413000671
-0.449866666667 277.433386874
-0.444864 277.403518067
-0.439861333333 277.416146047
-0.434858666667 277.383951359
-0.429856 277.407785355
-0.424853333333 277.368323161
-0.419850666667 277.365035686
-0.414848 277.382587877
-0.409845333333 277.405811039
-0.404842666667 277.439406403
-0.39984 277.491732208
-0.394837333333 277.52506536
-0.389834666667 277.59231497
-0.384832 277.635612071
-0.379829333333 277.637807114
-0.374826666667 277.62267382
-0.369824 277.663131284
-0.364821333333 277.653317208
-0.359818666667 277.644177324
-0.354816 277.608722558
-0.349813333333 277.64229854
-0.344810666667 277.598973655
-0.339808 277.620098321
-0.334805333333 277.569127074
-0.329802666667 277.594122329
-0.3248 277.5903745
-0.319797333333 277.58540186
-0.314794666667 277.554665119
-0.309792 277.611804427
-0.304789333333 277.602423344
-0.299786666667 277.635162726
-0.294784 277.559485458
-0.289781333333 277.637582991
-0.284778666667 277.613659072
-0.279776 277.634689188
-0.274773333333 277.605089187
-0.269770666667 277.665880936
-0.264768 277.629604193
-0.259765333333 277.61202982
-0.254762666667 277.577512233
-0.24976 277.609874487
-0.244757333333 277.586775007
-0.239754666667 277.626097018
-0.234752 277.584520007
-0.229749333333 277.606014511
-0.224746666667 277.592430145
-0.219744 277.607130701
-0.214741333333 277.627303949
-0.209738666667 277.673715489
-0.204736 277.634195196
-0.199733333333 277.649056858
-0.194730666667 277.679516157
-0.189728 277.742821469
-0.184725333333 277.782229724
-0.179722666667 277.814595452
-0.17472 277.821361384
-0.169717333333 277.921805046
-0.164714666667 277.890241536
-0.159712 277.974923882
-0.154709333333 277.987104606
-0.149706666667 278.065871295
-0.144704 278.08972771
-0.139701333333 278.146732923
-0.134698666667 278.123494581
-0.129696 278.174575212
-0.124693333333 278.161448755
-0.119690666667 278.166823503
-0.114688 278.152902016
-0.109685333333 278.168594208
-0.104682666667 278.135456801
-0.09968 278.175823951
-0.0946773333333 278.140935002
-0.0896746666667 278.196708611
-0.084672 278.183107271
-0.0796693333333 278.197228724
-0.0746666666667 278.158509789
-0.069664 278.168670839
-0.0646613333333 278.164492678
-0.0596586666667 278.183630213
-0.054656 278.154409763
-0.0496533333333 278.161226189
-0.0446506666667 278.103184409
-0.039648 278.086541185
-0.0346453333333 278.089372002
-0.0296426666667 278.159384768
-0.02464 278.129812587
-0.0196373333333 278.126016127
-0.0146346666667 278.11884152
-0.009632 278.139203301
-0.00462933333333 278.116947709
