-9.99995733333 392.095277114
-9.99495466667 391.868328282
-9.989952 391.689152131
-9.98494933333 391.475625386
-9.97994666667 391.732341908
-9.974944 391.727324111
-9.96994133333 392.025833386
-9.96493866667 392.265248089
-9.959936 392.398911254
-9.95493333333 392.257693468
-9.94993066667 392.063244817
-9.944928 391.969476852
-9.93992533333 392.009556365
-9.93492266667 391.711252954
-9.92992 391.680413355
-9.92491733333 391.619967552
-9.91991466667 391.634276445
-9.914912 391.631102153
-9.90990933333 391.516411544
-9.90490666667 391.376499135
-9.899904 391.836630649
-9.89490133333 392.145038664
-9.88989866667 392.397024571
-9.884896 392.249907043
-9.87989333333 392.303744598
-9.87489066667 391.256506926
-9.869888 390.379343763
-9.86488533333 389.905053082
-9.85988266667 389.652455933
-9.85488 389.519356782
-9.84987733333 389.455183856
-9.84487466667 389.211602124
-9.839872 389.226202044
-9.83486933333 388.894915934
-9.82986666667 388.836080496
-9.824864 388.664075224
-9.81986133333 389.03279208
-9.81485866667 388.49929027
-9.809856 388.580454273
-9.80485333333 388.609837773
-9.79985066667 388.834231469
-9.794848 388.399536245
-9.78984533333 388.373629843
-9.78484266667 388.074141076
-9.77984 387.748105254
-9.77483733333 386.930252898
-9.76983466667 386.445021019
-9.764832 385.791546281
-9.75982933333 385.766461002
-9.75482666667 385.259061604
-9.749824 384.999085234
-9.74482133333 384.604959283
-9.73981866667 384.598395533
-9.734816 384.069613663
-9.72981333333 384.429301157
-9.72481066667 384.493825057
-9.719808 384.818066231
-9.71480533333 384.023141584
-9.70980266667 383.150748147
-9.7048 381.591297952
-9.69979733333 379.209482852
-9.69479466667 373.935248261
-9.689792 370.319044348
-9.68478933333 367.785263074
-9.67978666667 365.372921198
-9.674784 363.79185653
-9.66978133333 363.103057437
-9.66477866667 362.253077159
-9.659776 361.183967
-9.65477333333 360.319343246
-9.64977066667 359.879557001
-9.644768 361.933533151
-9.63976533333 369.410178893
-9.63476266667 386.271032765
-9.62976 400.529414616
-9.62475733333 401.065161664
-9.61975466667 401.168478458
-9.614752 401.255684145
-9.60974933333 401.370951093
-9.60474666667 401.324300494
-9.599744 401.534144737
-9.59474133333 401.628199053
-9.58973866667 401.846421301
-9.584736 402.060929263
-9.57973333333 402.210129627
-9.57473066667 402.26591935
-9.569728 402.43701514
-9.56472533333 402.472967222
-9.55972266667 401.99725794
-9.55472 401.279381995
-9.54971733333 401.216445019
-9.54471466667 401.177666276
-9.539712 401.267941054
-9.53470933333 401.185325606
-9.52970666667 401.448838101
-9.524704 401.443778066
-9.51970133333 401.607548642
-9.51469866667 401.658264571
-9.509696 401.891361582
-9.50469333333 401.889586235
-9.49969066667 401.909966316
-9.494688 401.811928852
-9.48968533333 402.051769227
-9.48468266667 401.979705761
-9.47968 402.24147471
-9.47467733333 401.992897391
-9.46967466667 402.288020802
-9.464672 402.531169808
-9.45966933333 402.662036947
-9.45466666667 402.250364625
-9.449664 401.851533348
-9.44466133333 400.702286753
-9.43965866667 400.563449662
-9.434656 400.742179652
-9.42965333333 400.588798034
-9.42465066667 400.394272355
-9.419648 400.311643767
-9.41464533333 400.157084426
-9.40964266667 400.193966845
-9.40464 400.091396395
-9.39963733333 400.193538545
-9.39463466667 400.012765578
-9.389632 400.141622285
-9.38462933333 400.041884407
-9.37962666667 400.280414655
-9.374624 400.245818848
-9.36962133333 400.513156185
-9.36461866667 400.648517253
-9.359616 400.776404477
-9.35461333333 400.823531157
-9.34961066667 401.023206038
-9.344608 400.969508406
-9.33960533333 401.269542656
-9.33460266667 401.182101308
-9.3296 401.35509566
-9.32459733333 401.277371106
-9.31959466667 401.400382804
-9.314592 401.280490878
-9.30958933333 401.318049127
-9.30458666667 401.371015966
-9.299584 401.553629584
-9.29458133333 401.436316133
-9.28957866667 401.482304565
-9.284576 401.359227061
-9.27957333333 401.521544657
-9.27457066667 401.395455882
-9.269568 401.603323951
-9.26456533333 401.744418801
-9.25956266667 401.918205268
-9.25456 401.976605042
-9.24955733333 402.329003261
-9.24455466667 402.470477113
-9.239552 402.759114683
-9.23454933333 402.93991709
-9.22954666667 403.1518589
-9.224544 403.356662118
-9.21954133333 403.738202337
-9.21453866667 403.943953683
-9.209536 404.621372595
-9.20453333333 405.307013705
-9.19953066667 405.424347993
-9.194528 405.306557919
-9.18952533333 405.477736518
-9.18452266667 405.612534533
-9.17952 405.994862517
-9.17451733333 406.224691809
-9.16951466667 406.355164895
-9.164512 406.342931775
-9.15950933333 406.570364856
-9.15450666667 406.55937578
-9.149504 406.832132265
-9.14450133333 406.940371721
-9.13949866667 407.013806874
-9.134496 406.961207925
-9.12949333333 407.924554934
-9.12449066667 407.84869045
-9.119488 407.781100538
-9.11448533333 407.597345425
-9.10948266667 407.527310321
-9.10448 407.330434942
-9.09947733333 407.385014302
-9.09447466667 407.198479121
-9.089472 407.176371416
-9.08446933333 407.037986225
-9.07946666667 407.069346715
-9.074464 406.938790781
-9.06946133333 406.899205331
-9.06445866667 406.887856417
-9.059456 406.994911289
-9.05445333333 406.84349208
-9.04945066667 406.939285576
-9.044448 406.739320372
-9.03944533333 406.78406404
-9.03444266667 406.549174597
-9.02944 406.611654243
-9.02443733333 406.425356402
-9.01943466667 406.536529086
-9.014432 406.404031451
-9.00942933333 406.44316382
-9.00442666667 406.270576409
-8.999424 406.195880184
-8.99442133333 406.021843198
-8.98941866667 405.996196799
-8.984416 405.847618316
-8.97941333333 405.942211227
-8.97441066667 405.75577126
-8.969408 405.895570184
-8.96440533333 405.695636656
-8.95940266667 405.854507252
-8.9544 405.752842553
-8.94939733333 405.822146857
-8.94439466667 405.770257547
-8.939392 405.837401599
-8.93438933333 405.571707317
-8.92938666667 405.703685213
-8.924384 405.741102785
-8.91938133333 405.773122044
-8.91437866667 405.677310285
-8.909376 405.799794432
-8.90437333333 405.755896303
-8.89937066667 405.859045141
-8.894368 405.789687651
-8.88936533333 405.939839352
-8.88436266667 405.912009538
-8.87936 406.018564919
-8.87435733333 406.011749337
-8.86935466667 406.197138768
-8.864352 406.239549031
-8.85934933333 406.580239627
-8.85434666667 406.579024736
-8.849344 406.667623691
-8.84434133333 406.714924176
-8.83933866667 406.779277952
-8.834336 406.74736325
-8.82933333333 406.856532704
-8.82433066667 406.78770796
-8.819328 406.958032105
-8.81432533333 406.926668313
-8.80932266667 406.923901127
-8.80432 406.461181088
-8.79931733333 406.587313098
-8.79431466667 406.549146089
-8.789312 406.667156916
-8.78430933333 406.71906705
-8.77930666667 406.789010703
-8.774304 406.556661556
-8.76930133333 406.65450426
-8.76429866667 406.517066551
-8.759296 406.572691164
-8.75429333333 406.577623511
-8.74929066667 406.641576218
-8.744288 406.528822844
-8.73928533333 406.575812703
-8.73428266667 406.389673626
-8.72928 406.495717518
-8.72427733333 406.275267069
-8.71927466667 406.364940976
-8.714272 406.244178522
-8.70926933333 406.34621592
-8.70426666667 406.045730321
-8.699264 406.179757684
-8.69426133333 405.881285557
-8.68925866667 405.983987362
-8.684256 406.128380023
-8.67925333333 406.162356145
-8.67425066667 405.805876627
-8.669248 405.708269899
-8.66424533333 405.812048707
-8.65924266667 405.79623672
-8.65424 405.837273543
-8.64923733333 406.038053794
-8.64423466667 405.757365603
-8.639232 405.713544624
-8.63422933333 405.651785792
-8.62922666667 405.619565513
-8.624224 405.391511953
-8.61922133333 405.459856518
-8.61421866667 405.336463793
-8.609216 405.72240043
-8.60421333333 405.756568973
-8.59921066667 405.793186308
-8.594208 404.914542412
-8.58920533333 404.639231224
-8.58420266667 404.087046745
-8.5792 403.710608535
-8.57419733333 403.084958038
-8.56919466667 402.795543046
-8.564192 402.674613586
-8.55918933333 402.482074492
-8.55418666667 402.375092299
-8.549184 402.334741768
-8.54418133333 401.995303452
-8.53917866667 402.086784963
-8.534176 401.917340866
-8.52917333333 401.901503057
-8.52417066667 401.677911196
-8.519168 401.734606112
-8.51416533333 401.583886615
-8.50916266667 401.532292006
-8.50416 401.555084802
-8.49915733333 401.812792064
-8.49415466667 401.779763191
-8.489152 401.927115922
-8.48414933333 402.015674893
-8.47914666667 402.339109911
-8.474144 402.366787099
-8.46914133333 402.652658719
-8.46413866667 402.869832958
-8.459136 402.891164239
-8.45413333333 402.747647235
-8.44913066667 402.85549256
-8.444128 402.906699175
-8.43912533333 402.882462176
-8.43412266667 402.665869259
-8.42912 402.68733408
-8.42411733333 402.442751714
-8.41911466667 402.199728016
-8.414112 401.79298017
-8.40910933333 401.622314299
-8.40410666667 401.273048881
-8.399104 401.277518948
-8.39410133333 400.938334513
-8.38909866667 400.878398501
-8.384096 400.6745398
-8.37909333333 400.591854877
-8.37409066667 400.43072116
-8.369088 400.386890975
-8.36408533333 400.15996579
-8.35908266667 400.140428221
-8.35408 399.95151313
-8.34907733333 400.055837796
-8.34407466667 399.936255087
-8.339072 400.123924009
-8.33406933333 400.032100777
-8.32906666667 400.127912615
-8.324064 400.203158628
-8.31906133333 400.350618177
-8.31405866667 400.508263057
-8.309056 400.669537102
-8.30405333333 400.812480953
-8.29905066667 401.051181268
-8.294048 401.082141423
-8.28904533333 401.09992843
-8.28404266667 401.236322447
-8.27904 401.46743487
-8.27403733333 401.402479439
-8.26903466667 401.441031677
-8.264032 401.603943947
-8.25902933333 401.82172999
-8.25402666667 401.55671227
-8.249024 401.719811574
-8.24402133333 401.608737599
-8.23901866667 401.736952757
-8.234016 401.652515143
-8.22901333333 401.774483221
-8.22401066667 401.67576373
-8.219008 402.025783128
-8.21400533333 401.988900124
-8.20900266667 402.216703468
-8.204 402.238581086
-8.19899733333 402.24220247
-8.19399466667 402.158923907
-8.188992 402.341354743
-8.18398933333 402.37662663
-8.17898666667 402.592236159
-8.173984 402.713948047
-8.16898133333 402.974621718
-8.16397866667 402.832190866
-8.158976 403.010711294
-8.15397333333 403.009184749
-8.14897066667 403.071180993
-8.143968 402.92713204
-8.13896533333 403.012893795
-8.13396266667 402.840621107
-8.12896 402.77390154
-8.12395733333 402.602135453
-8.11895466667 402.691481457
-8.113952 402.509361204
-8.10894933333 402.477918395
-8.10394666667 402.424222085
-8.098944 402.647178582
-8.09394133333 402.655085396
-8.08893866667 402.786236353
-8.083936 402.935388225
-8.07893333333 403.374570321
-8.07393066667 403.428690672
-8.068928 403.92434828
-8.06392533333 403.652263052
-8.05892266667 403.634683391
-8.05392 403.556260591
-8.04891733333 403.490679827
-8.04391466667 403.348765422
-8.038912 403.207300717
-8.03390933333 402.936158406
-8.02890666667 402.916282477
-8.023904 402.69556224
-8.01890133333 402.635554454
-8.01389866667 402.433304212
-8.008896 402.444858589
-8.00389333333 402.432287271
-7.99889066667 402.574136636
-7.993888 402.531722704
-7.98888533333 402.583882595
-7.98388266667 402.555407991
-7.97888 402.763588216
-7.97387733333 402.724855796
-7.96887466667 402.93827587
-7.963872 403.034204124
-7.95886933333 403.230428651
-7.95386666667 403.21731625
-7.948864 403.279785629
-7.94386133333 403.059228929
-7.93885866667 402.878790564
-7.933856 402.809501327
-7.92885333333 402.732189622
-7.92385066667 402.650916989
-7.918848 402.609650495
-7.91384533333 402.503389672
-7.90884266667 402.470631005
-7.90384 402.42233427
-7.89883733333 402.423393659
-7.89383466667 402.252333235
-7.888832 402.197438477
-7.88382933333 402.130106106
-7.87882666667 402.016702078
-7.873824 401.776582862
-7.86882133333 401.841277142
-7.86381866667 401.606968118
-7.858816 401.492545201
-7.85381333333 401.238481218
-7.84881066667 401.497863976
-7.843808 401.471322311
-7.83880533333 401.445428129
-7.83380266667 401.493819089
-7.8288 402.041063121
-7.82379733333 401.87662047
-7.81879466667 402.3741103
-7.813792 402.319883157
-7.80878933333 402.787777141
-7.80378666667 403.399803566
-7.798784 404.183445609
-7.79378133333 404.872189618
-7.78877866667 405.216029506
-7.783776 405.001825104
-7.77877333333 405.367670986
-7.77377066667 397.847495264
-7.768768 381.307931062
-7.76376533333 378.278187915
-7.75876266667 378.078898423
-7.75376 382.056175393
-7.74875733333 401.530206395
-7.74375466667 406.622750149
-7.738752 406.71915519
-7.73374933333 406.705433255
-7.72874666667 407.096741245
-7.723744 407.115640502
-7.71874133333 407.573205811
-7.71373866667 407.724653774
-7.708736 407.968762492
-7.70373333333 408.03900417
-7.69873066667 407.975625917
-7.693728 407.524872202
-7.68872533333 407.399241492
-7.68372266667 407.315357056
-7.67872 407.241851519
-7.67371733333 407.121643623
-7.66871466667 407.177080774
-7.663712 407.085631263
-7.65870933333 407.150907214
-7.65370666667 407.120170936
-7.648704 407.503446757
-7.64370133333 407.887773358
-7.63869866667 408.214917528
-7.633696 408.289786344
-7.62869333333 408.302242175
-7.62369066667 408.508138947
-7.618688 408.807037039
-7.61368533333 408.782018794
-7.60868266667 409.205962573
-7.60368 411.813383045
-7.59867733333 412.18399069
-7.59367466667 412.476428757
-7.588672 413.068400926
-7.58366933333 412.667538724
-7.57866666667 412.996382269
-7.573664 413.091780746
-7.56866133333 411.436205595
-7.56365866667 409.673130821
-7.558656 408.968781206
-7.55365333333 408.289964376
-7.54865066667 408.48825871
-7.543648 408.180311005
-7.53864533333 407.950177638
-7.53364266667 408.339810323
-7.52864 408.569965038
-7.52363733333 408.581850443
-7.51863466667 408.702209219
-7.513632 408.639454975
-7.50862933333 408.642591562
-7.50362666667 408.650356487
-7.498624 408.610230361
-7.49362133333 408.418085613
-7.48861866667 408.48304696
-7.483616 408.345823688
-7.47861333333 408.251852924
-7.47361066667 408.085112692
-7.468608 408.080598409
-7.46360533333 407.865045301
-7.45860266667 407.728441738
-7.4536 407.462929555
-7.44859733333 407.383735581
-7.44359466667 407.157127902
-7.438592 407.038885833
-7.43358933333 406.877041406
-7.42858666667 406.812118041
-7.423584 406.554483434
-7.41858133333 406.491712925
-7.41357866667 406.190017765
-7.408576 406.114835223
-7.40357333333 405.943433139
-7.39857066667 405.956229006
-7.393568 405.797788231
-7.38856533333 405.889078341
-7.38356266667 405.931020119
-7.37856 406.017313012
-7.37355733333 405.901144833
-7.36855466667 406.080081882
-7.363552 406.076211388
-7.35854933333 406.109921762
-7.35354666667 405.968889049
-7.348544 406.180097721
-7.34354133333 406.153232756
-7.33853866667 406.251735733
-7.333536 406.034476568
-7.32853333333 406.017499297
-7.32353066667 406.105833239
-7.318528 406.186695494
-7.31352533333 406.272094056
-7.30852266667 406.407995646
-7.30352 406.514476777
-7.29851733333 406.989895313
-7.29351466667 407.021396527
-7.288512 407.302757295
-7.28350933333 406.959550114
-7.27850666667 407.413138455
-7.273504 407.532410416
-7.26850133333 407.294963023
-7.26349866667 407.280072903
-7.258496 407.351553262
-7.25349333333 407.487785903
-7.24849066667 407.126611655
-7.243488 407.280102892
-7.23848533333 406.959646513
-7.23348266667 406.557577835
-7.22848 406.668102268
-7.22347733333 407.064701428
-7.21847466667 407.142898697
-7.213472 406.978681423
-7.20846933333 406.951169581
-7.20346666667 406.731895738
-7.198464 406.678193546
-7.19346133333 406.434441458
-7.18845866667 406.455703188
-7.183456 406.461464083
-7.17845333333 406.529672745
-7.17345066667 406.371582776
-7.168448 406.771432346
-7.16344533333 406.395426861
-7.15844266667 406.189773691
-7.15344 406.02781429
-7.14843733333 406.291377423
-7.14343466667 405.606359961
-7.138432 405.338723946
-7.13342933333 405.395810116
-7.12842666667 405.326503407
-7.123424 405.115182303
-7.11842133333 405.48332585
-7.11341866667 405.398294747
-7.108416 405.388109632
-7.10341333333 405.402712686
-7.09841066667 405.308341417
-7.093408 405.302629009
-7.08840533333 405.592470376
-7.08340266667 405.283002749
-7.0784 404.886979748
-7.07339733333 404.758681505
-7.06839466667 405.148310792
-7.063392 405.223275593
-7.05838933333 405.062930943
-7.05338666667 404.999583589
-7.048384 405.132664417
-7.04338133333 405.038567711
-7.03837866667 405.001621083
-7.033376 405.086245194
-7.02837333333 404.95309853
-7.02337066667 405.165936892
-7.018368 405.733275597
-7.01336533333 406.085182615
-7.00836266667 406.284179006
-7.00336 405.852654976
-6.99835733333 405.909130865
-6.99335466667 405.856144653
-6.988352 406.038768591
-6.98334933333 405.919797341
-6.97834666667 406.181864043
-6.973344 406.149553596
-6.96834133333 405.978715076
-6.96333866667 405.74139683
-6.958336 405.728661631
-6.95333333333 405.948759919
-6.94833066667 406.122113144
-6.943328 406.268636629
-6.93832533333 406.233264198
-6.93332266667 406.284831032
-6.92832 406.340865561
-6.92331733333 406.305195926
-6.91831466667 406.261609357
-6.913312 406.131520223
-6.90830933333 406.152251673
-6.90330666667 406.140249724
-6.898304 406.19576508
-6.89330133333 406.041773179
-6.88829866667 406.122577985
-6.883296 405.871401305
-6.87829333333 406.10042727
-6.87329066667 405.960535335
-6.868288 406.098534201
-6.86328533333 406.113652716
-6.85828266667 406.314794814
-6.85328 406.356056801
-6.84827733333 406.360886918
-6.84327466667 406.282097389
-6.838272 406.31348053
-6.83326933333 406.161582578
-6.82826666667 406.236194776
-6.823264 406.236468473
-6.81826133333 406.298000175
-6.81325866667 406.216241636
-6.808256 406.285709321
-6.80325333333 406.160930992
-6.79825066667 406.223059654
-6.793248 406.219962157
-6.78824533333 406.17500881
-6.78324266667 406.071052528
-6.77824 406.067210389
-6.77323733333 405.949738228
-6.76823466667 406.026602386
-6.763232 405.872226544
-6.75822933333 405.850262093
-6.75322666667 405.686344884
-6.748224 405.465181507
-6.74322133333 405.385591836
-6.73821866667 405.306388424
-6.733216 405.128745295
-6.72821333333 405.226477755
-6.72321066667 405.135277417
-6.718208 405.251301733
-6.71320533333 405.083006051
-6.70820266667 405.260445784
-6.7032 405.213020341
-6.69819733333 405.453426248
-6.69319466667 405.281973654
-6.688192 405.346241149
-6.68318933333 405.372680902
-6.67818666667 405.477348155
-6.673184 405.414595324
-6.66818133333 405.676349011
-6.66317866667 405.799399142
-6.658176 405.938232019
-6.65317333333 406.074194975
-6.64817066667 406.348903057
-6.643168 406.55787816
-6.63816533333 406.64305355
-6.63316266667 406.718945919
-6.62816 406.878811365
-6.62315733333 406.879940553
-6.61815466667 406.971814823
-6.613152 406.892538093
-6.60814933333 406.954132621
-6.60314666667 406.979010334
-6.598144 406.889572608
-6.59314133333 406.965267904
-6.58813866667 407.007045009
-6.583136 406.947692957
-6.57813333333 407.168635429
-6.57313066667 407.229638503
-6.568128 407.461543589
-6.56312533333 407.555204963
-6.55812266667 407.551328119
-6.55312 407.472797592
-6.54811733333 407.641587766
-6.54311466667 407.733082931
-6.538112 407.888062352
-6.53310933333 407.89363487
-6.52810666667 408.050202622
-6.523104 408.220775905
-6.51810133333 408.433720147
-6.51309866667 408.678899578
-6.508096 408.871933298
-6.50309333333 408.854955134
-6.49809066667 408.816001627
-6.493088 408.874449015
-6.48808533333 408.920137179
-6.48308266667 408.831106893
-6.47808 408.820900653
-6.47307733333 408.824091628
-6.46807466667 408.896277471
-6.463072 408.88058994
-6.45806933333 408.998454256
-6.45306666667 408.874250911
-6.448064 408.989122132
-6.44306133333 408.983978165
-6.43805866667 408.998630995
-6.433056 408.817790504
-6.42805333333 408.951648486
-6.42305066667 408.797563484
-6.418048 408.875067593
-6.41304533333 408.725025741
-6.40804266667 408.781430952
-6.40304 408.81190286
-6.39803733333 408.89711952
-6.39303466667 408.881896573
-6.388032 408.959530234
-6.38302933333 408.884992334
-6.37802666667 408.972642216
-6.373024 408.924132296
-6.36802133333 408.937365963
-6.36301866667 408.982548804
-6.358016 409.117094456
-6.35301333333 409.197589475
-6.34801066667 409.288081513
-6.343008 409.211126363
-6.33800533333 409.260216115
-6.33300266667 409.067442165
-6.328 409.239175854
-6.32299733333 409.175656701
-6.31799466667 409.347349793
-6.312992 409.188772677
-6.30798933333 409.288077191
-6.30298666667 409.226332436
-6.297984 409.230673729
-6.29298133333 409.148623244
-6.28797866667 409.215715672
-6.282976 409.283364908
-6.27797333333 409.129109791
-6.27297066667 408.818072172
-6.267968 408.548823814
-6.26296533333 408.319872741
-6.25796266667 406.839989734
-6.25296 404.941839803
-6.24795733333 403.55547541
-6.24295466667 403.061960356
-6.237952 403.23477186
-6.23294933333 402.903753506
-6.22794666667 403.055626044
-6.222944 403.160692593
-6.21794133333 403.443461169
-6.21293866667 403.125165189
-6.207936 402.932925326
-6.20293333333 402.349247186
-6.19793066667 402.428519756
-6.192928 401.82104525
-6.18792533333 402.139094348
-6.18292266667 401.908043014
-6.17792 401.839527566
-6.17291733333 402.110247795
-6.16791466667 402.191465848
-6.162912 402.314004702
-6.15790933333 402.500513612
-6.15290666667 402.416339934
-6.147904 402.662274052
-6.14290133333 402.872717792
-6.13789866667 403.163393677
-6.132896 403.17987559
-6.12789333333 403.301639223
-6.12289066667 403.237215992
-6.117888 403.39921402
-6.11288533333 403.333040697
-6.10788266667 403.385678494
-6.10288 403.347375026
-6.09787733333 403.434993335
-6.09287466667 403.436669356
-6.087872 403.531946361
-6.08286933333 403.494092207
-6.07786666667 403.584692873
-6.072864 403.591938243
-6.06786133333 403.62669099
-6.06285866667 403.550665316
-6.057856 403.638099292
-6.05285333333 403.585264033
-6.04785066667 403.40494038
-6.042848 403.480433976
-6.03784533333 403.675958066
-6.03284266667 403.667674322
-6.02784 403.821658922
-6.02283733333 403.630848691
-6.01783466667 403.710445002
-6.012832 403.685523035
-6.00782933333 403.706207442
-6.00282666667 403.947949393
-5.997824 404.313493832
-5.99282133333 404.503205533
-5.98781866667 404.930164921
-5.982816 405.006482454
-5.97781333333 405.286227659
-5.97281066667 405.279306361
-5.967808 405.60722888
-5.96280533333 405.759767415
-5.95780266667 405.983398289
-5.9528 406.028904833
-5.94779733333 406.161194071
-5.94279466667 405.990174447
-5.937792 405.932185893
-5.93278933333 405.914113644
-5.92778666667 405.750259668
-5.922784 405.398808184
-5.91778133333 405.100806097
-5.91277866667 404.845618303
-5.907776 404.675652231
-5.90277333333 404.471706111
-5.89777066667 404.447372411
-5.892768 404.269910521
-5.88776533333 404.110936497
-5.88276266667 403.947085523
-5.87776 403.723188342
-5.87275733333 403.518279766
-5.86775466667 403.391947661
-5.862752 403.05761959
-5.85774933333 402.906159655
-5.85274666667 402.872774212
-5.847744 403.029896685
-5.84274133333 402.909087974
-5.83773866667 402.967591843
-5.832736 402.893254767
-5.82773333333 403.125357605
-5.82273066667 403.229590132
-5.817728 403.227600294
-5.81272533333 403.276531536
-5.80772266667 403.617338961
-5.80272 403.843602116
-5.79771733333 404.086387705
-5.79271466667 404.35911242
-5.787712 405.042714473
-5.78270933333 405.180843972
-5.77770666667 405.147734389
-5.772704 406.306059774
-5.76770133333 407.05691849
-5.76269866667 407.015717391
-5.757696 407.383039602
-5.75269333333 408.326382382
-5.74769066667 408.90593544
-5.742688 409.181228791
-5.73768533333 407.924399072
-5.73268266667 407.043338604
-5.72768 406.300526528
-5.72267733333 405.459613872
-5.71767466667 404.615712494
-5.712672 404.771267291
-5.70766933333 405.578006917
-5.70266666667 407.054875813
-5.697664 407.043306027
-5.69266133333 406.451285532
-5.68765866667 406.172039315
-5.682656 406.059756106
-5.67765333333 407.84525319
-5.67265066667 409.555266588
-5.667648 410.096530227
-5.66264533333 410.234624756
-5.65764266667 410.292695067
-5.65264 408.424263599
-5.64763733333 408.260546277
-5.64263466667 408.416296032
-5.637632 411.882003871
-5.63262933333 412.455854254
-5.62762666667 412.64099846
-5.622624 412.721633092
-5.61762133333 412.799358992
-5.61261866667 412.757565522
-5.607616 412.277798473
-5.60261333333 411.878959591
-5.59761066667 411.673846417
-5.592608 410.898413532
-5.58760533333 411.187926684
-5.58260266667 411.124993342
-5.5776 410.150869624
-5.57259733333 410.060066709
-5.56759466667 409.952493396
-5.562592 411.521785837
-5.55758933333 412.791729218
-5.55258666667 412.985716609
-5.547584 412.589432081
-5.54258133333 412.207702767
-5.53757866667 412.004383324
-5.532576 412.344354645
-5.52757333333 410.912474554
-5.52257066667 409.906513606
-5.517568 410.442912026
-5.51256533333 410.655881546
-5.50756266667 410.531261098
-5.50256 410.782319668
-5.49755733333 410.671647275
-5.49255466667 410.542341644
-5.487552 410.65256561
-5.48254933333 410.685830907
-5.47754666667 411.291701131
-5.472544 411.361101726
-5.46754133333 411.68981613
-5.46253866667 412.01795771
-5.457536 412.007334674
-5.45253333333 412.108151635
-5.44753066667 412.129045616
-5.442528 412.333742875
-5.43752533333 412.503538292
-5.43252266667 412.359181474
-5.42752 411.893930573
-5.42251733333 411.512561617
-5.41751466667 411.227866983
-5.412512 411.215132994
-5.40750933333 413.650016263
-5.40250666667 412.969945106
-5.397504 412.483322798
-5.39250133333 411.316707872
-5.38749866667 409.455592876
-5.382496 408.588918984
-5.37749333333 408.487821055
-5.37249066667 408.31799238
-5.367488 407.890582122
-5.36248533333 407.588109551
-5.35748266667 407.250515845
-5.35248 406.693661244
-5.34747733333 405.890339398
-5.34247466667 405.928703717
-5.337472 405.357816073
-5.33246933333 404.446376466
-5.32746666667 402.466143859
-5.322464 401.774752311
-5.31746133333 401.174786173
-5.31245866667 400.053899772
-5.307456 400.159804932
-5.30245333333 401.238966412
-5.29745066667 402.990470458
-5.292448 405.873672447
-5.28744533333 413.96138687
-5.28244266667 415.32850109
-5.27744 418.399502227
-5.27243733333 422.390557678
-5.26743466667 426.031489013
-5.262432 431.083445462
-5.25742933333 429.057623238
-5.25242666667 429.121433258
-5.247424 426.857719581
-5.24242133333 432.167846958
-5.23741866667 432.77604077
-5.232416 433.100375003
-5.22741333333 431.39625654
-5.22241066667 432.838728457
-5.217408 428.965588575
-5.21240533333 427.338200208
-5.20740266667 426.279306224
-5.2024 426.112379088
-5.19739733333 425.004175039
-5.19239466667 422.514678638
-5.187392 422.350426824
-5.18238933333 424.068224793
-5.17738666667 424.069315806
-5.172384 422.933166213
-5.16738133333 422.10514956
-5.16237866667 421.13363125
-5.157376 419.497167312
-5.15237333333 415.850963542
-5.14737066667 412.929205603
-5.142368 411.665810571
-5.13736533333 412.032312988
-5.13236266667 411.4661544
-5.12736 410.886475577
-5.12235733333 410.592851759
-5.11735466667 410.300459212
-5.112352 411.01593284
-5.10734933333 411.52624032
-5.10234666667 411.349652421
-5.097344 410.653652128
-5.09234133333 408.032300707
-5.08733866667 408.120712059
-5.082336 409.559099508
-5.07733333333 410.864672648
-5.07233066667 412.333140899
-5.067328 413.363814914
-5.06232533333 413.90000417
-5.05732266667 416.099444699
-5.05232 427.976198567
-5.04731733333 433.575011864
-5.04231466667 434.282726366
-5.037312 434.138683387
-5.03230933333 433.833423856
-5.02730666667 433.667543932
-5.022304 434.059543469
-5.01730133333 434.106461018
-5.01229866667 433.710175057
-5.007296 434.599359701
-5.00229333333 435.836078957
-4.99729066667 436.094739901
-4.992288 435.891436081
-4.98728533333 435.489042051
-4.98228266667 434.831640888
-4.97728 434.677777358
-4.97227733333 434.697076004
-4.96727466667 434.864624702
-4.962272 434.884315901
-4.95726933333 434.745221001
-4.95226666667 434.035182844
-4.947264 433.670369125
-4.94226133333 435.10762234
-4.93725866667 435.243537075
-4.932256 434.776589173
-4.92725333333 434.797506838
-4.92225066667 434.791530075
-4.917248 433.667248756
-4.91224533333 435.077800246
-4.90724266667 422.277882974
-4.90224 415.450196841
-4.89723733333 412.860591011
-4.89223466667 411.928510131
-4.887232 411.494066218
-4.88222933333 411.019778296
-4.87722666667 409.282498366
-4.872224 408.810744718
-4.86722133333 408.397870967
-4.86221866667 408.210337405
-4.857216 408.008905049
-4.85221333333 408.46299461
-4.84721066667 408.522988824
-4.842208 407.771232109
-4.83720533333 407.535114204
-4.83220266667 408.206801902
-4.8272 408.433113194
-4.82219733333 408.347450853
-4.81719466667 408.557135854
-4.812192 408.634833608
-4.80718933333 408.539804276
-4.80218666667 408.236545731
-4.797184 408.247038365
-4.79218133333 407.814399484
-4.78717866667 407.615192444
-4.782176 407.206130289
-4.77717333333 406.617376289
-4.77217066667 405.331628313
-4.767168 406.029606484
-4.76216533333 402.188638817
-4.75716266667 399.798359793
-4.75216 398.075008232
-4.74715733333 392.203091291
-4.74215466667 390.772578673
-4.737152 390.070481069
-4.73214933333 388.644167283
-4.72714666667 387.538823323
-4.722144 386.772278781
-4.71714133333 387.644893204
-4.71213866667 388.800765342
-4.707136 388.599826578
-4.70213333333 388.36039118
-4.69713066667 388.657790274
-4.692128 387.651251012
-4.68712533333 386.405232784
-4.68212266667 385.316422241
-4.67712 384.704319641
-4.67211733333 384.046130889
-4.66711466667 383.423752516
-4.662112 382.82194238
-4.65710933333 382.207471448
-4.65210666667 380.42231792
-4.647104 378.911117124
-4.64210133333 379.779992987
-4.63709866667 383.236074011
-4.632096 387.33994923
-4.62709333333 391.860316745
-4.62209066667 386.644295368
-4.617088 382.612935942
-4.61208533333 388.226241229
-4.60708266667 389.22350883
-4.60208 387.005185662
-4.59707733333 392.625065326
-4.59207466667 384.273282026
-4.587072 380.24190987
-4.58206933333 391.992684157
-4.57706666667 397.920068437
-4.572064 405.730156026
-4.56706133333 406.801489371
-4.56205866667 407.210437425
-4.557056 408.390848587
-4.55205333333 409.300193197
-4.54705066667 410.415068979
-4.542048 409.945535506
-4.53704533333 409.758055465
-4.53204266667 411.26454405
-4.52704 412.115036572
-4.52203733333 413.629290926
-4.51703466667 415.522180868
-4.512032 416.373919205
-4.50702933333 417.726755387
-4.50202666667 420.343865367
-4.497024 420.853507682
-4.49202133333 421.024053618
-4.48701866667 421.356177945
-4.482016 421.697305239
-4.47701333333 421.632330063
-4.47201066667 421.565520719
-4.467008 421.587571647
-4.46200533333 421.779590544
-4.45700266667 421.703365647
-4.452 421.986543481
-4.44699733333 421.989373657
-4.44199466667 421.980947987
-4.436992 421.824887133
-4.43198933333 421.903918608
-4.42698666667 421.966539014
-4.421984 422.060940898
-4.41698133333 422.136339823
-4.41197866667 422.278830751
-4.406976 422.279949656
-4.40197333333 422.486186737
-4.39697066667 422.497092586
-4.391968 422.358530729
-4.38696533333 422.420332992
-4.38196266667 422.290758444
-4.37696 422.175819857
-4.37195733333 422.221094741
-4.36695466667 422.276498623
-4.361952 422.282423315
-4.35694933333 422.214456286
-4.35194666667 422.24366734
-4.346944 422.015722425
-4.34194133333 422.058551181
-4.33693866667 421.958811626
-4.331936 421.992430915
-4.32693333333 421.918563654
-4.32193066667 421.788103276
-4.316928 421.595308828
-4.31192533333 421.518329115
-4.30692266667 421.367474041
-4.30192 421.329512944
-4.29691733333 421.281067294
-4.29191466667 421.175864003
-4.286912 421.152006558
-4.28190933333 421.137731138
-4.27690666667 421.003864261
-4.271904 421.032072755
-4.26690133333 420.989442563
-4.26189866667 420.967331936
-4.256896 420.8211279
-4.25189333333 420.875801081
-4.24689066667 420.8513317
-4.241888 421.057549304
-4.23688533333 420.897385097
-4.23188266667 420.987858914
-4.22688 421.055548814
-4.22187733333 421.316017792
-4.21687466667 421.338428485
-4.211872 421.307253168
-4.20686933333 421.344164831
-4.20186666667 421.459617293
-4.196864 421.491814017
-4.19186133333 421.577910277
-4.18685866667 421.587802238
-4.181856 421.707579299
-4.17685333333 421.693431315
-4.17185066667 421.804637604
-4.166848 421.87481722
-4.16184533333 421.94498325
-4.15684266667 421.800384477
-4.15184 421.805832431
-4.14683733333 421.892137592
-4.14183466667 422.006697893
-4.136832 422.071075664
-4.13182933333 422.13961663
-4.12682666667 422.18912455
-4.121824 422.353710609
-4.11682133333 422.276922643
-4.11181866667 422.336365619
-4.106816 422.331718312
-4.10181333333 422.363231174
-4.09681066667 422.477024807
-4.091808 422.547174888
-4.08680533333 422.603740206
-4.08180266667 421.782654087
-4.0768 420.893288909
-4.07179733333 420.865972597
-4.06679466667 420.866044827
-4.061792 421.112326728
-4.05678933333 420.773328697
-4.05178666667 420.833427011
-4.046784 420.909414141
-4.04178133333 420.876175473
-4.03677866667 420.833673995
-4.031776 420.926898635
-4.02677333333 420.912333538
-4.02177066667 421.047074756
-4.016768 421.073554612
-4.01176533333 421.007926968
-4.00676266667 421.001153634
-4.00176 420.91545766
-3.99675733333 420.942667533
-3.99175466667 420.872687693
-3.986752 420.802705122
-3.98174933333 420.975980048
-3.97674666667 420.850608509
-3.971744 420.889975579
-3.96674133333 420.951867769
-3.96173866667 421.025214645
-3.956736 420.816364415
-3.95173333333 420.945629609
-3.94673066667 420.925208639
-3.941728 421.03696076
-3.93672533333 420.915589372
-3.93172266667 420.998234318
-3.92672 420.983087156
-3.92171733333 421.092201066
-3.91671466667 421.084532997
-3.911712 421.12242108
-3.90670933333 421.085056723
-3.90170666667 421.221441367
-3.896704 421.216257587
-3.89170133333 421.212835774
-3.88669866667 421.342239049
-3.881696 421.318019548
-3.87669333333 421.310404675
-3.87169066667 421.403706585
-3.866688 421.41288892
-3.86168533333 421.483815441
-3.85668266667 421.428447454
-3.85168 421.630138075
-3.84667733333 421.468788168
-3.84167466667 421.586068489
-3.836672 421.466870741
-3.83166933333 421.594030753
-3.82666666667 421.518190884
-3.821664 421.584665205
-3.81666133333 421.400674513
-3.81165866667 421.618748546
-3.806656 421.730175765
-3.80165333333 421.84723598
-3.79665066667 421.835171453
-3.791648 421.912064728
-3.78664533333 421.920246338
-3.78164266667 422.008054637
-3.77664 419.608197798
-3.77163733333 418.786803907
-3.76663466667 421.259130515
-3.761632 422.192768693
-3.75662933333 422.217674889
-3.75162666667 422.274299484
-3.746624 422.340160506
-3.74162133333 422.719919691
-3.73661866667 422.559632783
-3.731616 422.749726769
-3.72661333333 422.63253255
-3.72161066667 422.6755707
-3.716608 422.786691139
-3.71160533333 422.860579183
-3.70660266667 422.810368838
-3.7016 422.909051396
-3.69659733333 422.846281982
-3.69159466667 422.941488941
-3.686592 422.977595919
-3.68158933333 423.172806057
-3.67658666667 423.197899463
-3.671584 423.352075522
-3.66658133333 423.517819859
-3.66157866667 423.552363132
-3.656576 423.501034779
-3.65157333333 423.604490255
-3.64657066667 423.79164329
-3.641568 424.04608098
-3.63656533333 424.052203823
-3.63156266667 424.192749567
-3.62656 424.193889067
-3.62155733333 424.326312551
-3.61655466667 424.229905325
-3.611552 424.260310893
-3.60654933333 424.290593013
-3.60154666667 424.318770317
-3.596544 424.464949227
-3.59154133333 424.694184728
-3.58653866667 424.829512508
-3.581536 424.712700393
-3.57653333333 424.760931706
-3.57153066667 424.685924379
-3.566528 424.664560878
-3.56152533333 425.110561815
-3.55652266667 424.943769615
-3.55152 425.000717791
-3.54651733333 424.893791229
-3.54151466667 425.050277482
-3.536512 425.02693868
-3.53150933333 425.399283169
-3.52650666667 425.487154766
-3.521504 425.56982907
-3.51650133333 425.722955312
-3.51149866667 425.85869352
-3.506496 425.853004025
-3.50149333333 426.15116914
-3.49649066667 426.084933293
-3.491488 426.176966079
-3.48648533333 426.156147262
-3.48148266667 426.304128453
-3.47648 426.131820618
-3.47147733333 426.161013805
-3.46647466667 426.136450663
-3.461472 424.768886092
-3.45646933333 421.498097379
-3.45146666667 420.365334782
-3.446464 419.65085939
-3.44146133333 419.547055214
-3.43645866667 419.290517121
-3.431456 419.315370702
-3.42645333333 418.48944857
-3.42145066667 417.421205013
-3.416448 416.362350629
-3.41144533333 416.441692985
-3.40644266667 416.284745165
-3.40144 416.112262306
-3.39643733333 415.765420356
-3.39143466667 415.073931809
-3.386432 413.391857766
-3.38142933333 412.17569693
-3.37642666667 411.15620573
-3.371424 410.707511023
-3.36642133333 410.772218174
-3.36141866667 410.880530175
-3.356416 410.783903458
-3.35141333333 410.892563771
-3.34641066667 410.997555285
-3.341408 411.15900451
-3.33640533333 411.422709437
-3.33140266667 412.563378898
-3.3264 412.915061009
-3.32139733333 413.468172428
-3.31639466667 413.699192768
-3.311392 414.040253698
-3.30638933333 414.107653936
-3.30138666667 414.313363796
-3.296384 414.164484239
-3.29138133333 414.493898894
-3.28637866667 414.648686451
-3.281376 414.712896728
-3.27637333333 414.636027299
-3.27137066667 414.823691131
-3.266368 414.690730698
-3.26136533333 414.745311964
-3.25636266667 414.677723972
-3.25136 414.794356895
-3.24635733333 414.666116364
-3.24135466667 414.820625411
-3.236352 414.678850658
-3.23134933333 414.770350246
-3.22634666667 414.760584024
-3.221344 414.826881777
-3.21634133333 414.628349783
-3.21133866667 414.706930808
-3.206336 414.675875052
-3.20133333333 414.667142378
-3.19633066667 414.523900623
-3.191328 414.430974048
-3.18632533333 414.278515015
-3.18132266667 414.10531536
-3.17632 413.902398155
-3.17131733333 413.835083762
-3.16631466667 413.794817875
-3.161312 413.80197093
-3.15630933333 413.845259371
-3.15130666667 414.264690423
-3.146304 415.345119827
-3.14130133333 417.910343684
-3.13629866667 421.270648778
-3.131296 425.779270902
-3.12629333333 428.845503983
-3.12129066667 429.051746727
-3.116288 428.920683626
-3.11128533333 428.987353535
-3.10628266667 428.865952722
-3.10128 428.927812461
-3.09627733333 428.728287199
-3.09127466667 428.788877008
-3.086272 428.656353604
-3.08126933333 428.689033464
-3.07626666667 428.586766327
-3.071264 428.738054729
-3.06626133333 428.672559646
-3.06125866667 428.713792569
-3.056256 428.565507818
-3.05125333333 428.63118082
-3.04625066667 428.440203722
-3.041248 428.42796034
-3.03624533333 428.239125004
-3.03124266667 428.360507002
-3.02624 428.327068578
-3.02123733333 428.273108103
-3.01623466667 428.184130336
-3.011232 428.281846391
-3.00622933333 428.094087723
-3.00122666667 428.223233243
-2.996224 428.029145901
-2.99122133333 428.08818744
-2.98621866667 428.050329619
-2.981216 428.038329552
-2.97621333333 427.82283772
-2.97121066667 427.94500136
-2.966208 427.903404602
-2.96120533333 427.936744736
-2.95620266667 427.926770576
-2.9512 428.059410421
-2.94619733333 427.985823961
-2.94119466667 428.022156905
-2.936192 427.914996316
-2.93118933333 427.877820601
-2.92618666667 427.827929342
-2.921184 427.944475378
-2.91618133333 427.811377075
-2.91117866667 427.895713052
-2.906176 427.765310512
-2.90117333333 427.924481695
-2.89617066667 427.764803042
-2.891168 427.78408986
-2.88616533333 427.749646431
-2.88116266667 427.804079624
-2.87616 427.541948007
-2.87115733333 427.687958253
-2.86615466667 427.558513853
-2.861152 427.691619448
-2.85614933333 427.577706284
-2.85114666667 427.524533268
-2.846144 427.526997736
-2.84114133333 427.557291586
-2.83613866667 427.392032866
-2.831136 427.511859573
-2.82613333333 427.39082884
-2.82113066667 427.523291322
-2.816128 427.383605098
-2.81112533333 427.442660298
-2.80612266667 427.375667983
-2.80112 427.543280631
-2.79611733333 427.354713697
-2.79111466667 427.415311151
-2.786112 427.308715266
-2.78110933333 427.374341242
-2.77610666667 427.149704876
-2.771104 427.402298564
-2.76610133333 427.371368064
-2.76109866667 427.403708593
-2.756096 427.341055637
-2.75109333333 427.530831209
-2.74609066667 427.503946612
-2.741088 427.635594933
-2.73608533333 427.444428138
-2.73108266667 427.483018174
-2.72608 427.380419426
-2.72107733333 427.389198558
-2.71607466667 427.201528846
-2.711072 427.311711445
-2.70606933333 427.240283627
-2.70106666667 427.385341423
-2.696064 427.23513418
-2.69106133333 427.210238484
-2.68605866667 427.166900587
-2.681056 427.178691432
-2.67605333333 426.999678533
-2.67105066667 427.089970514
-2.666048 427.047225523
-2.66104533333 427.152208991
-2.65604266667 426.899500108
-2.65104 427.008996389
-2.64603733333 426.839605393
-2.64103466667 426.895408167
-2.636032 426.744278005
-2.63102933333 426.743049903
-2.62602666667 426.675292893
-2.621024 426.674196524
-2.61602133333 426.54537998
-2.61101866667 426.582200756
-2.606016 426.478627281
-2.60101333333 426.558715618
-2.59601066667 426.28156836
-2.591008 426.327966409
-2.58600533333 426.168132953
-2.58100266667 426.25150319
-2.576 426.106937892
-2.57099733333 426.155450847
-2.56599466667 425.932140053
-2.560992 426.072321116
-2.55598933333 425.98082865
-2.55098666667 426.017992491
-2.545984 425.899526606
-2.54098133333 425.930952273
-2.53597866667 425.826312707
-2.530976 425.787748761
-2.52597333333 425.616013021
-2.52097066667 425.647039831
-2.515968 425.409300938
-2.51096533333 425.468100402
-2.50596266667 425.29560686
-2.50096 425.25989222
-2.49595733333 425.079552643
-2.49095466667 425.142911419
-2.485952 424.9902504
-2.48094933333 425.131357074
-2.47594666667 424.989604879
-2.470944 425.0989862
-2.46594133333 424.961180583
-2.46093866667 425.067557204
-2.455936 424.865161437
-2.45093333333 424.925879298
-2.44593066667 424.80510417
-2.440928 424.842737169
-2.43592533333 424.733792009
-2.43092266667 424.881672204
-2.42592 424.677978699
-2.42091733333 424.715690602
-2.41591466667 424.673017306
-2.410912 424.784059494
-2.40590933333 424.719708392
-2.40090666667 424.68290363
-2.395904 424.576470601
-2.39090133333 424.636860725
-2.38589866667 424.59799915
-2.380896 424.808555554
-2.37589333333 424.676006099
-2.37089066667 424.736016781
-2.365888 424.577187999
-2.36088533333 424.63553518
-2.35588266667 424.55157805
-2.35088 424.707278815
-2.34587733333 424.526444017
-2.34087466667 424.661949901
-2.335872 424.445306623
-2.33086933333 424.477270582
-2.32586666667 424.392971774
-2.320864 424.529280111
-2.31586133333 424.441111982
-2.31085866667 424.592328249
-2.305856 424.503723853
-2.30085333333 424.59960822
-2.29585066667 424.44003966
-2.290848 424.554175698
-2.28584533333 424.502716818
-2.28084266667 424.747649797
-2.27584 424.562762134
-2.27083733333 424.699236785
-2.26583466667 424.591202003
-2.260832 424.744931706
-2.25582933333 424.682065607
-2.25082666667 424.676018799
-2.245824 424.549130153
-2.24082133333 424.711027277
-2.23581866667 424.489625132
-2.230816 424.576213399
-2.22581333333 424.471559319
-2.22081066667 424.574308814
-2.215808 424.359559078
-2.21080533333 424.534000998
-2.20580266667 424.321314948
-2.2008 424.393252222
-2.19579733333 424.166037575
-2.19079466667 424.265881362
-2.185792 424.147471014
-2.18078933333 424.217162217
-2.17578666667 424.082059202
-2.170784 424.142792379
-2.16578133333 424.149948681
-2.16077866667 424.145842751
-2.155776 424.015305851
-2.15077333333 424.17703544
-2.14577066667 424.074009268
-2.140768 424.12955027
-2.13576533333 423.95755558
-2.13076266667 424.113443667
-2.12576 424.051530259
-2.12075733333 424.100976301
-2.11575466667 423.990295341
-2.110752 424.079558633
-2.10574933333 423.90879697
-2.10074666667 423.957388171
-2.095744 423.882216853
-2.09074133333 423.95316285
-2.08573866667 423.830004047
-2.080736 423.937262497
-2.07573333333 423.834634219
-2.07073066667 423.910551844
-2.065728 423.804471109
-2.06072533333 423.880663566
-2.05572266667 423.775906103
-2.05072 423.877728084
-2.04571733333 423.825972265
-2.04071466667 423.950470772
-2.035712 423.789411972
-2.03070933333 423.906864157
-2.02570666667 423.829397691
-2.020704 424.01731077
-2.01570133333 423.822471393
-2.01069866667 423.955441615
-2.005696 423.837902453
-2.00069333333 424.009110503
-1.99569066667 423.788233041
-1.990688 423.879815481
-1.98568533333 423.795842833
-1.98068266667 423.863382145
-1.97568 423.795781194
-1.97067733333 423.857297473
-1.96567466667 423.828373837
-1.960672 423.891298023
-1.95566933333 423.75953077
-1.95066666667 423.911090189
-1.945664 423.786007697
-1.94066133333 423.865688088
-1.93565866667 423.787261299
-1.930656 423.880772257
-1.92565333333 423.808897254
-1.92065066667 424.018698302
-1.915648 423.881371856
-1.91064533333 424.135617422
-1.90564266667 424.018334998
-1.90064 424.257604645
-1.89563733333 424.039260729
-1.89063466667 424.184274714
-1.885632 424.177490257
-1.88062933333 424.129779012
-1.87562666667 424.007190148
-1.870624 424.237318321
-1.86562133333 424.142686514
-1.86061866667 424.178711558
-1.855616 424.013034639
-1.85061333333 424.022630758
-1.84561066667 423.965395955
-1.840608 424.101451532
-1.83560533333 424.000214229
-1.83060266667 424.125943219
-1.8256 424.096086498
-1.82059733333 424.116300285
-1.81559466667 423.980671729
-1.810592 424.193270241
-1.80558933333 424.074738729
-1.80058666667 424.256595963
-1.795584 423.963153494
-1.79058133333 424.062724833
-1.78557866667 423.967300684
-1.780576 423.916895838
-1.77557333333 423.766222803
-1.77057066667 423.720928425
-1.765568 423.544609765
-1.76056533333 423.598854642
-1.75556266667 423.467020442
-1.75056 423.610705224
-1.74555733333 423.450106431
-1.74055466667 423.579450203
-1.735552 423.424240756
-1.73054933333 423.445486608
-1.72554666667 423.458391098
-1.720544 423.592725073
-1.71554133333 423.474594812
-1.71053866667 423.593464439
-1.705536 423.462117305
-1.70053333333 423.624649516
-1.69553066667 423.381075234
-1.690528 423.500830094
-1.68552533333 423.391174518
-1.68052266667 423.543172444
-1.67552 423.28551765
-1.67051733333 423.463066704
-1.66551466667 423.381675867
-1.660512 423.605974141
-1.65550933333 423.335857797
-1.65050666667 423.37265032
-1.645504 423.205692742
-1.64050133333 423.351887582
-1.63549866667 423.247963362
-1.630496 423.275884131
-1.62549333333 423.109828484
-1.62049066667 423.32192473
-1.615488 423.450340244
-1.61048533333 423.581457785
-1.60548266667 423.319759596
-1.60048 423.503439035
-1.59547733333 423.329951582
-1.59047466667 423.494820304
-1.585472 423.175984373
-1.58046933333 423.137733487
-1.57546666667 422.971214747
-1.570464 422.803128987
-1.56546133333 422.698949587
-1.56045866667 422.87998277
-1.555456 422.771556886
-1.55045333333 422.760761158
-1.54545066667 422.673766863
-1.540448 422.713553007
-1.53544533333 422.317715861
-1.53044266667 422.233386683
-1.52544 422.202185668
-1.52043733333 422.008219521
-1.51543466667 422.010461209
-1.510432 422.155668226
-1.50542933333 422.077774659
-1.50042666667 422.167396341
-1.495424 421.812498335
-1.49042133333 421.989367209
-1.48541866667 421.870528034
-1.480416 421.90463848
-1.47541333333 421.787198286
-1.47041066667 421.723247464
-1.465408 421.626567017
-1.46040533333 421.641493232
-1.45540266667 421.349617266
-1.4504 421.515318547
-1.44539733333 421.408918062
-1.44039466667 421.682764174
-1.435392 421.593344534
-1.43038933333 421.622223327
-1.42538666667 421.517629921
-1.420384 421.628204545
-1.41538133333 421.46956259
-1.41037866667 421.563577877
-1.405376 421.337889387
-1.40037333333 421.484223777
-1.39537066667 421.428610343
-1.390368 421.686710785
-1.38536533333 421.643359669
-1.38036266667 421.566610092
-1.37536 421.345840197
-1.37035733333 421.271014143
-1.36535466667 420.382059671
-1.360352 420.296963697
-1.35534933333 420.480060254
-1.35034666667 421.098114573
-1.345344 421.034850377
-1.34034133333 421.172947493
-1.33533866667 420.953036213
-1.330336 421.219927881
-1.32533333333 421.436280827
-1.32033066667 421.612905915
-1.315328 421.516645372
-1.31032533333 421.485903414
-1.30532266667 421.385902026
-1.30032 421.438891246
-1.29531733333 421.19708274
-1.29031466667 421.525480864
-1.285312 421.370452072
-1.28030933333 421.337619283
-1.27530666667 420.985211528
-1.270304 421.32779237
-1.26530133333 421.406778984
-1.26029866667 421.518692213
-1.255296 421.3507773
-1.25029333333 421.692029684
-1.24529066667 421.790045257
-1.240288 421.891397358
-1.23528533333 421.792355492
-1.23028266667 422.124836379
-1.22528 422.729558515
-1.22027733333 423.836462857
-1.21527466667 424.020817695
-1.210272 424.064789764
-1.20526933333 424.073079544
-1.20026666667 424.334412928
-1.195264 424.16953289
-1.19026133333 424.315390329
-1.18525866667 424.30191061
-1.180256 424.594364435
-1.17525333333 424.480385647
-1.17025066667 424.768690822
-1.165248 424.682967698
-1.16024533333 424.70968896
-1.15524266667 424.630687122
-1.15024 424.845830697
-1.14523733333 424.800279733
-1.14023466667 424.855214853
-1.135232 424.698354212
-1.13022933333 424.883355953
-1.12522666667 424.854314887
-1.120224 424.988513885
-1.11522133333 424.832947211
-1.11021866667 424.8942725
-1.105216 424.772595491
-1.10021333333 424.546649229
-1.09521066667 423.304539576
-1.090208 422.036503402
-1.08520533333 421.261218695
-1.08020266667 418.867966275
-1.0752 414.384278555
-1.07019733333 412.100763846
-1.06519466667 411.927635482
-1.060192 417.102235226
-1.05518933333 422.488256527
-1.05018666667 422.748059008
-1.045184 421.688153611
-1.04018133333 419.583606603
-1.03517866667 418.23183249
-1.030176 418.069639163
-1.02517333333 417.790324545
-1.02017066667 417.210656651
-1.015168 417.358611025
-1.01016533333 417.835869193
-1.00516266667 417.593629594
-1.00016 417.367816181
-0.995157333333 417.102856541
-0.990154666667 417.156111958
-0.985152 417.07774067
-0.980149333333 417.175748637
-0.975146666667 416.790318907
-0.970144 416.726416156
-0.965141333333 416.534929138
-0.960138666667 416.616593131
-0.955136 416.437688288
-0.950133333333 416.543159197
-0.945130666667 416.405264535
-0.940128 416.499085331
-0.935125333333 416.195627508
-0.930122666667 416.308771372
-0.92512 416.33742837
-0.920117333333 416.686654199
-0.915114666667 416.769430011
-0.910112 416.874393037
-0.905109333333 416.808817384
-0.900106666667 416.983646556
-0.895104 417.055471764
-0.890101333333 417.455187102
-0.885098666667 417.773203148
-0.880096 417.929698585
-0.875093333333 418.074272403
-0.870090666667 418.197344442
-0.865088 418.502405479
-0.860085333333 418.800707714
-0.855082666667 419.013614654
-0.85008 419.269707401
-0.845077333333 419.389550172
-0.840074666667 419.923768275
-0.835072 419.984219636
-0.830069333333 420.099234647
-0.825066666667 419.931731799
-0.820064 420.17832808
-0.815061333333 419.891419964
-0.810058666667 419.452793016
-0.805056 418.088735419
-0.800053333333 416.519607845
-0.795050666667 414.111426746
-0.790048 412.871914249
-0.785045333333 412.252936101
-0.780042666667 412.165896721
-0.77504 411.991288011
-0.770037333333 411.897462271
-0.765034666667 411.624193762
-0.760032 411.5365265
-0.755029333333 411.095683711
-0.750026666667 411.03171204
-0.745024 410.670589916
-0.740021333333 410.549814266
-0.735018666667 410.478673089
-0.730016 410.541907419
-0.725013333333 410.371085753
-0.720010666667 410.543022547
-0.715008 410.379615038
-0.710005333333 410.479351647
-0.705002666667 410.276384485
-0.7 410.492135701
-0.694997333333 410.819014453
-0.689994666667 412.452492215
-0.684992 415.283303701
-0.679989333333 419.047349111
-0.674986666667 420.313377674
-0.669984 420.591511999
-0.664981333333 420.361650313
-0.659978666667 420.444204668
-0.654976 420.279939626
-0.649973333333 420.551621221
-0.644970666667 420.33653321
-0.639968 420.367077937
-0.634965333333 420.181164576
-0.629962666667 420.249255957
-0.62496 420.050900187
-0.619957333333 420.107047795
-0.614954666667 420.145507783
-0.609952 420.073029803
-0.604949333333 419.816113146
-0.599946666667 419.896061248
-0.594944 419.901391149
-0.589941333333 419.969177786
-0.584938666667 419.643812444
-0.579936 419.719324196
-0.574933333333 419.594542097
-0.569930666667 419.475136044
-0.564928 419.303237785
-0.559925333333 419.376375179
-0.554922666667 419.006677354
-0.54992 419.210482154
-0.544917333333 419.059635525
-0.539914666667 419.12528942
-0.534912 419.227633337
-0.529909333333 419.092245475
-0.524906666667 419.226452318
-0.519904 419.374264083
-0.514901333333 419.163097262
-0.509898666667 419.206739298
-0.504896 419.299679165
-0.499893333333 419.372554636
-0.494890666667 419.215606276
-0.489888 419.32636588
-0.484885333333 419.23478863
-0.479882666667 419.307021739
-0.47488 419.042522023
-0.469877333333 419.100066524
-0.464874666667 418.979924159
-0.459872 419.012205117
-0.454869333333 418.924584958
-0.449866666667 419.061187487
-0.444864 418.94096868
-0.439861333333 419.099720845
-0.434858666667 418.994458542
-0.429856 419.057211744
-0.424853333333 418.906997568
-0.419850666667 419.089502772
-0.414848 418.921503998
-0.409845333333 419.058492884
-0.404842666667 418.966444187
-0.39984 419.034719473
-0.394837333333 418.720153477
-0.389834666667 418.909684054
-0.384832 418.953226044
-0.379829333333 419.260045875
-0.374826666667 419.159363017
-0.369824 419.269634445
-0.364821333333 418.792038804
-0.359818666667 418.940690258
-0.354816 418.804133369
-0.349813333333 418.872786857
-0.344810666667 418.590546934
-0.339808 418.914007799
-0.334805333333 418.927005548
-0.329802666667 419.048833715
-0.3248 418.810329555
-0.319797333333 418.93302982
-0.314794666667 418.894053732
-0.309792 419.064377953
-0.304789333333 418.855012362
-0.299786666667 419.001591939
-0.294784 418.87693998
-0.289781333333 418.785362535
-0.284778666667 418.705795749
-0.279776 418.758434555
-0.274773333333 418.668645874
-0.269770666667 418.71725825
-0.264768 418.623801843
-0.259765333333 418.736433511
-0.254762666667 418.638543978
-0.24976 418.640784025
-0.244757333333 418.494950509
-0.239754666667 418.531234245
-0.234752 418.483669535
-0.229749333333 418.387004857
-0.224746666667 418.346108227
-0.219744 418.440438574
-0.214741333333 418.244754882
-0.209738666667 418.517335984
-0.204736 418.421641664
-0.199733333333 418.5155206
-0.194730666667 418.304118078
-0.189728 418.467928813
-0.184725333333 418.404637562
-0.179722666667 418.497275081
-0.17472 418.307955849
-0.169717333333 418.501119185
-0.164714666667 418.382395576
-0.159712 418.553403916
-0.154709333333 418.413411329
-0.149706666667 418.578869711
-0.144704 418.441415156
-0.139701333333 418.540554444
-0.134698666667 418.339491881
-0.129696 418.525859648
-0.124693333333 418.438462591
-0.119690666667 418.584831387
-0.114688 418.413248595
-0.109685333333 418.37428211
-0.104682666667 418.238004421
-0.09968 418.405560943
-0.0946773333333 418.210268335
-0.0896746666667 418.222747413
-0.084672 418.09765984
-0.0796693333333 418.209362531
-0.0746666666667 418.148793946
-0.069664 418.250600375
-0.0646613333333 418.194885989
-0.0596586666667 418.109847938
-0.054656 418.102815898
-0.0496533333333 418.072647894
-0.0446506666667 418.03089832
-0.039648 418.169651122
-0.0346453333333 418.156120504
-0.0296426666667 418.096313795
-0.02464 417.977803706
-0.0196373333333 418.088590033
-0.0146346666667 418.04584089
-0.009632 418.168750838
-0.00462933333333 417.890745858
