-9.99995733333 338.8094681
-9.99495466667 338.64102842
-9.989952 338.707021889
-9.98494933333 338.583696638
-9.97994666667 338.762474501
-9.974944 338.725465633
-9.96994133333 338.833309994
-9.96493866667 338.889899644
-9.959936 339.014761186
-9.95493333333 338.948531796
-9.94993066667 339.066903934
-9.944928 338.942272538
-9.93992533333 339.108405339
-9.93492266667 339.121949759
-9.92992 339.173498558
-9.92491733333 339.083443089
-9.91991466667 339.124631168
-9.914912 339.057445745
-9.90990933333 339.116433017
-9.90490666667 339.008287173
-9.899904 339.190589786
-9.89490133333 339.174569561
-9.88989866667 339.297646243
-9.884896 339.119590158
-9.87989333333 339.304464328
-9.87489066667 339.179383079
-9.869888 339.204567783
-9.86488533333 339.133275232
-9.85988266667 339.202436494
-9.85488 339.216028512
-9.84987733333 339.269489304
-9.84487466667 339.236165465
-9.839872 339.294908316
-9.83486933333 339.212904108
-9.82986666667 339.313659998
-9.824864 339.192897575
-9.81986133333 339.225815626
-9.81485866667 339.214006247
-9.809856 339.250944394
-9.80485333333 339.275578449
-9.79985066667 339.349622688
-9.794848 339.28079979
-9.78984533333 339.335565676
-9.78484266667 339.248341122
-9.77984 339.353864671
-9.77483733333 339.333701409
-9.76983466667 339.374391725
-9.764832 339.300764257
-9.75982933333 339.345240469
-9.75482666667 339.351438477
-9.749824 339.429042896
-9.74482133333 339.47474111
-9.73981866667 339.653645728
-9.734816 339.665286857
-9.72981333333 339.75493838
-9.72481066667 339.697252613
-9.719808 339.807320577
-9.71480533333 339.760174329
-9.70980266667 339.882574675
-9.7048 339.877694316
-9.69979733333 340.139767622
-9.69479466667 340.135722431
-9.689792 340.140262479
-9.68478933333 340.089496357
-9.67978666667 340.223409039
-9.674784 340.168144755
-9.66978133333 340.245553583
-9.66477866667 340.139502211
-9.659776 340.169677865
-9.65477333333 340.190127994
-9.64977066667 340.204301454
-9.644768 340.166964977
-9.63976533333 340.215092648
-9.63476266667 340.164273323
-9.62976 340.162069301
-9.62475733333 339.999940034
-9.61975466667 340.103541958
-9.614752 339.949196528
-9.60974933333 339.947952395
-9.60474666667 339.893022714
-9.599744 339.857570525
-9.59474133333 339.960810556
-9.58973866667 340.149263048
-9.584736 339.963958529
-9.57973333333 339.951539595
-9.57473066667 339.869642777
-9.569728 339.832202851
-9.56472533333 339.723271942
-9.55972266667 339.741509561
-9.55472 339.586454044
-9.54971733333 339.646385268
-9.54471466667 339.495020702
-9.539712 339.56897805
-9.53470933333 339.487546637
-9.52970666667 339.527915604
-9.524704 339.503919555
-9.51970133333 339.550244081
-9.51469866667 339.457493068
-9.509696 339.516734352
-9.50469333333 339.405826533
-9.49969066667 339.419064062
-9.494688 339.314059318
-9.48968533333 339.397248926
-9.48468266667 339.303587224
-9.47968 339.428487498
-9.47467733333 339.365144193
-9.46967466667 339.375514641
-9.464672 339.232616814
-9.45966933333 339.42114802
-9.45466666667 339.331842153
-9.449664 339.410507804
-9.44466133333 339.308266947
-9.43965866667 339.365026637
-9.434656 339.22061335
-9.42965333333 339.264849411
-9.42465066667 339.182173795
-9.419648 339.282188822
-9.41464533333 339.261695776
-9.40964266667 339.305463664
-9.40464 339.182052405
-9.39963733333 339.281509511
-9.39463466667 339.237359358
-9.389632 339.325530943
-9.38462933333 339.231746646
-9.37962666667 339.228047409
-9.374624 339.182377762
-9.36962133333 339.219834916
-9.36461866667 339.098616271
-9.359616 339.253940864
-9.35461333333 339.243432489
-9.34961066667 339.26389654
-9.344608 339.161436249
-9.33960533333 339.233338502
-9.33460266667 339.145511948
-9.3296 339.21012818
-9.32459733333 339.13999045
-9.31959466667 339.169495022
-9.314592 339.094809627
-9.30958933333 339.12523399
-9.30458666667 339.068831201
-9.299584 339.138746398
-9.29458133333 339.102318023
-9.28957866667 339.177792371
-9.284576 339.114069919
-9.27957333333 339.118716223
-9.27457066667 338.999429938
-9.269568 339.032171748
-9.26456533333 339.013078044
-9.25956266667 339.05774261
-9.25456 338.983656877
-9.24955733333 339.051836845
-9.24455466667 338.975821974
-9.239552 339.066943546
-9.23454933333 338.96545992
-9.22954666667 338.999698851
-9.224544 338.939339905
-9.21954133333 338.963869122
-9.21453866667 338.972114727
-9.209536 338.987601911
-9.20453333333 338.944062348
-9.19953066667 338.932480784
-9.194528 338.816683154
-9.18952533333 338.855353115
-9.18452266667 338.778290076
-9.17952 338.722345691
-9.17451733333 338.645395594
-9.16951466667 338.817539052
-9.164512 338.73190008
-9.15950933333 338.850239765
-9.15450666667 338.756096086
-9.149504 338.750008869
-9.14450133333 338.717554755
-9.13949866667 338.812959683
-9.134496 338.659707816
-9.12949333333 338.656061536
-9.12449066667 338.699359892
-9.119488 338.770281623
-9.11448533333 338.639111898
-9.10948266667 338.702288748
-9.10448 338.666443048
-9.09947733333 338.664995386
-9.09447466667 338.500152204
-9.089472 338.586261923
-9.08446933333 338.555280165
-9.07946666667 338.663094978
-9.074464 338.609673787
-9.06946133333 338.692631467
-9.06445866667 338.696217323
-9.059456 338.599146321
-9.05445333333 338.504284215
-9.04945066667 338.507619298
-9.044448 338.370527428
-9.03944533333 338.393820506
-9.03444266667 338.361210159
-9.02944 338.294598718
-9.02443733333 338.209721555
-9.01943466667 338.205380592
-9.014432 338.092419844
-9.00942933333 338.183096527
-9.00442666667 338.21995961
-8.999424 338.151480145
-8.99442133333 338.091204949
-8.98941866667 338.082156854
-8.984416 337.833626206
-8.97941333333 337.821213898
-8.97441066667 337.787684502
-8.969408 337.827583514
-8.96440533333 337.703636042
-8.95940266667 337.677294525
-8.9544 337.566222805
-8.94939733333 337.507959486
-8.94439466667 337.185012087
-8.939392 337.019211494
-8.93438933333 336.637444362
-8.92938666667 336.668045843
-8.924384 336.580925908
-8.91938133333 336.901999512
-8.91437866667 336.935301029
-8.909376 336.937037703
-8.90437333333 336.893594152
-8.89937066667 336.951871247
-8.894368 336.90828767
-8.88936533333 336.975049358
-8.88436266667 336.920847785
-8.87936 336.972557125
-8.87435733333 336.854218308
-8.86935466667 336.661731308
-8.864352 336.147282939
-8.85934933333 336.084937771
-8.85434666667 335.932170891
-8.849344 335.959488137
-8.84434133333 335.913398069
-8.83933866667 335.969022011
-8.834336 335.931591047
-8.82933333333 335.93238057
-8.82433066667 335.875978772
-8.819328 336.135648774
-8.81432533333 336.273058838
-8.80932266667 336.623674494
-8.80432 336.452797735
-8.79931733333 335.92911325
-8.79431466667 335.829632272
-8.789312 335.865246765
-8.78430933333 335.418736596
-8.77930666667 335.173768561
-8.774304 334.700491534
-8.76930133333 334.339216985
-8.76429866667 334.126322107
-8.759296 334.170016158
-8.75429333333 334.501618914
-8.74929066667 335.563914188
-8.744288 335.903312776
-8.73928533333 336.789339929
-8.73428266667 337.626650416
-8.72928 337.798570245
-8.72427733333 337.861843798
-8.71927466667 338.028532901
-8.714272 337.999973079
-8.70926933333 338.155926554
-8.70426666667 338.102450876
-8.699264 338.126938229
-8.69426133333 338.180270524
-8.68925866667 338.20266984
-8.684256 338.350366095
-8.67925333333 338.475375652
-8.67425066667 338.50947912
-8.669248 338.569372312
-8.66424533333 338.473562032
-8.65924266667 338.643107857
-8.65424 338.62031032
-8.64923733333 338.678002346
-8.64423466667 338.542426792
-8.639232 338.577254159
-8.63422933333 338.505354642
-8.62922666667 338.534982191
-8.624224 338.464063163
-8.61922133333 338.582552226
-8.61421866667 338.519446071
-8.609216 338.545325319
-8.60421333333 338.450103659
-8.59921066667 338.540391501
-8.594208 338.433948749
-8.58920533333 338.430183767
-8.58420266667 338.284737557
-8.5792 338.281863222
-8.57419733333 338.178321475
-8.56919466667 338.186711443
-8.564192 338.121882303
-8.55918933333 338.230685412
-8.55418666667 338.129997556
-8.549184 338.103414795
-8.54418133333 338.085836038
-8.53917866667 338.123511099
-8.534176 338.000631212
-8.52917333333 338.016873486
-8.52417066667 337.883593698
-8.519168 337.91211629
-8.51416533333 337.830715064
-8.50916266667 337.858275135
-8.50416 337.758105846
-8.49915733333 337.766038959
-8.49415466667 337.706657124
-8.489152 337.677170772
-8.48414933333 337.582714783
-8.47914666667 337.579807335
-8.474144 337.498128912
-8.46914133333 337.455942412
-8.46413866667 337.35454232
-8.459136 337.383599099
-8.45413333333 337.292954246
-8.44913066667 337.238873617
-8.444128 337.098298711
-8.43912533333 337.124157936
-8.43412266667 337.013122144
-8.42912 336.9130572
-8.42411733333 336.75896097
-8.41911466667 336.841621391
-8.414112 336.791937096
-8.40910933333 336.767021944
-8.40410666667 336.65449054
-8.399104 336.689394559
-8.39410133333 336.582104071
-8.38909866667 336.608402238
-8.384096 336.515073633
-8.37909333333 336.64848515
-8.37409066667 336.615967306
-8.369088 336.678145377
-8.36408533333 336.603116153
-8.35908266667 336.63229667
-8.35408 336.582215523
-8.34907733333 336.600248499
-8.34407466667 336.506664506
-8.339072 336.509995109
-8.33406933333 336.445201586
-8.32906666667 336.503910374
-8.324064 336.340744176
-8.31906133333 336.306816753
-8.31405866667 336.380867693
-8.309056 336.382153961
-8.30405333333 336.294046144
-8.29905066667 336.382144302
-8.294048 336.347252879
-8.28904533333 336.451149316
-8.28404266667 336.334516712
-8.27904 336.483695762
-8.27403733333 336.417835763
-8.26903466667 336.539074813
-8.264032 336.399152685
-8.25902933333 336.520184703
-8.25402666667 336.502660431
-8.249024 336.540436251
-8.24402133333 336.463551399
-8.23901866667 336.508293124
-8.234016 336.498651734
-8.22901333333 336.537021394
-8.22401066667 336.439502866
-8.219008 336.50184993
-8.21400533333 336.42803033
-8.20900266667 336.463461855
-8.204 336.451133622
-8.19899733333 336.485802997
-8.19399466667 336.506764574
-8.188992 336.643731777
-8.18398933333 336.662630837
-8.17898666667 336.852971632
-8.173984 336.859029709
-8.16898133333 336.937320832
-8.16397866667 336.901552303
-8.158976 336.995048303
-8.15397333333 337.007338024
-8.14897066667 337.145103434
-8.143968 337.049086622
-8.13896533333 337.021456427
-8.13396266667 337.023931596
-8.12896 337.074481407
-8.12395733333 337.074254178
-8.11895466667 337.192912987
-8.113952 337.108571296
-8.10894933333 337.216227371
-8.10394666667 337.320178165
-8.098944 337.475813727
-8.09394133333 337.444015759
-8.08893866667 337.560408986
-8.083936 337.55730557
-8.07893333333 337.697204875
-8.07393066667 337.828135105
-8.068928 338.02417276
-8.06392533333 338.282603434
-8.05892266667 338.498566396
-8.05392 338.648507329
-8.04891733333 338.831670609
-8.04391466667 338.917302336
-8.038912 339.152123973
-8.03390933333 339.32184975
-8.02890666667 339.520380987
-8.023904 339.669312549
-8.01890133333 339.882942001
-8.01389866667 340.003033416
-8.008896 340.28910884
-8.00389333333 340.267368273
-7.99889066667 340.338804734
-7.993888 340.408096713
-7.98888533333 340.498747876
-7.98388266667 340.627157189
-7.97888 340.746046979
-7.97387733333 340.892437471
-7.96887466667 340.870965577
-7.963872 340.822027842
-7.95886933333 340.859152779
-7.95386666667 340.903352938
-7.948864 340.987777302
-7.94386133333 340.953113228
-7.93885866667 341.025868257
-7.933856 341.038960644
-7.92885333333 341.108398346
-7.92385066667 341.147609963
-7.918848 341.302627762
-7.91384533333 341.277533702
-7.90884266667 341.343064529
-7.90384 341.282748808
-7.89883733333 341.311383258
-7.89383466667 341.165793732
-7.888832 341.288358829
-7.88382933333 341.201779989
-7.87882666667 341.22204389
-7.873824 341.218552182
-7.86882133333 341.190348411
-7.86381866667 341.140597416
-7.858816 341.131950425
-7.85381333333 341.011355183
-7.84881066667 341.011786292
-7.843808 340.910792477
-7.83880533333 340.953634164
-7.83380266667 340.871683278
-7.8288 340.955775242
-7.82379733333 340.811141471
-7.81879466667 340.895347348
-7.813792 340.797578282
-7.80878933333 340.841190542
-7.80378666667 340.686406488
-7.798784 340.732190845
-7.79378133333 340.706519693
-7.78877866667 340.789158466
-7.783776 340.713525371
-7.77877333333 340.72982612
-7.77377066667 340.789991268
-7.768768 340.822520258
-7.76376533333 340.79326319
-7.75876266667 340.777062042
-7.75376 340.701259118
-7.74875733333 340.744867745
-7.74375466667 340.652501489
-7.738752 340.724288213
-7.73374933333 340.74036837
-7.72874666667 340.77282559
-7.723744 340.697713478
-7.71874133333 340.75915111
-7.71373866667 340.668521581
-7.708736 340.707622787
-7.70373333333 340.753984247
-7.69873066667 340.759844645
-7.693728 340.639584922
-7.68872533333 340.635283312
-7.68372266667 340.608259481
-7.67872 340.720688804
-7.67371733333 340.805728618
-7.66871466667 340.95889555
-7.663712 340.928333747
-7.65870933333 340.927579007
-7.65370666667 340.861601573
-7.648704 340.890231771
-7.64370133333 340.81531667
-7.63869866667 340.896215892
-7.633696 340.857762289
-7.62869333333 340.841691299
-7.62369066667 340.82820933
-7.618688 340.888732462
-7.61368533333 340.82104466
-7.60868266667 340.841543206
-7.60368 340.727636305
-7.59867733333 340.800038274
-7.59367466667 340.811622658
-7.588672 340.881013433
-7.58366933333 340.85884756
-7.57866666667 340.858367114
-7.573664 340.903735791
-7.56866133333 340.906809928
-7.56365866667 340.881292968
-7.558656 340.996996433
-7.55365333333 340.921213502
-7.54865066667 340.978204619
-7.543648 340.904582466
-7.53864533333 340.919468434
-7.53364266667 340.813200181
-7.52864 340.808770189
-7.52363733333 340.771377211
-7.51863466667 340.743302965
-7.513632 340.671437545
-7.50862933333 340.711377443
-7.50362666667 340.652184522
-7.498624 340.590440205
-7.49362133333 340.474949763
-7.48861866667 340.546113063
-7.483616 340.478350175
-7.47861333333 340.450108288
-7.47361066667 340.396381782
-7.468608 340.17213175
-7.46360533333 340.030387162
-7.45860266667 340.023699273
-7.4536 339.865786452
-7.44859733333 339.771923304
-7.44359466667 339.637379927
-7.438592 339.590794126
-7.43358933333 339.549687538
-7.42858666667 339.54995861
-7.423584 339.418879667
-7.41858133333 339.455282831
-7.41357866667 339.347807222
-7.408576 339.330715313
-7.40357333333 339.309646598
-7.39857066667 339.277466638
-7.393568 339.148936688
-7.38856533333 339.210945897
-7.38356266667 339.122926445
-7.37856 339.182297467
-7.37355733333 339.118906684
-7.36855466667 339.175195984
-7.363552 339.123291245
-7.35854933333 339.175800953
-7.35354666667 339.113638473
-7.348544 339.17049002
-7.34354133333 339.02964143
-7.33853866667 339.070896439
-7.333536 338.977416306
-7.32853333333 338.99862391
-7.32353066667 338.934501731
-7.318528 338.902965142
-7.31352533333 338.856994131
-7.30852266667 338.905338372
-7.30352 338.835835531
-7.29851733333 338.889993352
-7.29351466667 338.867886122
-7.288512 338.850530105
-7.28350933333 338.815818547
-7.27850666667 338.875963048
-7.273504 338.732099521
-7.26850133333 338.832509459
-7.26349866667 338.801332528
-7.258496 338.921359175
-7.25349333333 338.80316345
-7.24849066667 338.794165491
-7.243488 338.782921081
-7.23848533333 338.795197553
-7.23348266667 338.736647068
-7.22848 338.799223507
-7.22347733333 338.739319738
-7.21847466667 338.76429745
-7.213472 338.688222176
-7.20846933333 338.70776103
-7.20346666667 338.690701886
-7.198464 338.727599188
-7.19346133333 338.696769744
-7.18845866667 338.693212247
-7.183456 338.71046941
-7.17845333333 338.766432618
-7.17345066667 338.687359395
-7.168448 338.845813363
-7.16344533333 338.825647891
-7.15844266667 338.854493128
-7.15344 338.890781722
-7.14843733333 338.998874735
-7.14343466667 338.698241971
-7.138432 330.933289024
-7.13342933333 326.220802786
-7.12842666667 330.803560126
-7.123424 339.138402506
-7.11842133333 339.77126711
-7.11341866667 340.077675507
-7.108416 340.221260075
-7.10341333333 340.348787239
-7.09841066667 340.539758504
-7.093408 340.544026214
-7.08840533333 340.549869119
-7.08340266667 340.637187186
-7.0784 340.735215013
-7.07339733333 340.919733292
-7.06839466667 341.177430512
-7.063392 341.278862545
-7.05838933333 341.41557111
-7.05338666667 341.36405543
-7.048384 341.500683097
-7.04338133333 341.449045019
-7.03837866667 341.348818697
-7.033376 341.255369114
-7.02837333333 341.271056065
-7.02337066667 341.387832514
-7.018368 341.473286927
-7.01336533333 341.583316276
-7.00836266667 341.765647046
-7.00336 341.903732889
-6.99835733333 342.066916875
-6.99335466667 342.198589315
-6.988352 342.395163816
-6.98334933333 342.596494028
-6.97834666667 342.906681349
-6.973344 343.164876648
-6.96834133333 343.409495788
-6.96333866667 343.582140317
-6.958336 343.577842169
-6.95333333333 343.527108958
-6.94833066667 343.766012762
-6.943328 343.872992042
-6.93832533333 343.898196786
-6.93332266667 344.048396089
-6.92832 344.297481792
-6.92331733333 344.434613844
-6.91831466667 344.832499146
-6.913312 344.959607389
-6.90830933333 345.325027467
-6.90330666667 345.381055365
-6.898304 345.266712662
-6.89330133333 344.751587885
-6.88829866667 344.151946431
-6.883296 343.71888536
-6.87829333333 343.751275758
-6.87329066667 343.669400846
-6.868288 344.036739003
-6.86328533333 344.585819807
-6.85828266667 345.570511277
-6.85328 345.431906439
-6.84827733333 345.628859977
-6.84327466667 345.852593953
-6.838272 345.55008802
-6.83326933333 345.220854846
-6.82826666667 345.102647773
-6.823264 344.812374389
-6.81826133333 344.792308908
-6.81325866667 344.763938755
-6.808256 344.792171177
-6.80325333333 344.60592576
-6.79825066667 344.317397778
-6.793248 344.071932445
-6.78824533333 344.047886399
-6.78324266667 344.195879961
-6.77824 344.449627543
-6.77323733333 344.38337373
-6.76823466667 344.28924723
-6.763232 344.195470898
-6.75822933333 344.171247047
-6.75322666667 344.156554548
-6.748224 344.247175706
-6.74322133333 344.201172776
-6.73821866667 344.173064741
-6.733216 344.148638437
-6.72821333333 344.242642046
-6.72321066667 344.071293254
-6.718208 344.135269111
-6.71320533333 344.117198029
-6.70820266667 344.160342549
-6.7032 343.973186746
-6.69819733333 343.944761658
-6.69319466667 343.827309813
-6.688192 343.887278581
-6.68318933333 344.004323148
-6.67818666667 344.061584413
-6.673184 344.063874983
-6.66818133333 344.016199561
-6.66317866667 343.90152036
-6.658176 343.756189906
-6.65317333333 343.582316645
-6.64817066667 343.435847581
-6.643168 343.183012717
-6.63816533333 343.103061686
-6.63316266667 343.084620637
-6.62816 343.098300113
-6.62315733333 343.220486796
-6.61815466667 343.504763682
-6.613152 343.578718626
-6.60814933333 343.630512047
-6.60314666667 343.587512256
-6.598144 343.556356739
-6.59314133333 343.693798341
-6.58813866667 343.785591664
-6.583136 343.986015732
-6.57813333333 344.223588363
-6.57313066667 343.987382622
-6.568128 343.924194022
-6.56312533333 343.783916707
-6.55812266667 343.779720507
-6.55312 343.523070383
-6.54811733333 343.362837828
-6.54311466667 343.424657917
-6.538112 343.835702877
-6.53310933333 344.031667691
-6.52810666667 344.414251112
-6.523104 344.758133934
-6.51810133333 344.760377861
-6.51309866667 344.805413846
-6.508096 345.040860247
-6.50309333333 345.106687782
-6.49809066667 345.191393566
-6.493088 345.590370891
-6.48808533333 345.863462982
-6.48308266667 345.931363223
-6.47808 346.139877466
-6.47307733333 346.527170104
-6.46807466667 346.909018248
-6.463072 346.994110244
-6.45806933333 347.324345398
-6.45306666667 347.423224973
-6.448064 347.680947771
-6.44306133333 347.691941498
-6.43805866667 347.826054826
-6.433056 347.928822798
-6.42805333333 348.016684108
-6.42305066667 348.206762985
-6.418048 348.450432857
-6.41304533333 348.508031971
-6.40804266667 348.515603538
-6.40304 348.184730036
-6.39803733333 348.819162946
-6.39303466667 350.418432526
-6.388032 350.507946702
-6.38302933333 350.383338637
-6.37802666667 350.021453263
-6.373024 349.751011045
-6.36802133333 349.880474663
-6.36301866667 349.910901176
-6.358016 350.371605436
-6.35301333333 351.011895125
-6.34801066667 351.079583245
-6.343008 351.428024947
-6.33800533333 351.636012708
-6.33300266667 351.628921046
-6.328 348.698716118
-6.32299733333 349.744587232
-6.31799466667 351.873768296
-6.312992 353.130087803
-6.30798933333 353.925355323
-6.30298666667 354.473912787
-6.297984 354.954162498
-6.29298133333 355.219925073
-6.28797866667 355.178184928
-6.282976 355.065023037
-6.27797333333 353.836865559
-6.27297066667 352.260514569
-6.267968 351.596075778
-6.26296533333 351.503179065
-6.25796266667 351.324808086
-6.25296 350.996924717
-6.24795733333 351.292907826
-6.24295466667 349.377821437
-6.237952 348.899735216
-6.23294933333 349.364220444
-6.22794666667 348.877850591
-6.222944 350.131898364
-6.21794133333 345.557086606
-6.21293866667 339.363641287
-6.207936 350.970542262
-6.20293333333 351.561363055
-6.19793066667 351.83293557
-6.192928 352.349867913
-6.18792533333 352.981046107
-6.18292266667 353.578855166
-6.17792 352.673207493
-6.17291733333 352.572160349
-6.16791466667 353.556876413
-6.162912 353.878921689
-6.15790933333 353.886145127
-6.15290666667 353.71279615
-6.147904 353.195384024
-6.14290133333 351.426648355
-6.13789866667 350.309689463
-6.132896 349.281526614
-6.12789333333 348.867249767
-6.12289066667 347.664575784
-6.117888 347.009140293
-6.11288533333 346.464940744
-6.10788266667 345.961601397
-6.10288 345.161478103
-6.09787733333 344.747490172
-6.09287466667 343.999213079
-6.087872 343.125155964
-6.08286933333 343.586017952
-6.07786666667 340.677407118
-6.072864 338.830503593
-6.06786133333 341.502510516
-6.06285866667 342.400590313
-6.057856 336.548099078
-6.05285333333 333.657682216
-6.04785066667 333.361865551
-6.042848 332.287639427
-6.03784533333 330.938857926
-6.03284266667 330.491999612
-6.02784 329.381321953
-6.02283733333 328.707190135
-6.01783466667 328.284705569
-6.012832 327.835687158
-6.00782933333 327.384478469
-6.00282666667 327.166010466
-5.997824 327.11190363
-5.99282133333 327.061058933
-5.98781866667 327.283144431
-5.982816 327.040870403
-5.97781333333 326.579146126
-5.97281066667 326.399414346
-5.967808 327.051281252
-5.96280533333 327.549845773
-5.95780266667 327.563494141
-5.9528 327.410817485
-5.94779733333 328.056926196
-5.94279466667 328.752254111
-5.937792 329.125154381
-5.93278933333 329.506462028
-5.92778666667 328.82152317
-5.922784 329.217346038
-5.91778133333 331.057907041
-5.91277866667 334.305311677
-5.907776 335.811470975
-5.90277333333 335.690103591
-5.89777066667 335.600481198
-5.892768 335.433741653
-5.88776533333 335.347701426
-5.88276266667 335.357552565
-5.87776 335.711223177
-5.87275733333 336.082275858
-5.86775466667 336.835428262
-5.862752 337.167301857
-5.85774933333 337.276651892
-5.85274666667 337.347036383
-5.847744 336.304496968
-5.84274133333 333.178097765
-5.83773866667 334.413226537
-5.832736 337.49154893
-5.82773333333 338.118003107
-5.82273066667 338.250935896
-5.817728 338.298111485
-5.81272533333 338.174428697
-5.80772266667 338.302158365
-5.80272 338.011627412
-5.79771733333 337.919506906
-5.79271466667 337.759366167
-5.787712 337.453510024
-5.78270933333 337.186772048
-5.77770666667 336.78183078
-5.772704 336.99426203
-5.76770133333 336.596041664
-5.76269866667 336.171743064
-5.757696 335.812586345
-5.75269333333 335.325560954
-5.74769066667 335.198037736
-5.742688 331.741206957
-5.73768533333 326.686902559
-5.73268266667 320.926718012
-5.72768 324.455697413
-5.72267733333 323.708481497
-5.71767466667 323.150186875
-5.712672 329.110380133
-5.70766933333 336.315514646
-5.70266666667 334.337657274
-5.697664 335.91525594
-5.69266133333 334.720646867
-5.68765866667 326.057352295
-5.682656 317.698236653
-5.67765333333 310.115481591
-5.67265066667 308.853297143
-5.667648 316.323012888
-5.66264533333 317.145913071
-5.65764266667 324.968070013
-5.65264 317.337024697
-5.64763733333 312.310199173
-5.64263466667 314.372781103
-5.637632 317.040452017
-5.63262933333 321.158840534
-5.62762666667 322.574580049
-5.622624 320.300346203
-5.61762133333 321.910956459
-5.61261866667 322.844497215
-5.607616 323.171231012
-5.60261333333 323.367093002
-5.59761066667 323.552462029
-5.592608 324.085492478
-5.58760533333 324.80455781
-5.58260266667 325.421645727
-5.5776 326.255885758
-5.57259733333 327.124658771
-5.56759466667 326.96864168
-5.562592 326.606318943
-5.55758933333 325.980518727
-5.55258666667 325.066723032
-5.547584 324.232756837
-5.54258133333 323.306605614
-5.53757866667 322.917946886
-5.532576 322.663263815
-5.52757333333 322.607612483
-5.52257066667 322.563057918
-5.517568 322.972536163
-5.51256533333 323.544463071
-5.50756266667 325.019574313
-5.50256 327.360244226
-5.49755733333 329.24820142
-5.49255466667 330.005540291
-5.487552 330.072143854
-5.48254933333 330.036474201
-5.47754666667 330.141766979
-5.472544 330.054812052
-5.46754133333 330.083122175
-5.46253866667 330.048213507
-5.457536 330.048852254
-5.45253333333 330.123657351
-5.44753066667 330.230337114
-5.442528 330.236929851
-5.43752533333 330.564463216
-5.43252266667 330.667074709
-5.42752 330.91581866
-5.42251733333 330.975356653
-5.41751466667 331.103224472
-5.412512 331.10776377
-5.40750933333 331.109425165
-5.40250666667 331.063827103
-5.397504 331.043112664
-5.39250133333 331.050192576
-5.38749866667 331.057981257
-5.382496 330.991297001
-5.37749333333 331.016202773
-5.37249066667 330.950674177
-5.367488 330.997934401
-5.36248533333 330.98583418
-5.35748266667 331.006994137
-5.35248 330.932156221
-5.34747733333 330.9361064
-5.34247466667 330.925661533
-5.337472 330.949248214
-5.33246933333 330.898108302
-5.32746666667 330.883516888
-5.322464 330.849924303
-5.31746133333 330.946802214
-5.31245866667 330.884304192
-5.307456 330.925695996
-5.30245333333 330.883054988
-5.29745066667 330.934542338
-5.292448 330.876267306
-5.28744533333 330.902717513
-5.28244266667 330.871633445
-5.27744 330.877257161
-5.27243733333 330.797564825
-5.26743466667 330.817137177
-5.262432 330.843593805
-5.25742933333 330.882628115
-5.25242666667 330.900790198
-5.247424 330.947232965
-5.24242133333 330.971548599
-5.23741866667 331.035280951
-5.232416 331.126555175
-5.22741333333 331.207571863
-5.22241066667 331.434183071
-5.217408 331.773019275
-5.21240533333 331.951930631
-5.20740266667 331.9145675
-5.2024 331.865924741
-5.19739733333 331.948260834
-5.19239466667 331.922883598
-5.187392 332.015017581
-5.18238933333 331.963363709
-5.17738666667 331.986644109
-5.172384 331.861395498
-5.16738133333 331.882545449
-5.16237866667 331.849773435
-5.157376 331.865239985
-5.15237333333 331.891644109
-5.14737066667 332.056402309
-5.142368 332.067092567
-5.13736533333 332.073909509
-5.13236266667 332.00965246
-5.12736 332.010757795
-5.12235733333 331.927123839
-5.11735466667 331.928485902
-5.112352 331.882525829
-5.10734933333 331.894728472
-5.10234666667 331.861156351
-5.097344 331.840982569
-5.09234133333 331.79322702
-5.08733866667 331.724608811
-5.082336 331.72126525
-5.07733333333 331.779009876
-5.07233066667 331.736580661
-5.067328 331.790732909
-5.06232533333 331.775234388
-5.05732266667 331.810681268
-5.05232 331.79747336
-5.04731733333 331.916482214
-5.04231466667 331.945179023
-5.037312 332.006654534
-5.03230933333 331.978854104
-5.02730666667 332.17384498
-5.022304 332.447801005
-5.01730133333 332.676031964
-5.01229866667 332.967006636
-5.007296 333.373070419
-5.00229333333 333.886325623
-4.99729066667 334.365527762
-4.992288 334.545196988
-4.98728533333 334.855578601
-4.98228266667 335.140389283
-4.97728 335.689442832
-4.97227733333 336.249512203
-4.96727466667 337.065193328
-4.962272 337.637925217
-4.95726933333 338.285570285
-4.95226666667 338.798655055
-4.947264 338.178793867
-4.94226133333 337.628326961
-4.93725866667 337.110236893
-4.932256 336.068146542
-4.92725333333 336.348843818
-4.92225066667 337.73669094
-4.917248 339.186786529
-4.91224533333 339.149542595
-4.90724266667 338.512592533
-4.90224 338.771958996
-4.89723733333 340.299240835
-4.89223466667 342.642774727
-4.887232 344.776210765
-4.88222933333 346.044153792
-4.87722666667 346.670546259
-4.872224 346.446994975
-4.86722133333 347.716546031
-4.86221866667 347.81025924
-4.857216 347.700710231
-4.85221333333 347.591150621
-4.84721066667 347.475478324
-4.842208 347.327047067
-4.83720533333 347.125832527
-4.83220266667 346.968350656
-4.8272 346.578501388
-4.82219733333 346.384335727
-4.81719466667 346.635773999
-4.812192 346.509734523
-4.80718933333 346.461452811
-4.80218666667 346.488422405
-4.797184 346.50917314
-4.79218133333 346.593037109
-4.78717866667 346.597682689
-4.782176 346.426071032
-4.77717333333 346.408515217
-4.77217066667 346.426633629
-4.767168 346.408097685
-4.76216533333 344.998332463
-4.75716266667 343.429710882
-4.75216 341.843062647
-4.74715733333 341.442216204
-4.74215466667 340.764365835
-4.737152 340.149298763
-4.73214933333 339.738308692
-4.72714666667 339.521533742
-4.722144 339.329876364
-4.71714133333 339.37528405
-4.71213866667 339.235387456
-4.707136 339.286295573
-4.70213333333 339.280242173
-4.69713066667 339.318453703
-4.692128 339.226055986
-4.68712533333 339.16356591
-4.68212266667 339.101317521
-4.67712 339.158497322
-4.67211733333 339.09145786
-4.66711466667 339.080968267
-4.662112 338.961719721
-4.65710933333 338.857946659
-4.65210666667 338.655383535
-4.647104 338.626562557
-4.64210133333 338.639812889
-4.63709866667 338.801539407
-4.632096 338.918711354
-4.62709333333 339.218063898
-4.62209066667 339.239650782
-4.617088 339.418491997
-4.61208533333 339.981485425
-4.60708266667 340.286947218
-4.60208 339.3306057
-4.59707733333 338.471717961
-4.59207466667 338.323065833
-4.587072 338.293711794
-4.58206933333 338.193990877
-4.57706666667 338.318917755
-4.572064 338.076535117
-4.56706133333 337.878937282
-4.56205866667 337.775851535
-4.557056 337.439208039
-4.55205333333 337.334864329
-4.54705066667 337.452190838
-4.542048 338.164615381
-4.53704533333 338.858559678
-4.53204266667 339.424818056
-4.52704 339.913053159
-4.52203733333 340.159799958
-4.51703466667 340.309776041
-4.512032 340.90905527
-4.50702933333 341.946496872
-4.50202666667 344.826177224
-4.497024 347.607582132
-4.49202133333 347.674087255
-4.48701866667 347.672949627
-4.482016 347.837863359
-4.47701333333 347.95726482
-4.47201066667 347.91918387
-4.467008 347.849330752
-4.46200533333 347.739087374
-4.45700266667 347.772576389
-4.452 347.628609764
-4.44699733333 347.698448868
-4.44199466667 347.720181748
-4.436992 347.953495863
-4.43198933333 348.28666739
-4.42698666667 348.623148315
-4.421984 348.617535991
-4.41698133333 348.556292419
-4.41197866667 348.530998288
-4.406976 348.591973461
-4.40197333333 348.467417929
-4.39697066667 348.479880145
-4.391968 348.548953297
-4.38696533333 348.457390791
-4.38196266667 348.493933547
-4.37696 348.494670255
-4.37195733333 348.38930439
-4.36695466667 348.308474961
-4.361952 348.290686417
-4.35694933333 348.30759503
-4.35194666667 348.398256488
-4.346944 348.367315909
-4.34194133333 348.263407717
-4.33693866667 348.283010486
-4.331936 348.326983793
-4.32693333333 348.63030388
-4.32193066667 348.877471035
-4.316928 348.913675402
-4.31192533333 349.051240794
-4.30692266667 349.290503013
-4.30192 349.214877966
-4.29691733333 349.79555157
-4.29191466667 350.998423634
-4.286912 352.247532886
-4.28190933333 352.389950524
-4.27690666667 352.405238759
-4.271904 352.415070762
-4.26690133333 352.530656192
-4.26189866667 352.593960504
-4.256896 352.746644746
-4.25189333333 352.556149887
-4.24689066667 352.113212247
-4.241888 350.041081445
-4.23688533333 348.935527125
-4.23188266667 349.141497068
-4.22688 350.059826983
-4.22187733333 351.380122727
-4.21687466667 351.391379023
-4.211872 351.205578756
-4.20686933333 351.115999094
-4.20186666667 351.379506276
-4.196864 351.739286616
-4.19186133333 351.859639996
-4.18685866667 352.198794499
-4.181856 352.192923402
-4.17685333333 353.470757634
-4.17185066667 354.059182534
-4.166848 354.140687324
-4.16184533333 354.095559726
-4.15684266667 354.112582458
-4.15184 354.17711298
-4.14683733333 354.172898843
-4.14183466667 354.2053815
-4.136832 354.306692078
-4.13182933333 354.229893545
-4.12682666667 354.21281688
-4.121824 354.220863227
-4.11682133333 354.251367633
-4.11181866667 354.197640575
-4.106816 354.12139767
-4.10181333333 354.039119189
-4.09681066667 354.032058848
-4.091808 354.068524943
-4.08680533333 354.076101955
-4.08180266667 354.084079216
-4.0768 354.136920122
-4.07179733333 354.129618508
-4.06679466667 354.143128499
-4.061792 353.972654652
-4.05678933333 354.039382778
-4.05178666667 354.120268699
-4.046784 354.081724097
-4.04178133333 354.033889504
-4.03677866667 354.049245778
-4.031776 354.079954653
-4.02677333333 354.103924299
-4.02177066667 354.091987207
-4.016768 354.076749003
-4.01176533333 354.039054861
-4.00676266667 354.00832223
-4.00176 354.008128349
-3.99675733333 354.098967922
-3.99175466667 354.035141531
-3.986752 354.003712931
-3.98174933333 353.959552042
-3.97674666667 353.924514765
-3.971744 353.893041963
-3.96674133333 353.869842428
-3.96173866667 353.875838324
-3.956736 353.861481955
-3.95173333333 353.838757594
-3.94673066667 353.931350167
-3.941728 353.986161913
-3.93672533333 353.978739825
-3.93172266667 353.946886502
-3.92672 353.992824583
-3.92171733333 354.022624775
-3.91671466667 354.108834316
-3.911712 354.099406122
-3.90670933333 354.226384081
-3.90170666667 354.220992296
-3.896704 354.36794437
-3.89170133333 354.416585865
-3.88669866667 354.526959389
-3.881696 354.67617534
-3.87669333333 354.702269705
-3.87169066667 354.897967706
-3.866688 354.965343203
-3.86168533333 355.024296191
-3.85668266667 355.06493236
-3.85168 355.094171701
-3.84667733333 355.231561417
-3.84167466667 355.346738183
-3.836672 355.573005107
-3.83166933333 355.54217382
-3.82666666667 355.55236897
-3.821664 355.600230011
-3.81666133333 355.488154691
-3.81165866667 355.49486414
-3.806656 355.421153196
-3.80165333333 355.354074706
-3.79665066667 355.330198945
-3.791648 355.312947213
-3.78664533333 355.336904835
-3.78164266667 355.239544002
-3.77664 355.283432428
-3.77163733333 355.318004502
-3.76663466667 355.312219674
-3.761632 355.251980205
-3.75662933333 355.308701029
-3.75162666667 355.273529892
-3.746624 355.329846487
-3.74162133333 355.293577321
-3.73661866667 355.288068391
-3.731616 355.316455492
-3.72661333333 355.196034354
-3.72161066667 354.483341992
-3.716608 354.204381864
-3.71160533333 353.727051113
-3.70660266667 353.224734974
-3.7016 352.892936863
-3.69659733333 352.372627164
-3.69159466667 351.947046956
-3.686592 351.857392183
-3.68158933333 351.73542794
-3.67658666667 351.544002744
-3.671584 351.403968799
-3.66658133333 351.318928755
-3.66157866667 351.237187851
-3.656576 351.328762756
-3.65157333333 351.229683251
-3.64657066667 351.517414228
-3.641568 352.548198234
-3.63656533333 352.557856055
-3.63156266667 351.689317469
-3.62656 351.240542742
-3.62155733333 351.106181789
-3.61655466667 351.072661272
-3.611552 351.007841182
-3.60654933333 350.885410593
-3.60154666667 350.848312163
-3.596544 350.769232312
-3.59154133333 350.566701659
-3.58653866667 350.435379876
-3.581536 350.363828167
-3.57653333333 350.238876935
-3.57153066667 350.143548004
-3.566528 349.903577595
-3.56152533333 349.688591464
-3.55652266667 349.379464923
-3.55152 349.241638494
-3.54651733333 348.980509223
-3.54151466667 348.715127345
-3.536512 348.506890976
-3.53150933333 348.360728953
-3.52650666667 348.126321051
-3.521504 347.903499014
-3.51650133333 347.783624814
-3.51149866667 347.486107529
-3.506496 347.344349031
-3.50149333333 347.314861087
-3.49649066667 347.400121872
-3.491488 347.418466372
-3.48648533333 347.582735619
-3.48148266667 347.343360184
-3.47648 347.33582183
-3.47147733333 347.323799002
-3.46647466667 347.333972796
-3.461472 347.27588111
-3.45646933333 347.241534898
-3.45146666667 347.207935595
-3.446464 347.145940463
-3.44146133333 346.992000516
-3.43645866667 346.973618312
-3.431456 346.795918873
-3.42645333333 346.659770171
-3.42145066667 346.645353412
-3.416448 346.672155641
-3.41144533333 346.490212651
-3.40644266667 346.360835837
-3.40144 346.237422271
-3.39643733333 346.24278711
-3.39143466667 346.225595913
-3.386432 346.078479308
-3.38142933333 345.948934343
-3.37642666667 345.824170362
-3.371424 345.784451217
-3.36642133333 345.576529501
-3.36141866667 345.416829903
-3.356416 345.368901192
-3.35141333333 345.372711451
-3.34641066667 345.32485587
-3.341408 345.294749197
-3.33640533333 345.330319293
-3.33140266667 345.312707065
-3.3264 345.36415433
-3.32139733333 345.311491917
-3.31639466667 345.317580235
-3.311392 345.356843103
-3.30638933333 345.336074943
-3.30138666667 345.32264871
-3.296384 345.310620444
-3.29138133333 345.173026225
-3.28637866667 345.420429311
-3.281376 346.487718661
-3.27637333333 349.211880248
-3.27137066667 352.198910733
-3.266368 352.796479323
-3.26136533333 352.818470354
-3.25636266667 352.844514669
-3.25136 352.843934069
-3.24635733333 352.874329419
-3.24135466667 352.881487702
-3.236352 352.894218545
-3.23134933333 352.861172759
-3.22634666667 352.950407628
-3.221344 352.90213152
-3.21634133333 352.991691287
-3.21133866667 352.98847578
-3.206336 353.115892309
-3.20133333333 353.099118848
-3.19633066667 353.115206154
-3.191328 353.125942105
-3.18632533333 353.002168071
-3.18132266667 353.02471715
-3.17632 353.056433064
-3.17131733333 353.025464847
-3.16631466667 352.958302409
-3.161312 352.800014854
-3.15630933333 352.542850342
-3.15130666667 351.984194252
-3.146304 352.238460557
-3.14130133333 352.338066847
-3.13629866667 352.343692519
-3.131296 352.240404786
-3.12629333333 352.336526456
-3.12129066667 352.260265024
-3.116288 352.19383717
-3.11128533333 352.214115379
-3.10628266667 351.864735875
-3.10128 352.121721339
-3.09627733333 351.977487599
-3.09127466667 351.8852943
-3.086272 352.038966403
-3.08126933333 351.849653379
-3.07626666667 351.914055222
-3.071264 351.682592323
-3.06626133333 351.743475881
-3.06125866667 351.895724875
-3.056256 352.008827765
-3.05125333333 352.169359439
-3.04625066667 351.919376795
-3.041248 351.829078472
-3.03624533333 351.486917652
-3.03124266667 351.342794669
-3.02624 351.440864359
-3.02123733333 351.50042593
-3.01623466667 351.466904499
-3.011232 351.383078262
-3.00622933333 351.354256299
-3.00122666667 351.21462238
-2.996224 351.205490467
-2.99122133333 351.283230205
-2.98621866667 351.287923497
-2.981216 351.133399906
-2.97621333333 350.944749436
-2.97121066667 351.090329257
-2.966208 351.083451261
-2.96120533333 350.961240393
-2.95620266667 351.09644369
-2.9512 351.109758635
-2.94619733333 351.097520127
-2.94119466667 351.156072223
-2.936192 351.22331566
-2.93118933333 351.269016261
-2.92618666667 351.307961434
-2.921184 351.274213179
-2.91618133333 351.259369337
-2.91117866667 351.148440731
-2.906176 351.18805258
-2.90117333333 351.279303747
-2.89617066667 351.117865713
-2.891168 350.928332401
-2.88616533333 350.899586925
-2.88116266667 350.874570638
-2.87616 350.960401859
-2.87115733333 350.908342459
-2.86615466667 350.815847107
-2.861152 350.886056791
-2.85614933333 350.778437737
-2.85114666667 350.702689822
-2.846144 350.59052681
-2.84114133333 350.559449723
-2.83613866667 350.623199593
-2.831136 350.59970096
-2.82613333333 350.597238892
-2.82113066667 350.659132742
-2.816128 350.913901671
-2.81112533333 350.802718667
-2.80612266667 350.83204512
-2.80112 350.893334822
-2.79611733333 350.926910979
-2.79111466667 351.04285688
-2.786112 350.942408582
-2.78110933333 350.959488664
-2.77610666667 350.963999308
-2.771104 351.249765351
-2.76610133333 351.286553013
-2.76109866667 351.194311994
-2.756096 351.147497328
-2.75109333333 351.19178606
-2.74609066667 351.056320805
-2.741088 350.755686482
-2.73608533333 350.732608588
-2.73108266667 350.751268274
-2.72608 350.747699657
-2.72107733333 350.766344176
-2.71607466667 350.708115082
-2.711072 350.708969115
-2.70606933333 350.731101863
-2.70106666667 350.68533693
-2.696064 350.714222317
-2.69106133333 350.756897043
-2.68605866667 350.702883445
-2.681056 350.702603607
-2.67605333333 350.703452005
-2.67105066667 350.695671811
-2.666048 350.747197889
-2.66104533333 350.680214223
-2.65604266667 350.874252498
-2.65104 350.837158852
-2.64603733333 350.845792161
-2.64103466667 350.792462076
-2.636032 350.814262334
-2.63102933333 350.818018841
-2.62602666667 350.886027021
-2.621024 350.85722304
-2.61602133333 350.870060306
-2.61101866667 350.894977853
-2.606016 350.836001237
-2.60101333333 350.871610349
-2.59601066667 351.041075043
-2.591008 351.083315636
-2.58600533333 351.041054084
-2.58100266667 351.100763133
-2.576 351.159871272
-2.57099733333 351.1683959
-2.56599466667 351.130731362
-2.560992 351.115103683
-2.55598933333 351.129405202
-2.55098666667 351.155889075
-2.545984 351.117022088
-2.54098133333 351.062468582
-2.53597866667 351.087029023
-2.530976 351.112014245
-2.52597333333 351.131409136
-2.52097066667 351.066244506
-2.515968 351.019745492
-2.51096533333 351.081583739
-2.50596266667 351.119288284
-2.50096 351.150661465
-2.49595733333 351.052649693
-2.49095466667 351.153172236
-2.485952 351.285596875
-2.48094933333 351.328390893
-2.47594666667 351.367489394
-2.470944 351.299347399
-2.46594133333 351.366250356
-2.46093866667 351.312150154
-2.455936 351.340231054
-2.45093333333 351.298693552
-2.44593066667 351.268789753
-2.440928 351.282454611
-2.43592533333 351.254986545
-2.43092266667 351.325812729
-2.42592 351.321812162
-2.42091733333 351.260738565
-2.41591466667 351.293361935
-2.410912 351.209811444
-2.40590933333 351.287733504
-2.40090666667 351.298300915
-2.395904 351.281114236
-2.39090133333 351.339818307
-2.38589866667 351.268951014
-2.380896 351.323598445
-2.37589333333 351.370923782
-2.37089066667 351.387951376
-2.365888 351.420956222
-2.36088533333 351.308308953
-2.35588266667 351.307507091
-2.35088 351.386819342
-2.34587733333 351.347298844
-2.34087466667 351.340762575
-2.335872 351.325434656
-2.33086933333 351.331646508
-2.32586666667 351.35628888
-2.320864 351.34668039
-2.31586133333 351.305964689
-2.31085866667 351.352519364
-2.305856 351.401707704
-2.30085333333 351.389399683
-2.29585066667 351.392052111
-2.290848 351.445556938
-2.28584533333 351.445666507
-2.28084266667 351.379210342
-2.27584 351.389974029
-2.27083733333 351.415703718
-2.26583466667 351.39049558
-2.260832 351.355056775
-2.25582933333 351.376989079
-2.25082666667 351.34110701
-2.245824 351.374923875
-2.24082133333 351.376129704
-2.23581866667 351.336445938
-2.230816 351.31922974
-2.22581333333 351.345730509
-2.22081066667 351.255845222
-2.215808 351.310419532
-2.21080533333 351.310069648
-2.20580266667 351.290803895
-2.2008 351.222676386
-2.19579733333 351.255446648
-2.19079466667 351.220672741
-2.185792 351.198109531
-2.18078933333 351.21087722
-2.17578666667 351.26105862
-2.170784 351.289628112
-2.16578133333 351.299136546
-2.16077866667 351.1926445
-2.155776 351.26294709
-2.15077333333 351.204392769
-2.14577066667 351.233830363
-2.140768 351.216431774
-2.13576533333 351.230897206
-2.13076266667 351.220583252
-2.12576 351.221390943
-2.12075733333 351.189694522
-2.11575466667 351.130675457
-2.110752 351.167429819
-2.10574933333 351.14968078
-2.10074666667 351.141142923
-2.095744 351.231261816
-2.09074133333 351.205564611
-2.08573866667 351.160082697
-2.080736 351.22585934
-2.07573333333 351.24546788
-2.07073066667 351.221681031
-2.065728 351.195456933
-2.06072533333 351.157301766
-2.05572266667 351.203934523
-2.05072 351.185242307
-2.04571733333 351.144932915
-2.04071466667 351.198798206
-2.035712 351.169108961
-2.03070933333 351.125105507
-2.02570666667 351.093243782
-2.020704 351.083479763
-2.01570133333 351.109172417
-2.01069866667 351.111837217
-2.005696 351.098045508
-2.00069333333 351.13389317
-1.99569066667 351.102893903
-1.990688 351.067090707
-1.98568533333 351.071033867
-1.98068266667 351.096601338
-1.97568 351.124246717
-1.97067733333 351.108091265
-1.96567466667 351.040415483
-1.960672 350.999025991
-1.95566933333 351.053314101
-1.95066666667 351.002129327
-1.945664 350.901302747
-1.94066133333 350.964624067
-1.93565866667 350.931750146
-1.930656 351.071662612
-1.92565333333 351.010949191
-1.92065066667 351.019131902
-1.915648 350.987305918
-1.91064533333 350.914107753
-1.90564266667 350.977625489
-1.90064 350.96079751
-1.89563733333 350.953242488
-1.89063466667 350.950349458
-1.885632 350.922741108
-1.88062933333 350.924676244
-1.87562666667 350.904275838
-1.870624 350.939657124
-1.86562133333 350.927270036
-1.86061866667 350.914439157
-1.855616 350.891398876
-1.85061333333 350.901487351
-1.84561066667 350.89726003
-1.840608 350.886678545
-1.83560533333 350.945976504
-1.83060266667 350.976475016
-1.8256 350.922135959
-1.82059733333 350.955217988
-1.81559466667 350.972823006
-1.810592 350.912453997
-1.80558933333 350.908561263
-1.80058666667 350.868876958
-1.795584 350.933250646
-1.79058133333 350.922455856
-1.78557866667 350.939649795
-1.780576 350.944621589
-1.77557333333 350.979312188
-1.77057066667 350.97519244
-1.765568 350.97913908
-1.76056533333 350.931961206
-1.75556266667 350.963064957
-1.75056 351.032484253
-1.74555733333 350.888082228
-1.74055466667 350.846847362
-1.735552 350.879840942
-1.73054933333 350.858983407
-1.72554666667 350.910899855
-1.720544 350.862562155
-1.71554133333 350.894283536
-1.71053866667 350.958244329
-1.705536 350.870347467
-1.70053333333 350.833501382
-1.69553066667 350.827679447
-1.690528 350.879084261
-1.68552533333 350.88830093
-1.68052266667 350.934649696
-1.67552 350.872534375
-1.67051733333 350.862620589
-1.66551466667 350.772417269
-1.660512 350.918999538
-1.65550933333 350.883981749
-1.65050666667 350.757542489
-1.645504 350.76619468
-1.64050133333 350.778381736
-1.63549866667 350.835185061
-1.630496 350.833224069
-1.62549333333 350.937779603
-1.62049066667 350.953177926
-1.615488 350.925060708
-1.61048533333 350.951808726
-1.60548266667 350.912447241
-1.60048 350.895442385
-1.59547733333 350.934035341
-1.59047466667 350.90561484
-1.585472 350.922998065
-1.58046933333 350.872866846
-1.57546666667 350.948927195
-1.570464 350.915544353
-1.56546133333 350.847275316
-1.56045866667 350.862025083
-1.555456 350.91745437
-1.55045333333 350.865409016
-1.54545066667 350.936487008
-1.540448 350.900603752
-1.53544533333 350.953027388
-1.53044266667 350.950052799
-1.52544 351.033136252
-1.52043733333 351.000857678
-1.51543466667 350.962226486
-1.510432 350.965608136
-1.50542933333 350.942650803
-1.50042666667 350.899199721
-1.495424 350.924580562
-1.49042133333 350.888065367
-1.48541866667 350.8838033
-1.480416 350.856275038
-1.47541333333 350.809624699
-1.47041066667 350.814761885
-1.465408 350.80033799
-1.46040533333 350.806940248
-1.45540266667 350.806019837
-1.4504 350.854651641
-1.44539733333 350.808772387
-1.44039466667 350.774448297
-1.435392 350.805486935
-1.43038933333 350.828222494
-1.42538666667 350.759977247
-1.420384 350.769644948
-1.41538133333 350.805886482
-1.41037866667 350.732860703
-1.405376 350.720245685
-1.40037333333 350.712334158
-1.39537066667 350.730222158
-1.390368 350.724159605
-1.38536533333 350.714477014
-1.38036266667 350.681948723
-1.37536 350.779654089
-1.37035733333 350.714864878
-1.36535466667 350.66877899
-1.360352 350.650258028
-1.35534933333 350.665461045
-1.35034666667 350.657146141
-1.345344 350.653750812
-1.34034133333 350.679711175
-1.33533866667 350.728382631
-1.330336 350.632071513
-1.32533333333 350.638051689
-1.32033066667 350.656515328
-1.315328 350.676166235
-1.31032533333 350.639573194
-1.30532266667 350.648567404
-1.30032 350.625948161
-1.29531733333 350.630829659
-1.29031466667 350.640236175
-1.285312 350.617023339
-1.28030933333 350.619443913
-1.27530666667 350.622085008
-1.270304 350.607446603
-1.26530133333 350.598134838
-1.26029866667 350.580444788
-1.255296 350.60438195
-1.25029333333 350.636595918
-1.24529066667 350.57977021
-1.240288 350.607380573
-1.23528533333 350.631698604
-1.23028266667 350.6076048
-1.22528 350.634985789
-1.22027733333 350.624018765
-1.21527466667 350.629587665
-1.210272 350.636626801
-1.20526933333 350.677927762
-1.20026666667 350.698213708
-1.195264 350.688502974
-1.19026133333 350.724459951
-1.18525866667 350.697461294
-1.180256 350.689282368
-1.17525333333 350.665950367
-1.17025066667 350.629228568
-1.165248 350.573753334
-1.16024533333 350.591160354
-1.15524266667 350.590835697
-1.15024 350.630660685
-1.14523733333 350.570291073
-1.14023466667 350.567180242
-1.135232 350.603446994
-1.13022933333 350.556608137
-1.12522666667 350.547165072
-1.120224 350.5858379
-1.11522133333 350.547278213
-1.11021866667 350.607758701
-1.105216 350.554467884
-1.10021333333 350.4858172
-1.09521066667 350.532892912
-1.090208 350.51112583
-1.08520533333 350.596136832
-1.08020266667 350.42962995
-1.0752 350.352332643
-1.07019733333 350.415399177
-1.06519466667 350.361432485
-1.060192 350.352908762
-1.05518933333 350.361252378
-1.05018666667 350.306959505
-1.045184 350.327885191
-1.04018133333 350.254567317
-1.03517866667 350.233718081
-1.030176 350.256944465
-1.02517333333 350.327617913
-1.02017066667 350.322486866
-1.015168 350.280112723
-1.01016533333 350.291223609
-1.00516266667 350.236191968
-1.00016 350.229558243
-0.995157333333 350.307830073
-0.990154666667 350.241038418
-0.985152 350.252215284
-0.980149333333 350.255321765
-0.975146666667 350.270541197
-0.970144 350.241491709
-0.965141333333 350.247412398
-0.960138666667 350.221001219
-0.955136 350.28602347
-0.950133333333 350.271213289
-0.945130666667 350.237380742
-0.940128 350.223365398
-0.935125333333 350.181322798
-0.930122666667 350.196427912
-0.92512 350.240695369
-0.920117333333 350.188427101
-0.915114666667 350.239700233
-0.910112 350.281900193
-0.905109333333 350.231172109
-0.900106666667 350.300388757
-0.895104 350.266375609
-0.890101333333 350.252351843
-0.885098666667 350.204453626
-0.880096 350.155274289
-0.875093333333 350.144835182
-0.870090666667 350.165994529
-0.865088 350.118406803
-0.860085333333 350.093013193
-0.855082666667 350.088655187
-0.85008 350.129207496
-0.845077333333 350.113904255
-0.840074666667 350.047502529
-0.835072 350.102702086
-0.830069333333 350.078740932
-0.825066666667 350.031382775
-0.820064 350.066634136
-0.815061333333 350.077689475
-0.810058666667 350.026658502
-0.805056 350.009026618
-0.800053333333 350.016960329
-0.795050666667 350.031466206
-0.790048 350.013335695
-0.785045333333 349.996877876
-0.780042666667 349.962769692
-0.77504 349.943009776
-0.770037333333 349.991700422
-0.765034666667 350.013096937
-0.760032 349.909041513
-0.755029333333 350.063341238
-0.750026666667 349.93961101
-0.745024 349.947752701
-0.740021333333 349.894137233
-0.735018666667 349.940468407
-0.730016 349.959043139
-0.725013333333 349.963425278
-0.720010666667 349.96283036
-0.715008 350.086845566
-0.710005333333 350.107419644
-0.705002666667 350.070027065
-0.7 350.149674914
-0.694997333333 350.134655635
-0.689994666667 350.090675429
-0.684992 350.158029821
-0.679989333333 350.250745364
-0.674986666667 350.307596834
-0.669984 350.37974907
-0.664981333333 350.578623591
-0.659978666667 350.72642523
-0.654976 351.000654688
-0.649973333333 351.196300954
-0.644970666667 351.293922909
-0.639968 351.570972075
-0.634965333333 351.783401181
-0.629962666667 352.106094383
-0.62496 352.320890448
-0.619957333333 352.503153522
-0.614954666667 352.642595218
-0.609952 352.881003364
-0.604949333333 353.006506931
-0.599946666667 353.42221606
-0.594944 353.535769652
-0.589941333333 353.500174498
-0.584938666667 353.526156348
-0.579936 353.536410756
-0.574933333333 353.503867716
-0.569930666667 353.501637187
-0.564928 353.504205706
-0.559925333333 353.485506154
-0.554922666667 353.519629839
-0.54992 353.486948668
-0.544917333333 353.430943726
-0.539914666667 353.443690929
-0.534912 353.432229763
-0.529909333333 353.460183837
-0.524906666667 353.398434167
-0.519904 353.390738042
-0.514901333333 353.399218978
-0.509898666667 353.365014907
-0.504896 353.352937326
-0.499893333333 353.330217205
-0.494890666667 353.353779875
-0.489888 353.302059972
-0.484885333333 353.310086186
-0.479882666667 353.241518983
-0.47488 353.330190146
-0.469877333333 353.338835177
-0.464874666667 353.325681454
-0.459872 353.32969285
-0.454869333333 353.29484441
-0.449866666667 353.275651729
-0.444864 353.300721785
-0.439861333333 353.287261759
-0.434858666667 353.278406772
-0.429856 353.34055734
-0.424853333333 353.28042767
-0.419850666667 353.242077219
-0.414848 353.249833622
-0.409845333333 353.198455439
-0.404842666667 353.197943715
-0.39984 353.161748386
-0.394837333333 353.158169671
-0.389834666667 353.167024308
-0.384832 353.116716359
-0.379829333333 353.083323797
-0.374826666667 353.02372649
-0.369824 353.031662892
-0.364821333333 353.041891988
-0.359818666667 353.015472328
-0.354816 353.020876076
-0.349813333333 353.005742473
-0.344810666667 352.95736619
-0.339808 352.880000647
-0.334805333333 352.902853173
-0.329802666667 352.910577115
-0.3248 352.856647972
-0.319797333333 352.878979105
-0.314794666667 352.867288984
-0.309792 352.866574963
-0.304789333333 352.84558004
-0.299786666667 352.786939364
-0.294784 352.829763902
-0.289781333333 352.773618448
-0.284778666667 352.752714909
-0.279776 352.735645237
-0.274773333333 352.70526859
-0.269770666667 352.750435318
-0.264768 352.650596976
-0.259765333333 352.633200587
-0.254762666667 352.633373758
-0.24976 352.635255345
-0.244757333333 352.584436611
-0.239754666667 352.605443892
-0.234752 352.667621438
-0.229749333333 352.652541429
-0.224746666667 352.643614783
-0.219744 352.629724382
-0.214741333333 352.558307455
-0.209738666667 352.618010231
-0.204736 352.565881923
-0.199733333333 352.542885745
-0.194730666667 352.559745842
-0.189728 352.564999728
-0.184725333333 352.474881988
-0.179722666667 352.510389535
-0.17472 352.448183626
-0.169717333333 352.42791465
-0.164714666667 352.445526781
-0.159712 352.410559257
-0.154709333333 352.375493306
-0.149706666667 352.305764628
-0.144704 351.365538598
-0.139701333333 350.825528435
-0.134698666667 350.492320401
-0.129696 350.060204426
-0.124693333333 349.706654194
-0.119690666667 349.333100483
-0.114688 349.109300921
-0.109685333333 349.057843714
-0.104682666667 348.754885754
-0.09968 348.605650042
-0.0946773333333 348.466831243
-0.0896746666667 348.20087232
-0.084672 348.052538447
-0.0796693333333 347.985446349
-0.0746666666667 347.881401349
-0.069664 347.822459936
-0.0646613333333 347.592349581
-0.0596586666667 347.531748839
-0.054656 347.711880695
-0.0496533333333 347.647427446
-0.0446506666667 347.460701817
-0.039648 347.356346741
-0.0346453333333 347.337337585
-0.0296426666667 347.228905799
-0.02464 346.696845497
-0.0196373333333 346.393484281
-0.0146346666667 346.186064704
-0.009632 345.99123531
-0.00462933333333 345.768561065
