-9.99995733333 301.975845889
-9.99495466667 301.961299274
-9.989952 302.115643683
-9.98494933333 301.904220047
-9.97994666667 301.928944919
-9.974944 301.9092992
-9.96994133333 301.993835435
-9.96493866667 301.94276746
-9.959936 301.985880092
-9.95493333333 302.000398179
-9.94993066667 302.082072809
-9.944928 302.027872391
-9.93992533333 302.050700436
-9.93492266667 301.976702737
-9.92992 301.993242992
-9.92491733333 301.880783134
-9.91991466667 301.894769052
-9.914912 301.839648323
-9.90990933333 301.841415992
-9.90490666667 301.784643315
-9.899904 301.797361428
-9.89490133333 301.72349193
-9.88989866667 301.758207133
-9.884896 301.630644922
-9.87989333333 301.668670672
-9.87489066667 301.444581347
-9.869888 301.498164907
-9.86488533333 301.317197566
-9.85988266667 301.386798504
-9.85488 301.244247313
-9.84987733333 301.348514985
-9.84487466667 301.22523229
-9.839872 301.321447348
-9.83486933333 301.262610558
-9.82986666667 301.279454468
-9.824864 301.183264265
-9.81986133333 301.218330551
-9.81485866667 301.100167934
-9.809856 301.183293094
-9.80485333333 301.143737185
-9.79985066667 301.201588134
-9.794848 301.101380039
-9.78984533333 301.200352157
-9.78484266667 301.097191011
-9.77984 301.177308356
-9.77483733333 301.14754692
-9.76983466667 301.240301411
-9.764832 301.171975365
-9.75982933333 301.294180641
-9.75482666667 301.258303882
-9.749824 301.353081257
-9.74482133333 301.336356277
-9.73981866667 301.472296525
-9.734816 301.483318668
-9.72981333333 301.623068533
-9.72481066667 301.653429381
-9.719808 301.753072628
-9.71480533333 301.802150491
-9.70980266667 301.97018155
-9.7048 302.018221784
-9.69979733333 302.133066549
-9.69479466667 302.15109083
-9.689792 302.310244975
-9.68478933333 302.305785166
-9.67978666667 302.466376369
-9.674784 302.497449169
-9.66978133333 302.63503361
-9.66477866667 302.653696532
-9.659776 302.828791932
-9.65477333333 302.819778552
-9.64977066667 303.010786982
-9.644768 303.058739651
-9.63976533333 303.168630879
-9.63476266667 303.146316423
-9.62976 303.26081173
-9.62475733333 303.191111669
-9.61975466667 303.3116672
-9.614752 303.255136397
-9.60974933333 303.311569232
-9.60474666667 303.122280145
-9.599744 303.169812766
-9.59474133333 303.062104925
-9.58973866667 303.032764608
-9.584736 302.966572945
-9.57973333333 303.021631843
-9.57473066667 302.942270607
-9.569728 302.947327838
-9.56472533333 302.850433042
-9.55972266667 302.897003385
-9.55472 302.798331257
-9.54971733333 302.834008143
-9.54471466667 302.7533826
-9.539712 302.845432219
-9.53470933333 302.678877999
-9.52970666667 302.754938404
-9.524704 302.621696677
-9.51970133333 302.662313962
-9.51469866667 302.59769814
-9.509696 302.568442231
-9.50469333333 302.462916476
-9.49969066667 302.491627577
-9.494688 302.39553216
-9.48968533333 302.38706459
-9.48468266667 302.261762104
-9.47968 302.300725202
-9.47467733333 302.18741346
-9.46967466667 302.202193056
-9.464672 302.091202071
-9.45966933333 302.158166135
-9.45466666667 302.086652072
-9.449664 302.131269269
-9.44466133333 302.093958636
-9.43965866667 302.163134173
-9.434656 302.086242364
-9.42965333333 302.046092583
-9.42465066667 301.975040832
-9.419648 302.010372013
-9.41464533333 301.919850172
-9.40964266667 301.971053317
-9.40464 301.862255089
-9.39963733333 302.035870921
-9.39463466667 301.939323352
-9.389632 301.955421537
-9.38462933333 301.864305135
-9.37962666667 301.929509119
-9.374624 302.054426075
-9.36962133333 302.490643616
-9.36461866667 302.385754924
-9.359616 302.403592786
-9.35461333333 302.337348072
-9.34961066667 302.353492738
-9.344608 302.221173723
-9.33960533333 302.245949377
-9.33460266667 302.10892292
-9.3296 302.215777594
-9.32459733333 302.131160787
-9.31959466667 302.136691243
-9.314592 302.006672695
-9.30958933333 301.993731868
-9.30458666667 301.930875916
-9.299584 301.908298922
-9.29458133333 301.860945979
-9.28957866667 301.84367157
-9.284576 301.777991189
-9.27957333333 301.806102181
-9.27457066667 301.525784126
-9.269568 301.09849625
-9.26456533333 300.819936243
-9.25956266667 300.761834304
-9.25456 300.695831503
-9.24955733333 300.694062256
-9.24455466667 300.612037925
-9.239552 300.639653788
-9.23454933333 300.495753087
-9.22954666667 300.543470162
-9.224544 300.453518962
-9.21954133333 300.462875759
-9.21453866667 300.402641605
-9.209536 300.469445705
-9.20453333333 300.41725192
-9.19953066667 300.465331936
-9.194528 300.383369994
-9.18952533333 300.482653514
-9.18452266667 300.399130443
-9.17952 300.489101516
-9.17451733333 300.434277185
-9.16951466667 300.547876154
-9.164512 300.483505221
-9.15950933333 300.610600586
-9.15450666667 300.645381229
-9.149504 300.757257067
-9.14450133333 300.775403732
-9.13949866667 300.927301588
-9.134496 300.954203951
-9.12949333333 301.102751801
-9.12449066667 301.132659847
-9.119488 301.27650563
-9.11448533333 301.27811845
-9.10948266667 301.411850083
-9.10448 301.420734499
-9.09947733333 301.484845713
-9.09447466667 301.501540453
-9.089472 301.631680492
-9.08446933333 301.583830533
-9.07946666667 301.645058276
-9.074464 301.709162916
-9.06946133333 301.796838868
-9.06445866667 301.763863188
-9.059456 301.864992436
-9.05445333333 301.826824781
-9.04945066667 301.90255147
-9.044448 301.822668127
-9.03944533333 301.90471776
-9.03444266667 301.81960548
-9.02944 301.891676389
-9.02443733333 301.809677696
-9.01943466667 301.918222497
-9.014432 301.934785324
-9.00942933333 301.963835528
-9.00442666667 301.969169083
-8.999424 302.007397592
-8.99442133333 301.928354458
-8.98941866667 302.006749016
-8.984416 301.93928452
-8.97941333333 301.917151706
-8.97441066667 301.827617739
-8.969408 301.921499722
-8.96440533333 301.893091351
-8.95940266667 301.962809764
-8.9544 301.899463777
-8.94939733333 302.057312649
-8.94439466667 301.987964144
-8.939392 302.050563021
-8.93438933333 302.035847688
-8.92938666667 302.177518334
-8.924384 302.186708049
-8.91938133333 302.285639964
-8.91437866667 302.303720682
-8.909376 302.442597346
-8.90437333333 302.468467751
-8.89937066667 302.587896684
-8.894368 302.586737791
-8.88936533333 302.627911897
-8.88436266667 302.595827773
-8.87936 302.678110766
-8.87435733333 302.70494859
-8.86935466667 302.778344281
-8.864352 302.795574884
-8.85934933333 302.866193715
-8.85434666667 302.787747275
-8.849344 302.839113731
-8.84434133333 302.761507685
-8.83933866667 302.811711046
-8.834336 302.697074828
-8.82933333333 302.6980662
-8.82433066667 302.48733887
-8.819328 302.417605066
-8.81432533333 302.191026781
-8.80932266667 302.078650007
-8.80432 301.814940029
-8.79931733333 301.528189039
-8.79431466667 301.016060011
-8.789312 300.848280228
-8.78430933333 300.590047135
-8.77930666667 300.501292672
-8.774304 300.29895655
-8.76930133333 300.293090954
-8.76429866667 300.198784903
-8.759296 300.24398834
-8.75429333333 300.045172315
-8.74929066667 300.17827892
-8.744288 300.188872031
-8.73928533333 300.353216387
-8.73428266667 300.40424183
-8.72928 300.524952014
-8.72427733333 300.474775548
-8.71927466667 300.644201525
-8.714272 300.288826641
-8.70926933333 300.335954087
-8.70426666667 300.418973794
-8.699264 300.718770723
-8.69426133333 300.842366568
-8.68925866667 301.213085717
-8.684256 301.535245865
-8.67925333333 301.836135258
-8.67425066667 301.916959968
-8.669248 301.794213472
-8.66424533333 302.237249012
-8.65924266667 302.646415626
-8.65424 303.129939947
-8.64923733333 303.544400496
-8.64423466667 303.540880783
-8.639232 303.853325879
-8.63422933333 303.927934877
-8.62922666667 303.977771688
-8.624224 304.021361578
-8.61922133333 304.186503218
-8.61421866667 304.210478492
-8.609216 304.391042281
-8.60421333333 304.545632464
-8.59921066667 304.687134033
-8.594208 304.647727926
-8.58920533333 304.772571637
-8.58420266667 304.75420178
-8.5792 304.870250735
-8.57419733333 304.790601139
-8.56919466667 304.843548928
-8.564192 304.848325455
-8.55918933333 304.95700756
-8.55418666667 304.979267629
-8.549184 305.175667811
-8.54418133333 305.003790145
-8.53917866667 305.062259784
-8.534176 304.816059646
-8.52917333333 304.870418895
-8.52417066667 304.736495297
-8.519168 304.726522516
-8.51416533333 304.535602746
-8.50916266667 304.508133829
-8.50416 304.354917978
-8.49915733333 304.30080066
-8.49415466667 304.22251205
-8.489152 304.233003875
-8.48414933333 304.074798951
-8.47914666667 304.045524351
-8.474144 303.90996533
-8.46914133333 303.954030429
-8.46413866667 303.86216856
-8.459136 303.903320332
-8.45413333333 303.781555916
-8.44913066667 303.822835901
-8.444128 303.740067886
-8.43912533333 303.763791934
-8.43412266667 303.671638142
-8.42912 303.671192278
-8.42411733333 303.501578229
-8.41911466667 303.457529101
-8.414112 303.361002539
-8.40910933333 303.34150931
-8.40410666667 303.193861873
-8.399104 303.193140129
-8.39410133333 302.996498598
-8.38909866667 302.9002634
-8.384096 302.693121556
-8.37909333333 302.681015301
-8.37409066667 302.428347454
-8.369088 302.30013748
-8.36408533333 302.005730367
-8.35908266667 301.873248217
-8.35408 301.685198031
-8.34907733333 301.632290097
-8.34407466667 301.385230881
-8.339072 301.285974364
-8.33406933333 301.008910331
-8.32906666667 300.979761294
-8.324064 300.721743784
-8.31906133333 300.614080613
-8.31405866667 300.340473224
-8.309056 300.263416218
-8.30405333333 300.00312564
-8.29905066667 299.834797348
-8.294048 299.574072453
-8.28904533333 299.459752965
-8.28404266667 299.237161632
-8.27904 299.15654499
-8.27403733333 298.990349277
-8.26903466667 298.9011266
-8.264032 298.712465439
-8.25902933333 298.637418308
-8.25402666667 298.483909423
-8.249024 298.293143296
-8.24402133333 298.009125834
-8.23901866667 297.899729116
-8.234016 297.668144741
-8.22901333333 297.534073505
-8.22401066667 297.346510709
-8.219008 297.262616444
-8.21400533333 297.085168583
-8.20900266667 297.061610921
-8.204 296.839833572
-8.19899733333 296.898455666
-8.19399466667 296.702498936
-8.188992 296.673225574
-8.18398933333 296.520326821
-8.17898666667 296.413835802
-8.173984 296.243488378
-8.16898133333 296.223714589
-8.16397866667 296.066591625
-8.158976 296.047185755
-8.15397333333 295.862581811
-8.14897066667 295.88514281
-8.143968 295.820083647
-8.13896533333 295.918763107
-8.13396266667 295.823624529
-8.12896 296.062982255
-8.12395733333 296.184469792
-8.11895466667 296.49259696
-8.113952 296.580428496
-8.10894933333 296.646016015
-8.10394666667 296.679896181
-8.098944 296.804895508
-8.09394133333 296.884249268
-8.08893866667 297.141040404
-8.083936 297.193878945
-8.07893333333 297.278884297
-8.07393066667 296.871324988
-8.068928 296.604306177
-8.06392533333 296.50940678
-8.05892266667 296.381259295
-8.05392 296.074496137
-8.04891733333 295.983192707
-8.04391466667 295.939306923
-8.038912 296.018335005
-8.03390933333 296.116751048
-8.02890666667 296.272646479
-8.023904 296.327486341
-8.01890133333 296.453281012
-8.01389866667 296.359218411
-8.008896 296.41949073
-8.00389333333 296.403316214
-7.99889066667 296.558035312
-7.993888 296.616752446
-7.98888533333 296.875864438
-7.98388266667 296.875429784
-7.97888 297.11983115
-7.97387733333 297.296013307
-7.96887466667 297.631619353
-7.963872 297.835609399
-7.95886933333 298.035815469
-7.95386666667 298.157047155
-7.948864 298.403219412
-7.94386133333 298.652065446
-7.93885866667 298.863234965
-7.933856 299.001571376
-7.92885333333 299.286252394
-7.92385066667 299.36963152
-7.918848 299.682643573
-7.91384533333 299.854199198
-7.90884266667 300.203213616
-7.90384 300.349057951
-7.89883733333 300.617926542
-7.89383466667 300.684969543
-7.888832 300.904452292
-7.88382933333 301.026834996
-7.87882666667 301.20119056
-7.873824 301.325324565
-7.86882133333 301.50917663
-7.86381866667 301.468237183
-7.858816 301.602827757
-7.85381333333 301.685945327
-7.84881066667 301.888223456
-7.843808 301.965004565
-7.83880533333 302.07489713
-7.83380266667 302.176796654
-7.8288 302.40362481
-7.82379733333 302.386595291
-7.81879466667 302.542711171
-7.813792 302.562009683
-7.80878933333 302.719911009
-7.80378666667 302.805434195
-7.798784 302.97085923
-7.79378133333 303.010602573
-7.78877866667 303.167429134
-7.783776 303.178032006
-7.77877333333 303.318388516
-7.77377066667 303.3504093
-7.768768 303.522151042
-7.76376533333 303.571810379
-7.75876266667 303.755815987
-7.75376 303.807825083
-7.74875733333 304.073327155
-7.74375466667 304.100381322
-7.738752 304.279132259
-7.73374933333 304.280234632
-7.72874666667 304.433799974
-7.723744 304.481608603
-7.71874133333 304.624272757
-7.71373866667 304.648861133
-7.708736 304.796693234
-7.70373333333 304.842984281
-7.69873066667 304.982660756
-7.693728 305.029348754
-7.68872533333 305.232779526
-7.68372266667 305.281324488
-7.67872 305.483576764
-7.67371733333 305.550011951
-7.66871466667 305.702199353
-7.663712 305.800622497
-7.65870933333 305.984150378
-7.65370666667 306.081151914
-7.648704 306.256248089
-7.64370133333 306.334837575
-7.63869866667 306.506197852
-7.633696 306.586119422
-7.62869333333 306.795226224
-7.62369066667 306.888251849
-7.618688 307.096294649
-7.61368533333 307.15734244
-7.60868266667 307.426629545
-7.60368 307.695947126
-7.59867733333 307.993697083
-7.59367466667 308.158907399
-7.588672 308.49702759
-7.58366933333 308.725640977
-7.57866666667 309.062901988
-7.573664 309.41117076
-7.56866133333 309.725635035
-7.56365866667 309.958295279
-7.558656 310.342877709
-7.55365333333 310.474029487
-7.54865066667 310.626071318
-7.543648 310.568133466
-7.53864533333 310.593140324
-7.53364266667 310.59821903
-7.52864 310.64211349
-7.52363733333 310.616382602
-7.51863466667 310.669824896
-7.513632 310.633604749
-7.50862933333 310.684410925
-7.50362666667 310.702465711
-7.498624 310.786660869
-7.49362133333 310.689401287
-7.48861866667 310.741002072
-7.483616 310.689049236
-7.47861333333 310.777467053
-7.47361066667 310.759274424
-7.468608 310.818555845
-7.46360533333 310.777625887
-7.45860266667 310.859249622
-7.4536 310.789227367
-7.44859733333 310.853705082
-7.44359466667 310.832226057
-7.438592 310.892086061
-7.43358933333 310.873162413
-7.42858666667 310.922327891
-7.423584 310.866780212
-7.41858133333 310.920807134
-7.41357866667 310.880527129
-7.408576 310.962975737
-7.40357333333 310.905445139
-7.39857066667 310.93146892
-7.393568 310.877972141
-7.38856533333 310.966068568
-7.38356266667 310.931398447
-7.37856 311.00767479
-7.37355733333 310.924061516
-7.36855466667 310.984476011
-7.363552 310.964049024
-7.35854933333 311.05468005
-7.35354666667 310.99054116
-7.348544 311.062061089
-7.34354133333 311.042240328
-7.33853866667 311.107196356
-7.333536 311.021835601
-7.32853333333 311.122094068
-7.32353066667 311.124369367
-7.318528 311.199679665
-7.31352533333 311.148060755
-7.30852266667 311.234760886
-7.30352 311.193377078
-7.29851733333 311.244706423
-7.29351466667 311.212916103
-7.288512 311.309822561
-7.28350933333 311.278049875
-7.27850666667 311.349559355
-7.273504 311.318867772
-7.26850133333 311.424130502
-7.26349866667 311.397790449
-7.258496 311.445535874
-7.25349333333 311.44154371
-7.24849066667 311.576988394
-7.243488 311.449725098
-7.23848533333 311.56742196
-7.23348266667 311.500389046
-7.22848 311.592198023
-7.22347733333 311.564937468
-7.21847466667 311.580289975
-7.213472 311.527405957
-7.20846933333 311.655740964
-7.20346666667 311.602404576
-7.198464 311.688970256
-7.19346133333 311.647231444
-7.18845866667 311.763543759
-7.183456 311.723225033
-7.17845333333 311.737334422
-7.17345066667 311.734899778
-7.168448 311.8459062
-7.16344533333 311.773882484
-7.15844266667 311.859569759
-7.15344 311.795160688
-7.14843733333 311.93097565
-7.14343466667 311.898966252
-7.138432 311.982209365
-7.13342933333 311.949252677
-7.12842666667 312.038325504
-7.123424 312.008321229
-7.11842133333 312.082157724
-7.11341866667 312.008978223
-7.108416 312.124486294
-7.10341333333 312.056036442
-7.09841066667 312.148696963
-7.093408 312.08879928
-7.08840533333 312.188478455
-7.08340266667 312.146539306
-7.0784 312.248425008
-7.07339733333 312.210390426
-7.06839466667 312.317218179
-7.063392 312.299238707
-7.05838933333 312.370976762
-7.05338666667 312.339839325
-7.048384 312.435242996
-7.04338133333 312.435896221
-7.03837866667 312.532570414
-7.033376 312.470124431
-7.02837333333 312.563937397
-7.02337066667 312.575601581
-7.018368 312.639705942
-7.01336533333 312.602334091
-7.00836266667 312.714642174
-7.00336 312.676655556
-6.99835733333 312.753372889
-6.99335466667 312.717235523
-6.988352 312.824990082
-6.98334933333 312.774507967
-6.97834666667 312.861508454
-6.973344 312.826507093
-6.96834133333 312.948825916
-6.96333866667 312.868561968
-6.958336 312.995466576
-6.95333333333 312.968993917
-6.94833066667 313.075524621
-6.943328 313.045960013
-6.93832533333 313.068970347
-6.93332266667 313.071254633
-6.92832 313.135706062
-6.92331733333 313.043002206
-6.91831466667 313.08199738
-6.913312 313.02631673
-6.90830933333 313.041213338
-6.90330666667 312.97790159
-6.898304 313.055102935
-6.89330133333 312.98607611
-6.88829866667 313.069024957
-6.883296 313.002577537
-6.87829333333 313.030462587
-6.87329066667 312.998852273
-6.868288 313.069812745
-6.86328533333 312.96860394
-6.85828266667 313.080204514
-6.85328 313.038927351
-6.84827733333 313.121714182
-6.84327466667 313.052073462
-6.838272 313.122517528
-6.83326933333 313.066298893
-6.82826666667 313.169140809
-6.823264 313.089337712
-6.81826133333 313.146880014
-6.81325866667 313.116108352
-6.808256 313.188973097
-6.80325333333 313.101837489
-6.79825066667 313.189291647
-6.793248 313.161207105
-6.78824533333 313.23504567
-6.78324266667 313.108785334
-6.77824 313.185335756
-6.77323733333 313.106048457
-6.76823466667 313.211479652
-6.763232 313.16470602
-6.75822933333 313.211474112
-6.75322666667 313.194639941
-6.748224 313.261431276
-6.74322133333 313.192107029
-6.73821866667 313.276570528
-6.733216 313.24242144
-6.72821333333 313.32425049
-6.72321066667 313.305290213
-6.718208 313.33573307
-6.71320533333 313.278712053
-6.70820266667 313.416699268
-6.7032 313.428383138
-6.69819733333 313.543806188
-6.69319466667 313.512603178
-6.688192 313.6332655
-6.68318933333 313.59508525
-6.67818666667 313.682547334
-6.673184 313.712256164
-6.66818133333 313.7967324
-6.66317866667 313.777943996
-6.658176 313.833968235
-6.65317333333 313.745201129
-6.64817066667 313.811397279
-6.643168 313.792571472
-6.63816533333 313.858867892
-6.63316266667 313.857973971
-6.62816 313.904636571
-6.62315733333 313.85922626
-6.61815466667 313.934171
-6.613152 313.939848246
-6.60814933333 314.046794242
-6.60314666667 314.083215531
-6.598144 314.117975105
-6.59314133333 314.117177302
-6.58813866667 314.182078317
-6.583136 314.197364808
-6.57813333333 314.330340342
-6.57313066667 314.277394547
-6.568128 314.374763041
-6.56312533333 314.297003844
-6.55812266667 314.352958537
-6.55312 314.409712111
-6.54811733333 314.512067381
-6.54311466667 314.470765211
-6.538112 314.529598178
-6.53310933333 314.540294488
-6.52810666667 314.694606995
-6.523104 314.702704561
-6.51810133333 314.782544847
-6.51309866667 314.718311393
-6.508096 314.906272067
-6.50309333333 314.920136125
-6.49809066667 315.093695882
-6.493088 315.127769627
-6.48808533333 315.305290271
-6.48308266667 315.295225226
-6.47808 315.473611612
-6.47307733333 315.442630496
-6.46807466667 315.640590421
-6.463072 315.620506947
-6.45806933333 315.837256159
-6.45306666667 315.942037874
-6.448064 316.206757956
-6.44306133333 316.203182733
-6.43805866667 316.413804251
-6.433056 316.527499146
-6.42805333333 316.788694353
-6.42305066667 316.963948583
-6.418048 317.350498713
-6.41304533333 317.310365313
-6.40804266667 317.386099727
-6.40304 317.285173564
-6.39803733333 317.327133091
-6.39303466667 317.254790431
-6.388032 317.281333493
-6.38302933333 317.251943614
-6.37802666667 317.346124692
-6.373024 317.236722411
-6.36802133333 317.315914072
-6.36301866667 317.324770573
-6.358016 317.404857389
-6.35301333333 317.304619981
-6.34801066667 317.355482274
-6.343008 317.264503735
-6.33800533333 317.351936602
-6.33300266667 317.278510095
-6.328 317.318464543
-6.32299733333 317.223366026
-6.31799466667 317.296761166
-6.312992 317.223224046
-6.30798933333 317.29018451
-6.30298666667 317.257865836
-6.297984 317.371716838
-6.29298133333 317.319875957
-6.28797866667 317.47727592
-6.282976 317.394971714
-6.27797333333 317.449283616
-6.27297066667 317.408945945
-6.267968 317.473250557
-6.26296533333 317.432872258
-6.25796266667 317.42586479
-6.25296 317.321864964
-6.24795733333 317.425227686
-6.24295466667 317.373853885
-6.237952 317.430608074
-6.23294933333 317.356046184
-6.22794666667 317.401131408
-6.222944 317.356727462
-6.21794133333 317.391454352
-6.21293866667 317.266842125
-6.207936 317.375174884
-6.20293333333 317.281280044
-6.19793066667 317.319188695
-6.192928 317.208884594
-6.18792533333 317.175346099
-6.18292266667 317.135980975
-6.17792 317.175315598
-6.17291733333 317.054921794
-6.16791466667 317.146202192
-6.162912 317.042826627
-6.15790933333 317.062802584
-6.15290666667 316.991652739
-6.147904 317.000274382
-6.14290133333 316.936404573
-6.13789866667 317.000287637
-6.132896 316.922685146
-6.12789333333 316.965681093
-6.12289066667 316.915521833
-6.117888 316.97137741
-6.11288533333 316.910879002
-6.10788266667 316.949208866
-6.10288 316.84422972
-6.09787733333 316.910741141
-6.09287466667 316.800706102
-6.087872 316.872686263
-6.08286933333 316.800287802
-6.07786666667 316.856396801
-6.072864 316.769455218
-6.06786133333 316.784307482
-6.06285866667 316.653744483
-6.057856 316.674719595
-6.05285333333 316.596067224
-6.04785066667 316.634124598
-6.042848 316.572500169
-6.03784533333 316.570673744
-6.03284266667 316.465079497
-6.02784 316.517739133
-6.02283733333 316.372402751
-6.01783466667 316.410547498
-6.012832 316.302234787
-6.00782933333 316.339294089
-6.00282666667 316.258521621
-5.997824 316.248968908
-5.99282133333 316.164086931
-5.98781866667 316.232703739
-5.982816 316.122719502
-5.97781333333 316.123766555
-5.97281066667 315.99112827
-5.967808 316.039497199
-5.96280533333 315.939522178
-5.95780266667 315.95794554
-5.9528 315.827906877
-5.94779733333 315.884830197
-5.94279466667 315.775365158
-5.937792 315.735705873
-5.93278933333 315.620251944
-5.92778666667 315.686616292
-5.922784 315.571400771
-5.91778133333 315.577449138
-5.91277866667 315.458685492
-5.907776 315.493237776
-5.90277333333 315.413023033
-5.89777066667 315.47297206
-5.892768 315.349324749
-5.88776533333 315.398242851
-5.88276266667 315.291433244
-5.87776 315.313225752
-5.87275733333 315.163877046
-5.86775466667 315.205516015
-5.862752 315.131124468
-5.85774933333 315.184384179
-5.85274666667 315.050530922
-5.847744 315.064838708
-5.84274133333 314.92945214
-5.83773866667 314.960718232
-5.832736 314.867029636
-5.82773333333 314.917109308
-5.82273066667 314.857397203
-5.817728 314.870281758
-5.81272533333 314.787209242
-5.80772266667 314.85286513
-5.80272 314.789287604
-5.79771733333 314.868959005
-5.79271466667 314.793452124
-5.787712 314.832235048
-5.78270933333 314.735703443
-5.77770666667 314.817198197
-5.772704 314.75842066
-5.76770133333 314.810211143
-5.76269866667 314.759384985
-5.757696 314.792567675
-5.75269333333 314.729766767
-5.74769066667 314.829438415
-5.742688 314.763243157
-5.73768533333 314.885060699
-5.73268266667 314.828244595
-5.72768 314.845020381
-5.72267733333 314.816460857
-5.71767466667 314.838642406
-5.712672 314.822000333
-5.70766933333 314.915832548
-5.70266666667 314.900229095
-5.697664 314.932690777
-5.69266133333 314.886301547
-5.68765866667 314.976400747
-5.682656 314.949893052
-5.67765333333 315.05091717
-5.67265066667 315.038134493
-5.667648 315.131236844
-5.66264533333 315.045400681
-5.65764266667 315.0684886
-5.65264 315.040704769
-5.64763733333 315.069454602
-5.64263466667 314.976276595
-5.637632 314.987997623
-5.63262933333 314.954072933
-5.62762666667 315.05890168
-5.622624 314.994718183
-5.61762133333 314.978873025
-5.61261866667 314.91805709
-5.607616 315.015623731
-5.60261333333 314.969611677
-5.59761066667 315.011729679
-5.592608 314.912108615
-5.58760533333 314.9631494
-5.58260266667 314.939184958
-5.5776 314.980520527
-5.57259733333 314.913905152
-5.56759466667 315.00763949
-5.562592 314.894290347
-5.55758933333 314.983634437
-5.55258666667 314.930770976
-5.547584 314.954499832
-5.54258133333 314.843982587
-5.53757866667 314.937846817
-5.532576 314.891498508
-5.52757333333 314.96428744
-5.52257066667 314.893243685
-5.517568 314.924278803
-5.51256533333 314.849212177
-5.50756266667 314.87734357
-5.50256 314.822528193
-5.49755733333 314.897168583
-5.49255466667 314.844213247
-5.487552 314.855240003
-5.48254933333 314.781522961
-5.47754666667 314.777168188
-5.472544 314.713276548
-5.46754133333 314.775689071
-5.46253866667 314.724831754
-5.457536 314.797374
-5.45253333333 314.71544226
-5.44753066667 314.762325657
-5.442528 314.723500951
-5.43752533333 314.735341284
-5.43252266667 314.754155176
-5.42752 314.828461819
-5.42251733333 314.771662172
-5.41751466667 314.82315306
-5.412512 314.756445269
-5.40750933333 314.822534165
-5.40250666667 314.814722563
-5.397504 314.836266133
-5.39250133333 314.810263173
-5.38749866667 314.8505051
-5.382496 314.81904523
-5.37749333333 314.872640359
-5.37249066667 314.824512649
-5.367488 314.943126471
-5.36248533333 314.867062767
-5.35748266667 314.96136424
-5.35248 314.879157638
-5.34747733333 314.92948344
-5.34247466667 314.857596542
-5.337472 314.928667262
-5.33246933333 314.882198497
-5.32746666667 314.945283771
-5.322464 314.867163118
-5.31746133333 314.892705695
-5.31245866667 314.840140707
-5.307456 314.901126793
-5.30245333333 314.89661767
-5.29745066667 314.944400461
-5.292448 314.886823635
-5.28744533333 314.95632341
-5.28244266667 314.915781223
-5.27744 315.017259629
-5.27243733333 314.957727319
-5.26743466667 315.034636309
-5.262432 315.007914991
-5.25742933333 315.023337261
-5.25242666667 314.991324202
-5.247424 315.028795026
-5.24242133333 315.003797049
-5.23741866667 315.022438945
-5.232416 314.94385072
-5.22741333333 315.049273486
-5.22241066667 314.931181691
-5.217408 314.961728988
-5.21240533333 314.885109277
-5.20740266667 314.981800282
-5.2024 314.928163052
-5.19739733333 314.968242088
-5.19239466667 314.903962306
-5.187392 314.913980152
-5.18238933333 314.890463002
-5.17738666667 314.900258983
-5.172384 314.80514227
-5.16738133333 314.869086871
-5.16237866667 314.778358084
-5.157376 314.764763079
-5.15237333333 314.673176349
-5.14737066667 314.716480661
-5.142368 314.630142809
-5.13736533333 314.642288137
-5.13236266667 314.53892363
-5.12736 314.572956703
-5.12235733333 314.468681989
-5.11735466667 314.477073859
-5.112352 314.344612211
-5.10734933333 314.374601849
-5.10234666667 314.266570171
-5.097344 314.259992768
-5.09234133333 314.193625628
-5.08733866667 314.223749059
-5.082336 314.101710097
-5.07733333333 314.125974751
-5.07233066667 314.058020277
-5.067328 314.094526901
-5.06232533333 314.039214402
-5.05732266667 314.075657193
-5.05232 314.011280139
-5.04731733333 314.029454766
-5.04231466667 313.94907135
-5.037312 313.970717136
-5.03230933333 313.920247331
-5.02730666667 313.978490341
-5.022304 313.918192335
-5.01730133333 313.937478309
-5.01229866667 313.911319321
-5.007296 313.945091438
-5.00229333333 313.920412387
-4.99729066667 313.934966163
-4.992288 313.914180013
-4.98728533333 313.905333729
-4.98228266667 313.854919375
-4.97728 313.932175583
-4.97227733333 313.880954073
-4.96727466667 313.968989375
-4.962272 313.915852921
-4.95726933333 313.95792328
-4.95226666667 313.950215152
-4.947264 313.976388829
-4.94226133333 313.908193683
-4.93725866667 313.970886747
-4.932256 313.867429641
-4.92725333333 313.886740595
-4.92225066667 313.825701111
-4.917248 313.814161524
-4.91224533333 313.810722372
-4.90724266667 313.884570523
-4.90224 313.882868526
-4.89723733333 313.952598736
-4.89223466667 313.952946783
-4.887232 314.097483905
-4.88222933333 314.089447376
-4.87722666667 314.113602382
-4.872224 314.14452807
-4.86722133333 314.202703066
-4.86221866667 314.192436708
-4.857216 314.19534087
-4.85221333333 314.222078054
-4.84721066667 314.296283632
-4.842208 314.235730781
-4.83720533333 314.288940021
-4.83220266667 314.184320955
-4.8272 314.261797501
-4.82219733333 314.153556325
-4.81719466667 314.21970502
-4.812192 314.122358485
-4.80718933333 313.957918184
-4.80218666667 313.563245523
-4.797184 313.246268513
-4.79218133333 312.795869141
-4.78717866667 312.442698935
-4.782176 312.042986146
-4.77717333333 311.681805915
-4.77217066667 311.309369038
-4.767168 311.099815853
-4.76216533333 310.711936232
-4.75716266667 310.467137636
-4.75216 310.217207402
-4.74715733333 310.068565282
-4.74215466667 309.867879766
-4.737152 309.746756577
-4.73214933333 309.498578886
-4.72714666667 309.349197446
-4.722144 309.100212415
-4.71714133333 308.971334776
-4.71213866667 308.807539044
-4.707136 308.721970754
-4.70213333333 308.554385473
-4.69713066667 308.49560011
-4.692128 308.348665861
-4.68712533333 308.333633134
-4.68212266667 308.203834914
-4.67712 308.190462934
-4.67211733333 308.093266564
-4.66711466667 308.11333283
-4.662112 308.072005135
-4.65710933333 308.106909224
-4.65210666667 308.007959325
-4.647104 308.063425492
-4.64210133333 307.960367679
-4.63709866667 307.886651858
-4.632096 307.824761154
-4.62709333333 307.862760655
-4.62209066667 307.784649176
-4.617088 307.726084363
-4.61208533333 307.699459157
-4.60708266667 307.717328572
-4.60208 307.631389343
-4.59707733333 307.599013408
-4.59207466667 307.567938669
-4.587072 307.654718279
-4.58206933333 307.569008702
-4.57706666667 307.581773342
-4.572064 307.457220045
-4.56706133333 307.549127257
-4.56205866667 307.514301527
-4.557056 307.553830985
-4.55205333333 307.451434551
-4.54705066667 307.457584266
-4.542048 307.370100726
-4.53704533333 307.322401027
-4.53204266667 307.284862563
-4.52704 307.236407659
-4.52203733333 307.066410008
-4.51703466667 306.982619747
-4.512032 306.881596422
-4.50702933333 306.820774059
-4.50202666667 306.590848264
-4.497024 306.460075437
-4.49202133333 306.316016415
-4.48701866667 306.219029041
-4.482016 306.109784007
-4.47701333333 306.069746973
-4.47201066667 305.933544058
-4.467008 305.903100308
-4.46200533333 305.782846454
-4.45700266667 305.74288255
-4.452 305.565661647
-4.44699733333 305.521677587
-4.44199466667 305.350147247
-4.436992 305.295292943
-4.43198933333 305.126926292
-4.42698666667 305.037208737
-4.421984 304.809136154
-4.41698133333 304.73024735
-4.41197866667 304.54963464
-4.406976 304.526460042
-4.40197333333 304.433386027
-4.39697066667 304.333458296
-4.391968 304.271208192
-4.38696533333 304.269594183
-4.38196266667 304.095557381
-4.37696 304.123042445
-4.37195733333 303.963028246
-4.36695466667 303.943094343
-4.361952 303.847561091
-4.35694933333 303.875321957
-4.35194666667 303.803403734
-4.346944 303.882634452
-4.34194133333 303.950216025
-4.33693866667 304.176015551
-4.331936 304.169380765
-4.32693333333 303.960591179
-4.32193066667 303.469077408
-4.316928 303.273599589
-4.31192533333 302.759553819
-4.30692266667 302.236033276
-4.30192 301.762377262
-4.29691733333 301.477862995
-4.29191466667 301.361135103
-4.286912 301.217468616
-4.28190933333 301.006394717
-4.27690666667 300.792632028
-4.271904 300.736143125
-4.26690133333 301.092165812
-4.26189866667 301.240173981
-4.256896 301.532530414
-4.25189333333 301.371368552
-4.24689066667 301.481245264
-4.241888 301.364518714
-4.23688533333 301.433964924
-4.23188266667 301.412318745
-4.22688 301.558403336
-4.22187733333 301.861019276
-4.21687466667 302.328282185
-4.211872 302.593592093
-4.20686933333 303.156054493
-4.20186666667 303.583043802
-4.196864 303.93443991
-4.19186133333 304.117654587
-4.18685866667 304.33876339
-4.181856 304.501335003
-4.17685333333 304.625716133
-4.17185066667 304.689779384
-4.166848 304.869692739
-4.16184533333 304.998217651
-4.15684266667 305.154280569
-4.15184 305.198684022
-4.14683733333 305.387997608
-4.14183466667 305.39576542
-4.136832 305.483293806
-4.13182933333 305.378873665
-4.12682666667 305.373646366
-4.121824 305.146877233
-4.11682133333 305.053275566
-4.11181866667 304.909143146
-4.106816 304.783750951
-4.10181333333 304.561707872
-4.09681066667 304.256233824
-4.091808 303.981210529
-4.08680533333 303.832059447
-4.08180266667 303.539319354
-4.0768 303.308240074
-4.07179733333 303.12733761
-4.06679466667 302.998865359
-4.061792 302.7784615
-4.05678933333 302.564463533
-4.05178666667 302.297097329
-4.046784 302.163333714
-4.04178133333 301.958550719
-4.03677866667 301.831744764
-4.031776 301.689094154
-4.02677333333 301.597765934
-4.02177066667 301.467913944
-4.016768 301.359404451
-4.01176533333 301.201418664
-4.00676266667 301.096737997
-4.00176 300.874861389
-3.99675733333 300.763481733
-3.99175466667 300.573645695
-3.986752 300.503300807
-3.98174933333 300.33349702
-3.97674666667 300.241772342
-3.971744 300.09584205
-3.96674133333 299.979267606
-3.96173866667 299.831076355
-3.956736 299.816299584
-3.95173333333 299.753073787
-3.94673066667 299.758975537
-3.941728 299.726103563
-3.93672533333 299.717006853
-3.93172266667 299.603390296
-3.92672 299.655400906
-3.92171733333 299.645181315
-3.91671466667 299.663189459
-3.911712 299.659243603
-3.90670933333 299.709218056
-3.90170666667 299.657586757
-3.896704 299.632387108
-3.89170133333 299.583549809
-3.88669866667 299.633842145
-3.881696 299.598963263
-3.87669333333 299.664639955
-3.87169066667 299.608632328
-3.866688 299.646550635
-3.86168533333 299.605049212
-3.85668266667 299.658048706
-3.85168 299.559188191
-3.84667733333 299.643419477
-3.84167466667 299.56582395
-3.836672 299.590760243
-3.83166933333 299.47380684
-3.82666666667 299.558388115
-3.821664 299.564921617
-3.81666133333 299.603593837
-3.81165866667 299.49081131
-3.806656 299.609399638
-3.80165333333 299.699402399
-3.79665066667 299.74420266
-3.791648 299.679289251
-3.78664533333 299.741669763
-3.78164266667 299.654873989
-3.77664 299.590814695
-3.77163733333 299.485582965
-3.76663466667 299.407876393
-3.761632 299.238196238
-3.75662933333 299.192689027
-3.75162666667 299.113467318
-3.746624 299.102557289
-3.74162133333 298.973957842
-3.73661866667 298.88987025
-3.731616 298.725416985
-3.72661333333 298.630650502
-3.72161066667 298.500834814
-3.716608 298.494135747
-3.71160533333 298.329190044
-3.70660266667 298.281047106
-3.7016 298.028463402
-3.69659733333 297.89917302
-3.69159466667 297.693168938
-3.686592 297.553589017
-3.68158933333 297.372420039
-3.67658666667 297.21107881
-3.671584 297.018315661
-3.66658133333 296.933912033
-3.66157866667 296.77463075
-3.656576 296.68767346
-3.65157333333 296.417597235
-3.64657066667 296.23002358
-3.641568 295.882121457
-3.63656533333 295.66183957
-3.63156266667 295.413029712
-3.62656 295.309690925
-3.62155733333 295.093181115
-3.61655466667 294.942812213
-3.611552 294.710081255
-3.60654933333 294.619002117
-3.60154666667 294.359541258
-3.596544 294.27652754
-3.59154133333 294.007486758
-3.58653866667 293.947358437
-3.581536 293.896599753
-3.57653333333 293.798944011
-3.57153066667 293.496468524
-3.566528 293.211489199
-3.56152533333 292.821672239
-3.55652266667 292.771985781
-3.55152 292.723925158
-3.54651733333 292.898752409
-3.54151466667 292.958505205
-3.536512 293.153090855
-3.53150933333 293.112317874
-3.52650666667 293.450530399
-3.521504 293.906497519
-3.51650133333 294.42950638
-3.51149866667 294.734516639
-3.506496 295.234536709
-3.50149333333 295.587754669
-3.49649066667 296.103146674
-3.491488 296.502954068
-3.48648533333 297.011200327
-3.48148266667 297.389877853
-3.47648 297.829524389
-3.47147733333 298.067135874
-3.46647466667 298.405976255
-3.461472 298.620638444
-3.45646933333 298.867220653
-3.45146666667 299.081770318
-3.446464 299.345436562
-3.44146133333 299.447945497
-3.43645866667 299.679143761
-3.431456 299.767913032
-3.42645333333 300.010250904
-3.42145066667 300.082559018
-3.416448 300.242502359
-3.41144533333 300.293375193
-3.40644266667 300.436739867
-3.40144 300.494115569
-3.39643733333 300.639761433
-3.39143466667 300.697763993
-3.386432 300.798159204
-3.38142933333 300.84805095
-3.37642666667 300.980063634
-3.371424 300.978846915
-3.36642133333 301.034249969
-3.36141866667 301.016812644
-3.356416 301.06265767
-3.35141333333 301.092738622
-3.34641066667 301.18254464
-3.341408 301.175944214
-3.33640533333 301.239464802
-3.33140266667 301.1201444
-3.3264 301.090001725
-3.32139733333 301.042823288
-3.31639466667 301.073552361
-3.311392 301.142994913
-3.30638933333 301.207237407
-3.30138666667 301.154185721
-3.296384 301.287188559
-3.29138133333 301.280454771
-3.28637866667 301.437966431
-3.281376 301.502918973
-3.27637333333 301.6208824
-3.27137066667 301.667968884
-3.266368 301.77717422
-3.26136533333 301.796807155
-3.25636266667 301.955388443
-3.25136 302.009515388
-3.24635733333 302.155802218
-3.24135466667 302.230493022
-3.236352 302.394439411
-3.23134933333 302.496351142
-3.22634666667 302.690293697
-3.221344 302.88461612
-3.21634133333 303.127403553
-3.21133866667 303.356936943
-3.206336 303.63904334
-3.20133333333 303.84069185
-3.19633066667 304.002231878
-3.191328 304.122111505
-3.18632533333 304.375003198
-3.18132266667 304.526997933
-3.17632 304.792139576
-3.17131733333 304.926010043
-3.16631466667 305.279008237
-3.161312 305.494259701
-3.15630933333 305.944563609
-3.15130666667 306.18753041
-3.146304 306.415425324
-3.14130133333 306.560427958
-3.13629866667 306.764586119
-3.131296 306.784358105
-3.12629333333 306.904844918
-3.12129066667 306.864100591
-3.116288 306.859471487
-3.11128533333 306.854566326
-3.10628266667 306.922766732
-3.10128 306.933617824
-3.09627733333 306.988639419
-3.09127466667 306.951503297
-3.086272 306.984918364
-3.08126933333 306.960737851
-3.07626666667 307.040220086
-3.071264 307.019829654
-3.06626133333 307.07699708
-3.06125866667 307.085704102
-3.056256 307.2034849
-3.05125333333 307.134542073
-3.04625066667 307.15873175
-3.041248 307.148992864
-3.03624533333 307.186596774
-3.03124266667 307.164033497
-3.02624 307.164989521
-3.02123733333 307.227759825
-3.01623466667 307.312615751
-3.011232 307.293746787
-3.00622933333 307.391108211
-3.00122666667 307.399197854
-2.996224 307.412670979
-2.99122133333 307.401973538
-2.98621866667 307.452148826
-2.981216 307.441616549
-2.97621333333 307.467109032
-2.97121066667 307.457010598
-2.966208 307.534398268
-2.96120533333 307.500609007
-2.95620266667 307.560357856
-2.9512 307.539420716
-2.94619733333 307.600636816
-2.94119466667 307.662351392
-2.936192 307.751546643
-2.93118933333 307.780978187
-2.92618666667 307.837159993
-2.921184 307.797865532
-2.91618133333 307.850758643
-2.91117866667 307.843616791
-2.906176 307.941008735
-2.90117333333 307.928808954
-2.89617066667 307.940192615
-2.891168 307.980390269
-2.88616533333 308.062877351
-2.88116266667 308.059751378
-2.87616 308.151400353
-2.87115733333 308.223552913
-2.86615466667 308.446105827
-2.861152 308.531501232
-2.85614933333 308.589497406
-2.85114666667 308.594484564
-2.846144 308.622579765
-2.84114133333 308.620287527
-2.83613866667 308.643674072
-2.831136 308.636752475
-2.82613333333 308.726948443
-2.82113066667 308.668591902
-2.816128 308.698932509
-2.81112533333 308.678653276
-2.80612266667 308.761368989
-2.80112 308.706802808
-2.79611733333 308.710212054
-2.79111466667 308.698121744
-2.786112 308.759914944
-2.78110933333 308.725038184
-2.77610666667 308.762700657
-2.771104 308.702071083
-2.76610133333 308.798425653
-2.76109866667 308.703977643
-2.756096 308.732335252
-2.75109333333 308.656776191
-2.74609066667 308.72466562
-2.741088 308.68036422
-2.73608533333 308.63348562
-2.73108266667 308.632473899
-2.72608 308.656214826
-2.72107733333 308.58607253
-2.71607466667 308.584520249
-2.711072 308.530286401
-2.70606933333 308.53089743
-2.70106666667 308.476506136
-2.696064 308.50864689
-2.69106133333 308.39928966
-2.68605866667 308.429355823
-2.681056 308.366215757
-2.67605333333 308.40572282
-2.67105066667 308.341179632
-2.666048 308.385325176
-2.66104533333 308.341503005
-2.65604266667 308.354823354
-2.65104 308.294620577
-2.64603733333 308.363117893
-2.64103466667 308.299104884
-2.636032 308.334336759
-2.63102933333 308.278288702
-2.62602666667 308.331749926
-2.621024 308.238116056
-2.61602133333 308.252963212
-2.61101866667 308.20957354
-2.606016 308.256196218
-2.60101333333 308.227713659
-2.59601066667 308.26012375
-2.591008 308.187922159
-2.58600533333 308.25810325
-2.58100266667 308.217531507
-2.576 308.241656383
-2.57099733333 308.209928046
-2.56599466667 308.230338761
-2.560992 308.200693442
-2.55598933333 308.182685811
-2.55098666667 308.151881408
-2.545984 308.190056195
-2.54098133333 308.169546815
-2.53597866667 308.210113546
-2.530976 308.157766066
-2.52597333333 308.198424063
-2.52097066667 308.12244774
-2.515968 308.134265925
-2.51096533333 308.114113402
-2.50596266667 308.143202046
-2.50096 308.113745026
-2.49595733333 308.163773809
-2.49095466667 308.098597596
-2.485952 308.179591341
-2.48094933333 308.1635811
-2.47594666667 308.180269503
-2.470944 308.121657607
-2.46594133333 308.183742242
-2.46093866667 308.096846432
-2.455936 308.169421098
-2.45093333333 308.103358256
-2.44593066667 308.194504626
-2.440928 308.122702858
-2.43592533333 308.163189642
-2.43092266667 308.065539128
-2.42592 308.112749625
-2.42091733333 308.062350596
-2.41591466667 308.124110745
-2.410912 308.049169528
-2.40590933333 308.082502094
-2.40090666667 308.024166287
-2.395904 308.072904785
-2.39090133333 308.01892237
-2.38589866667 308.117544628
-2.380896 308.058022689
-2.37589333333 308.087380677
-2.37089066667 308.012793394
-2.365888 308.043268223
-2.36088533333 308.00264678
-2.35588266667 308.070435497
-2.35088 307.964115748
-2.34587733333 308.051064269
-2.34087466667 308.000883581
-2.335872 308.032305787
-2.33086933333 307.98351585
-2.32586666667 308.014121671
-2.320864 308.004266369
-2.31586133333 308.040989331
-2.31085866667 307.982005195
-2.305856 308.010105322
-2.30085333333 308.011129771
-2.29585066667 308.021553
-2.290848 307.981957815
-2.28584533333 308.044686833
-2.28084266667 307.984310114
-2.27584 307.984837916
-2.27083733333 307.943626
-2.26583466667 308.02325586
-2.260832 307.981131483
-2.25582933333 308.059643304
-2.25082666667 308.027882797
-2.245824 308.072209625
-2.24082133333 308.028490575
-2.23581866667 308.06058637
-2.230816 307.998492032
-2.22581333333 308.030709657
-2.22081066667 308.013738142
-2.215808 308.060522986
-2.21080533333 308.017976475
-2.20580266667 308.047920548
-2.2008 308.006897933
-2.19579733333 308.10199007
-2.19079466667 308.036775256
-2.185792 308.103501096
-2.18078933333 308.048100314
-2.17578666667 308.123884735
-2.170784 308.094547404
-2.16578133333 308.150443686
-2.16077866667 308.127124486
-2.155776 308.166526018
-2.15077333333 308.127764363
-2.14577066667 308.196312107
-2.140768 308.158360251
-2.13576533333 308.226694835
-2.13076266667 308.20169769
-2.12576 308.243567961
-2.12075733333 308.195961293
-2.11575466667 308.210855849
-2.110752 308.209779224
-2.10574933333 308.236915472
-2.10074666667 308.242613952
-2.095744 308.217448287
-2.09074133333 308.178871479
-2.08573866667 308.241748094
-2.080736 308.190987797
-2.07573333333 308.210301315
-2.07073066667 308.164231352
-2.065728 308.182207539
-2.06072533333 308.148893344
-2.05572266667 308.156364686
-2.05072 308.087848715
-2.04571733333 308.16255851
-2.04071466667 308.092319677
-2.035712 308.116475884
-2.03070933333 308.067606279
-2.02570666667 308.080737823
-2.020704 308.041685826
-2.01570133333 308.063457952
-2.01069866667 308.055318927
-2.005696 308.065170093
-2.00069333333 308.029315296
-1.99569066667 308.053554504
-1.990688 308.022643936
-1.98568533333 308.110899934
-1.98068266667 308.046880421
-1.97568 308.121370372
-1.97067733333 308.035239781
-1.96567466667 308.100196719
-1.960672 308.041062338
-1.95566933333 308.07326787
-1.95066666667 308.044135541
-1.945664 308.108511053
-1.94066133333 308.096478534
-1.93565866667 308.092259705
-1.930656 308.016461019
-1.92565333333 308.116264532
-1.92065066667 308.064837199
-1.915648 308.085218192
-1.91064533333 308.058360731
-1.90564266667 308.080459871
-1.90064 308.037666694
-1.89563733333 308.056424124
-1.89063466667 307.977750618
-1.885632 308.091174062
-1.88062933333 308.06629406
-1.87562666667 308.065197919
-1.870624 308.052439188
-1.86562133333 308.049623522
-1.86061866667 308.042849637
-1.855616 308.056410315
-1.85061333333 308.011705687
-1.84561066667 308.107161322
-1.840608 308.021522631
-1.83560533333 308.091574093
-1.83060266667 308.050025204
-1.8256 308.114118489
-1.82059733333 308.062719129
-1.81559466667 308.102973039
-1.810592 308.045156807
-1.80558933333 308.100086668
-1.80058666667 308.084230758
-1.795584 308.098212376
-1.79058133333 308.056632929
-1.78557866667 308.106617828
-1.780576 308.093109968
-1.77557333333 308.059883808
-1.77057066667 308.032130816
-1.765568 308.085154144
-1.76056533333 308.07253242
-1.75556266667 308.059150134
-1.75056 308.014368672
-1.74555733333 308.088016571
-1.74055466667 308.010690935
-1.735552 308.048285522
-1.73054933333 307.988793449
-1.72554666667 308.011853684
-1.720544 307.997032208
-1.71554133333 307.951886801
-1.71053866667 307.920462605
-1.705536 307.962300203
-1.70053333333 307.930182444
-1.69553066667 307.912286404
-1.690528 307.859994025
-1.68552533333 307.879332148
-1.68052266667 307.8225446
-1.67552 307.810862868
-1.67051733333 307.764456807
-1.66551466667 307.805610553
-1.660512 307.732075142
-1.65550933333 307.683749965
-1.65050666667 307.67563469
-1.645504 307.695612176
-1.64050133333 307.636035833
-1.63549866667 307.647431608
-1.630496 307.606448248
-1.62549333333 307.618201996
-1.62049066667 307.581465003
-1.615488 307.576194299
-1.61048533333 307.541956913
-1.60548266667 307.570796298
-1.60048 307.499022573
-1.59547733333 307.481470667
-1.59047466667 307.472632925
-1.585472 307.47594159
-1.58046933333 307.448141613
-1.57546666667 307.466797809
-1.570464 307.413439379
-1.56546133333 307.421380236
-1.56045866667 307.361391274
-1.555456 307.399249285
-1.55045333333 307.355524936
-1.54545066667 307.423331028
-1.540448 307.361086515
-1.53544533333 307.368974314
-1.53044266667 307.33915309
-1.52544 307.372925609
-1.52043733333 307.321414532
-1.51543466667 307.331800516
-1.510432 307.309620006
-1.50542933333 307.352293887
-1.50042666667 307.287238098
-1.495424 307.306327272
-1.49042133333 307.289195876
-1.48541866667 307.334143826
-1.480416 307.284153079
-1.47541333333 307.326720263
-1.47041066667 307.263785467
-1.465408 307.306756355
-1.46040533333 307.241617723
-1.45540266667 307.258675807
-1.4504 307.244328958
-1.44539733333 307.29962599
-1.44039466667 307.230406676
-1.435392 307.267519644
-1.43038933333 307.238800786
-1.42538666667 307.268481525
-1.420384 307.2537952
-1.41538133333 307.282892625
-1.41037866667 307.218000654
-1.405376 307.260185956
-1.40037333333 307.210984843
-1.39537066667 307.202293532
-1.390368 307.15286635
-1.38536533333 307.187539975
-1.38036266667 307.16894072
-1.37536 307.13147523
-1.37035733333 307.062596783
-1.36535466667 307.110346419
-1.360352 307.074404292
-1.35534933333 307.064998359
-1.35034666667 306.99889331
-1.345344 307.01410985
-1.34034133333 306.93424999
-1.33533866667 306.960884992
-1.330336 306.919718516
-1.32533333333 306.966774814
-1.32033066667 306.910832456
-1.315328 306.923049885
-1.31032533333 306.87931029
-1.30532266667 306.936571442
-1.30032 306.93104253
-1.29531733333 306.948009691
-1.29031466667 306.955398721
-1.285312 306.985900079
-1.28030933333 306.977605597
-1.27530666667 306.995036132
-1.270304 306.977341561
-1.26530133333 307.04487067
-1.26029866667 307.039876353
-1.255296 307.083152265
-1.25029333333 307.016552923
-1.24529066667 307.08677324
-1.240288 307.065600837
-1.23528533333 307.11990265
-1.23028266667 307.107718498
-1.22528 307.158128052
-1.22027733333 307.155725256
-1.21527466667 307.19198781
-1.210272 307.179063423
-1.20526933333 307.255034294
-1.20026666667 307.265824333
-1.195264 307.266926046
-1.19026133333 307.235988816
-1.18525866667 307.263772981
-1.180256 307.293987481
-1.17525333333 307.359321519
-1.17025066667 307.342277976
-1.165248 307.380541449
-1.16024533333 307.338493067
-1.15524266667 307.371199663
-1.15024 307.359071424
-1.14523733333 307.416056089
-1.14023466667 307.385314251
-1.135232 307.408816702
-1.13022933333 307.407269316
-1.12522666667 307.438655774
-1.120224 307.42601862
-1.11522133333 307.445641754
-1.11021866667 307.437877538
-1.105216 307.501467721
-1.10021333333 307.466854795
-1.09521066667 307.451795359
-1.090208 307.435945865
-1.08520533333 307.511761656
-1.08020266667 307.523415003
-1.0752 307.559959627
-1.07019733333 307.546028851
-1.06519466667 307.628018751
-1.060192 307.608638854
-1.05518933333 307.689710641
-1.05018666667 307.65984089
-1.045184 307.737677091
-1.04018133333 307.754314451
-1.03517866667 307.840170329
-1.030176 307.817361793
-1.02517333333 307.920708245
-1.02017066667 307.930895345
-1.015168 307.996372755
-1.01016533333 307.961986872
-1.00516266667 308.059029478
-1.00016 308.091297908
-0.995157333333 308.132466435
-0.990154666667 308.165996997
-0.985152 308.260245259
-0.980149333333 308.264348093
-0.975146666667 308.28702393
-0.970144 308.269290122
-0.965141333333 308.347793123
-0.960138666667 308.395698066
-0.955136 308.431597719
-0.950133333333 308.411049158
-0.945130666667 308.453034854
-0.940128 308.432468183
-0.935125333333 308.519369094
-0.930122666667 308.488892
-0.92512 308.580504214
-0.920117333333 308.539950261
-0.915114666667 308.598418936
-0.910112 308.551182335
-0.905109333333 308.632972307
-0.900106666667 308.579604866
-0.895104 308.674984902
-0.890101333333 308.629626624
-0.885098666667 308.695537535
-0.880096 308.686025738
-0.875093333333 308.696293534
-0.870090666667 308.710558942
-0.865088 308.822186519
-0.860085333333 308.79317739
-0.855082666667 308.902574363
-0.85008 308.857229374
-0.845077333333 308.885678827
-0.840074666667 308.883006222
-0.835072 308.911054391
-0.830069333333 308.908497502
-0.825066666667 309.022012069
-0.820064 308.971286997
-0.815061333333 309.009036987
-0.810058666667 309.009079346
-0.805056 309.095000322
-0.800053333333 309.094377224
-0.795050666667 309.129105823
-0.790048 309.137722289
-0.785045333333 309.228927222
-0.780042666667 309.217938934
-0.77504 309.284854144
-0.770037333333 309.283980964
-0.765034666667 309.356514125
-0.760032 309.358438577
-0.755029333333 309.394248257
-0.750026666667 309.351711747
-0.745024 309.436540767
-0.740021333333 309.429341607
-0.735018666667 309.425631232
-0.730016 309.429667285
-0.725013333333 309.500494463
-0.720010666667 309.471493332
-0.715008 309.476934487
-0.710005333333 309.487793752
-0.705002666667 309.537847546
-0.7 309.5267169
-0.694997333333 309.581019063
-0.689994666667 309.508426295
-0.684992 309.570100485
-0.679989333333 309.555588161
-0.674986666667 309.615876754
-0.669984 309.558434522
-0.664981333333 309.590526436
-0.659978666667 309.550691429
-0.654976 309.596268591
-0.649973333333 309.526573988
-0.644970666667 309.534089052
-0.639968 309.523431531
-0.634965333333 309.52363079
-0.629962666667 309.473303933
-0.62496 309.457803742
-0.619957333333 309.413782815
-0.614954666667 309.445235688
-0.609952 309.405200633
-0.604949333333 309.452193655
-0.599946666667 309.37440537
-0.594944 309.404714492
-0.589941333333 309.385829411
-0.584938666667 309.429618529
-0.579936 309.403200009
-0.574933333333 309.399126038
-0.569930666667 309.419109884
-0.564928 309.431911945
-0.559925333333 309.451197987
-0.554922666667 309.469144174
-0.54992 309.460679831
-0.544917333333 309.476884364
-0.539914666667 309.459615385
-0.534912 309.513405387
-0.529909333333 309.453996527
-0.524906666667 309.521376489
-0.519904 309.54558975
-0.514901333333 309.587442208
-0.509898666667 309.511797701
-0.504896 309.562713946
-0.499893333333 309.507960206
-0.494890666667 309.528524117
-0.489888 309.506031502
-0.484885333333 309.544521428
-0.479882666667 309.511723419
-0.47488 309.512086019
-0.469877333333 309.507386805
-0.464874666667 309.531910753
-0.459872 309.506629763
-0.454869333333 309.50460821
-0.449866666667 309.494504073
-0.444864 309.524733581
-0.439861333333 309.458654989
-0.434858666667 309.516874405
-0.429856 309.488740393
-0.424853333333 309.507366188
-0.419850666667 309.460190694
-0.414848 309.487968466
-0.409845333333 309.476250454
-0.404842666667 309.530473616
-0.39984 309.469740233
-0.394837333333 309.540725457
-0.389834666667 309.480957461
-0.384832 309.544582558
-0.379829333333 309.47836396
-0.374826666667 309.453590869
-0.369824 309.462117062
-0.364821333333 309.484726649
-0.359818666667 309.464669427
-0.354816 309.463229801
-0.349813333333 309.416619982
-0.344810666667 309.438743636
-0.339808 309.440815096
-0.334805333333 309.460689339
-0.329802666667 309.418660828
-0.3248 309.443328638
-0.319797333333 309.419977191
-0.314794666667 309.384716054
-0.309792 309.430671611
-0.304789333333 309.465041109
-0.299786666667 309.423954472
-0.294784 309.452502664
-0.289781333333 309.387689288
-0.284778666667 309.426107729
-0.279776 309.390013326
-0.274773333333 309.454181153
-0.269770666667 309.415851568
-0.264768 309.453303944
-0.259765333333 309.415236402
-0.254762666667 309.410922287
-0.24976 309.374705029
-0.244757333333 309.391650444
-0.239754666667 309.393902596
-0.234752 309.407074766
-0.229749333333 309.353787396
-0.224746666667 309.38398952
-0.219744 309.38546446
-0.214741333333 309.381628003
-0.209738666667 309.386220623
-0.204736 309.422808069
-0.199733333333 309.424746717
-0.194730666667 309.424678275
-0.189728 309.401176551
-0.184725333333 309.452329589
-0.179722666667 309.457437344
-0.17472 309.479941662
-0.169717333333 309.465909762
-0.164714666667 309.542699419
-0.159712 309.494070388
-0.154709333333 309.593212479
-0.149706666667 309.543908473
-0.144704 309.600058541
-0.139701333333 309.606377953
-0.134698666667 309.668107612
-0.129696 309.656430448
-0.124693333333 309.690785657
-0.119690666667 309.664656858
-0.114688 309.6709088
-0.109685333333 309.71211803
-0.104682666667 309.763844201
-0.09968 309.735629262
-0.0946773333333 309.770114965
-0.0896746666667 309.73924627
-0.084672 309.823953683
-0.0796693333333 309.835133318
-0.0746666666667 309.841311758
-0.069664 309.859204326
-0.0646613333333 309.928995175
-0.0596586666667 309.894776071
-0.054656 309.954411306
-0.0496533333333 309.962003714
-0.0446506666667 310.029487939
-0.039648 310.034513409
-0.0346453333333 310.07401223
-0.0296426666667 310.06293282
-0.02464 310.189596219
-0.0196373333333 310.149999746
-0.0146346666667 310.230611059
-0.009632 310.183748046
-0.00462933333333 310.287789177
