-9.99995733333 455.35948964
-9.99495466667 455.579808088
-9.989952 455.983991837
-9.98494933333 456.212093713
-9.97994666667 456.595204424
-9.974944 456.697884175
-9.96994133333 456.988110957
-9.96493866667 457.106382404
-9.959936 457.569708137
-9.95493333333 457.69093274
-9.94993066667 458.136847218
-9.944928 458.259969662
-9.93992533333 458.808465694
-9.93492266667 459.032200649
-9.92992 459.345328721
-9.92491733333 459.369352169
-9.91991466667 459.647519611
-9.914912 459.594861958
-9.90990933333 459.938515621
-9.90490666667 460.065872134
-9.899904 460.431709325
-9.89490133333 460.363137826
-9.88989866667 460.633797983
-9.884896 460.617672247
-9.87989333333 460.946052238
-9.87489066667 460.730810366
-9.869888 460.806793264
-9.86488533333 460.526114244
-9.85988266667 460.343243751
-9.85488 459.910618731
-9.84987733333 459.774118124
-9.84487466667 459.488539619
-9.839872 459.473709835
-9.83486933333 459.083179303
-9.82986666667 458.987435185
-9.824864 458.802996591
-9.81986133333 458.812872271
-9.81485866667 458.501831425
-9.809856 458.432638434
-9.80485333333 458.110789528
-9.79985066667 457.760723557
-9.794848 456.905606783
-9.78984533333 456.305216207
-9.78484266667 456.117147043
-9.77984 456.792905072
-9.77483733333 456.84691145
-9.76983466667 457.202305964
-9.764832 457.676252592
-9.75982933333 458.48054301
-9.75482666667 459.105043031
-9.749824 459.818128312
-9.74482133333 459.938936449
-9.73981866667 459.993339134
-9.734816 460.124021952
-9.72981333333 460.401175013
-9.72481066667 460.299377959
-9.719808 460.462855215
-9.71480533333 460.247867004
-9.70980266667 459.929741041
-9.7048 459.974328936
-9.69979733333 459.980178111
-9.69479466667 459.875070254
-9.689792 459.629163229
-9.68478933333 459.399626831
-9.67978666667 459.043870313
-9.674784 458.469023522
-9.66978133333 458.207607319
-9.66477866667 457.595645338
-9.659776 457.297346577
-9.65477333333 456.6195615
-9.64977066667 456.690247147
-9.644768 456.391097338
-9.63976533333 456.562206949
-9.63476266667 456.290442236
-9.62976 456.591302964
-9.62475733333 456.354959933
-9.61975466667 456.285494724
-9.614752 455.766825742
-9.60974933333 455.541028427
-9.60474666667 455.037389661
-9.599744 454.864277577
-9.59474133333 454.433376546
-9.58973866667 454.348336038
-9.584736 454.234718223
-9.57973333333 454.185473697
-9.57473066667 454.083329419
-9.569728 454.011860889
-9.56472533333 454.156872098
-9.55972266667 454.127498097
-9.55472 454.175645066
-9.54971733333 454.020260121
-9.54471466667 454.140101331
-9.539712 454.301476532
-9.53470933333 454.289961374
-9.52970666667 454.527018145
-9.524704 454.510822371
-9.51970133333 454.747509446
-9.51469866667 454.806577194
-9.509696 455.051033624
-9.50469333333 454.874800803
-9.49969066667 454.660592292
-9.494688 454.266322134
-9.48968533333 454.142964501
-9.48468266667 453.608129673
-9.47968 453.285183888
-9.47467733333 452.313579884
-9.46967466667 451.25130895
-9.464672 449.782776448
-9.45966933333 448.75049374
-9.45466666667 447.507749315
-9.449664 446.373777414
-9.44466133333 445.231162402
-9.43965866667 444.470603991
-9.434656 442.993488344
-9.42965333333 441.441096843
-9.42465066667 439.34877715
-9.419648 437.838889997
-9.41464533333 435.517217715
-9.40964266667 433.547934881
-9.40464 431.823804966
-9.39963733333 430.466477914
-9.39463466667 429.050963062
-9.389632 428.220084981
-9.38462933333 427.00295946
-9.37962666667 425.816246162
-9.374624 424.705001172
-9.36962133333 423.941740251
-9.36461866667 423.006320005
-9.359616 422.497883091
-9.35461333333 421.886788027
-9.34961066667 421.596158789
-9.344608 421.138560096
-9.33960533333 420.853671078
-9.33460266667 420.31030088
-9.3296 420.072977704
-9.32459733333 419.661006395
-9.31959466667 419.482454811
-9.314592 419.119237911
-9.30958933333 418.820309718
-9.30458666667 418.641331113
-9.299584 418.555956
-9.29458133333 418.375653754
-9.28957866667 418.33429773
-9.284576 418.430705596
-9.27957333333 418.771169025
-9.27457066667 419.084734588
-9.269568 419.733934413
-9.26456533333 420.52150679
-9.25956266667 421.833192321
-9.25456 423.04324033
-9.24955733333 424.272343775
-9.24455466667 425.60801563
-9.239552 427.126037005
-9.23454933333 428.489574566
-9.22954666667 429.752372934
-9.224544 430.949543842
-9.21954133333 432.284475742
-9.21453866667 433.356304675
-9.209536 434.465751146
-9.20453333333 435.208805425
-9.19953066667 436.308139637
-9.194528 436.943582509
-9.18952533333 438.073477739
-9.18452266667 438.832675143
-9.17952 439.908643325
-9.17451733333 440.985203109
-9.16951466667 442.163988664
-9.164512 443.205421406
-9.15950933333 444.807061559
-9.15450666667 446.497152736
-9.149504 447.583733615
-9.14450133333 448.009714601
-9.13949866667 448.554470901
-9.134496 448.678855361
-9.12949333333 449.054945644
-9.12449066667 449.046457529
-9.119488 449.097353158
-9.11448533333 448.97210589
-9.10948266667 448.983680614
-9.10448 448.859996013
-9.09947733333 448.990638352
-9.09447466667 448.755523991
-9.089472 448.794234372
-9.08446933333 448.506388121
-9.07946666667 448.548236269
-9.074464 448.112755547
-9.06946133333 448.041677961
-9.06445866667 447.805941803
-9.059456 447.624120449
-9.05445333333 447.364777891
-9.04945066667 447.35379284
-9.044448 447.064253508
-9.03944533333 446.994629577
-9.03444266667 446.649559361
-9.02944 446.588523592
-9.02443733333 446.311654851
-9.01943466667 446.263330065
-9.014432 445.949682966
-9.00942933333 445.941394596
-9.00442666667 445.670764247
-8.999424 445.59228649
-8.99442133333 445.290892534
-8.98941866667 445.297567395
-8.984416 444.956398057
-8.97941333333 444.917791937
-8.97441066667 444.736274602
-8.969408 444.86105364
-8.96440533333 444.610126511
-8.95940266667 444.689750507
-8.9544 444.463433221
-8.94939733333 444.686028194
-8.94439466667 444.706951115
-8.939392 444.887384855
-8.93438933333 444.799315952
-8.92938666667 444.993717088
-8.924384 444.982232167
-8.91938133333 445.09733611
-8.91437866667 445.04235636
-8.909376 445.084778856
-8.90437333333 444.949279918
-8.89937066667 445.132998783
-8.894368 445.039847796
-8.88936533333 445.200373125
-8.88436266667 445.172105348
-8.87936 445.401170072
-8.87435733333 445.431058622
-8.86935466667 445.590888982
-8.864352 445.638363565
-8.85934933333 445.853496135
-8.85434666667 445.854041479
-8.849344 446.058284195
-8.84434133333 445.991832144
-8.83933866667 446.051396734
-8.834336 445.857861648
-8.82933333333 445.844035738
-8.82433066667 445.483983599
-8.819328 445.460078037
-8.81432533333 445.05946716
-8.80932266667 445.06994183
-8.80432 445.101883511
-8.79931733333 445.226847799
-8.79431466667 445.011927854
-8.789312 445.123272402
-8.78430933333 444.982025267
-8.77930666667 445.109020727
-8.774304 444.888291434
-8.76930133333 445.001324989
-8.76429866667 444.864994594
-8.759296 444.859253899
-8.75429333333 444.665345617
-8.74929066667 444.761906668
-8.744288 444.549145234
-8.73928533333 444.679988403
-8.73428266667 444.511956381
-8.72928 444.593783039
-8.72427733333 444.446927472
-8.71927466667 444.534677363
-8.714272 444.368688945
-8.70926933333 444.377355174
-8.70426666667 444.213145585
-8.699264 444.283403444
-8.69426133333 444.128604754
-8.68925866667 444.257340409
-8.684256 444.166729555
-8.67925333333 444.252384253
-8.67425066667 444.214397779
-8.669248 444.300689638
-8.66424533333 444.235111487
-8.65924266667 444.446648346
-8.65424 444.277265441
-8.64923733333 444.41014227
-8.64423466667 444.277322008
-8.639232 444.423844464
-8.63422933333 444.156991925
-8.62922666667 444.215274496
-8.624224 444.144421955
-8.61922133333 444.074133349
-8.61421866667 443.859983145
-8.609216 443.85531332
-8.60421333333 443.587737471
-8.59921066667 443.470546239
-8.594208 442.968883548
-8.58920533333 442.785876218
-8.58420266667 442.276831276
-8.5792 442.099332811
-8.57419733333 441.48852275
-8.56919466667 441.002994287
-8.564192 440.474733641
-8.55918933333 440.478632034
-8.55418666667 440.248505346
-8.549184 440.416117208
-8.54418133333 440.943300175
-8.53917866667 441.714183357
-8.534176 440.824564701
-8.52917333333 438.866730208
-8.52417066667 437.969459628
-8.519168 438.203055158
-8.51416533333 438.189221121
-8.50916266667 438.664206954
-8.50416 439.02300237
-8.49915733333 440.176744431
-8.49415466667 440.702074996
-8.489152 440.647374753
-8.48414933333 440.303401575
-8.47914666667 440.236129999
-8.474144 439.869482737
-8.46914133333 439.844186944
-8.46413866667 439.689003793
-8.459136 439.709910611
-8.45413333333 439.355075972
-8.44913066667 439.259424783
-8.444128 438.931571176
-8.43912533333 438.886927409
-8.43412266667 438.612374115
-8.42912 438.620518805
-8.42411733333 438.437627557
-8.41911466667 438.674408434
-8.414112 438.648277515
-8.40910933333 438.705042042
-8.40410666667 438.450362837
-8.399104 438.593319771
-8.39410133333 438.542830672
-8.38909866667 438.741446157
-8.384096 438.742466425
-8.37909333333 439.012999264
-8.37409066667 438.969548601
-8.369088 439.179508033
-8.36408533333 439.184641105
-8.35908266667 439.488257422
-8.35408 439.512665861
-8.34907733333 439.880536115
-8.34407466667 439.990191311
-8.339072 440.310464198
-8.33406933333 440.405902552
-8.32906666667 440.766801401
-8.324064 440.843903008
-8.31906133333 441.064026738
-8.31405866667 440.959016356
-8.309056 441.17485059
-8.30405333333 441.027885231
-8.29905066667 441.178510519
-8.294048 441.123355953
-8.28904533333 441.36524558
-8.28404266667 441.417964833
-8.27904 441.901758555
-8.27403733333 441.809922338
-8.26903466667 441.977583956
-8.264032 441.984081829
-8.25902933333 442.134840768
-8.25402666667 441.847638256
-8.249024 442.055806571
-8.24402133333 442.097325881
-8.23901866667 442.28839608
-8.234016 442.220268194
-8.22901333333 442.387774645
-8.22401066667 442.447748959
-8.219008 442.664952451
-8.21400533333 442.5749258
-8.20900266667 442.829574976
-8.204 442.787799633
-8.19899733333 442.95960851
-8.19399466667 442.921025277
-8.188992 443.104925755
-8.18398933333 443.037536251
-8.17898666667 443.198916941
-8.173984 443.149312094
-8.16898133333 443.313270355
-8.16397866667 443.308720997
-8.158976 443.495847195
-8.15397333333 443.374172106
-8.14897066667 443.544930815
-8.143968 443.546441102
-8.13896533333 443.681862472
-8.13396266667 443.422641887
-8.12896 443.639769548
-8.12395733333 443.696073932
-8.11895466667 444.02383544
-8.113952 444.149380061
-8.10894933333 444.570219525
-8.10394666667 444.471076633
-8.098944 444.666868223
-8.09394133333 444.574578804
-8.08893866667 444.503685716
-8.083936 444.048691631
-8.07893333333 444.002042629
-8.07393066667 443.43028312
-8.068928 443.32044466
-8.06392533333 442.861787497
-8.05892266667 442.869265989
-8.05392 442.682616602
-8.04891733333 442.612704303
-8.04391466667 442.428136016
-8.038912 442.1088839
-8.03390933333 441.337304047
-8.02890666667 441.028082894
-8.023904 440.64591359
-8.01890133333 440.383851202
-8.01389866667 440.026020292
-8.008896 440.009552025
-8.00389333333 439.78909842
-7.99889066667 439.729472528
-7.993888 439.462209605
-7.98888533333 439.600532408
-7.98388266667 439.494699023
-7.97888 439.698701357
-7.97387733333 439.584107247
-7.96887466667 439.808360193
-7.963872 439.881973674
-7.95886933333 439.972046613
-7.95386666667 439.954493682
-7.948864 440.267020837
-7.94386133333 440.348363178
-7.93885866667 440.605862764
-7.933856 440.52196122
-7.92885333333 440.667964846
-7.92385066667 440.730156946
-7.918848 440.880539043
-7.91384533333 440.815903242
-7.90884266667 441.009247089
-7.90384 441.000139027
-7.89883733333 441.136549762
-7.89383466667 441.149658981
-7.888832 441.393298545
-7.88382933333 441.51006292
-7.87882666667 441.775561804
-7.873824 441.846809769
-7.86882133333 442.114070966
-7.86381866667 442.190973559
-7.858816 442.441230379
-7.85381333333 442.456921372
-7.84881066667 442.800027853
-7.843808 442.92238305
-7.83880533333 443.346332048
-7.83380266667 443.421951272
-7.8288 443.940553028
-7.82379733333 444.085118861
-7.81879466667 444.465819515
-7.813792 444.666965902
-7.80878933333 445.082200712
-7.80378666667 445.244480965
-7.798784 445.663415116
-7.79378133333 445.926621101
-7.78877866667 446.408746473
-7.783776 446.557189135
-7.77877333333 447.002243654
-7.77377066667 447.060066052
-7.768768 447.434548184
-7.76376533333 447.529926048
-7.75876266667 447.844564034
-7.75376 447.814674111
-7.74875733333 448.073726368
-7.74375466667 448.087868493
-7.738752 448.382090217
-7.73374933333 448.305027116
-7.72874666667 448.515873458
-7.723744 448.461321138
-7.71874133333 448.719209415
-7.71373866667 448.659096866
-7.708736 448.870073657
-7.70373333333 448.815666703
-7.69873066667 449.045413113
-7.693728 448.908804574
-7.68872533333 449.132666067
-7.68372266667 449.032346969
-7.67872 449.231461206
-7.67371733333 449.123020426
-7.66871466667 449.199091935
-7.663712 449.235086836
-7.65870933333 449.537691955
-7.65370666667 449.437403759
-7.648704 449.640383077
-7.64370133333 449.620983228
-7.63869866667 449.748266018
-7.633696 449.469316116
-7.62869333333 449.581500322
-7.62369066667 449.293333785
-7.618688 449.368505082
-7.61368533333 449.082247141
-7.60868266667 449.07749878
-7.60368 448.941906343
-7.59867733333 449.112742635
-7.59367466667 448.950167582
-7.588672 449.093289045
-7.58366933333 448.950708294
-7.57866666667 449.066002722
-7.573664 448.883423362
-7.56866133333 448.858696798
-7.56365866667 448.623196714
-7.558656 448.656024354
-7.55365333333 448.340811212
-7.54865066667 448.424704271
-7.543648 448.12467587
-7.53864533333 448.030851301
-7.53364266667 447.536459553
-7.52864 447.39683383
-7.52363733333 447.176718068
-7.51863466667 447.110154598
-7.513632 446.842819467
-7.50862933333 446.805300492
-7.50362666667 446.437502174
-7.498624 446.272932636
-7.49362133333 445.78275644
-7.48861866667 445.514855211
-7.483616 445.123279219
-7.47861333333 444.923729291
-7.47361066667 444.454184266
-7.468608 444.415508488
-7.46360533333 444.172890105
-7.45860266667 444.081143446
-7.4536 443.695617902
-7.44859733333 443.562895633
-7.44359466667 443.11495441
-7.438592 442.852397535
-7.43358933333 442.541918482
-7.42858666667 442.503797808
-7.423584 442.135570047
-7.41858133333 442.13538426
-7.41357866667 441.949744331
-7.408576 442.076171905
-7.40357333333 441.926957323
-7.39857066667 442.039939591
-7.393568 441.864332143
-7.38856533333 442.000685004
-7.38356266667 441.99147328
-7.37856 442.047663182
-7.37355733333 441.886418064
-7.36855466667 441.953291538
-7.363552 441.769383465
-7.35854933333 441.642747143
-7.35354666667 441.320658277
-7.348544 441.243521559
-7.34354133333 440.901818705
-7.33853866667 440.746423741
-7.333536 440.344990163
-7.32853333333 440.344023462
-7.32353066667 440.048663186
-7.318528 439.990902519
-7.31352533333 439.739547505
-7.30852266667 439.741095346
-7.30352 439.526551899
-7.29851733333 439.402837831
-7.29351466667 439.171522606
-7.288512 439.258982181
-7.28350933333 438.995177811
-7.27850666667 439.076119885
-7.273504 438.839327656
-7.26850133333 438.87860396
-7.26349866667 438.698814307
-7.258496 438.652857592
-7.25349333333 438.39452394
-7.24849066667 438.439225895
-7.243488 438.378330714
-7.23848533333 438.499430974
-7.23348266667 438.478925681
-7.22848 438.699372677
-7.22347733333 438.616306045
-7.21847466667 438.71570043
-7.213472 438.59375445
-7.20846933333 438.727988272
-7.20346666667 438.693678288
-7.198464 438.813158803
-7.19346133333 438.773154948
-7.18845866667 438.941863422
-7.183456 438.971152454
-7.17845333333 439.18372256
-7.17345066667 439.213976631
-7.168448 439.535540912
-7.16344533333 439.62190675
-7.15844266667 439.994328194
-7.15344 440.115698539
-7.14843733333 440.569343347
-7.14343466667 440.841431551
-7.138432 441.310958508
-7.13342933333 441.49857353
-7.12842666667 442.046126764
-7.123424 442.16242415
-7.11842133333 442.384490435
-7.11341866667 442.319499349
-7.108416 442.589420507
-7.10341333333 442.706016471
-7.09841066667 442.799649339
-7.093408 442.931742702
-7.08840533333 443.196834062
-7.08340266667 443.376118527
-7.0784 443.537472355
-7.07339733333 443.703748188
-7.06839466667 443.920356781
-7.063392 444.093647671
-7.05838933333 444.437856542
-7.05338666667 444.578462275
-7.048384 445.074466945
-7.04338133333 445.358669781
-7.03837866667 445.83171711
-7.033376 445.83462781
-7.02837333333 445.980279543
-7.02337066667 445.796567391
-7.018368 445.852921597
-7.01336533333 445.54569369
-7.00836266667 445.378331944
-7.00336 445.075871404
-6.99835733333 445.006124029
-6.99335466667 444.278126284
-6.988352 443.683157437
-6.98334933333 443.008374912
-6.97834666667 442.699926243
-6.973344 442.287670711
-6.96834133333 441.986634466
-6.96333866667 441.459337693
-6.958336 441.284867359
-6.95333333333 440.980021931
-6.94833066667 440.96437571
-6.943328 440.672763481
-6.93832533333 440.721512881
-6.93332266667 440.476602001
-6.92832 440.559480487
-6.92331733333 440.374697255
-6.91831466667 440.542294243
-6.913312 440.290715386
-6.90830933333 440.261318505
-6.90330666667 440.329861984
-6.898304 440.274251367
-6.89330133333 440.303982067
-6.88829866667 440.244961679
-6.883296 440.189007922
-6.87829333333 440.467328209
-6.87329066667 440.153370625
-6.868288 440.444317018
-6.86328533333 440.238033874
-6.85828266667 440.402990101
-6.85328 440.228280863
-6.84827733333 440.197213059
-6.84327466667 440.189349424
-6.838272 440.090430373
-6.83326933333 439.903260337
-6.82826666667 439.875201826
-6.823264 439.449115209
-6.81826133333 439.639433737
-6.81325866667 439.453870765
-6.808256 439.346939419
-6.80325333333 439.361348303
-6.79825066667 439.201337152
-6.793248 438.926008909
-6.78824533333 438.88599655
-6.78324266667 438.58196321
-6.77824 438.858947403
-6.77323733333 438.505082062
-6.76823466667 438.715225457
-6.763232 438.531372612
-6.75822933333 438.610728127
-6.75322666667 438.587785907
-6.748224 438.629232976
-6.74322133333 438.788838506
-6.73821866667 438.817309109
-6.733216 438.977745144
-6.72821333333 438.939150059
-6.72321066667 438.92926776
-6.718208 438.994277071
-6.71320533333 438.944321612
-6.70820266667 438.849422109
-6.7032 438.866520407
-6.69819733333 438.822553359
-6.69319466667 438.806314566
-6.688192 438.86073412
-6.68318933333 438.782003894
-6.67818666667 438.838520829
-6.673184 438.903057334
-6.66818133333 439.083485886
-6.66317866667 438.905735185
-6.658176 439.131963239
-6.65317333333 438.731151925
-6.64817066667 438.918623562
-6.643168 438.690593155
-6.63816533333 438.599603204
-6.63316266667 438.413272159
-6.62816 438.171296538
-6.62315733333 437.930231521
-6.61815466667 437.760696114
-6.613152 437.275247353
-6.60814933333 436.987373899
-6.60314666667 436.422652718
-6.598144 436.214300382
-6.59314133333 435.672446777
-6.58813866667 435.558857999
-6.583136 434.929952878
-6.57813333333 434.569004381
-6.57313066667 433.428406946
-6.568128 432.49440747
-6.56312533333 431.398274244
-6.55812266667 430.454299733
-6.55312 429.369227284
-6.54811733333 428.496812675
-6.54311466667 427.637032672
-6.538112 427.193337828
-6.53310933333 426.468481078
-6.52810666667 426.112650658
-6.523104 425.768183224
-6.51810133333 425.555819366
-6.51309866667 425.357383647
-6.508096 425.285037656
-6.50309333333 425.254935452
-6.49809066667 425.335821039
-6.493088 424.982818376
-6.48808533333 425.117220249
-6.48308266667 424.73567862
-6.47808 424.751470912
-6.47307733333 424.365312158
-6.46807466667 424.33144082
-6.463072 423.980456517
-6.45806933333 423.801994561
-6.45306666667 423.551275703
-6.448064 423.345631653
-6.44306133333 423.090310906
-6.43805866667 423.143840439
-6.433056 422.715867929
-6.42805333333 422.874538625
-6.42305066667 422.520254174
-6.418048 422.710091782
-6.41304533333 422.491288884
-6.40804266667 422.642988581
-6.40304 422.523941651
-6.39803733333 422.746045646
-6.39303466667 422.910587557
-6.388032 423.19452309
-6.38302933333 423.421933625
-6.37802666667 423.765296027
-6.373024 423.972546572
-6.36802133333 424.499852349
-6.36301866667 424.834234952
-6.358016 424.915998724
-6.35301333333 424.584110225
-6.34801066667 424.499099259
-6.343008 424.148232352
-6.33800533333 424.061323024
-6.33300266667 423.697997325
-6.328 423.639182093
-6.32299733333 423.381413079
-6.31799466667 423.421055776
-6.312992 423.111121027
-6.30798933333 422.99431797
-6.30298666667 422.545470113
-6.297984 422.110925476
-6.29298133333 421.687124421
-6.28797866667 421.510443282
-6.282976 421.334903287
-6.27797333333 421.376166673
-6.27297066667 421.118046203
-6.267968 421.129439666
-6.26296533333 420.914315889
-6.25796266667 420.816606188
-6.25296 420.394128644
-6.24795733333 420.138871238
-6.24295466667 419.894854447
-6.237952 419.909963163
-6.23294933333 419.740422181
-6.22794666667 419.854336323
-6.222944 419.810757335
-6.21794133333 419.726288154
-6.21293866667 419.571286646
-6.207936 419.309237143
-6.20293333333 419.048213049
-6.19793066667 418.805134334
-6.192928 418.402251013
-6.18792533333 418.264768162
-6.18292266667 417.821665837
-6.17792 417.611960199
-6.17291733333 417.144772485
-6.16791466667 416.893806975
-6.162912 416.593874241
-6.15790933333 416.562318336
-6.15290666667 416.460996607
-6.147904 416.63524377
-6.14290133333 416.540813547
-6.13789866667 416.822316801
-6.132896 416.745667938
-6.12789333333 416.919449847
-6.12289066667 416.871166417
-6.117888 416.924342492
-6.11288533333 416.729389403
-6.10788266667 416.710110637
-6.10288 416.539002557
-6.09787733333 416.489189293
-6.09287466667 415.967844613
-6.087872 415.256155537
-6.08286933333 414.642486253
-6.07786666667 414.790089564
-6.072864 414.759041604
-6.06786133333 414.823858733
-6.06285866667 414.712767267
-6.057856 414.768285392
-6.05285333333 414.669187039
-6.04785066667 414.709625138
-6.042848 414.555242166
-6.03784533333 414.597535595
-6.03284266667 414.4689956
-6.02784 414.509931534
-6.02283733333 414.342499628
-6.01783466667 414.334632341
-6.012832 414.174356211
-6.00782933333 414.191250706
-6.00282666667 413.984702768
-5.997824 413.935538928
-5.99282133333 413.657614008
-5.98781866667 413.61968412
-5.982816 413.391004699
-5.97781333333 413.316229615
-5.97281066667 413.101255463
-5.967808 413.10992238
-5.96280533333 412.898158083
-5.95780266667 412.956214879
-5.9528 412.734798245
-5.94779733333 412.655402263
-5.94279466667 412.499480418
-5.937792 412.525850564
-5.93278933333 412.238408739
-5.92778666667 412.078299628
-5.922784 411.925384538
-5.91778133333 411.835178818
-5.91277866667 411.666936667
-5.907776 411.735569954
-5.90277333333 411.645956944
-5.89777066667 411.798893239
-5.892768 411.646384635
-5.88776533333 411.744797902
-5.88276266667 411.650885178
-5.87776 411.731579078
-5.87275733333 411.605650508
-5.86775466667 411.69505841
-5.862752 411.69651123
-5.85774933333 411.79632162
-5.85274666667 411.679623221
-5.847744 411.743619281
-5.84274133333 411.666733836
-5.83773866667 411.808180154
-5.832736 411.7510375
-5.82773333333 411.920753629
-5.82273066667 411.8081877
-5.817728 411.957252973
-5.81272533333 411.845098933
-5.80772266667 411.930470896
-5.80272 411.807915102
-5.79771733333 411.915693099
-5.79271466667 411.744404877
-5.787712 411.833651216
-5.78270933333 411.683239514
-5.77770666667 411.68729498
-5.772704 411.513302977
-5.76770133333 411.479457337
-5.76269866667 411.484728677
-5.757696 411.564981048
-5.75269333333 411.399706769
-5.74769066667 411.48766279
-5.742688 411.396550221
-5.73768533333 411.457345622
-5.73268266667 411.369190842
-5.72768 411.567138186
-5.72267733333 411.461452349
-5.71767466667 411.60519614
-5.712672 411.4673607
-5.70766933333 411.730883758
-5.70266666667 411.731216125
-5.697664 411.835184111
-5.69266133333 411.73971936
-5.68765866667 411.889841618
-5.682656 411.824671846
-5.67765333333 411.947271062
-5.67265066667 411.727219554
-5.667648 411.806402367
-5.66264533333 411.635136377
-5.65764266667 411.696908404
-5.65264 411.498381094
-5.64763733333 411.478512077
-5.64263466667 411.368319192
-5.637632 411.201741702
-5.63262933333 410.827437914
-5.62762666667 410.505029307
-5.622624 410.1538421
-5.61762133333 409.98744583
-5.61261866667 409.626905811
-5.607616 409.511893699
-5.60261333333 409.281371709
-5.59761066667 409.250286089
-5.592608 408.975213406
-5.58760533333 408.865884379
-5.58260266667 408.508801108
-5.5776 408.511570213
-5.57259733333 408.181284007
-5.56759466667 408.072006095
-5.562592 407.81641346
-5.55758933333 407.847158794
-5.55258666667 407.586681006
-5.547584 407.628229959
-5.54258133333 407.451211609
-5.53757866667 407.4947218
-5.532576 407.326126078
-5.52757333333 407.419110374
-5.52257066667 407.435164961
-5.517568 407.714111485
-5.51256533333 407.625161217
-5.50756266667 407.539846574
-5.50256 407.457021103
-5.49755733333 407.611973273
-5.49255466667 407.535752132
-5.487552 407.599421169
-5.48254933333 407.546546671
-5.47754666667 407.665706384
-5.472544 407.597798928
-5.46754133333 407.83676267
-5.46253866667 407.877918243
-5.457536 408.115858498
-5.45253333333 407.959844511
-5.44753066667 408.036378233
-5.442528 407.960493169
-5.43752533333 408.06494347
-5.43252266667 407.842965604
-5.42752 407.954722382
-5.42251733333 407.801449416
-5.41751466667 407.992168033
-5.412512 407.79926906
-5.40750933333 407.968458374
-5.40250666667 407.896033496
-5.397504 408.051196331
-5.39250133333 407.949915798
-5.38749866667 408.151908366
-5.382496 408.128626792
-5.37749333333 408.244793859
-5.37249066667 408.140134445
-5.367488 408.215735228
-5.36248533333 408.252923358
-5.35748266667 408.322750047
-5.35248 408.225464377
-5.34747733333 408.341126534
-5.34247466667 408.255375161
-5.337472 408.410893613
-5.33246933333 408.352893842
-5.32746666667 408.531827142
-5.322464 408.422155071
-5.31746133333 408.505733109
-5.31245866667 408.442438973
-5.307456 408.567092558
-5.30245333333 408.405446809
-5.29745066667 408.613873717
-5.292448 408.57663971
-5.28744533333 408.807294201
-5.28244266667 408.785979209
-5.27744 409.028495579
-5.27243733333 408.99425045
-5.26743466667 409.253537938
-5.262432 409.199691153
-5.25742933333 409.336589953
-5.25242666667 409.250064434
-5.247424 409.420610852
-5.24242133333 409.427633092
-5.23741866667 409.635373263
-5.232416 409.585424335
-5.22741333333 409.71555732
-5.22241066667 409.668634984
-5.217408 409.847478983
-5.21240533333 409.74970023
-5.20740266667 409.926589524
-5.2024 409.807684363
-5.19739733333 410.00033633
-5.19239466667 409.820434287
-5.187392 409.991949031
-5.18238933333 409.894419499
-5.17738666667 409.966436472
-5.172384 409.89344406
-5.16738133333 410.034715184
-5.16237866667 409.876112406
-5.157376 410.052840194
-5.15237333333 409.975853422
-5.14737066667 410.078796512
-5.142368 410.08502558
-5.13736533333 410.234854792
-5.13236266667 410.152821518
-5.12736 410.394322229
-5.12235733333 410.436920463
-5.11735466667 410.586906264
-5.112352 410.477327555
-5.10734933333 410.563093962
-5.10234666667 410.527361699
-5.097344 410.717410996
-5.09234133333 410.742826585
-5.08733866667 410.816859873
-5.082336 410.799502019
-5.07733333333 410.944606083
-5.07233066667 410.843912947
-5.067328 410.939876142
-5.06232533333 410.897301602
-5.05732266667 411.068423558
-5.05232 411.095030815
-5.04731733333 411.30326032
-5.04231466667 411.354282382
-5.037312 411.569210559
-5.03230933333 411.686826424
-5.02730666667 411.850309532
-5.022304 412.086500304
-5.01730133333 412.331948951
-5.01229866667 412.407916829
-5.007296 412.723616686
-5.00229333333 412.919999212
-4.99729066667 413.283974674
-4.992288 413.402687507
-4.98728533333 413.746671783
-4.98228266667 414.007977072
-4.97728 414.486965101
-4.97227733333 414.723863671
-4.96727466667 415.326541032
-4.962272 415.668423604
-4.95726933333 416.330076419
-4.95226666667 416.832611245
-4.947264 417.501170705
-4.94226133333 417.906892776
-4.93725866667 418.463989242
-4.932256 418.7243648
-4.92725333333 419.19068303
-4.92225066667 419.511096048
-4.917248 419.847916023
-4.91224533333 420.123800953
-4.90724266667 420.635737155
-4.90224 420.9680591
-4.89723733333 421.572363397
-4.89223466667 422.076641473
-4.887232 422.740421779
-4.88222933333 423.072975954
-4.87722666667 423.536218356
-4.872224 423.765909896
-4.86722133333 424.19620668
-4.86221866667 424.383134811
-4.857216 424.910071473
-4.85221333333 425.094221306
-4.84721066667 425.600546958
-4.842208 425.841071466
-4.83720533333 426.33437387
-4.83220266667 426.704341787
-4.8272 427.4398268
-4.82219733333 427.808912849
-4.81719466667 428.694947627
-4.812192 429.895345592
-4.80718933333 432.111730364
-4.80218666667 434.309434517
-4.797184 434.966653993
-4.79218133333 435.301725134
-4.78717866667 435.639489264
-4.782176 435.751394079
-4.77717333333 436.060343504
-4.77217066667 436.155166582
-4.767168 436.4325155
-4.76216533333 436.505851914
-4.75716266667 436.641023636
-4.75216 436.508400462
-4.74715733333 436.55575521
-4.74215466667 436.390906413
-4.737152 436.4451331
-4.73214933333 436.233318153
-4.72714666667 436.243718401
-4.722144 436.086425124
-4.71714133333 435.999580792
-4.71213866667 435.931877476
-4.707136 436.069037955
-4.70213333333 435.970677565
-4.69713066667 436.192748883
-4.692128 436.103380768
-4.68712533333 436.248090361
-4.68212266667 436.093129832
-4.67712 436.077423002
-4.67211733333 435.890602223
-4.66711466667 435.946120642
-4.662112 435.82883974
-4.65710933333 435.945193029
-4.65210666667 435.766137486
-4.647104 435.955004733
-4.64210133333 435.873121035
-4.63709866667 436.052003587
-4.632096 435.913530668
-4.62709333333 436.051629002
-4.62209066667 435.94065897
-4.617088 436.173166521
-4.61208533333 436.062435863
-4.60708266667 436.267286154
-4.60208 436.355290178
-4.59707733333 436.671408312
-4.59207466667 436.744362744
-4.587072 436.992962661
-4.58206933333 437.101945279
-4.57706666667 437.422331271
-4.572064 437.503140456
-4.56706133333 437.898963297
-4.56205866667 438.025755222
-4.557056 438.293030278
-4.55205333333 438.40004934
-4.54705066667 438.765206529
-4.542048 438.85558922
-4.53704533333 439.12252061
-4.53204266667 439.092008188
-4.52704 439.353286087
-4.52203733333 439.36520412
-4.51703466667 439.434527889
-4.512032 439.355485902
-4.50702933333 439.535049809
-4.50202666667 439.567141298
-4.497024 439.737263355
-4.49202133333 439.592233101
-4.48701866667 439.789250757
-4.482016 439.772565569
-4.47701333333 440.066670804
-4.47201066667 440.034551277
-4.467008 440.344407893
-4.46200533333 440.475670395
-4.45700266667 440.823712779
-4.452 440.759501551
-4.44699733333 440.867463728
-4.44199466667 440.860668403
-4.436992 441.041839126
-4.43198933333 440.815596329
-4.42698666667 441.051180168
-4.421984 440.910561746
-4.41698133333 440.963510918
-4.41197866667 440.828055938
-4.406976 440.827838888
-4.40197333333 440.635590045
-4.39697066667 440.569196858
-4.391968 440.246714442
-4.38696533333 440.167679965
-4.38196266667 439.926733482
-4.37696 439.806955729
-4.37195733333 439.55498584
-4.36695466667 439.45282702
-4.361952 439.12431205
-4.35694933333 439.117846433
-4.35194666667 438.847518651
-4.346944 438.796515629
-4.34194133333 438.670188163
-4.33693866667 438.619520032
-4.331936 438.506592306
-4.32693333333 438.51421448
-4.32193066667 438.311407905
-4.316928 438.213138936
-4.31192533333 437.898673457
-4.30692266667 437.801212625
-4.30192 437.410528073
-4.29691733333 437.18600339
-4.29191466667 436.78613952
-4.286912 436.585644462
-4.28190933333 436.234836147
-4.27690666667 436.188457064
-4.271904 435.757275471
-4.26690133333 435.568328656
-4.26189866667 434.877750197
-4.256896 434.23306513
-4.25189333333 433.991040293
-4.24689066667 434.150295084
-4.241888 434.068619792
-4.23688533333 434.090212245
-4.23188266667 433.940031862
-4.22688 433.869092583
-4.22187733333 433.569437163
-4.21687466667 433.452704883
-4.211872 433.30674645
-4.20686933333 433.390365084
-4.20186666667 433.22174116
-4.196864 433.211233865
-4.19186133333 433.09897689
-4.18685866667 433.19982027
-4.181856 433.051934397
-4.17685333333 433.244745168
-4.17185066667 433.109464263
-4.166848 433.352305641
-4.16184533333 433.225881526
-4.15684266667 433.380513151
-4.15184 433.217008602
-4.14683733333 433.276017862
-4.14183466667 433.285660097
-4.136832 433.534707616
-4.13182933333 433.35119754
-4.12682666667 433.663596095
-4.121824 433.7639427
-4.11682133333 434.178676563
-4.11181866667 434.468937035
-4.106816 434.893996806
-4.10181333333 434.959367194
-4.09681066667 435.120716409
-4.091808 435.084919489
-4.08680533333 435.323750916
-4.08180266667 435.35266175
-4.0768 435.444125641
-4.07179733333 435.399895014
-4.06679466667 435.557632741
-4.061792 435.513292623
-4.05678933333 435.606423993
-4.05178666667 435.404265339
-4.046784 435.3081065
-4.04178133333 435.086395754
-4.03677866667 435.079517995
-4.031776 434.909020353
-4.02677333333 435.065405274
-4.02177066667 435.161094853
-4.016768 435.381660135
-4.01176533333 435.469036038
-4.00676266667 435.748316769
-4.00176 435.695248456
-3.99675733333 435.867041475
-3.99175466667 435.794101682
-3.986752 435.928000994
-3.98174933333 435.913022893
-3.97674666667 435.951612332
-3.971744 435.760364613
-3.96674133333 435.752295474
-3.96173866667 435.615011346
-3.956736 435.606843066
-3.95173333333 435.363448978
-3.94673066667 435.363087993
-3.941728 435.089453874
-3.93672533333 435.094856718
-3.93172266667 434.797408398
-3.92672 434.877287018
-3.92171733333 434.592000752
-3.91671466667 434.520806353
-3.911712 434.172718736
-3.90670933333 434.094486493
-3.90170666667 433.866705131
-3.896704 433.89779904
-3.89170133333 433.692635387
-3.88669866667 433.772587234
-3.881696 433.654584022
-3.87669333333 433.760121584
-3.87169066667 433.524358041
-3.866688 433.621660235
-3.86168533333 433.526907339
-3.85668266667 433.515891801
-3.85168 433.351127237
-3.84667733333 433.367289521
-3.84167466667 433.177151463
-3.836672 433.220752238
-3.83166933333 432.955393607
-3.82666666667 433.027112396
-3.821664 432.779999098
-3.81666133333 432.769427516
-3.81165866667 432.553687627
-3.806656 432.501042475
-3.80165333333 432.298146086
-3.79665066667 432.247962012
-3.791648 432.029344637
-3.78664533333 432.066657753
-3.78164266667 431.865550732
-3.77664 431.927039103
-3.77163733333 431.749494329
-3.76663466667 431.72219619
-3.761632 431.672807707
-3.75662933333 431.631756814
-3.75162666667 431.5126965
-3.746624 431.646999035
-3.74162133333 431.762042686
-3.73661866667 431.985944634
-3.731616 431.946975667
-3.72661333333 432.170843009
-3.72161066667 432.082800988
-3.716608 432.14501239
-3.71160533333 432.107859791
-3.70660266667 432.252681747
-3.7016 432.173310708
-3.69659733333 432.299259085
-3.69159466667 432.340569265
-3.686592 432.518949582
-3.68158933333 432.498197552
-3.67658666667 432.748942446
-3.671584 432.635571517
-3.66658133333 432.855886699
-3.66157866667 432.817411572
-3.656576 432.879790687
-3.65157333333 432.778868098
-3.64657066667 432.864204001
-3.641568 432.761651996
-3.63656533333 432.960560293
-3.63156266667 432.953283998
-3.62656 433.106811341
-3.62155733333 433.110238144
-3.61655466667 433.318604141
-3.611552 433.170051479
-3.60654933333 433.352024037
-3.60154666667 433.321056152
-3.596544 433.463490394
-3.59154133333 433.419000159
-3.58653866667 433.681427731
-3.581536 433.664178611
-3.57653333333 433.880639264
-3.57153066667 433.808576697
-3.566528 434.019247019
-3.56152533333 434.050291294
-3.55652266667 434.310583015
-3.55152 434.450096309
-3.54651733333 434.687675266
-3.54151466667 434.727254475
-3.536512 434.989458155
-3.53150933333 435.017078741
-3.52650666667 435.280024182
-3.521504 435.375707139
-3.51650133333 435.58857453
-3.51149866667 435.761602775
-3.506496 436.166566262
-3.50149333333 436.250772841
-3.49649066667 436.520201603
-3.491488 436.562540729
-3.48648533333 436.749938045
-3.48148266667 436.771571127
-3.47648 436.857348825
-3.47147733333 436.756948616
-3.46647466667 436.923747726
-3.461472 437.026871883
-3.45646933333 437.339873526
-3.45146666667 437.399785137
-3.446464 437.600833341
-3.44146133333 437.577659153
-3.43645866667 437.709475889
-3.431456 437.47751929
-3.42645333333 437.459653292
-3.42145066667 437.206745919
-3.416448 437.113417382
-3.41144533333 436.847884643
-3.40644266667 436.692485538
-3.40144 436.486860562
-3.39643733333 436.331596886
-3.39143466667 435.994042729
-3.386432 435.877354408
-3.38142933333 435.371238236
-3.37642666667 435.293573548
-3.371424 434.956593339
-3.36642133333 434.951893934
-3.36141866667 434.651054777
-3.356416 434.66912915
-3.35141333333 434.367159122
-3.34641066667 434.310081244
-3.341408 434.067738153
-3.33640533333 434.009561817
-3.33140266667 433.730497816
-3.3264 433.591079267
-3.32139733333 433.203312223
-3.31639466667 432.994134325
-3.311392 432.733601931
-3.30638933333 432.773962706
-3.30138666667 432.544302302
-3.296384 432.465604149
-3.29138133333 432.145297346
-3.28637866667 432.144031235
-3.281376 431.908763362
-3.27637333333 431.854041716
-3.27137066667 431.612516294
-3.266368 431.667363107
-3.26136533333 431.422320435
-3.25636266667 431.35931689
-3.25136 431.198242499
-3.24635733333 431.270407661
-3.24135466667 431.254996186
-3.236352 431.37659371
-3.23134933333 431.165462576
-3.22634666667 431.282129496
-3.221344 431.169820506
-3.21634133333 431.329138242
-3.21133866667 431.23890166
-3.206336 431.498180096
-3.20133333333 431.391494378
-3.19633066667 431.645970389
-3.191328 431.508463503
-3.18632533333 431.72131145
-3.18132266667 431.725837147
-3.17632 431.873936926
-3.17131733333 431.763105686
-3.16631466667 431.947862069
-3.161312 432.022206403
-3.15630933333 432.19189594
-3.15130666667 431.941598534
-3.146304 431.946888683
-3.14130133333 431.762503201
-3.13629866667 431.842183935
-3.131296 431.515399645
-3.12629333333 431.500172498
-3.12129066667 431.306410816
-3.116288 431.391417199
-3.11128533333 431.138073724
-3.10628266667 431.408414712
-3.10128 431.369424506
-3.09627733333 431.698271265
-3.09127466667 431.757943286
-3.086272 432.213025941
-3.08126933333 432.692230274
-3.07626666667 433.105912057
-3.071264 432.956894924
-3.06626133333 432.827456887
-3.06125866667 432.526971136
-3.056256 432.427010844
-3.05125333333 432.153038521
-3.04625066667 432.110709865
-3.041248 432.047626604
-3.03624533333 432.256215312
-3.03124266667 432.147805552
-3.02624 432.281704671
-3.02123733333 432.295325255
-3.01623466667 432.558095544
-3.011232 432.44812025
-3.00622933333 432.165664148
-3.00122666667 432.043758395
-2.996224 432.169622412
-2.99122133333 432.21513977
-2.98621866667 432.238752466
-2.981216 432.184152867
-2.97621333333 432.15753136
-2.97121066667 431.988000143
-2.966208 432.033736415
-2.96120533333 431.866129669
-2.95620266667 431.872922828
-2.9512 431.673457138
-2.94619733333 431.734769116
-2.94119466667 431.595936996
-2.936192 431.554637133
-2.93118933333 431.444640285
-2.92618666667 431.43477375
-2.921184 431.298358182
-2.91618133333 431.267042087
-2.91117866667 431.070076423
-2.906176 431.096744313
-2.90117333333 430.952704361
-2.89617066667 430.995571925
-2.891168 430.846495798
-2.88616533333 430.839464001
-2.88116266667 430.643461189
-2.87616 430.524576936
-2.87115733333 430.24260463
-2.86615466667 430.214406638
-2.861152 429.987934286
-2.85614933333 429.901748866
-2.85114666667 429.61500401
-2.846144 429.46940227
-2.84114133333 429.232098974
-2.83613866667 429.27507322
-2.831136 428.789261783
-2.82613333333 428.711034157
-2.82113066667 428.328203487
-2.816128 428.257399043
-2.81112533333 428.042477726
-2.80612266667 427.926174731
-2.80112 427.52607997
-2.79611733333 427.395070147
-2.79111466667 427.077710839
-2.786112 427.038508425
-2.78110933333 426.880485469
-2.77610666667 426.890232755
-2.771104 426.688157393
-2.76610133333 426.800552882
-2.76109866667 426.763003327
-2.756096 426.814548324
-2.75109333333 426.614264653
-2.74609066667 426.69268966
-2.741088 426.584007133
-2.73608533333 426.681802445
-2.73108266667 426.522952724
-2.72608 426.555184622
-2.72107733333 426.515488078
-2.71607466667 426.548528591
-2.711072 426.50284205
-2.70606933333 426.599426282
-2.70106666667 426.439369918
-2.696064 426.478368122
-2.69106133333 426.320161972
-2.68605866667 426.264885515
-2.681056 426.169926364
-2.67605333333 426.197459518
-2.67105066667 425.996647165
-2.666048 426.034315275
-2.66104533333 425.821661277
-2.65604266667 425.855715814
-2.65104 425.603691045
-2.64603733333 425.497566392
-2.64103466667 425.230691829
-2.636032 425.234099976
-2.63102933333 425.129450444
-2.62602666667 425.153684646
-2.621024 425.094889113
-2.61602133333 425.119331991
-2.61101866667 425.01007806
-2.606016 425.087746058
-2.60101333333 424.960423019
-2.59601066667 425.113295564
-2.591008 424.997648897
-2.58600533333 425.09952342
-2.58100266667 425.051344745
-2.576 425.213404075
-2.57099733333 425.216836878
-2.56599466667 425.311576726
-2.560992 425.234842654
-2.55598933333 425.406998465
-2.55098666667 425.386371631
-2.545984 425.641511586
-2.54098133333 425.554354495
-2.53597866667 425.787481475
-2.530976 425.733358816
-2.52597333333 425.872827143
-2.52097066667 425.831055565
-2.515968 425.930508505
-2.51096533333 425.787627779
-2.50596266667 425.858669755
-2.50096 425.711537395
-2.49595733333 425.756574603
-2.49095466667 425.602811274
-2.485952 425.724909243
-2.48094933333 425.68528618
-2.47594666667 425.905949077
-2.470944 425.895858321
-2.46594133333 426.169940124
-2.46093866667 426.234952745
-2.455936 426.42773736
-2.45093333333 426.485315796
-2.44593066667 426.672771773
-2.440928 426.749753853
-2.43592533333 427.017882591
-2.43092266667 426.88028779
-2.42592 427.062316634
-2.42091733333 427.075202336
-2.41591466667 427.167624656
-2.410912 427.040733533
-2.40590933333 427.132773083
-2.40090666667 427.063072716
-2.395904 427.29817076
-2.39090133333 427.189850758
-2.38589866667 427.354111051
-2.380896 427.353844034
-2.37589333333 427.515654202
-2.37089066667 427.441118874
-2.365888 427.672668629
-2.36088533333 427.627251822
-2.35588266667 427.786303377
-2.35088 427.701471892
-2.34587733333 427.822966736
-2.34087466667 427.833230282
-2.335872 428.045450186
-2.33086933333 427.919060768
-2.32586666667 427.982682839
-2.320864 427.931123187
-2.31586133333 428.058314233
-2.31085866667 427.886838433
-2.305856 428.032292691
-2.30085333333 427.941472948
-2.29585066667 428.053024939
-2.290848 428.006891818
-2.28584533333 428.115105892
-2.28084266667 428.087896953
-2.27584 428.139670484
-2.27083733333 428.116359551
-2.26583466667 428.326799441
-2.260832 428.392276905
-2.25582933333 428.708890454
-2.25082666667 428.720933146
-2.245824 429.011875045
-2.24082133333 429.186151399
-2.23581866667 429.463227643
-2.230816 429.580553164
-2.22581333333 429.92819956
-2.22081066667 430.047186964
-2.215808 430.361571716
-2.21080533333 430.407071788
-2.20580266667 430.731278268
-2.2008 430.863744547
-2.19579733333 431.212543223
-2.19079466667 431.299559791
-2.185792 431.503324528
-2.18078933333 431.617139802
-2.17578666667 431.817004233
-2.170784 431.885625017
-2.16578133333 432.144725512
-2.16077866667 432.273600414
-2.155776 432.544468623
-2.15077333333 432.558562981
-2.14577066667 432.697621641
-2.140768 432.730867251
-2.13576533333 432.889679504
-2.13076266667 432.897605557
-2.12576 432.994648198
-2.12075733333 433.013914339
-2.11575466667 433.258744891
-2.110752 433.345237643
-2.10574933333 433.765407039
-2.10074666667 433.864913524
-2.095744 434.081236785
-2.09074133333 434.058103139
-2.08573866667 434.180890233
-2.080736 434.02621337
-2.07573333333 434.113508473
-2.07073066667 433.899398539
-2.065728 433.91362289
-2.06072533333 433.870623963
-2.05572266667 434.097387591
-2.05072 433.869866535
-2.04571733333 433.88833812
-2.04071466667 433.61970802
-2.035712 433.65770653
-2.03070933333 433.353581525
-2.02570666667 433.336218154
-2.020704 433.194465473
-2.01570133333 433.161331778
-2.01069866667 432.90517597
-2.005696 432.76740861
-2.00069333333 432.471122536
-1.99569066667 432.238126556
-1.990688 431.877346558
-1.98568533333 431.707804637
-1.98068266667 431.513570589
-1.97568 431.429955525
-1.97067733333 431.007221597
-1.96567466667 430.852566743
-1.960672 430.593074517
-1.95566933333 430.409306595
-1.95066666667 430.065498712
-1.945664 429.849861377
-1.94066133333 429.53143532
-1.93565866667 429.425931992
-1.930656 429.177089604
-1.92565333333 429.083251146
-1.92065066667 428.863718545
-1.915648 428.881844175
-1.91064533333 428.693367067
-1.90564266667 428.794825068
-1.90064 428.813533336
-1.89563733333 429.075449423
-1.89063466667 429.008839608
-1.885632 429.147646491
-1.88062933333 429.164166741
-1.87562666667 429.316590583
-1.870624 429.202422008
-1.86562133333 429.404662459
-1.86061866667 429.446107016
-1.855616 429.679051429
-1.85061333333 429.38119065
-1.84561066667 429.201502635
-1.840608 428.384289345
-1.83560533333 427.977588054
-1.83060266667 427.450515155
-1.8256 427.080132032
-1.82059733333 426.182560401
-1.81559466667 425.542166896
-1.810592 424.8756958
-1.80558933333 424.512042567
-1.80058666667 424.194500917
-1.795584 424.250741829
-1.79058133333 424.158890079
-1.78557866667 424.239177294
-1.780576 424.193619592
-1.77557333333 424.293050144
-1.77057066667 424.384447163
-1.765568 424.653512104
-1.76056533333 425.050684709
-1.75556266667 425.4643895
-1.75056 425.716566177
-1.74555733333 426.358379436
-1.74055466667 427.221845071
-1.735552 428.433997576
-1.73054933333 429.609725314
-1.72554666667 431.170909384
-1.720544 432.509068989
-1.71554133333 433.887985528
-1.71053866667 435.10948726
-1.705536 436.165840021
-1.70053333333 436.863928667
-1.69553066667 437.644404955
-1.690528 438.348556127
-1.68552533333 438.908478173
-1.68052266667 439.184451014
-1.67552 439.624784263
-1.67051733333 439.5577939
-1.66551466667 439.712662645
-1.660512 439.659550659
-1.65550933333 439.748309234
-1.65050666667 439.635881341
-1.645504 439.663856498
-1.64050133333 439.513561674
-1.63549866667 439.533780563
-1.630496 439.433430588
-1.62549333333 439.430212095
-1.62049066667 439.257439796
-1.615488 439.396860944
-1.61048533333 439.246214311
-1.60548266667 439.220374024
-1.60048 439.242020334
-1.59547733333 439.253881463
-1.59047466667 439.130505859
-1.585472 439.205024906
-1.58046933333 439.03926623
-1.57546666667 439.086738213
-1.570464 438.927677025
-1.56546133333 438.994034363
-1.56045866667 438.7711084
-1.555456 438.945518362
-1.55045333333 438.754222431
-1.54545066667 438.773986073
-1.540448 438.695768498
-1.53544533333 438.839016739
-1.53044266667 438.788169458
-1.52544 438.967898842
-1.52043733333 438.917321448
-1.51543466667 439.120196139
-1.510432 438.967646291
-1.50542933333 439.059724995
-1.50042666667 438.948629441
-1.495424 439.017759726
-1.49042133333 438.852454724
-1.48541866667 438.879675207
-1.480416 438.818306472
-1.47541333333 438.857207881
-1.47041066667 438.691189561
-1.465408 438.818429389
-1.46040533333 438.751097524
-1.45540266667 438.820440325
-1.4504 438.803299798
-1.44539733333 438.908864654
-1.44039466667 438.949285562
-1.435392 439.030053806
-1.43038933333 439.057634945
-1.42538666667 439.194024585
-1.420384 439.130400376
-1.41538133333 439.256263811
-1.41037866667 439.051827466
-1.405376 439.204696285
-1.40037333333 439.062372657
-1.39537066667 439.124529069
-1.390368 439.037663541
-1.38536533333 439.236482244
-1.38036266667 439.198391563
-1.37536 439.288430813
-1.37035733333 439.182335535
-1.36535466667 439.143741893
-1.360352 438.991793702
-1.35534933333 439.048591237
-1.35034666667 438.994301
-1.345344 439.149002231
-1.34034133333 439.086748663
-1.33533866667 439.385271421
-1.330336 439.48392402
-1.32533333333 439.68911187
-1.32033066667 439.814685975
-1.315328 439.925914743
-1.31032533333 439.937286775
-1.30532266667 440.137590017
-1.30032 440.233818949
-1.29531733333 440.417052794
-1.29031466667 440.497844189
-1.285312 440.733750507
-1.28030933333 440.712083001
-1.27530666667 440.97845481
-1.270304 440.927139118
-1.26530133333 441.125209688
-1.26029866667 441.233095706
-1.255296 441.330154924
-1.25029333333 441.399380656
-1.24529066667 441.614640729
-1.240288 441.669370306
-1.23528533333 441.932673337
-1.23028266667 441.923862135
-1.22528 442.152986774
-1.22027733333 442.16467829
-1.21527466667 442.417523861
-1.210272 442.454314669
-1.20526933333 442.79665465
-1.20026666667 442.882138231
-1.195264 443.211492039
-1.19026133333 443.24635516
-1.18525866667 443.574546126
-1.180256 443.690011761
-1.17525333333 443.958421716
-1.17025066667 444.026686492
-1.165248 444.328380157
-1.16024533333 444.530029401
-1.15524266667 444.857165659
-1.15024 445.022508295
-1.14523733333 445.517908405
-1.14023466667 445.763982486
-1.135232 446.309860968
-1.13022933333 446.59590347
-1.12522666667 447.015304559
-1.120224 447.224219572
-1.11522133333 447.642961197
-1.11021866667 447.908113547
-1.105216 448.275441415
-1.10021333333 448.672034895
-1.09521066667 449.166002211
-1.090208 449.508276103
-1.08520533333 450.131684215
-1.08020266667 450.59711193
-1.0752 451.355798248
-1.07019733333 452.60721275
-1.06519466667 456.939401715
-1.060192 460.444146541
-1.05518933333 461.422855493
-1.05018666667 462.443749221
-1.045184 463.949874824
-1.04018133333 464.893526998
-1.03517866667 466.096094141
-1.030176 467.123242983
-1.02517333333 469.004613878
-1.02017066667 471.012912583
-1.015168 472.360297653
-1.01016533333 473.027174318
-1.00516266667 473.710065322
-1.00016 474.579231156
-0.995157333333 475.922367584
-0.990154666667 476.472825638
-0.985152 476.312608445
-0.980149333333 474.948982646
-0.975146666667 473.600199977
-0.970144 472.092248176
-0.965141333333 471.359277296
-0.960138666667 470.237051426
-0.955136 469.848171018
-0.950133333333 469.292284061
-0.945130666667 469.177238197
-0.940128 469.029890581
-0.935125333333 469.297497226
-0.930122666667 469.299817539
-0.92512 469.955270356
-0.920117333333 470.198974418
-0.915114666667 470.786642268
-0.910112 470.84542756
-0.905109333333 471.222486596
-0.900106666667 471.336692275
-0.895104 471.724689724
-0.890101333333 471.909252688
-0.885098666667 472.278682789
-0.880096 472.484208472
-0.875093333333 472.694286213
-0.870090666667 472.763620035
-0.865088 473.196475732
-0.860085333333 473.483896833
-0.855082666667 474.370318964
-0.85008 475.004219545
-0.845077333333 475.966871376
-0.840074666667 476.657244374
-0.835072 477.321779028
-0.830069333333 477.496441989
-0.825066666667 477.813165995
-0.820064 477.824290326
-0.815061333333 478.042619976
-0.810058666667 477.978569752
-0.805056 478.245028511
-0.800053333333 478.225194325
-0.795050666667 478.420362538
-0.790048 478.452617761
-0.785045333333 478.67436515
-0.780042666667 478.741316054
-0.77504 479.082662093
-0.770037333333 479.179209885
-0.765034666667 479.568626298
-0.760032 479.846089826
-0.755029333333 480.288747333
-0.750026666667 480.555495548
-0.745024 480.939780217
-0.740021333333 481.011052641
-0.735018666667 481.419113972
-0.730016 481.497774557
-0.725013333333 482.042514234
-0.720010666667 482.229677738
-0.715008 482.92552742
-0.710005333333 483.420851081
-0.705002666667 484.235826306
-0.7 484.885604544
-0.694997333333 485.848380392
-0.689994666667 486.565861494
-0.684992 487.517970106
-0.679989333333 488.312605115
-0.674986666667 488.967019397
-0.669984 489.131923697
-0.664981333333 489.423857191
-0.659978666667 489.276351772
-0.654976 489.53090054
-0.649973333333 489.317307602
-0.644970666667 489.487964608
-0.639968 489.28832933
-0.634965333333 489.345067091
-0.629962666667 488.9642913
-0.62496 488.917503987
-0.619957333333 488.679049308
-0.614954666667 488.728618648
-0.609952 488.389594156
-0.604949333333 488.401325992
-0.599946666667 488.133110238
-0.594944 488.103630673
-0.589941333333 487.883947859
-0.584938666667 487.917261249
-0.579936 487.474566281
-0.574933333333 487.381902312
-0.569930666667 486.889949161
-0.564928 486.597917577
-0.559925333333 486.259482993
-0.554922666667 486.018117421
-0.54992 485.542405577
-0.544917333333 485.494304626
-0.539914666667 485.048618659
-0.534912 484.889807319
-0.529909333333 484.544958685
-0.524906666667 484.371782197
-0.519904 484.047103545
-0.514901333333 483.733274765
-0.509898666667 483.436662221
-0.504896 483.234597394
-0.499893333333 482.974411696
-0.494890666667 482.814029745
-0.489888 482.421011335
-0.484885333333 482.325924832
-0.479882666667 482.042462531
-0.47488 481.864877886
-0.469877333333 481.514498597
-0.464874666667 481.186554335
-0.459872 480.705915562
-0.454869333333 480.349605722
-0.449866666667 479.739502607
-0.444864 479.371444703
-0.439861333333 478.66650118
-0.434858666667 478.18400481
-0.429856 477.447121858
-0.424853333333 476.928777606
-0.419850666667 476.099926297
-0.414848 475.574829536
-0.409845333333 474.703844781
-0.404842666667 474.188506709
-0.39984 473.350978159
-0.394837333333 472.319306484
-0.389834666667 471.224607959
-0.384832 470.016663427
-0.379829333333 468.655023919
-0.374826666667 467.154790887
-0.369824 465.044844642
-0.364821333333 463.126394541
-0.359818666667 460.845098467
-0.354816 459.094569421
-0.349813333333 457.520691772
-0.344810666667 456.449347877
-0.339808 455.26410128
-0.334805333333 454.031140635
-0.329802666667 452.33815465
-0.3248 451.244824348
-0.319797333333 449.887426971
-0.314794666667 448.376201375
-0.309792 446.399876302
-0.304789333333 444.805162756
-0.299786666667 443.09176662
-0.294784 441.893218937
-0.289781333333 440.222739053
-0.284778666667 439.351668168
-0.279776 438.029969432
-0.274773333333 436.638949683
-0.269770666667 435.075742075
-0.264768 433.754057089
-0.259765333333 432.068482308
-0.254762666667 430.62083758
-0.24976 428.950578504
-0.244757333333 427.369286132
-0.239754666667 425.709389161
-0.234752 424.245568359
-0.229749333333 422.796635044
-0.224746666667 421.485157107
-0.219744 420.00347274
-0.214741333333 418.938618962
-0.209738666667 417.566589605
-0.204736 416.357922126
-0.199733333333 415.181194514
-0.194730666667 414.018758709
-0.189728 412.806386174
-0.184725333333 411.840988032
-0.179722666667 410.879649785
-0.17472 410.172668531
-0.169717333333 409.455629552
-0.164714666667 408.921332039
-0.159712 408.230147918
-0.154709333333 407.863428195
-0.149706666667 407.314466372
-0.144704 406.928221036
-0.139701333333 406.518740391
-0.134698666667 406.261843286
-0.129696 405.852139351
-0.124693333333 405.602386585
-0.119690666667 405.438959221
-0.114688 405.2869935
-0.109685333333 405.3021965
-0.104682666667 405.545527409
-0.09968 405.649960178
-0.0946773333333 406.016392361
-0.0896746666667 406.405528503
-0.084672 406.916253926
-0.0796693333333 407.378840231
-0.0746666666667 408.010426392
-0.069664 408.444388901
-0.0646613333333 408.966625175
-0.0596586666667 409.359360054
-0.054656 409.940907223
-0.0496533333333 410.15506297
-0.0446506666667 410.693335915
-0.039648 411.101497663
-0.0346453333333 411.80899358
-0.0296426666667 412.037091503
-0.02464 412.7111883
-0.0196373333333 413.240108255
-0.0146346666667 413.733821289
-0.009632 413.983858308
-0.00462933333333 414.403204485
