-9.43166933333 380.489523924
-9.42666666667 380.570226849
-9.421664 380.50497381
-9.41666133333 380.542485474
-9.41165866667 380.52699047
-9.406656 380.569861745
-9.40165333333 380.558263016
-9.39665066667 380.606869305
-9.391648 380.610015315
-9.38664533333 380.628895321
-9.38164266667 380.633557954
-9.37664 380.677482567
-9.37163733333 380.605117755
-9.36663466667 380.680064553
-9.361632 380.555320231
-9.35662933333 380.618249769
-9.35162666667 380.609772978
-9.346624 380.716948215
-9.34162133333 380.68356173
-9.33661866667 380.683242983
-9.331616 380.687526151
-9.32661333333 380.795561908
-9.32161066667 380.687767468
-9.316608 380.718246863
-9.31160533333 380.686969829
-9.30660266667 380.741445058
-9.3016 380.586960345
-9.29659733333 380.565891024
-9.29159466667 380.540968377
-9.286592 380.574194788
-9.28158933333 380.490179425
-9.27658666667 380.544911774
-9.271584 380.510252214
-9.26658133333 380.603403336
-9.26157866667 380.489320756
-9.256576 380.52192387
-9.25157333333 380.57714576
-9.24657066667 380.696644532
-9.241568 380.565238611
-9.23656533333 380.607772485
-9.23156266667 380.540279247
-9.22656 380.628959637
-9.22155733333 380.565965364
-9.21655466667 380.610886092
-9.211552 380.476656377
-9.20654933333 380.524749094
-9.20154666667 380.461968577
-9.196544 380.489861561
-9.19154133333 380.490610811
-9.18653866667 380.491102165
-9.181536 380.451501571
-9.17653333333 380.555352778
-9.17153066667 380.451860096
-9.166528 380.542938381
-9.16152533333 380.466905192
-9.15652266667 380.485735951
-9.15152 380.441796601
-9.14651733333 380.482737108
-9.14151466667 380.452257696
-9.136512 380.405888238
-9.13150933333 380.247362164
-9.12650666667 380.174551466
-9.121504 380.045590366
-9.11650133333 380.087219304
-9.11149866667 380.051787443
-9.106496 380.171159553
-9.10149333333 380.040739166
-9.09649066667 379.999344601
-9.091488 380.009484756
-9.08648533333 380.128991333
-9.08148266667 380.029050203
-9.07648 380.072281907
-9.07147733333 380.001012237
-9.06647466667 380.050884605
-9.061472 379.942160301
-9.05646933333 380.004926783
-9.05146666667 379.947084855
-9.046464 379.99960989
-9.04146133333 379.874335277
-9.03645866667 379.8967598
-9.031456 379.791949189
-9.02645333333 379.793007715
-9.02145066667 379.744649223
-9.016448 379.827042955
-9.01144533333 379.713771158
-9.00644266667 379.770707236
-9.00144 379.724655236
-8.99643733333 379.779897131
-8.99143466667 379.688924864
-8.986432 379.755586145
-8.98142933333 379.684282527
-8.97642666667 379.767508682
-8.971424 379.702428439
-8.96642133333 379.858600197
-8.96141866667 379.756400062
-8.956416 379.781575587
-8.95141333333 379.680334229
-8.94641066667 379.762550768
-8.941408 379.688912243
-8.93640533333 379.748558029
-8.93140266667 379.615423467
-8.9264 379.694148716
-8.92139733333 379.629285661
-8.91639466667 379.681157464
-8.911392 379.594684303
-8.90638933333 379.678566211
-8.90138666667 379.609635767
-8.896384 379.655641941
-8.89138133333 379.564902523
-8.88637866667 379.69914244
-8.881376 379.634316333
-8.87637333333 379.672511883
-8.87137066667 379.649505342
-8.866368 379.738969363
-8.86136533333 379.643408853
-8.85636266667 379.636202217
-8.85136 379.643422029
-8.84635733333 379.709872909
-8.84135466667 379.65391228
-8.836352 379.739505574
-8.83134933333 379.683888967
-8.82634666667 379.701473999
-8.821344 379.675918191
-8.81634133333 379.731240816
-8.81133866667 379.647531177
-8.806336 379.752623531
-8.80133333333 379.655195806
-8.79633066667 379.743610596
-8.791328 379.688060306
-8.78632533333 379.784795396
-8.78132266667 379.651396272
-8.77632 379.701400032
-8.77131733333 379.752641521
-8.76631466667 379.864291313
-8.761312 379.744484662
-8.75630933333 379.828692693
-8.75130666667 379.784086626
-8.746304 379.844274947
-8.74130133333 379.734054627
-8.73629866667 379.820015798
-8.731296 379.797468511
-8.72629333333 379.860297714
-8.72129066667 379.778590655
-8.716288 379.822799893
-8.71128533333 379.756629418
-8.70628266667 379.790222253
-8.70128 379.772304689
-8.69627733333 379.827540175
-8.69127466667 379.801815383
-8.686272 379.856931975
-8.68126933333 379.744318559
-8.67626666667 379.807659014
-8.671264 379.778668808
-8.66626133333 379.862905056
-8.66125866667 379.758445453
-8.656256 379.858799441
-8.65125333333 379.853029582
-8.64625066667 380.0054727
-8.641248 379.87183823
-8.63624533333 380.036376655
-8.63124266667 380.058098669
-8.62624 380.144756785
-8.62123733333 380.108180859
-8.61623466667 380.210997206
-8.611232 380.113835222
-8.60622933333 380.183417809
-8.60122666667 380.096734285
-8.596224 380.235569306
-8.59122133333 380.166103066
-8.58621866667 380.301886018
-8.581216 380.344430743
-8.57621333333 380.40296668
-8.57121066667 380.280744194
-8.566208 380.396904887
-8.56120533333 380.315221347
-8.55620266667 380.439542375
-8.5512 380.331546941
-8.54619733333 380.377964463
-8.54119466667 380.334547146
-8.536192 380.403013509
-8.53118933333 380.325263688
-8.52618666667 380.474241449
-8.521184 380.397148617
-8.51618133333 380.465619004
-8.51117866667 380.442008195
-8.506176 380.542842795
-8.50117333333 380.38365288
-8.49617066667 380.536526757
-8.491168 380.452375562
-8.48616533333 380.58520355
-8.48116266667 380.460082525
-8.47616 380.546591772
-8.47115733333 380.409495505
-8.46615466667 380.543651307
-8.461152 380.41970499
-8.45614933333 380.45735746
-8.45114666667 380.420658005
-8.446144 380.543909476
-8.44114133333 380.450773325
-8.43613866667 380.548109747
-8.431136 380.533821462
-8.42613333333 380.591101532
-8.42113066667 380.489263818
-8.416128 380.558149953
-8.41112533333 380.55679371
-8.40612266667 380.629593012
-8.40112 380.482205764
-8.39611733333 380.539723929
-8.39111466667 380.504528803
-8.386112 380.597517432
-8.38110933333 380.54270464
-8.37610666667 380.636089827
-8.371104 380.551465171
-8.36610133333 380.609998885
-8.36109866667 380.521220601
-8.356096 380.586868
-8.35109333333 380.536842079
-8.34609066667 380.671303093
-8.341088 380.572351537
-8.33608533333 380.680495592
-8.33108266667 380.621482294
-8.32608 380.70467549
-8.32107733333 380.666053433
-8.31607466667 380.688547348
-8.311072 380.649740062
-8.30606933333 380.67438028
-8.30106666667 380.506432492
-8.296064 380.553971873
-8.29106133333 380.493023309
-8.28605866667 380.640201146
-8.281056 380.565618544
-8.27605333333 380.568359923
-8.27105066667 380.515033545
-8.266048 380.584659998
-8.26104533333 380.471397749
-8.25604266667 380.576048814
-8.25104 380.470925717
-8.24603733333 380.560464999
-8.24103466667 380.495252252
-8.236032 380.565445914
-8.23102933333 380.54739826
-8.22602666667 380.71131007
-8.221024 380.497189721
-8.21602133333 380.587727572
-8.21101866667 380.545208602
-8.206016 380.681551422
-8.20101333333 380.550865135
-8.19601066667 380.631476493
-8.191008 380.56598762
-8.18600533333 380.704855587
-8.18100266667 380.551619558
-8.176 380.646635481
-8.17099733333 380.559719377
-8.16599466667 380.597879835
-8.160992 380.537169377
-8.15598933333 380.672941822
-8.15098666667 380.614229152
-8.145984 380.650138526
-8.14098133333 380.642926653
-8.13597866667 380.697758673
-8.130976 380.676813023
-8.12597333333 380.73848733
-8.12097066667 380.625476701
-8.115968 380.692507157
-8.11096533333 380.638624849
-8.10596266667 380.691729398
-8.10096 380.620816683
-8.09595733333 380.695296197
-8.09095466667 380.623745436
-8.085952 380.736879343
-8.08094933333 380.623125929
-8.07594666667 380.711246859
-8.070944 380.608228656
-8.06594133333 380.655273121
-8.06093866667 380.579882191
-8.055936 380.613398743
-8.05093333333 380.456000651
-8.04593066667 380.501453769
-8.040928 380.459490476
-8.03592533333 380.534580928
-8.03092266667 380.492060245
-8.02592 380.434744394
-8.02091733333 380.333220337
-8.01591466667 380.39484262
-8.010912 380.420182251
-8.00590933333 380.526342738
-8.00090666667 380.392251878
-7.995904 380.412003066
-7.99090133333 380.352329813
-7.98589866667 380.456034921
-7.980896 380.329968751
-7.97589333333 380.403088317
-7.97089066667 380.305922511
-7.965888 380.324757961
-7.96088533333 380.222351713
-7.95588266667 380.317085369
-7.95088 380.179683367
-7.94587733333 380.09397616
-7.94087466667 380.135669979
-7.935872 380.259735035
-7.93086933333 380.204762167
-7.92586666667 380.153668391
-7.920864 380.160214294
-7.91586133333 380.177494958
-7.91085866667 380.050530109
-7.905856 380.117990672
-7.90085333333 379.938219217
-7.89585066667 379.943096041
-7.890848 379.938765028
-7.88584533333 379.927384276
-7.88084266667 379.669996355
-7.87584 379.64962489
-7.87083733333 379.48901468
-7.86583466667 379.526599614
-7.860832 379.264315574
-7.85582933333 378.970208599
-7.85082666667 378.716473329
-7.845824 378.297542231
-7.84082133333 377.850504389
-7.83581866667 377.817732794
-7.830816 377.843416829
-7.82581333333 377.553510134
-7.82081066667 377.201646301
-7.815808 376.858294317
-7.81080533333 376.41576644
-7.80580266667 376.259927035
-7.8008 375.884687927
-7.79579733333 375.662537332
-7.79079466667 375.243205885
-7.785792 374.904854956
-7.78078933333 374.433646659
-7.77578666667 373.944263608
-7.770784 373.474756581
-7.76578133333 373.061899734
-7.76077866667 372.269168806
-7.755776 371.926649428
-7.75077333333 371.451762613
-7.74577066667 370.72015928
-7.740768 369.988217491
-7.73576533333 369.2797991
-7.73076266667 368.511934892
-7.72576 367.892630901
-7.72075733333 366.554029074
-7.71575466667 365.223016434
-7.710752 364.38872298
-7.70574933333 363.443253289
-7.70074666667 362.841114271
-7.695744 362.553522098
-7.69074133333 362.312358169
-7.68573866667 362.442328906
-7.680736 362.303844439
-7.67573333333 362.247406763
-7.67073066667 362.074910027
-7.665728 362.048779723
-7.66072533333 361.926088642
-7.65572266667 361.855552371
-7.65072 361.788700888
-7.64571733333 361.828723007
-7.64071466667 362.075218353
-7.635712 362.288653235
-7.63070933333 362.340915911
-7.62570666667 362.382024603
-7.620704 361.867222444
-7.61570133333 361.067765714
-7.61069866667 360.235534856
-7.605696 360.09875076
-7.60069333333 359.69656697
-7.59569066667 359.636076287
-7.590688 359.61832356
-7.58568533333 359.806576279
-7.58068266667 359.785590901
-7.57568 359.870128812
-7.57067733333 359.745573398
-7.56567466667 359.706465834
-7.560672 359.467031174
-7.55566933333 359.429278622
-7.55066666667 359.352056699
-7.545664 358.884948597
-7.54066133333 358.50342708
-7.53565866667 358.140023822
-7.530656 348.0033739
-7.52565333333 339.997031233
-7.52065066667 338.36833808
-7.515648 337.207165735
-7.51064533333 336.419212042
-7.50564266667 335.790880825
-7.50064 335.280853587
-7.49563733333 335.048159418
-7.49063466667 334.800566736
-7.485632 334.5556255
-7.48062933333 334.362966138
-7.47562666667 334.445311945
-7.470624 334.341167349
-7.46562133333 334.279214016
-7.46061866667 334.117341167
-7.455616 334.145610776
-7.45061333333 334.300190986
-7.44561066667 334.226195212
-7.440608 334.239985673
-7.43560533333 334.478843716
-7.43060266667 334.40599823
-7.4256 334.349690609
-7.42059733333 334.458234073
-7.41559466667 334.836969303
-7.410592 335.117726474
-7.40558933333 335.223988278
-7.40058666667 335.337466716
-7.395584 335.492198937
-7.39058133333 335.582444592
-7.38557866667 335.568873051
-7.380576 335.758674425
-7.37557333333 336.64487029
-7.37057066667 338.181285903
-7.365568 341.186455463
-7.36056533333 349.142117026
-7.35556266667 357.395327691
-7.35056 358.958354652
-7.34555733333 360.637879397
-7.34055466667 361.81186365
-7.335552 362.271674722
-7.33054933333 362.956442253
-7.32554666667 363.989816886
-7.320544 364.720721599
-7.31554133333 363.512700451
-7.31053866667 360.450139389
-7.305536 361.115879642
-7.30053333333 360.501469985
-7.29553066667 361.70560141
-7.290528 363.639052644
-7.28552533333 368.525424812
-7.28052266667 368.714629002
-7.27552 369.952553535
-7.27051733333 370.320566611
-7.26551466667 369.188044557
-7.260512 364.772704671
-7.25550933333 361.375221247
-7.25050666667 359.487695623
-7.245504 358.608628169
-7.24050133333 358.686203909
-7.23549866667 357.124900036
-7.230496 353.192744033
-7.22549333333 350.586091651
-7.22049066667 351.667500669
-7.215488 354.404845181
-7.21048533333 354.115945181
-7.20548266667 355.695433568
-7.20048 357.381685248
-7.19547733333 359.159719122
-7.19047466667 359.406417967
-7.185472 359.071520666
-7.18046933333 358.693816553
-7.17546666667 358.405001711
-7.170464 358.394545534
-7.16546133333 358.463338945
-7.16045866667 357.974917948
-7.155456 357.60187901
-7.15045333333 356.767840579
-7.14545066667 356.535702625
-7.140448 355.778300518
-7.13544533333 355.36398995
-7.13044266667 354.953260464
-7.12544 354.673495824
-7.12043733333 354.268999992
-7.11543466667 354.041108724
-7.110432 353.804253036
-7.10542933333 353.531150776
-7.10042666667 353.251283166
-7.095424 352.966685937
-7.09042133333 352.558315352
-7.08541866667 352.359079908
-7.080416 352.038575301
-7.07541333333 351.600654141
-7.07041066667 351.204899823
-7.065408 350.976556994
-7.06040533333 350.805512515
-7.05540266667 350.524073632
-7.0504 350.169829878
-7.04539733333 349.770670382
-7.04039466667 349.144445709
-7.035392 348.566065544
-7.03038933333 348.014631971
-7.02538666667 347.765003364
-7.020384 347.565574273
-7.01538133333 347.629727611
-7.01037866667 347.369526711
-7.005376 347.268482239
-7.00037333333 347.04686252
-6.99537066667 346.940777791
-6.990368 346.511577301
-6.98536533333 346.247441232
-6.98036266667 346.060639879
-6.97536 346.128194885
-6.97035733333 345.922126461
-6.96535466667 345.96611983
-6.960352 345.82223804
-6.95534933333 345.604892616
-6.95034666667 345.182494587
-6.945344 344.647693842
-6.94034133333 343.113609071
-6.93533866667 340.787988917
-6.930336 338.477067353
-6.92533333333 337.3317237
-6.92033066667 337.178294259
-6.915328 338.033148829
-6.91032533333 341.631930626
-6.90532266667 343.443575355
-6.90032 344.227089574
-6.89531733333 344.665824231
-6.89031466667 345.588000712
-6.885312 346.652680084
-6.88030933333 348.382345154
-6.87530666667 350.631470984
-6.870304 352.498142805
-6.86530133333 354.041530453
-6.86029866667 355.303674604
-6.855296 356.348013172
-6.85029333333 357.811122428
-6.84529066667 360.197828534
-6.840288 361.710231872
-6.83528533333 364.97812224
-6.83028266667 366.390218368
-6.82528 367.299996177
-6.82027733333 369.018512664
-6.81527466667 367.974076219
-6.810272 368.30923902
-6.80526933333 368.613070973
-6.80026666667 368.589957708
-6.795264 368.787052318
-6.79026133333 369.047993719
-6.78525866667 369.351294229
-6.780256 370.075692073
-6.77525333333 369.308231775
-6.77025066667 368.634639845
-6.765248 368.57349608
-6.76024533333 368.633520229
-6.75524266667 368.894353921
-6.75024 368.666110551
-6.74523733333 368.859846579
-6.74023466667 369.181114285
-6.735232 369.887866558
-6.73022933333 369.738827746
-6.72522666667 369.79388582
-6.720224 369.923731266
-6.71522133333 370.234182239
-6.71021866667 370.414353426
-6.705216 370.511013348
-6.70021333333 370.646736324
-6.69521066667 370.833280462
-6.690208 370.884341488
-6.68520533333 370.951704319
-6.68020266667 370.954266985
-6.6752 371.003743135
-6.67019733333 370.889323139
-6.66519466667 370.700091258
-6.660192 370.46398012
-6.65518933333 370.241083373
-6.65018666667 369.993346835
-6.645184 369.54368841
-6.64018133333 369.015823132
-6.63517866667 368.695991059
-6.630176 368.423556701
-6.62517333333 368.383347801
-6.62017066667 368.249457422
-6.615168 368.159492308
-6.61016533333 368.084289966
-6.60516266667 368.014526729
-6.60016 367.955220735
-6.59515733333 367.928160371
-6.59015466667 367.930587606
-6.585152 368.021679003
-6.58014933333 368.013030685
-6.57514666667 368.052674188
-6.570144 367.83510575
-6.56514133333 367.702872688
-6.56013866667 367.631963019
-6.555136 367.650992031
-6.55013333333 367.796096983
-6.54513066667 367.902662421
-6.540128 367.779000734
-6.53512533333 367.581382192
-6.53012266667 367.496056678
-6.52512 367.459526948
-6.52011733333 367.662723529
-6.51511466667 367.408200119
-6.510112 366.821825475
-6.50510933333 366.807490926
-6.50010666667 366.450393298
-6.495104 366.604906435
-6.49010133333 365.942418324
-6.48509866667 365.636737916
-6.480096 365.983927748
-6.47509333333 366.378505843
-6.47009066667 366.570707112
-6.465088 366.737008598
-6.46008533333 366.888090537
-6.45508266667 367.023888318
-6.45008 367.049248213
-6.44507733333 367.070060702
-6.44007466667 367.091592597
-6.435072 367.067686134
-6.43006933333 367.143069551
-6.42506666667 367.037372847
-6.420064 366.915951816
-6.41506133333 366.909544861
-6.41005866667 366.901956984
-6.405056 366.84921437
-6.40005333333 366.767685792
-6.39505066667 366.783025978
-6.390048 366.827629529
-6.38504533333 366.873693837
-6.38004266667 366.933782446
-6.37504 366.989161704
-6.37003733333 367.01329704
-6.36503466667 367.037835709
-6.360032 367.089676473
-6.35502933333 367.151586994
-6.35002666667 367.210883553
-6.345024 367.298578345
-6.34002133333 367.324163228
-6.33501866667 367.335394708
-6.330016 367.351627661
-6.32501333333 367.292933461
-6.32001066667 367.311429035
-6.315008 367.27983228
-6.31000533333 367.380667672
-6.30500266667 367.384122562
-6.3 367.401036331
-6.29499733333 367.392656405
-6.28999466667 367.452168764
-6.284992 367.477111
-6.27998933333 367.527798744
-6.27498666667 367.538079785
-6.269984 367.655812045
-6.26498133333 367.766058724
-6.25997866667 367.891299981
-6.254976 368.094097858
-6.24997333333 368.250558129
-6.24497066667 368.338066057
-6.239968 368.348265301
-6.23496533333 368.418988486
-6.22996266667 368.537622807
-6.22496 368.64755785
-6.21995733333 368.601815288
-6.21495466667 368.465058068
-6.209952 368.604223699
-6.20494933333 368.909803136
-6.19994666667 368.858266174
-6.194944 368.807461861
-6.18994133333 368.80335227
-6.18493866667 368.859929267
-6.179936 368.871945531
-6.17493333333 368.913298109
-6.16993066667 369.087078253
-6.164928 369.184952849
-6.15992533333 369.379130622
-6.15492266667 369.536587282
-6.14992 369.609496789
-6.14491733333 369.692240769
-6.13991466667 369.749866901
-6.134912 369.738884309
-6.12990933333 369.751606746
-6.12490666667 369.707268966
-6.119904 369.663227385
-6.11490133333 369.695344819
-6.10989866667 369.867418231
-6.104896 369.933782311
-6.09989333333 370.001776958
-6.09489066667 370.05396982
-6.089888 370.239792628
-6.08488533333 370.343600292
-6.07988266667 370.554033347
-6.07488 370.643908798
-6.06987733333 370.772183078
-6.06487466667 370.850043705
-6.059872 370.818587647
-6.05486933333 370.856470504
-6.04986666667 370.980410677
-6.044864 371.036995892
-6.03986133333 371.080152366
-6.03485866667 371.099094206
-6.029856 371.266539736
-6.02485333333 371.231154898
-6.01985066667 371.344095183
-6.014848 371.440242735
-6.00984533333 371.503401708
-6.00484266667 371.57663164
-5.99984 371.627186717
-5.99483733333 371.702835754
-5.98983466667 371.652994897
-5.984832 371.616483344
-5.97982933333 371.533948932
-5.97482666667 371.443284145
-5.969824 371.427274892
-5.96482133333 371.409116418
-5.95981866667 371.343197651
-5.954816 371.333941757
-5.94981333333 371.345927284
-5.94481066667 371.379168386
-5.939808 371.33006844
-5.93480533333 371.450487291
-5.92980266667 371.566068126
-5.9248 371.617977746
-5.91979733333 371.585323757
-5.91479466667 371.613252409
-5.909792 371.725880181
-5.90478933333 371.863913371
-5.89978666667 371.94396705
-5.894784 372.086012211
-5.88978133333 372.094218038
-5.88477866667 372.046078991
-5.879776 372.030323695
-5.87477333333 372.029840415
-5.86977066667 372.003854304
-5.864768 371.984442304
-5.85976533333 371.956886843
-5.85476266667 372.019709244
-5.84976 371.955646151
-5.84475733333 371.927999151
-5.83975466667 371.890272931
-5.834752 371.802916598
-5.82974933333 371.858710458
-5.82474666667 371.883800814
-5.819744 371.7884142
-5.81474133333 371.731466701
-5.80973866667 371.749502232
-5.804736 371.608059045
-5.79973333333 371.529139385
-5.79473066667 371.478005801
-5.789728 371.527908754
-5.78472533333 371.436479735
-5.77972266667 371.361771628
-5.77472 371.293793892
-5.76971733333 371.313126254
-5.76471466667 371.289339429
-5.759712 371.295372676
-5.75470933333 371.218564488
-5.74970666667 371.291161644
-5.744704 371.325866354
-5.73970133333 371.315534948
-5.73469866667 371.354084222
-5.729696 371.355719232
-5.72469333333 371.409702378
-5.71969066667 371.44864688
-5.714688 371.438569014
-5.70968533333 371.449420451
-5.70468266667 371.407403857
-5.69968 371.41820601
-5.69467733333 371.377740493
-5.68967466667 371.439834238
-5.684672 371.417726883
-5.67966933333 371.408629422
-5.67466666667 371.313630288
-5.669664 371.273073472
-5.66466133333 371.329678332
-5.65965866667 371.310569493
-5.654656 371.186169015
-5.64965333333 371.199443594
-5.64465066667 371.364981926
-5.639648 371.519410869
-5.63464533333 371.454561942
-5.62964266667 371.627358122
-5.62464 371.785151073
-5.61963733333 371.972664561
-5.61463466667 372.12323036
-5.609632 372.18747
-5.60462933333 372.141546095
-5.59962666667 372.073177119
-5.594624 372.036069779
-5.58962133333 372.096166758
-5.58461866667 372.066318838
-5.579616 372.108786699
-5.57461333333 372.041283534
-5.56961066667 372.003523659
-5.564608 371.974165306
-5.55960533333 371.988533865
-5.55460266667 371.972983828
-5.5496 372.010771784
-5.54459733333 372.082929632
-5.53959466667 372.12760694
-5.534592 372.152699185
-5.52958933333 372.356811155
-5.52458666667 372.451610413
-5.519584 372.480332505
-5.51458133333 372.574225642
-5.50957866667 372.629335277
-5.504576 372.579666818
-5.49957333333 372.755973807
-5.49457066667 372.709473868
-5.489568 372.663861598
-5.48456533333 372.769131293
-5.47956266667 372.718616019
-5.47456 372.794515947
-5.46955733333 372.847125304
-5.46455466667 372.863433039
-5.459552 372.871472746
-5.45454933333 372.969527542
-5.44954666667 373.036202711
-5.444544 373.204904214
-5.43954133333 373.32124685
-5.43453866667 373.321773345
-5.429536 373.530124574
-5.42453333333 373.564340722
-5.41953066667 373.597516704
-5.414528 373.675797327
-5.40952533333 373.738991643
-5.40452266667 373.779065623
-5.39952 373.825464512
-5.39451733333 373.853662947
-5.38951466667 373.999578614
-5.384512 374.031970995
-5.37950933333 374.140395369
-5.37450666667 374.284537779
-5.369504 374.402559976
-5.36450133333 374.48677628
-5.35949866667 374.842768324
-5.354496 374.972123561
-5.34949333333 375.131717661
-5.34449066667 375.174492551
-5.339488 375.235131432
-5.33448533333 375.35255729
-5.32948266667 375.463322299
-5.32448 375.459135463
-5.31947733333 375.515643487
-5.31447466667 375.530496499
-5.309472 375.586504253
-5.30446933333 375.566527355
-5.29946666667 375.61414696
-5.294464 375.66416143
-5.28946133333 375.759372217
-5.28445866667 375.818603543
-5.279456 375.762770183
-5.27445333333 375.683527049
-5.26945066667 375.760463202
-5.264448 375.767420338
-5.25944533333 375.654909824
-5.25444266667 375.650973214
-5.24944 375.723163846
-5.24443733333 375.584551528
-5.23943466667 375.534038467
-5.234432 375.535003311
-5.22942933333 375.575872675
-5.22442666667 375.495661055
-5.219424 375.549185504
-5.21442133333 375.456609579
-5.20941866667 375.418977605
-5.204416 375.332829655
-5.19941333333 375.264333865
-5.19441066667 375.183816392
-5.189408 374.792723536
-5.18440533333 374.663437456
-5.17940266667 374.529940931
-5.1744 374.331184106
-5.16939733333 374.315971858
-5.16439466667 373.714973929
-5.159392 373.28095877
-5.15438933333 373.244364638
-5.14938666667 373.424875141
-5.144384 373.406251742
-5.13938133333 373.287213909
-5.13437866667 373.003543219
-5.129376 373.452691415
-5.12437333333 373.556646305
-5.11937066667 373.752649549
-5.114368 373.760800509
-5.10936533333 373.549253345
-5.10436266667 373.23821314
-5.09936 372.891054077
-5.09435733333 372.810777128
-5.08935466667 372.587666451
-5.084352 372.265880395
-5.07934933333 372.149741699
-5.07434666667 372.131222471
-5.069344 371.9578545
-5.06434133333 371.368480073
-5.05933866667 370.926295983
-5.054336 369.092631732
-5.04933333333 367.829062043
-5.04433066667 367.042628006
-5.039328 366.459600186
-5.03432533333 365.735160015
-5.02932266667 365.176031536
-5.02432 364.634473424
-5.01931733333 364.730894151
-5.01431466667 364.606279668
-5.009312 364.230746359
-5.00430933333 363.771821563
-4.99930666667 363.508695262
-4.994304 363.089486635
-4.98930133333 362.923728074
-4.98429866667 362.561169403
-4.979296 362.08717296
-4.97429333333 361.79228367
-4.96929066667 361.727941786
-4.964288 361.472020307
-4.95928533333 361.194856983
-4.95428266667 360.939894331
-4.94928 360.703309383
-4.94427733333 360.331042771
-4.93927466667 360.001612611
-4.934272 359.578707781
-4.92926933333 359.288830118
-4.92426666667 358.897685062
-4.919264 358.67106857
-4.91426133333 358.563738867
-4.90925866667 358.471150865
-4.904256 358.294858788
-4.89925333333 358.278626351
-4.89425066667 358.174838717
-4.889248 358.203927118
-4.88424533333 358.122715773
-4.87924266667 358.178411643
-4.87424 358.222211218
-4.86923733333 358.333390465
-4.86423466667 358.298626067
-4.859232 358.453272774
-4.85422933333 358.5815513
-4.84922666667 358.763561274
-4.844224 358.841150812
-4.83922133333 358.926296027
-4.83421866667 359.113660074
-4.829216 359.287666996
-4.82421333333 359.376391397
-4.81921066667 359.442948596
-4.814208 359.375162815
-4.80920533333 359.397487604
-4.80420266667 359.354513898
-4.7992 359.478131935
-4.79419733333 359.457862074
-4.78919466667 359.510953542
-4.784192 359.505586687
-4.77918933333 359.54883
-4.77418666667 359.561079239
-4.769184 359.696485047
-4.76418133333 359.697467714
-4.75917866667 359.757541665
-4.754176 359.788438286
-4.74917333333 359.824250294
-4.74417066667 359.71672577
-4.739168 359.698804439
-4.73416533333 359.640780976
-4.72916266667 359.742885994
-4.72416 359.669025893
-4.71915733333 359.667528555
-4.71415466667 359.602127089
-4.709152 359.658423127
-4.70414933333 359.626254174
-4.69914666667 359.642247014
-4.694144 359.604344634
-4.68914133333 359.7023225
-4.68413866667 359.719763783
-4.679136 359.703846161
-4.67413333333 359.616028109
-4.66913066667 359.700633594
-4.664128 359.753384824
-4.65912533333 359.811471909
-4.65412266667 359.755853608
-4.64912 359.811655855
-4.64411733333 359.724878005
-4.63911466667 359.690931651
-4.634112 359.637359253
-4.62910933333 359.618044688
-4.62410666667 359.42523748
-4.619104 359.350562392
-4.61410133333 359.263801469
-4.60909866667 359.184570371
-4.604096 359.04910229
-4.59909333333 359.042228117
-4.59409066667 359.000765574
-4.589088 359.000439391
-4.58408533333 358.883068257
-4.57908266667 358.904558447
-4.57408 358.813436269
-4.56907733333 358.925802327
-4.56407466667 358.823219855
-4.559072 358.963325971
-4.55406933333 358.890966929
-4.54906666667 358.979776665
-4.544064 359.103563655
-4.53906133333 359.466530658
-4.53405866667 359.896372283
-4.529056 359.808098625
-4.52405333333 359.579547729
-4.51905066667 359.407993329
-4.514048 359.026808955
-4.50904533333 358.638287261
-4.50404266667 358.104087366
-4.49904 357.325718291
-4.49403733333 356.506432703
-4.48903466667 355.529238906
-4.484032 354.484311734
-4.47902933333 341.379221551
-4.47402666667 336.099133801
-4.469024 336.039435114
-4.46402133333 335.722743971
-4.45901866667 335.415184977
-4.454016 335.212164403
-4.44901333333 335.236150432
-4.44401066667 335.318449002
-4.439008 335.248120094
-4.43400533333 335.154458508
-4.42900266667 335.087031195
-4.424 335.027013265
-4.41899733333 335.07913589
-4.41399466667 334.845627555
-4.408992 334.770630292
-4.40398933333 334.61816272
-4.39898666667 334.630195572
-4.393984 334.537130795
-4.38898133333 334.581307185
-4.38397866667 334.595210996
-4.378976 334.556837226
-4.37397333333 334.430720077
-4.36897066667 334.40671376
-4.363968 334.309747964
-4.35896533333 334.36146799
-4.35396266667 334.333569117
-4.34896 334.450613034
-4.34395733333 334.410281365
-4.33895466667 334.446484559
-4.333952 334.422206494
-4.32894933333 334.341080408
-4.32394666667 334.154067974
-4.318944 334.061645999
-4.31394133333 333.989932637
-4.30893866667 333.943827589
-4.303936 333.943939755
-4.29893333333 334.01008566
-4.29393066667 334.074773396
-4.288928 334.079374495
-4.28392533333 333.801579524
-4.27892266667 333.766108123
-4.27392 333.672265986
-4.26891733333 333.644776608
-4.26391466667 333.60037801
-4.258912 333.732250515
-4.25390933333 333.672288068
-4.24890666667 333.890667068
-4.243904 334.00205443
-4.23890133333 334.283952577
-4.23389866667 334.505875241
-4.228896 334.695380603
-4.22389333333 334.759456037
-4.21889066667 334.885960856
-4.213888 334.902711142
-4.20888533333 335.046269957
-4.20388266667 335.104891975
-4.19888 335.136389686
-4.19387733333 334.880906525
-4.18887466667 334.384678043
-4.183872 335.404897394
-4.17886933333 339.963015124
-4.17386666667 340.15084609
-4.168864 339.764775291
-4.16386133333 339.345841028
-4.15885866667 339.085899507
-4.153856 338.887535692
-4.14885333333 340.080842386
-4.14385066667 339.154669644
-4.138848 338.644403529
-4.13384533333 338.370320358
-4.12884266667 338.23513282
-4.12384 338.026058433
-4.11883733333 338.016791835
-4.11383466667 337.907274242
-4.108832 337.878333043
-4.10382933333 337.605097656
-4.09882666667 337.516682038
-4.093824 337.211500289
-4.08882133333 337.025872404
-4.08381866667 336.756576349
-4.078816 336.788873127
-4.07381333333 336.644492182
-4.06881066667 336.672812301
-4.063808 336.434057706
-4.05880533333 336.363095198
-4.05380266667 336.26333241
-4.0488 336.200818362
-4.04379733333 336.108744488
-4.03879466667 336.09709569
-4.033792 335.998676546
-4.02878933333 336.008438108
-4.02378666667 335.927141144
-4.018784 336.043756142
-4.01378133333 336.053677443
-4.00877866667 336.053350714
-4.003776 336.022589757
-3.99877333333 336.152663192
-3.99377066667 336.132471361
-3.988768 336.288445373
-3.98376533333 336.43859595
-3.97876266667 337.093123937
-3.97376 338.422588549
-3.96875733333 340.591887189
-3.96375466667 343.055109118
-3.958752 342.850057313
-3.95374933333 341.691120796
-3.94874666667 340.691855785
-3.943744 339.866469069
-3.93874133333 339.627846887
-3.93373866667 339.323623758
-3.928736 339.452297804
-3.92373333333 339.631445863
-3.91873066667 339.849389409
-3.913728 340.129515992
-3.90872533333 340.624754481
-3.90372266667 340.206088439
-3.89872 339.044074554
-3.89371733333 338.094281056
-3.88871466667 337.691454988
-3.883712 338.305877705
-3.87870933333 342.714410911
-3.87370666667 344.843391867
-3.868704 349.187074462
-3.86370133333 357.85947582
-3.85869866667 360.384434661
-3.853696 360.97820519
-3.84869333333 362.35826868
-3.84369066667 363.639120679
-3.838688 363.457988644
-3.83368533333 354.062417132
-3.82868266667 360.836161476
-3.82368 367.803592942
-3.81867733333 372.410344211
-3.81367466667 367.488360567
-3.808672 373.166515207
-3.80366933333 376.831101985
-3.79866666667 376.305687908
-3.793664 375.766453755
-3.78866133333 375.901771216
-3.78365866667 375.471588686
-3.778656 374.647794375
-3.77365333333 374.740379425
-3.76865066667 376.692179296
-3.763648 378.047175398
-3.75864533333 377.089429241
-3.75364266667 375.927085342
-3.74864 374.816050376
-3.74363733333 374.226367269
-3.73863466667 374.1329609
-3.733632 374.093845914
-3.72862933333 374.293010405
-3.72362666667 374.526129368
-3.718624 374.403708942
-3.71362133333 373.626985025
-3.70861866667 373.166686616
-3.703616 373.710627163
-3.69861333333 373.993460512
-3.69361066667 374.341652223
-3.688608 374.861533372
-3.68360533333 374.420870995
-3.67860266667 374.430246638
-3.6736 374.726611762
-3.66859733333 375.013205918
-3.66359466667 375.056865327
-3.658592 375.200456895
-3.65358933333 375.170592072
-3.64858666667 375.336704292
-3.643584 375.132505568
-3.63858133333 375.320182323
-3.63357866667 375.242250598
-3.628576 375.427084769
-3.62357333333 374.734758573
-3.61857066667 375.144623533
-3.613568 375.660836723
-3.60856533333 375.350160054
-3.60356266667 375.011690376
-3.59856 374.898176582
-3.59355733333 374.839192454
-3.58855466667 375.245913646
-3.583552 375.549481026
-3.57854933333 375.086647639
-3.57354666667 374.52408373
-3.568544 374.880954043
-3.56354133333 374.114502905
-3.55853866667 374.293751964
-3.553536 374.009040427
-3.54853333333 373.849981087
-3.54353066667 373.725048192
-3.538528 373.644591249
-3.53352533333 373.716415099
-3.52852266667 373.584648982
-3.52352 373.302353187
-3.51851733333 373.337306325
-3.51351466667 373.224216189
-3.508512 373.256312834
-3.50350933333 373.303781496
-3.49850666667 373.542323313
-3.493504 373.566888812
-3.48850133333 373.770967315
-3.48349866667 373.766377167
-3.478496 374.136049415
-3.47349333333 374.292356203
-3.46849066667 374.711871106
-3.463488 375.037473362
-3.45848533333 375.373874773
-3.45348266667 375.220241429
-3.44848 375.301938906
-3.44347733333 375.150774914
-3.43847466667 375.1664315
-3.433472 375.381045342
-3.42846933333 375.711172581
-3.42346666667 375.659989554
-3.418464 376.241709345
-3.41346133333 376.48952977
-3.40845866667 376.527828735
-3.403456 376.8909172
-3.39845333333 377.327409418
-3.39345066667 376.930956777
-3.388448 376.834041945
-3.38344533333 376.698923528
-3.37844266667 376.917174744
-3.37344 377.234006626
-3.36843733333 377.394249705
-3.36343466667 377.484640158
-3.358432 377.434147104
-3.35342933333 377.477263322
-3.34842666667 377.622691253
-3.343424 377.533839963
-3.33842133333 377.609347061
-3.33341866667 377.564847222
-3.328416 377.56975451
-3.32341333333 377.873050334
-3.31841066667 377.980523003
-3.313408 378.029686942
-3.30840533333 378.161142381
-3.30340266667 377.880878324
-3.2984 378.05001028
-3.29339733333 378.165964488
-3.28839466667 378.449817383
-3.283392 378.615848534
-3.27838933333 379.014816146
-3.27338666667 379.088891965
-3.268384 379.414377561
-3.26338133333 379.631997432
-3.25837866667 379.991262737
-3.253376 380.247009721
-3.24837333333 380.513746314
-3.24337066667 380.474998289
-3.238368 380.689060437
-3.23336533333 380.783947519
-3.22836266667 380.828394679
-3.22336 380.75650919
-3.21835733333 380.872943776
-3.21335466667 380.865963805
-3.208352 381.087000509
-3.20334933333 381.195194031
-3.19834666667 381.428013599
-3.193344 381.544033363
-3.18834133333 381.740017471
-3.18333866667 381.595514948
-3.178336 381.623042817
-3.17333333333 381.50194479
-3.16833066667 381.507857119
-3.163328 381.433114842
-3.15832533333 381.401515396
-3.15332266667 381.532572486
-3.14832 381.959748596
-3.14331733333 382.28824977
-3.13831466667 382.565997036
-3.133312 382.599881469
-3.12830933333 382.426251163
-3.12330666667 381.888091325
-3.118304 382.011363628
-3.11330133333 381.870206624
-3.10829866667 382.188345049
-3.103296 382.400997522
-3.09829333333 382.516121143
-3.09329066667 382.617742441
-3.088288 382.55201912
-3.08328533333 382.597304717
-3.07828266667 382.672662587
-3.07328 382.52306614
-3.06827733333 382.563500128
-3.06327466667 382.50435833
-3.058272 382.601670343
-3.05326933333 382.636062149
-3.04826666667 382.74319542
-3.043264 382.682019447
-3.03826133333 382.801985783
-3.03325866667 382.679287486
-3.028256 382.596339843
-3.02325333333 382.496552417
-3.01825066667 382.512991789
-3.013248 382.416953933
-3.00824533333 382.526560779
-3.00324266667 382.447905714
-2.99824 382.452571834
-2.99323733333 382.495146216
-2.98823466667 382.63393441
-2.983232 382.574428818
-2.97822933333 382.609691323
-2.97322666667 382.611160754
-2.968224 382.689450857
-2.96322133333 382.552718212
-2.95821866667 382.537975907
-2.953216 382.497614177
-2.94821333333 382.582632064
-2.94321066667 382.496599017
-2.938208 382.374814204
-2.93320533333 382.258630135
-2.92820266667 382.200228848
-2.9232 382.168716593
-2.91819733333 382.269080181
-2.91319466667 382.34568012
-2.908192 382.567351349
-2.90318933333 382.470352705
-2.89818666667 382.486053515
-2.893184 382.36648831
-2.88818133333 382.326518949
-2.88317866667 382.361844775
-2.878176 382.394141074
-2.87317333333 382.37382353
-2.86817066667 382.485308841
-2.863168 382.258015826
-2.85816533333 382.314873651
-2.85316266667 382.294347546
-2.84816 382.237374806
-2.84315733333 382.149853064
-2.83815466667 382.108993759
-2.833152 382.005347336
-2.82814933333 382.001179363
-2.82314666667 381.906956026
-2.818144 381.911543813
-2.81314133333 381.90604765
-2.80813866667 381.904181623
-2.803136 381.793622798
-2.79813333333 381.840261338
-2.79313066667 381.743488474
-2.788128 381.834064348
-2.78312533333 381.71026711
-2.77812266667 381.692438739
-2.77312 381.684883284
-2.76811733333 381.775371539
-2.76311466667 381.677702436
-2.758112 381.777662046
-2.75310933333 381.575385824
-2.74810666667 381.720162794
-2.743104 381.586777723
-2.73810133333 381.633294603
-2.73309866667 381.421315086
-2.728096 381.455029387
-2.72309333333 381.585006398
-2.71809066667 381.546476407
-2.713088 381.425211351
-2.70808533333 381.64540728
-2.70308266667 381.521569477
-2.69808 381.518373452
-2.69307733333 381.405455828
-2.68807466667 381.158095619
-2.683072 380.950616708
-2.67806933333 380.863588826
-2.67306666667 380.720220458
-2.668064 380.546461009
-2.66306133333 380.021290296
-2.65805866667 379.717363037
-2.653056 379.487046643
-2.64805333333 379.479965637
-2.64305066667 379.405107649
-2.638048 379.347611659
-2.63304533333 379.101256628
-2.62804266667 378.887321265
-2.62304 378.567574389
-2.61803733333 378.706741016
-2.61303466667 378.730408188
-2.608032 378.685231442
-2.60302933333 378.430103148
-2.59802666667 378.313721789
-2.593024 378.285104991
-2.58802133333 378.470557902
-2.58301866667 378.494910312
-2.578016 378.464122913
-2.57301333333 378.011525378
-2.56801066667 377.753713338
-2.563008 377.470498499
-2.55800533333 377.387046388
-2.55300266667 377.415444781
-2.548 377.578036721
-2.54299733333 377.180552902
-2.53799466667 377.084274939
-2.532992 376.995995505
-2.52798933333 376.907302073
-2.52298666667 376.75321711
-2.517984 376.632419314
-2.51298133333 376.450738457
-2.50797866667 376.411634193
-2.502976 376.341045464
-2.49797333333 376.321899221
-2.49297066667 376.327366017
-2.487968 376.348041284
-2.48296533333 376.217099696
-2.47796266667 376.177182578
-2.47296 376.114270779
-2.46795733333 376.022258582
-2.46295466667 375.995800219
-2.457952 376.038205745
-2.45294933333 376.143453552
-2.44794666667 376.46666289
-2.442944 377.024592535
-2.43794133333 377.372787128
-2.43293866667 378.079442975
-2.427936 378.290984055
-2.42293333333 378.485612176
-2.41793066667 378.571675428
-2.412928 378.632121812
-2.40792533333 378.710442617
-2.40292266667 378.75083748
-2.39792 378.842406486
-2.39291733333 378.917019989
-2.38791466667 379.02342838
-2.382912 378.908587219
-2.37790933333 378.829717177
-2.37290666667 378.737915226
-2.367904 378.917531473
-2.36290133333 378.80576897
-2.35789866667 378.887585324
-2.352896 378.950704271
-2.34789333333 378.989584153
-2.34289066667 378.920955659
-2.337888 378.897299437
-2.33288533333 379.000963898
-2.32788266667 379.002125683
-2.32288 378.933765772
-2.31787733333 379.016695237
-2.31287466667 379.035396208
-2.307872 378.985368374
-2.30286933333 378.96531764
-2.29786666667 378.948165105
-2.292864 379.031054346
-2.28786133333 379.130676102
-2.28285866667 379.128430701
-2.277856 378.974212222
-2.27285333333 378.923627291
-2.26785066667 378.985728747
-2.262848 378.965517301
-2.25784533333 379.076445143
-2.25284266667 379.087039038
-2.24784 379.137326031
-2.24283733333 379.129396543
-2.23783466667 379.142173951
-2.232832 379.218551736
-2.22782933333 379.230306632
-2.22282666667 379.237012817
-2.217824 379.349692556
-2.21282133333 379.425845146
-2.20781866667 379.43522722
-2.202816 379.272648387
-2.19781333333 379.291522138
-2.19281066667 379.369918789
-2.187808 379.33946341
-2.18280533333 379.349807708
-2.17780266667 379.446526232
-2.1728 379.537250234
-2.16779733333 379.501924404
-2.16279466667 379.533368442
-2.157792 379.498119108
-2.15278933333 379.485649318
-2.14778666667 379.547517621
-2.142784 379.522508344
-2.13778133333 379.522884564
-2.13277866667 379.535007998
-2.127776 379.496358104
-2.12277333333 379.460291457
-2.11777066667 379.479344301
-2.112768 379.477493167
-2.10776533333 379.502227637
-2.10276266667 379.424366437
-2.09776 379.433242221
-2.09275733333 379.418257411
-2.08775466667 379.384385034
-2.082752 379.348767546
-2.07774933333 379.353431824
-2.07274666667 379.31967516
-2.067744 379.329610243
-2.06274133333 379.340356404
-2.05773866667 379.299735242
-2.052736 379.290180522
-2.04773333333 379.31050096
-2.04273066667 379.274808038
-2.037728 379.300505582
-2.03272533333 379.310881519
-2.02772266667 379.338244429
-2.02272 379.292918399
-2.01771733333 379.35774917
-2.01271466667 379.444903382
-2.007712 379.382204875
-2.00270933333 379.393483595
-1.99770666667 379.396432166
-1.992704 379.382721203
-1.98770133333 379.361973734
-1.98269866667 379.32730964
-1.977696 379.415221418
-1.97269333333 379.466354574
-1.96769066667 379.380877919
-1.962688 379.368544268
-1.95768533333 379.371339222
-1.95268266667 379.344142014
-1.94768 379.374674842
-1.94267733333 379.303611078
-1.93767466667 379.304241894
-1.932672 379.172690551
-1.92766933333 379.045073611
-1.92266666667 379.092597187
-1.917664 379.154402905
-1.91266133333 379.195401621
-1.90765866667 379.226115357
-1.902656 379.256467025
-1.89765333333 379.253205874
-1.89265066667 379.233322576
-1.887648 379.195451264
-1.88264533333 379.153036754
-1.87764266667 379.080651625
-1.87264 379.091523098
-1.86763733333 379.084478621
-1.86263466667 379.091973525
-1.857632 379.143966483
-1.85262933333 379.267071129
-1.84762666667 379.259339541
-1.842624 379.218983248
-1.83762133333 379.126181573
-1.83261866667 379.165559834
-1.827616 379.169535838
-1.82261333333 379.14788497
-1.81761066667 379.13089027
-1.812608 379.146966077
-1.80760533333 379.122280185
-1.80260266667 379.109938918
-1.7976 379.136787629
-1.79259733333 379.160880123
-1.78759466667 379.127882253
-1.782592 379.018118937
-1.77758933333 379.014183089
-1.77258666667 379.050307155
-1.767584 379.115377935
-1.76258133333 379.060960029
-1.75757866667 379.011227455
-1.752576 379.040584836
-1.74757333333 378.980869189
-1.74257066667 378.942345822
-1.737568 378.918446876
-1.73256533333 378.85475763
-1.72756266667 378.821576073
-1.72256 378.892751867
-1.71755733333 378.978359483
-1.71255466667 379.080446999
-1.707552 379.117416447
-1.70254933333 379.04505268
-1.69754666667 378.99716074
-1.692544 379.012714933
-1.68754133333 379.0314828
-1.68253866667 379.135040502
-1.677536 379.243986697
-1.67253333333 379.305650314
-1.66753066667 379.414867277
-1.662528 379.415757132
-1.65752533333 379.412667505
-1.65252266667 379.559042573
-1.64752 379.638769772
-1.64251733333 379.541890456
-1.63751466667 379.464518666
-1.632512 379.522090694
-1.62750933333 379.501583368
-1.62250666667 379.689257595
-1.617504 379.730348766
-1.61250133333 379.663334239
-1.60749866667 379.6186427
-1.602496 379.83161903
-1.59749333333 380.035176511
-1.59249066667 380.677960697
-1.587488 381.158591966
-1.58248533333 381.102534739
-1.57748266667 381.233666568
-1.57248 381.415665642
-1.56747733333 381.465657082
-1.56247466667 381.306517858
-1.557472 381.211974287
-1.55246933333 381.167960189
-1.54746666667 380.990045753
-1.542464 380.982585375
-1.53746133333 380.971903562
-1.53245866667 380.979475342
-1.527456 380.924700548
-1.52245333333 380.895334257
-1.51745066667 380.763648184
-1.512448 380.686666655
-1.50744533333 380.735026961
-1.50244266667 380.621142209
-1.49744 380.584328258
-1.49243733333 380.587294364
-1.48743466667 380.541481364
-1.482432 380.576831741
-1.47742933333 380.526572928
-1.47242666667 380.471743461
-1.467424 380.469728554
-1.46242133333 380.417047461
-1.45741866667 380.379291098
-1.452416 380.147148064
-1.44741333333 380.059469009
-1.44241066667 380.041495012
-1.437408 379.980471369
-1.43240533333 380.025810963
-1.42740266667 379.703889329
-1.4224 379.540848762
-1.41739733333 379.339593748
-1.41239466667 379.353672184
-1.407392 379.284840388
-1.40238933333 379.206506827
-1.39738666667 379.185422035
-1.392384 379.206747218
-1.38738133333 379.133091191
-1.38237866667 379.113944533
-1.377376 379.239960577
-1.37237333333 379.242512449
-1.36737066667 379.035174352
-1.362368 379.294233059
-1.35736533333 379.370209092
-1.35236266667 379.258452218
-1.34736 379.20471242
-1.34235733333 379.281581802
-1.33735466667 379.295546119
-1.332352 379.32651789
-1.32734933333 379.256945394
-1.32234666667 379.160036903
-1.317344 378.962231123
-1.31234133333 378.895257191
-1.30733866667 378.811958778
-1.302336 378.865514051
-1.29733333333 378.862079699
-1.29233066667 378.74929876
-1.287328 378.630871799
-1.28232533333 378.604140935
-1.27732266667 378.60330436
-1.27232 378.638313277
-1.26731733333 378.588523084
-1.26231466667 378.692001582
-1.257312 378.660451726
-1.25230933333 378.693114906
-1.24730666667 378.610932917
-1.242304 378.577795296
-1.23730133333 378.459252283
-1.23229866667 378.516640744
-1.227296 378.469498972
-1.22229333333 378.410056452
-1.21729066667 378.402260045
-1.212288 378.432384265
-1.20728533333 378.351863081
-1.20228266667 378.303155985
-1.19728 378.300075073
-1.19227733333 378.28929104
-1.18727466667 378.40229754
-1.182272 378.333334444
-1.17726933333 378.237451768
-1.17226666667 378.325254057
-1.167264 378.332083581
-1.16226133333 378.260288043
-1.15725866667 378.197789327
-1.152256 378.284646843
-1.14725333333 378.232732306
-1.14225066667 378.187258912
-1.137248 378.15336904
-1.13224533333 378.173977056
-1.12724266667 378.269848722
-1.12224 378.239358255
-1.11723733333 378.205847969
-1.11223466667 378.212891506
-1.107232 378.19081128
-1.10222933333 378.265824493
-1.09722666667 378.244086128
-1.092224 378.216729155
-1.08722133333 378.199318003
-1.08221866667 378.24204129
-1.077216 378.286426748
-1.07221333333 378.331444617
-1.06721066667 378.253924733
-1.062208 378.191029502
-1.05720533333 378.200651459
-1.05220266667 378.26217924
-1.0472 378.17170137
-1.04219733333 378.147141543
-1.03719466667 378.115135779
-1.032192 378.197356305
-1.02718933333 378.119277214
-1.02218666667 378.18458739
-1.017184 378.164460715
-1.01218133333 378.242941507
-1.00717866667 378.197511229
-1.002176 378.270626904
-0.997173333333 378.213310555
-0.992170666667 378.232714319
-0.987168 378.141528863
-0.982165333333 378.235308021
-0.977162666667 378.187437174
-0.97216 378.290754383
-0.967157333333 378.192033208
-0.962154666667 378.180400838
-0.957152 378.174260667
-0.952149333333 378.255964003
-0.947146666667 378.20482449
-0.942144 378.238986968
-0.937141333333 378.196392909
-0.932138666667 378.268340645
-0.927136 378.152513063
-0.922133333333 378.303547542
-0.917130666667 378.276201194
-0.912128 378.376070005
-0.907125333333 378.270798203
-0.902122666667 378.402480985
-0.89712 378.363910336
-0.892117333333 378.489150736
-0.887114666667 378.351502282
-0.882112 378.472444474
-0.877109333333 378.466212133
-0.872106666667 378.543990591
-0.867104 378.514693416
-0.862101333333 378.514524665
-0.857098666667 378.543482827
-0.852096 378.650613034
-0.847093333333 378.600860462
-0.842090666667 378.667168163
-0.837088 378.6355286
-0.832085333333 378.627750516
-0.827082666667 378.48703613
-0.82208 378.453903191
-0.817077333333 378.454513983
-0.812074666667 378.536015197
-0.807072 378.45801542
-0.802069333333 378.442354904
-0.797066666667 378.398328584
-0.792064 378.504445979
-0.787061333333 378.438853098
-0.782058666667 378.230471442
-0.777056 378.14294199
-0.772053333333 378.382189599
-0.767050666667 378.514088906
-0.762048 378.658896547
-0.757045333333 378.862118303
-0.752042666667 378.951548519
-0.74704 378.903801692
-0.742037333333 378.946802136
-0.737034666667 378.817887341
-0.732032 378.861785356
-0.727029333333 378.82259136
-0.722026666667 378.874368288
-0.717024 378.828178481
-0.712021333333 378.862674671
-0.707018666667 378.816149702
-0.702016 378.838816434
-0.697013333333 378.82466041
-0.692010666667 378.923783935
-0.687008 378.812373776
-0.682005333333 378.871224135
-0.677002666667 378.774643858
-0.672 378.861832084
-0.666997333333 378.766624974
-0.661994666667 378.83009004
-0.656992 378.791339655
-0.651989333333 378.854087531
-0.646986666667 378.750456035
-0.641984 378.787346204
-0.636981333333 378.751617476
-0.631978666667 378.722399996
-0.626976 378.688091394
-0.621973333333 378.725575146
-0.616970666667 378.640229763
-0.611968 378.731020078
-0.606965333333 378.465057478
-0.601962666667 378.460157113
-0.59696 378.378692176
-0.591957333333 378.408448928
-0.586954666667 378.360093157
-0.581952 378.51080007
-0.576949333333 378.542606502
-0.571946666667 378.643575662
-0.566944 378.608570635
-0.561941333333 378.66146961
-0.556938666667 378.569107199
-0.551936 378.544641782
-0.546933333333 378.475394576
-0.541930666667 378.389182254
-0.536928 378.277042102
-0.531925333333 378.260811324
-0.526922666667 378.182770718
-0.52192 378.221390574
-0.516917333333 378.1118507
-0.511914666667 378.165336843
-0.506912 378.089174942
-0.501909333333 378.066590213
-0.496906666667 378.014986971
-0.491904 378.135879779
-0.486901333333 378.141008663
-0.481898666667 378.162064386
-0.476896 378.089977481
-0.471893333333 378.125931355
-0.466890666667 378.040304276
-0.461888 378.01316839
-0.456885333333 378.009539091
-0.451882666667 378.036851327
-0.44688 377.925943897
-0.441877333333 377.930663407
-0.436874666667 377.911597244
-0.431872 377.938235534
-0.426869333333 377.924412069
-0.421866666667 377.875629445
-0.416864 377.881657251
-0.411861333333 377.96493689
-0.406858666667 377.900721694
-0.401856 377.987431721
-0.396853333333 377.93300391
-0.391850666667 378.007392463
-0.386848 378.011176572
-0.381845333333 378.06589038
-0.376842666667 378.01673311
-0.37184 378.086644845
-0.366837333333 377.994921413
-0.361834666667 378.090205831
-0.356832 377.981705322
-0.351829333333 378.031103199
-0.346826666667 377.992776272
-0.341824 377.978403918
-0.336821333333 377.925159723
-0.331818666667 377.886555434
-0.326816 377.862964089
-0.321813333333 378.056671212
-0.316810666667 377.926437333
-0.311808 378.032243695
-0.306805333333 377.937011965
-0.301802666667 377.995627711
-0.2968 377.985404832
-0.291797333333 377.987352181
-0.286794666667 377.968551363
-0.281792 378.065065355
-0.276789333333 378.037923578
-0.271786666667 378.131814116
-0.266784 378.036568988
-0.261781333333 378.165871189
-0.256778666667 378.177955878
-0.251776 378.286171479
-0.246773333333 378.352791131
-0.241770666667 378.3417774
-0.236768 378.311345962
-0.231765333333 378.397016147
-0.226762666667 378.335349351
-0.22176 378.416932306
-0.216757333333 378.320041004
-0.211754666667 378.411242322
-0.206752 378.341341239
-0.201749333333 378.423248308
-0.196746666667 378.367971008
-0.191744 378.416002843
-0.186741333333 378.347184492
-0.181738666667 378.401543854
-0.176736 378.32067723
-0.171733333333 378.478495509
-0.166730666667 378.379629368
-0.161728 378.442607883
-0.156725333333 378.360454287
-0.151722666667 378.435257744
-0.14672 378.373490114
-0.141717333333 378.368372875
-0.136714666667 378.346373582
-0.131712 378.466502953
-0.126709333333 378.416284321
-0.121706666667 378.426634289
-0.116704 378.333356296
-0.111701333333 378.42566531
-0.106698666667 378.364235505
-0.101696 378.378762113
