-9.99995733333 371.164193992
-9.99495466667 371.314338967
-9.989952 371.28051802
-9.98494933333 371.441922847
-9.97994666667 371.298236583
-9.974944 371.420707852
-9.96994133333 371.28733251
-9.96493866667 371.496253532
-9.959936 371.311672088
-9.95493333333 371.431729892
-9.94993066667 371.292477672
-9.944928 371.363791873
-9.93992533333 371.241816982
-9.93492266667 371.333685915
-9.92992 371.124969727
-9.92491733333 371.228512378
-9.91991466667 371.138791647
-9.914912 371.173020746
-9.90990933333 371.082577007
-9.90490666667 371.110139616
-9.899904 371.085660347
-9.89490133333 371.182061686
-9.88989866667 371.060699515
-9.884896 371.188654657
-9.87989333333 371.014419872
-9.87489066667 371.025645281
-9.869888 370.953694683
-9.86488533333 371.059945773
-9.85988266667 371.01241562
-9.85488 371.112466099
-9.84987733333 370.986207543
-9.84487466667 371.12480026
-9.839872 371.040274896
-9.83486933333 371.120948096
-9.82986666667 371.018069045
-9.824864 371.154773254
-9.81986133333 371.103138195
-9.81485866667 371.161141674
-9.809856 370.9943287
-9.80485333333 371.046401422
-9.79985066667 370.989180895
-9.794848 371.073739898
-9.78984533333 370.866997839
-9.78484266667 370.954516447
-9.77984 370.784463581
-9.77483733333 370.76008286
-9.76983466667 370.615188475
-9.764832 370.611367909
-9.75982933333 370.461317678
-9.75482666667 370.491721877
-9.749824 370.412187686
-9.74482133333 370.469857492
-9.73981866667 370.312679754
-9.734816 370.362365747
-9.72981333333 370.274337652
-9.72481066667 370.29425997
-9.719808 370.238747772
-9.71480533333 370.207156593
-9.70980266667 370.062429014
-9.7048 369.910314326
-9.69979733333 369.659968925
-9.69479466667 369.501571804
-9.689792 369.195157439
-9.68478933333 368.94962245
-9.67978666667 368.68492196
-9.674784 368.421472925
-9.66978133333 368.183296533
-9.66477866667 368.240264436
-9.659776 368.097969273
-9.65477333333 368.144539654
-9.64977066667 367.900607498
-9.644768 367.914305163
-9.63976533333 367.861775347
-9.63476266667 368.210443768
-9.62976 368.329746788
-9.62475733333 368.481093269
-9.61975466667 368.592599242
-9.614752 368.625645601
-9.60974933333 368.544549549
-9.60474666667 368.447676368
-9.599744 368.283015999
-9.59474133333 368.433057048
-9.58973866667 368.301561978
-9.584736 368.402661758
-9.57973333333 368.305747171
-9.57473066667 368.320312245
-9.569728 368.397529579
-9.56472533333 368.582040997
-9.55972266667 367.962402107
-9.55472 366.71334227
-9.54971733333 365.818284757
-9.54471466667 365.384574323
-9.539712 365.022276519
-9.53470933333 365.935656696
-9.52970666667 367.048363923
-9.524704 367.020460005
-9.51970133333 366.748153831
-9.51469866667 366.421801779
-9.509696 366.148959663
-9.50469333333 365.983478958
-9.49969066667 365.668922061
-9.494688 365.41137104
-9.48968533333 365.248170093
-9.48468266667 365.054256169
-9.47968 365.024773704
-9.47467733333 365.613254106
-9.46967466667 365.686035293
-9.464672 366.296913643
-9.45966933333 366.787697125
-9.45466666667 367.337497848
-9.449664 367.575393056
-9.44466133333 367.712536794
-9.43965866667 368.386489969
-9.434656 369.59698687
-9.42965333333 369.364512773
-9.42465066667 364.851597048
-9.419648 371.286055361
-9.41464533333 372.802173329
-9.40964266667 374.220300646
-9.40464 375.468225446
-9.39963733333 376.20760545
-9.39463466667 376.754246598
-9.389632 375.833609905
-9.38462933333 374.655770642
-9.37962666667 374.14685994
-9.374624 373.498569853
-9.36962133333 373.549106646
-9.36461866667 373.301557395
-9.359616 372.784573432
-9.35461333333 372.907245791
-9.34961066667 372.811419145
-9.344608 373.113936962
-9.33960533333 373.428053321
-9.33460266667 373.782356497
-9.3296 373.973028699
-9.32459733333 373.992211714
-9.31959466667 374.011774731
-9.314592 374.473830271
-9.30958933333 374.668554913
-9.30458666667 374.695575757
-9.299584 374.487871502
-9.29458133333 374.557108249
-9.28957866667 374.279269094
-9.284576 374.438817263
-9.27957333333 374.671870932
-9.27457066667 374.901884206
-9.269568 374.7356058
-9.26456533333 375.327371055
-9.25956266667 375.351131308
-9.25456 374.644902822
-9.24955733333 375.284478897
-9.24455466667 375.506689256
-9.239552 376.013281254
-9.23454933333 376.577679476
-9.22954666667 377.092609222
-9.224544 377.888615278
-9.21954133333 378.437881325
-9.21453866667 379.185632711
-9.209536 380.290442233
-9.20453333333 381.377054565
-9.19953066667 381.9030901
-9.194528 383.392539728
-9.18952533333 384.534458792
-9.18452266667 385.639500182
-9.17952 385.731249841
-9.17451733333 385.774106631
-9.16951466667 385.826879337
-9.164512 386.296494386
-9.15950933333 385.891073261
-9.15450666667 385.860471255
-9.149504 385.672074964
-9.14450133333 385.462788496
-9.13949866667 385.63966383
-9.134496 385.977750232
-9.12949333333 385.947249509
-9.12449066667 386.114071899
-9.119488 385.948923484
-9.11448533333 386.39999433
-9.10948266667 386.44518954
-9.10448 385.976179183
-9.09947733333 385.617192144
-9.09447466667 385.0816695
-9.089472 384.757419303
-9.08446933333 384.694362125
-9.07946666667 384.64598795
-9.074464 384.915697673
-9.06946133333 384.777568817
-9.06445866667 384.861672179
-9.059456 385.207595635
-9.05445333333 385.09520208
-9.04945066667 385.078692428
-9.044448 384.945812682
-9.03944533333 385.457577854
-9.03444266667 385.16722767
-9.02944 385.20491566
-9.02443733333 385.446150149
-9.01943466667 385.352478723
-9.014432 385.296037442
-9.00942933333 384.989747668
-9.00442666667 384.830517718
-8.999424 384.692996512
-8.99442133333 385.23918395
-8.98941866667 386.518697417
-8.984416 386.884846243
-8.97941333333 387.631352706
-8.97441066667 387.820032533
-8.969408 387.445919621
-8.96440533333 387.60533685
-8.95940266667 387.678181359
-8.9544 387.825523976
-8.94939733333 387.64597236
-8.94439466667 387.438146196
-8.939392 387.175708835
-8.93438933333 387.18170896
-8.92938666667 387.054470904
-8.924384 386.497341953
-8.91938133333 385.690554357
-8.91437866667 385.343194843
-8.909376 384.796209092
-8.90437333333 384.41479476
-8.89937066667 383.974343345
-8.894368 383.865708403
-8.88936533333 383.563846039
-8.88436266667 383.433351456
-8.87936 383.192854353
-8.87435733333 383.117135038
-8.86935466667 383.253117443
-8.864352 383.099095714
-8.85934933333 382.307527016
-8.85434666667 381.710317002
-8.849344 381.216612167
-8.84434133333 380.343910438
-8.83933866667 379.395887747
-8.834336 378.575668289
-8.82933333333 377.792073657
-8.82433066667 376.975332068
-8.819328 376.170535248
-8.81432533333 375.614574193
-8.80932266667 374.931421336
-8.80432 374.565297101
-8.79931733333 373.923690129
-8.79431466667 373.843336487
-8.789312 373.547377036
-8.78430933333 373.55887766
-8.77930666667 373.169874108
-8.774304 373.043227816
-8.76930133333 372.991627612
-8.76429866667 372.815125313
-8.759296 372.802714894
-8.75429333333 372.737574184
-8.74929066667 372.600390652
-8.744288 372.54751938
-8.73928533333 372.716455147
-8.73428266667 372.900986718
-8.72928 372.805185212
-8.72427733333 373.126559964
-8.71927466667 373.152829367
-8.714272 373.285311255
-8.70926933333 373.215534542
-8.70426666667 373.021075009
-8.699264 372.73790042
-8.69426133333 372.830400352
-8.68925866667 372.870131107
-8.684256 372.782240666
-8.67925333333 372.779000947
-8.67425066667 373.109220389
-8.669248 372.946861712
-8.66424533333 372.988270725
-8.65924266667 373.727511779
-8.65424 374.435489194
-8.64923733333 374.849846639
-8.64423466667 374.884360322
-8.639232 374.949670916
-8.63422933333 375.133619961
-8.62922666667 375.511950711
-8.624224 375.656899072
-8.61922133333 375.767128266
-8.61421866667 376.596372874
-8.609216 377.398676914
-8.60421333333 378.556431846
-8.59921066667 378.803066168
-8.594208 378.898910052
-8.58920533333 379.617113051
-8.58420266667 380.749718669
-8.5792 382.042538134
-8.57419733333 384.532948375
-8.56919466667 382.191109637
-8.564192 383.789441364
-8.55918933333 381.276315759
-8.55418666667 383.246840906
-8.549184 384.263995018
-8.54418133333 384.016242079
-8.53917866667 383.622230273
-8.534176 383.588684405
-8.52917333333 383.995194005
-8.52417066667 383.905713166
-8.519168 383.719506066
-8.51416533333 383.551962494
-8.50916266667 383.585708774
-8.50416 383.426342275
-8.49915733333 383.124749493
-8.49415466667 382.818888117
-8.489152 382.6226204
-8.48414933333 382.207896669
-8.47914666667 379.013008624
-8.474144 382.925718517
-8.46914133333 385.28348949
-8.46413866667 384.943930327
-8.459136 383.097251287
-8.45413333333 382.708509503
-8.44913066667 381.668289422
-8.444128 382.274900351
-8.43912533333 382.429587935
-8.43412266667 381.451101293
-8.42912 380.437745152
-8.42411733333 378.778879443
-8.41911466667 379.675729505
-8.414112 379.656913659
-8.40910933333 379.595564583
-8.40410666667 379.735337333
-8.399104 379.687570569
-8.39410133333 379.816801481
-8.38909866667 380.135394959
-8.384096 380.421074812
-8.37909333333 380.567155555
-8.37409066667 380.98532037
-8.369088 381.308619753
-8.36408533333 380.79488063
-8.35908266667 381.375248864
-8.35408 381.66621514
-8.34907733333 381.6508507
-8.34407466667 381.625416801
-8.339072 381.841873103
-8.33406933333 382.135736876
-8.32906666667 382.38222713
-8.324064 382.69923604
-8.31906133333 383.115941991
-8.31405866667 383.297444609
-8.309056 383.500085817
-8.30405333333 383.947310288
-8.29905066667 383.970140509
-8.294048 383.991627846
-8.28904533333 383.983889981
-8.28404266667 384.160613407
-8.27904 384.308845543
-8.27403733333 384.321679196
-8.26903466667 384.299992094
-8.264032 384.500654705
-8.25902933333 384.4803419
-8.25402666667 384.737222045
-8.249024 384.356858407
-8.24402133333 383.421099635
-8.23901866667 381.712906816
-8.234016 381.290063634
-8.22901333333 380.76974989
-8.22401066667 380.498765383
-8.219008 379.925329705
-8.21400533333 379.231788186
-8.20900266667 378.717208003
-8.204 378.708584065
-8.19899733333 378.662603142
-8.19399466667 378.73197681
-8.188992 379.237575695
-8.18398933333 379.163029729
-8.17898666667 379.086856834
-8.173984 379.147853682
-8.16898133333 379.102717372
-8.16397866667 378.996657008
-8.158976 379.162766521
-8.15397333333 379.131005087
-8.14897066667 379.214623399
-8.143968 379.13282213
-8.13896533333 379.156085025
-8.13396266667 379.401389277
-8.12896 379.610459885
-8.12395733333 379.617234561
-8.11895466667 380.069008331
-8.113952 380.554525215
-8.10894933333 380.942594476
-8.10394666667 380.795906797
-8.098944 380.732394531
-8.09394133333 380.788505535
-8.08893866667 380.653440609
-8.083936 380.6418622
-8.07893333333 380.762867547
-8.07393066667 380.725109674
-8.068928 380.777318794
-8.06392533333 380.907115432
-8.05892266667 381.145895207
-8.05392 380.910150626
-8.04891733333 380.828257086
-8.04391466667 381.075731411
-8.038912 380.814762012
-8.03390933333 380.839371188
-8.02890666667 380.685897045
-8.023904 379.170826444
-8.01890133333 377.556366762
-8.01389866667 376.797132406
-8.008896 376.403204955
-8.00389333333 375.673682601
-7.99889066667 375.247452193
-7.993888 374.993494807
-7.98888533333 374.712751573
-7.98388266667 374.797902774
-7.97888 375.062071151
-7.97387733333 375.041656643
-7.96887466667 375.144309891
-7.963872 375.024538227
-7.95886933333 374.950316578
-7.95386666667 374.98489828
-7.948864 375.018066873
-7.94386133333 375.051811739
-7.93885866667 374.858781167
-7.933856 374.919189219
-7.92885333333 375.240995279
-7.92385066667 375.179476376
-7.918848 375.084372301
-7.91384533333 375.123800327
-7.90884266667 374.892745378
-7.90384 374.739137242
-7.89883733333 374.687240413
-7.89383466667 374.657043112
-7.888832 374.723653819
-7.88382933333 374.724601052
-7.87882666667 374.642962537
-7.873824 374.609415843
-7.86882133333 374.677343283
-7.86381866667 374.718387041
-7.858816 374.708130188
-7.85381333333 374.585270612
-7.84881066667 374.685811178
-7.843808 374.817855862
-7.83880533333 374.841710211
-7.83380266667 374.938143701
-7.8288 374.83844059
-7.82379733333 374.729713851
-7.81879466667 374.848228817
-7.813792 374.84527281
-7.80878933333 374.819006537
-7.80378666667 374.711468654
-7.798784 374.770219249
-7.79378133333 374.933878415
-7.78877866667 374.889371095
-7.783776 374.824223481
-7.77877333333 374.840463555
-7.77377066667 374.89700565
-7.768768 374.880676543
-7.76376533333 374.900148417
-7.75876266667 375.041913921
-7.75376 375.084544065
-7.74875733333 375.005667628
-7.74375466667 374.94167054
-7.738752 374.956522422
-7.73374933333 374.874036155
-7.72874666667 374.819224489
-7.723744 374.711407334
-7.71874133333 374.731878161
-7.71373866667 374.786321845
-7.708736 374.594890501
-7.70373333333 374.629030924
-7.69873066667 374.632701127
-7.693728 374.740687483
-7.68872533333 374.837190608
-7.68372266667 374.918576835
-7.67872 375.045671948
-7.67371733333 375.127824511
-7.66871466667 375.049113633
-7.663712 375.070335993
-7.65870933333 375.169825943
-7.65370666667 375.180222993
-7.648704 375.46056471
-7.64370133333 375.802501534
-7.63869866667 376.05548788
-7.633696 376.362650824
-7.62869333333 377.026960501
-7.62369066667 377.774713538
-7.618688 378.250022459
-7.61368533333 378.638277694
-7.60868266667 378.952731811
-7.60368 379.621718463
-7.59867733333 380.040821742
-7.59367466667 380.506217003
-7.588672 380.984829756
-7.58366933333 381.287872576
-7.57866666667 382.039806527
-7.573664 382.10872916
-7.56866133333 382.096012111
-7.56365866667 382.076068403
-7.558656 382.057885704
-7.55365333333 382.417786277
-7.54865066667 382.534534884
-7.543648 382.379600272
-7.53864533333 382.472137117
-7.53364266667 382.445208474
-7.52864 382.33662001
-7.52363733333 382.485543121
-7.51863466667 382.480441905
-7.513632 382.555932923
-7.50862933333 382.906918272
-7.50362666667 382.89999768
-7.498624 383.016264884
-7.49362133333 382.99215772
-7.48861866667 383.069060612
-7.483616 383.147702153
-7.47861333333 383.342575933
-7.47361066667 383.457326507
-7.468608 383.775520489
-7.46360533333 383.857235999
-7.45860266667 383.781231717
-7.4536 383.934658935
-7.44859733333 384.268442039
-7.44359466667 384.487554275
-7.438592 384.698842279
-7.43358933333 384.668131492
-7.42858666667 384.636983847
-7.423584 384.443264263
-7.41858133333 384.450770302
-7.41357866667 384.427564026
-7.408576 384.44074851
-7.40357333333 384.400766473
-7.39857066667 384.141601022
-7.393568 384.025284277
-7.38856533333 383.916317159
-7.38356266667 383.802069664
-7.37856 383.762505699
-7.37355733333 383.911307246
-7.36855466667 383.183396904
-7.363552 382.888026055
-7.35854933333 382.791998747
-7.35354666667 382.732393411
-7.348544 382.799632648
-7.34354133333 383.296530977
-7.33853866667 383.341544296
-7.333536 383.27681528
-7.32853333333 383.13242211
-7.32353066667 383.051987104
-7.318528 382.882284007
-7.31352533333 382.848094806
-7.30852266667 382.652784705
-7.30352 382.734870184
-7.29851733333 382.590666665
-7.29351466667 382.390540258
-7.288512 382.956481241
-7.28350933333 383.545615627
-7.27850666667 384.159466017
-7.273504 384.717697232
-7.26850133333 384.927186629
-7.26349866667 384.867186404
-7.258496 384.859097045
-7.25349333333 384.896897946
-7.24849066667 384.844432839
-7.243488 384.526198975
-7.23848533333 384.503130528
-7.23348266667 384.439850836
-7.22848 384.609881138
-7.22347733333 384.757477691
-7.21847466667 384.635252979
-7.213472 384.569255989
-7.20846933333 384.620033103
-7.20346666667 384.574516044
-7.198464 384.333971013
-7.19346133333 384.19413697
-7.18845866667 384.316277806
-7.183456 384.306428086
-7.17845333333 384.509465568
-7.17345066667 384.771914275
-7.168448 385.153871869
-7.16344533333 385.131895508
-7.15844266667 384.968541994
-7.15344 384.86813275
-7.14843733333 384.811861382
-7.14343466667 384.671946467
-7.138432 384.585762681
-7.13342933333 384.547566531
-7.12842666667 384.626834344
-7.123424 384.454299687
-7.11842133333 384.406316922
-7.11341866667 384.213423574
-7.108416 384.051295937
-7.10341333333 383.880432008
-7.09841066667 383.76372483
-7.093408 383.414619775
-7.08840533333 383.151069506
-7.08340266667 382.898057726
-7.0784 382.71010236
-7.07339733333 382.423910084
-7.06839466667 382.372647021
-7.063392 382.209451943
-7.05838933333 381.941661747
-7.05338666667 381.677850667
-7.048384 381.456154461
-7.04338133333 381.321776196
-7.03837866667 381.25235918
-7.033376 381.051194373
-7.02837333333 381.014438349
-7.02337066667 380.627511604
-7.018368 380.246708888
-7.01336533333 379.750917372
-7.00836266667 379.9127285
-7.00336 379.940970407
-6.99835733333 380.131413161
-6.99335466667 379.984393204
-6.988352 379.912515044
-6.98334933333 379.789243154
-6.97834666667 379.709244396
-6.973344 379.565343766
-6.96834133333 379.468443879
-6.96333866667 379.465973196
-6.958336 379.380259068
-6.95333333333 379.346203586
-6.94833066667 379.491928294
-6.943328 379.439357428
-6.93832533333 379.29383633
-6.93332266667 379.370229507
-6.92832 379.312426966
-6.92331733333 379.195880219
-6.91831466667 379.196144746
-6.913312 379.087971249
-6.90830933333 379.144575198
-6.90330666667 379.11190572
-6.898304 379.249871175
-6.89330133333 379.303231356
-6.88829866667 379.337809103
-6.883296 379.222978944
-6.87829333333 379.150776613
-6.87329066667 378.99065731
-6.868288 378.961342836
-6.86328533333 378.83651154
-6.85828266667 378.834769123
-6.85328 378.823369017
-6.84827733333 378.762920069
-6.84327466667 378.621386678
-6.838272 378.635433505
-6.83326933333 378.417626704
-6.82826666667 378.166476765
-6.823264 378.004747634
-6.81826133333 377.829372425
-6.81325866667 377.566242467
-6.808256 377.468512647
-6.80325333333 377.167576739
-6.79825066667 376.994432507
-6.793248 376.587131342
-6.78824533333 376.422836182
-6.78324266667 375.295081162
-6.77824 375.300988825
-6.77323733333 375.145193776
-6.76823466667 375.252773279
-6.763232 375.986139933
-6.75822933333 375.861163723
-6.75322666667 375.715890178
-6.748224 375.414515181
-6.74322133333 375.333386266
-6.73821866667 375.547279902
-6.733216 375.64990387
-6.72821333333 375.693125124
-6.72321066667 376.190340245
-6.718208 377.095609151
-6.71320533333 378.338294041
-6.70820266667 379.322593342
-6.7032 380.429471568
-6.69819733333 381.452636576
-6.69319466667 381.957430396
-6.688192 382.368462902
-6.68318933333 383.006899359
-6.67818666667 383.72475994
-6.673184 383.503671598
-6.66818133333 383.940799476
-6.66317866667 384.309258635
-6.658176 384.196572516
-6.65317333333 384.213431669
-6.64817066667 384.220387558
-6.643168 384.022702039
-6.63816533333 383.539240805
-6.63316266667 359.58310871
-6.62816 355.097219628
-6.62315733333 355.833307179
-6.61815466667 356.218689927
-6.613152 356.839837749
-6.60814933333 357.743080703
-6.60314666667 359.014036694
-6.598144 360.462070879
-6.59314133333 360.465745398
-6.58813866667 360.880486555
-6.583136 361.212018869
-6.57813333333 362.969239486
-6.57313066667 365.420694055
-6.568128 365.509908064
-6.56312533333 365.043732797
-6.55812266667 365.353776003
-6.55312 365.037043642
-6.54811733333 365.241521781
-6.54311466667 365.653182122
-6.538112 365.969999384
-6.53310933333 366.076568535
-6.52810666667 366.699460145
-6.523104 367.8717978
-6.51810133333 368.86890691
-6.51309866667 369.122622536
-6.508096 369.409538115
-6.50309333333 369.526190951
-6.49809066667 369.631312694
-6.493088 369.204773754
-6.48808533333 368.629770961
-6.48308266667 368.236251919
-6.47808 368.08965138
-6.47307733333 367.791156747
-6.46807466667 367.715137812
-6.463072 367.536129819
-6.45806933333 367.328027857
-6.45306666667 367.217430513
-6.448064 367.346250814
-6.44306133333 367.320759888
-6.43805866667 367.646892119
-6.433056 367.699313766
-6.42805333333 368.115065482
-6.42305066667 368.868585865
-6.418048 369.34771477
-6.41304533333 369.621991123
-6.40804266667 370.308834057
-6.40304 370.2069579
-6.39803733333 370.217208047
-6.39303466667 370.135158382
-6.388032 370.870285699
-6.38302933333 375.249739963
-6.37802666667 389.184451482
-6.373024 393.898141682
-6.36802133333 393.961402988
-6.36301866667 393.830109157
-6.358016 393.883495659
-6.35301333333 393.770578593
-6.34801066667 393.847568999
-6.343008 393.765898709
-6.33800533333 393.876991754
-6.33300266667 393.746483594
-6.328 393.857518429
-6.32299733333 393.906112434
-6.31799466667 394.025108245
-6.312992 393.12328085
-6.30798933333 391.610080512
-6.30298666667 391.40327969
-6.297984 390.618699719
-6.29298133333 387.110573919
-6.28797866667 383.536841742
-6.282976 384.726696046
-6.27797333333 391.759168474
-6.27297066667 392.965100018
-6.267968 393.653441224
-6.26296533333 393.702341497
-6.25796266667 394.350797762
-6.25296 394.150546501
-6.24795733333 394.134026155
-6.24295466667 394.999757604
-6.237952 395.837861996
-6.23294933333 395.735696405
-6.22794666667 395.635208598
-6.222944 395.584029115
-6.21794133333 395.280394314
-6.21293866667 395.410414036
-6.207936 395.600077432
-6.20293333333 395.748231909
-6.19793066667 396.114018248
-6.192928 395.628808615
-6.18792533333 395.661920482
-6.18292266667 395.668965122
-6.17792 395.360877044
-6.17291733333 394.845040073
-6.16791466667 394.765950318
-6.162912 395.270563205
-6.15790933333 395.737220104
-6.15290666667 394.807217382
-6.147904 394.848804535
-6.14290133333 394.72493354
-6.13789866667 393.895492435
-6.132896 390.213285278
-6.12789333333 388.356456057
-6.12289066667 387.368272479
-6.117888 387.777965027
-6.11288533333 387.000531114
-6.10788266667 386.139835791
-6.10288 385.082780714
-6.09787733333 384.455753769
-6.09287466667 383.483295151
-6.087872 383.13286951
-6.08286933333 382.639468899
-6.07786666667 382.599700921
-6.072864 381.871697093
-6.06786133333 380.66137378
-6.06285866667 379.283445288
-6.057856 378.580002941
-6.05285333333 377.916625977
-6.04785066667 377.231356009
-6.042848 376.905374893
-6.03784533333 376.479640026
-6.03284266667 375.927203725
-6.02784 375.605361714
-6.02283733333 375.181391491
-6.01783466667 374.851119731
-6.012832 374.187296318
-6.00782933333 373.944429476
-6.00282666667 373.815299776
-5.997824 373.468821905
-5.99282133333 373.065418651
-5.98781866667 372.782562075
-5.982816 372.644114905
-5.97781333333 372.760887243
-5.97281066667 373.668403855
-5.967808 374.781631108
-5.96280533333 375.569531415
-5.95780266667 378.216671467
-5.9528 378.635278752
-5.94779733333 378.74444095
-5.94279466667 378.627459282
-5.937792 378.630881914
-5.93278933333 378.247385449
-5.92778666667 378.220797861
-5.922784 378.073418028
-5.91778133333 378.07863154
-5.91277866667 377.904841255
-5.907776 377.859247711
-5.90277333333 377.637146983
-5.89777066667 377.490834605
-5.892768 377.321109493
-5.88776533333 377.32833667
-5.88276266667 377.241514275
-5.87776 377.320207083
-5.87275733333 377.259294555
-5.86775466667 377.217623627
-5.862752 377.047441209
-5.85774933333 377.202937694
-5.85274666667 377.092423012
-5.847744 377.131673361
-5.84274133333 377.127152051
-5.83773866667 377.044191878
-5.832736 376.950014152
-5.82773333333 376.926111051
-5.82273066667 376.771432177
-5.817728 376.617924485
-5.81272533333 376.425710271
-5.80772266667 376.403861891
-5.80272 375.98606477
-5.79771733333 375.911842791
-5.79271466667 375.70276784
-5.787712 375.738574775
-5.78270933333 375.56797917
-5.77770666667 375.674116149
-5.772704 375.606051613
-5.76770133333 375.664184703
-5.76269866667 375.388916889
-5.757696 375.268579033
-5.75269333333 374.971344534
-5.74769066667 374.801390214
-5.742688 374.441403045
-5.73768533333 374.277392338
-5.73268266667 373.908873655
-5.72768 373.739428449
-5.72267733333 373.492372906
-5.71767466667 373.525376358
-5.712672 373.237371379
-5.70766933333 372.859590066
-5.70266666667 372.23967353
-5.697664 371.594147574
-5.69266133333 370.604478862
-5.68765866667 369.848540613
-5.682656 368.396532756
-5.67765333333 366.932823072
-5.67265066667 366.634125458
-5.667648 368.251780066
-5.66264533333 367.507120356
-5.65764266667 367.18174469
-5.65264 366.527885403
-5.64763733333 365.889558957
-5.64263466667 365.430951329
-5.637632 365.031708183
-5.63262933333 365.216106758
-5.62762666667 365.507938641
-5.622624 365.091386946
-5.61762133333 363.425066489
-5.61261866667 362.28483009
-5.607616 361.709631296
-5.60261333333 360.403978572
-5.59761066667 358.886694666
-5.592608 360.557776255
-5.58760533333 368.891109864
-5.58260266667 371.531480641
-5.5776 371.024339543
-5.57259733333 370.362480009
-5.56759466667 369.510778179
-5.562592 368.805706058
-5.55758933333 369.0480954
-5.55258666667 369.72395036
-5.547584 370.88656974
-5.54258133333 371.832618742
-5.53757866667 372.21670889
-5.532576 372.558486916
-5.52757333333 372.694689743
-5.52257066667 372.673233104
-5.517568 373.012312581
-5.51256533333 373.178073902
-5.50756266667 373.630238413
-5.50256 373.811283035
-5.49755733333 374.19903152
-5.49255466667 374.368573623
-5.487552 374.859537588
-5.48254933333 374.972713196
-5.47754666667 375.218183783
-5.472544 375.191145907
-5.46754133333 375.089997768
-5.46253866667 375.008775955
-5.457536 374.936885859
-5.45253333333 374.106778289
-5.44753066667 374.131842264
-5.442528 373.772334876
-5.43752533333 374.066898884
-5.43252266667 374.07639803
-5.42752 374.281912619
-5.42251733333 374.300723319
-5.41751466667 374.177879053
-5.412512 374.246412386
-5.40750933333 374.409969562
-5.40250666667 374.411696143
-5.397504 374.385561819
-5.39250133333 374.341907027
-5.38749866667 374.51450086
-5.382496 374.425434238
-5.37749333333 374.536307298
-5.37249066667 374.608100903
-5.367488 374.752165911
-5.36248533333 374.76075616
-5.35748266667 374.907608985
-5.35248 375.059951416
-5.34747733333 375.343490455
-5.34247466667 375.267783954
-5.337472 375.334554626
-5.33246933333 375.277935154
-5.32746666667 375.355062587
-5.322464 375.458672089
-5.31746133333 375.784709188
-5.31245866667 375.675500553
-5.307456 375.725034119
-5.30245333333 375.638186304
-5.29745066667 375.848308989
-5.292448 375.796003994
-5.28744533333 376.014378053
-5.28244266667 376.049128923
-5.27744 376.161357377
-5.27243733333 376.112929424
-5.26743466667 376.195711222
-5.262432 376.116450016
-5.25742933333 376.284223209
-5.25242666667 376.201995064
-5.247424 376.580743337
-5.24242133333 376.60930271
-5.23741866667 376.718245019
-5.232416 376.656399132
-5.22741333333 376.83982459
-5.22241066667 376.743448153
-5.217408 376.768771999
-5.21240533333 376.65916493
-5.20740266667 376.949453431
-5.2024 377.192405743
-5.19739733333 377.473640621
-5.19239466667 377.339695417
-5.187392 377.232635294
-5.18238933333 377.191092284
-5.17738666667 377.15787436
-5.172384 376.932828375
-5.16738133333 377.187342713
-5.16237866667 377.563777846
-5.157376 377.599840313
-5.15237333333 377.617035262
-5.14737066667 377.757220892
-5.142368 377.426034042
-5.13736533333 377.591274659
-5.13236266667 377.41544558
-5.12736 377.359513883
-5.12235733333 377.069627055
-5.11735466667 377.452059121
-5.112352 377.979554849
-5.10734933333 378.69529172
-5.10234666667 379.095843269
-5.097344 379.228800364
-5.09234133333 379.170837911
-5.08733866667 379.30458063
-5.082336 379.222442849
-5.07733333333 379.252889563
-5.07233066667 379.153006027
-5.067328 379.269586755
-5.06232533333 379.177453324
-5.05732266667 379.268211939
-5.05232 379.251592658
-5.04731733333 379.438361381
-5.04231466667 379.336076497
-5.037312 379.514834129
-5.03230933333 379.503436693
-5.02730666667 379.746052235
-5.022304 379.617385141
-5.01730133333 379.762426232
-5.01229866667 379.710891398
-5.007296 379.858083421
-5.00229333333 379.786364547
-4.99729066667 379.885877352
-4.992288 379.869879865
-4.98728533333 379.905919426
-4.98228266667 379.781479329
-4.97728 379.845687188
-4.97227733333 379.820826983
-4.96727466667 379.89177584
-4.962272 379.803279852
-4.95726933333 379.896136946
-4.95226666667 379.774815859
-4.947264 379.825589102
-4.94226133333 379.7247484
-4.93725866667 379.801356831
-4.932256 379.789489929
-4.92725333333 379.862962805
-4.92225066667 379.78739403
-4.917248 379.798885621
-4.91224533333 379.744575454
-4.90724266667 379.796259549
-4.90224 379.686964701
-4.89723733333 380.157551979
-4.89223466667 380.617053497
-4.887232 380.761680849
-4.88222933333 380.858245593
-4.87722666667 381.170730522
-4.872224 381.568258935
-4.86722133333 382.123102067
-4.86221866667 382.204419026
-4.857216 382.345760384
-4.85221333333 382.263864076
-4.84721066667 382.617470245
-4.842208 382.729322426
-4.83720533333 382.762560787
-4.83220266667 382.363516461
-4.8272 382.47130113
-4.82219733333 382.518552955
-4.81719466667 382.553165766
-4.812192 382.426921329
-4.80718933333 382.404532831
-4.80218666667 382.43688307
-4.797184 382.629895766
-4.79218133333 382.548907826
-4.78717866667 382.514433783
-4.782176 382.333682974
-4.77717333333 382.360513916
-4.77217066667 382.354231992
-4.767168 382.389796539
-4.76216533333 382.222763523
-4.75716266667 382.227946158
-4.75216 382.097533543
-4.74715733333 382.11081436
-4.74215466667 382.017128178
-4.737152 382.047631081
-4.73214933333 381.966592969
-4.72714666667 381.969714115
-4.722144 381.910400108
-4.71714133333 381.891128218
-4.71213866667 381.835150483
-4.707136 381.8667195
-4.70213333333 381.793731993
-4.69713066667 381.75469928
-4.692128 381.702107848
-4.68712533333 381.770444797
-4.68212266667 381.640509014
-4.67712 381.753162775
-4.67211733333 381.63268504
-4.66711466667 381.562221827
-4.662112 381.482073248
-4.65710933333 381.534764782
-4.65210666667 381.445196299
-4.647104 381.426239506
-4.64210133333 381.404477555
-4.63709866667 381.399136792
-4.632096 381.31780439
-4.62709333333 381.359286817
-4.62209066667 381.293772368
-4.617088 381.398613094
-4.61208533333 381.249856495
-4.60708266667 381.37744179
-4.60208 381.24988867
-4.59707733333 381.315435669
-4.59207466667 381.237333259
-4.587072 381.279600058
-4.58206933333 381.107529512
-4.57706666667 381.180250223
-4.572064 381.129576069
-4.56706133333 381.174290483
-4.56205866667 381.105475095
-4.557056 381.300842865
-4.55205333333 381.273952069
-4.54705066667 381.207703926
-4.542048 381.101975493
-4.53704533333 381.117098884
-4.53204266667 381.080541685
-4.52704 381.068030174
-4.52203733333 380.982294417
-4.51703466667 381.000025483
-4.512032 380.97614296
-4.50702933333 380.923656535
-4.50202666667 380.797773707
-4.497024 380.805704267
-4.49202133333 380.714763052
-4.48701866667 380.818784056
-4.482016 380.740304467
-4.47701333333 380.688248213
-4.47201066667 380.589568407
-4.467008 380.721047638
-4.46200533333 380.659978395
-4.45700266667 380.741105358
-4.452 380.645119273
-4.44699733333 380.571375517
-4.44199466667 380.44222571
-4.436992 380.463409355
-4.43198933333 380.288332778
-4.42698666667 380.233021163
-4.421984 380.113765054
-4.41698133333 380.018191677
-4.41197866667 379.979926912
-4.406976 380.064583001
-4.40197333333 379.908059008
-4.39697066667 379.854481756
-4.391968 379.761568607
-4.38696533333 379.691520758
-4.38196266667 379.720054244
-4.37696 379.533085653
-4.37195733333 379.388989999
-4.36695466667 379.341087209
-4.361952 379.2525586
-4.35694933333 379.118614991
-4.35194666667 379.044512437
-4.346944 378.960044382
-4.34194133333 378.909878949
-4.33693866667 378.803207489
-4.331936 378.805523519
-4.32693333333 378.813671561
-4.32193066667 378.706028082
-4.316928 378.598564934
-4.31192533333 378.469334544
-4.30692266667 378.527953882
-4.30192 378.435059072
-4.29691733333 378.438069958
-4.29191466667 378.283046764
-4.286912 378.308204999
-4.28190933333 378.163918367
-4.27690666667 378.173880673
-4.271904 378.023686969
-4.26690133333 378.061040671
-4.26189866667 377.983278241
-4.256896 377.980735278
-4.25189333333 377.919744067
-4.24689066667 377.852051769
-4.241888 377.757398516
-4.23688533333 377.77492511
-4.23188266667 377.710463331
-4.22688 377.680815512
-4.22187733333 377.581454166
-4.21687466667 377.544852596
-4.211872 377.395633687
-4.20686933333 377.435334824
-4.20186666667 377.441812643
-4.196864 377.453129324
-4.19186133333 377.239615875
-4.18685866667 377.251859678
-4.181856 377.261948181
-4.17685333333 377.21732217
-4.17185066667 377.169220559
-4.166848 377.117868244
-4.16184533333 377.087309652
-4.15684266667 377.02128942
-4.15184 377.040897422
-4.14683733333 377.045889228
-4.14183466667 376.990421205
-4.136832 377.018738179
-4.13182933333 376.920355444
-4.12682666667 376.920914145
-4.121824 376.884656996
-4.11682133333 376.837641755
-4.11181866667 376.736234093
-4.106816 376.676093716
-4.10181333333 376.599273715
-4.09681066667 376.6306752
-4.091808 376.679916038
-4.08680533333 376.7130793
-4.08180266667 376.60589949
-4.0768 376.630960173
-4.07179733333 376.594532023
-4.06679466667 376.600480485
-4.061792 376.51914193
-4.05678933333 376.481289308
-4.05178666667 376.421257502
-4.046784 376.432252379
-4.04178133333 376.373609072
-4.03677866667 376.421848808
-4.031776 376.226445819
-4.02677333333 376.281245835
-4.02177066667 376.161645764
-4.016768 376.147181499
-4.01176533333 376.040330501
-4.00676266667 376.103148557
-4.00176 376.048610803
-3.99675733333 376.089428061
-3.99175466667 375.952647784
-3.986752 375.830442538
-3.98174933333 375.73356036
-3.97674666667 375.693254952
-3.971744 375.713831355
-3.96674133333 375.645909715
-3.96173866667 375.001655554
-3.956736 374.906692521
-3.95173333333 374.911622185
-3.94673066667 374.826151444
-3.941728 374.772772186
-3.93672533333 374.727002065
-3.93172266667 375.128750048
-3.92672 375.7303497
-3.92171733333 375.730202003
-3.91671466667 375.635991843
-3.911712 375.622364608
-3.90670933333 375.635054594
-3.90170666667 375.622763068
-3.896704 375.53436884
-3.89170133333 375.487254559
-3.88669866667 375.426381221
-3.881696 375.380609827
-3.87669333333 375.343877347
-3.87169066667 375.49207302
-3.866688 375.493250401
-3.86168533333 375.417465665
-3.85668266667 375.546824346
-3.85168 375.577107837
-3.84667733333 375.542921655
-3.84167466667 375.383271687
-3.836672 375.485754527
-3.83166933333 375.408461808
-3.82666666667 375.519334757
-3.821664 375.675505494
-3.81666133333 375.691775399
-3.81165866667 375.788006248
-3.806656 375.813022718
-3.80165333333 375.845408894
-3.79665066667 375.929812249
-3.791648 376.193955866
-3.78664533333 376.202924083
-3.78164266667 376.262312609
-3.77664 376.156797938
-3.77163733333 376.273878486
-3.76663466667 376.375206917
-3.761632 376.394769533
-3.75662933333 376.232919059
-3.75162666667 376.448118309
-3.746624 376.387177311
-3.74162133333 376.19524617
-3.73661866667 376.039926513
-3.731616 375.891373901
-3.72661333333 375.786898222
-3.72161066667 375.632810002
-3.716608 375.62453598
-3.71160533333 375.703302543
-3.70660266667 375.620571758
-3.7016 375.460659771
-3.69659733333 375.35961526
-3.69159466667 375.254895612
-3.686592 375.151760507
-3.68158933333 375.113516326
-3.67658666667 375.163603247
-3.671584 374.924522474
-3.66658133333 374.932301067
-3.66157866667 374.958075504
-3.656576 375.232278214
-3.65157333333 375.204874441
-3.64657066667 375.407729799
-3.641568 375.348726286
-3.63656533333 375.256836431
-3.63156266667 374.949030426
-3.62656 374.556416481
-3.62155733333 373.883799743
-3.61655466667 373.159313377
-3.611552 372.54010441
-3.60654933333 372.152489078
-3.60154666667 372.174428171
-3.596544 371.935439273
-3.59154133333 371.598466501
-3.58653866667 371.666125271
-3.581536 371.439151987
-3.57653333333 370.81509954
-3.57153066667 370.632896729
-3.566528 370.653769359
-3.56152533333 370.933812295
-3.55652266667 371.021373837
-3.55152 371.248821214
-3.54651733333 371.11488991
-3.54151466667 371.169571108
-3.536512 370.868570495
-3.53150933333 370.717292243
-3.52650666667 370.74722388
-3.521504 370.746424016
-3.51650133333 370.81827597
-3.51149866667 370.933879925
-3.506496 370.922280854
-3.50149333333 370.91735597
-3.49649066667 370.795502906
-3.491488 370.466798449
-3.48648533333 370.124992039
-3.48148266667 369.64155205
-3.47648 369.166492764
-3.47147733333 368.768319164
-3.46647466667 368.377190354
-3.461472 368.254792644
-3.45646933333 368.213900277
-3.45146666667 368.283166654
-3.446464 368.511200534
-3.44146133333 368.346350443
-3.43645866667 368.118897653
-3.431456 368.090856492
-3.42645333333 368.026050434
-3.42145066667 368.072487894
-3.416448 367.980623957
-3.41144533333 367.927577148
-3.40644266667 368.120954084
-3.40144 368.134615374
-3.39643733333 368.146553074
-3.39143466667 368.144576954
-3.386432 368.170217691
-3.38142933333 368.114718144
-3.37642666667 368.213262579
-3.371424 368.403828187
-3.36642133333 368.249286523
-3.36141866667 368.156142297
-3.356416 368.134206807
-3.35141333333 368.257781869
-3.34641066667 368.30020079
-3.341408 368.135565045
-3.33640533333 368.100122341
-3.33140266667 368.28096112
-3.3264 368.464344278
-3.32139733333 368.594844136
-3.31639466667 368.661434679
-3.311392 368.82635603
-3.30638933333 368.750891066
-3.30138666667 368.41359443
-3.296384 368.350108387
-3.29138133333 368.436062429
-3.28637866667 368.282786032
-3.281376 368.247033618
-3.27637333333 368.197277419
-3.27137066667 368.135281406
-3.266368 368.350804624
-3.26136533333 368.366030548
-3.25636266667 368.425765471
-3.25136 368.528358957
-3.24635733333 368.589186876
-3.24135466667 368.537020758
-3.236352 368.538260702
-3.23134933333 368.286782835
-3.22634666667 368.158824757
-3.221344 367.979611056
-3.21634133333 368.027737528
-3.21133866667 367.983141045
-3.206336 368.077255661
-3.20133333333 368.063071611
-3.19633066667 367.72470895
-3.191328 367.406035841
-3.18632533333 367.409817419
-3.18132266667 367.588986575
-3.17632 367.629978764
-3.17131733333 367.65678702
-3.16631466667 367.396197582
-3.161312 367.443900316
-3.15630933333 367.54340616
-3.15130666667 367.625589522
-3.146304 367.358782628
-3.14130133333 367.190426569
-3.13629866667 366.877040311
-3.131296 366.71026663
-3.12629333333 366.611878628
-3.12129066667 366.433756901
-3.116288 366.490198019
-3.11128533333 366.307923175
-3.10628266667 366.143518938
-3.10128 366.182009176
-3.09627733333 366.183573192
-3.09127466667 366.093627217
-3.086272 365.880791274
-3.08126933333 365.952713877
-3.07626666667 365.865875298
-3.071264 365.661871523
-3.06626133333 365.803605209
-3.06125866667 366.515136688
-3.056256 366.548748008
-3.05125333333 366.553321078
-3.04625066667 366.65145951
-3.041248 366.653394957
-3.03624533333 366.7352687
-3.03124266667 367.279676663
-3.02624 367.501442714
-3.02123733333 367.884293485
-3.01623466667 368.026337984
-3.011232 368.488926555
-3.00622933333 368.857368999
-3.00122666667 369.218071207
-2.996224 369.718155459
-2.99122133333 369.98845713
-2.98621866667 370.80204273
-2.981216 371.605533664
-2.97621333333 371.998758173
-2.97121066667 372.150651531
-2.966208 372.490305398
-2.96120533333 372.665149051
-2.95620266667 372.958844046
-2.9512 373.728383841
-2.94619733333 374.7122132
-2.94119466667 375.08576048
-2.936192 374.807682559
-2.93118933333 375.076796792
-2.92618666667 374.781609774
-2.921184 375.033929936
-2.91618133333 375.29292411
-2.91117866667 375.86180254
-2.906176 376.120703388
-2.90117333333 376.820209297
-2.89617066667 377.135183527
-2.891168 377.44589919
-2.88616533333 377.474424422
-2.88116266667 377.892331125
-2.87616 378.09276284
-2.87115733333 378.616735491
-2.86615466667 378.901186174
-2.861152 379.424325347
-2.85614933333 379.783655149
-2.85114666667 380.038508101
-2.846144 380.509239519
-2.84114133333 380.755201603
-2.83613866667 380.772212332
-2.831136 381.065276079
-2.82613333333 381.198398386
-2.82113066667 381.435380217
-2.816128 381.66474964
-2.81112533333 382.067543695
-2.80612266667 382.447538645
-2.80112 382.640800666
-2.79611733333 382.628803524
-2.79111466667 382.831696517
-2.786112 382.880277711
-2.78110933333 383.239337217
-2.77610666667 383.467727055
-2.771104 383.710794299
-2.76610133333 383.846753294
-2.76109866667 384.132701598
-2.756096 384.367327034
-2.75109333333 384.579183966
-2.74609066667 384.817947683
-2.741088 385.054983389
-2.73608533333 384.999570392
-2.73108266667 385.235804161
-2.72608 385.344343666
-2.72107733333 385.583528688
-2.71607466667 385.461557856
-2.711072 385.538304783
-2.70606933333 385.198047581
-2.70106666667 385.098793606
-2.696064 385.246609779
-2.69106133333 385.830065568
-2.68605866667 386.35728821
-2.681056 386.499474029
-2.67605333333 386.704063624
-2.67105066667 386.704786842
-2.666048 386.734783765
-2.66104533333 386.722020474
-2.65604266667 386.366458287
-2.65104 386.300028661
-2.64603733333 386.319064939
-2.64103466667 386.287055777
-2.636032 386.285125904
-2.63102933333 386.284319822
-2.62602666667 386.18948955
-2.621024 386.329944314
-2.61602133333 386.502113406
-2.61101866667 386.602750556
-2.606016 386.575674837
-2.60101333333 386.563620445
-2.59601066667 386.590867347
-2.591008 386.613504697
-2.58600533333 386.641151171
-2.58100266667 386.795576336
-2.576 386.739273552
-2.57099733333 387.000588709
-2.56599466667 387.571721922
-2.560992 387.868576877
-2.55598933333 387.645082791
-2.55098666667 387.491171442
-2.545984 387.183359481
-2.54098133333 387.234269488
-2.53597866667 387.223464285
-2.530976 387.55780802
-2.52597333333 388.254032639
-2.52097066667 388.674833856
-2.515968 389.051046819
-2.51096533333 390.237467153
-2.50596266667 390.515507975
-2.50096 390.558493447
-2.49595733333 390.173361862
-2.49095466667 390.035475181
-2.485952 389.324863636
-2.48094933333 390.092249549
-2.47594666667 389.779133504
-2.470944 389.505128014
-2.46594133333 389.796018891
-2.46093866667 389.997830576
-2.455936 389.658215874
-2.45093333333 388.99348832
-2.44593066667 388.641221067
-2.440928 388.447775189
-2.43592533333 387.96726517
-2.43092266667 387.663104398
-2.42592 387.43799219
-2.42091733333 387.19598504
-2.41591466667 386.775683701
-2.410912 386.74206881
-2.40590933333 386.134173856
-2.40090666667 386.315836403
-2.395904 386.108943389
-2.39090133333 385.462550452
-2.38589866667 384.698444856
-2.380896 384.526690551
-2.37589333333 384.32008626
-2.37089066667 384.025223873
-2.365888 383.667688674
-2.36088533333 383.131247393
-2.35588266667 382.669966018
-2.35088 382.148003194
-2.34587733333 381.45856214
-2.34087466667 381.096692236
-2.335872 380.561991173
-2.33086933333 380.121793684
-2.32586666667 379.56248914
-2.320864 379.318484564
-2.31586133333 379.121296149
-2.31085866667 378.973310433
-2.305856 378.624734754
-2.30085333333 378.579623887
-2.29585066667 378.3305366
-2.290848 378.092805993
-2.28584533333 377.535177413
-2.28084266667 377.212774731
-2.27584 377.040930707
-2.27083733333 377.063933315
-2.26583466667 376.82664088
-2.260832 377.072423286
-2.25582933333 377.389368248
-2.25082666667 377.171143401
-2.245824 376.904394546
-2.24082133333 376.564285592
-2.23581866667 376.187969297
-2.230816 375.986857592
-2.22581333333 375.564566783
-2.22081066667 375.128858632
-2.215808 374.659853891
-2.21080533333 374.171423947
-2.20580266667 373.850632987
-2.2008 373.682202729
-2.19579733333 373.183188334
-2.19079466667 373.217239475
-2.185792 373.901638395
-2.18078933333 374.044469577
-2.17578666667 373.588006275
-2.170784 373.522785024
-2.16578133333 373.364690696
-2.16077866667 373.386818916
-2.155776 373.39771427
-2.15077333333 373.66903641
-2.14577066667 373.608561798
-2.140768 373.785993814
-2.13576533333 373.715107249
-2.13076266667 373.908726478
-2.12576 373.827404079
-2.12075733333 373.847130515
-2.11575466667 373.612630121
-2.110752 373.688285961
-2.10574933333 373.579881347
-2.10074666667 373.727378375
-2.095744 373.549750005
-2.09074133333 373.64306623
-2.08573866667 373.598126375
-2.080736 373.40339686
-2.07573333333 373.286741569
-2.07073066667 373.278851052
-2.065728 373.216862136
-2.06072533333 373.222007832
-2.05572266667 372.804820224
-2.05072 372.695013649
-2.04571733333 372.668834703
-2.04071466667 372.769758695
-2.035712 372.624098141
-2.03070933333 372.800798046
-2.02570666667 372.5498777
-2.020704 372.608565542
-2.01570133333 372.686251665
-2.01069866667 372.598443559
-2.005696 372.552249246
-2.00069333333 372.559755277
-1.99569066667 372.428323733
-1.990688 372.325802666
-1.98568533333 372.083569194
-1.98068266667 372.031105077
-1.97568 371.730610917
-1.97067733333 371.84418476
-1.96567466667 371.799639805
-1.960672 371.870503504
-1.95566933333 372.356738017
-1.95066666667 374.474314725
-1.945664 376.164094294
-1.94066133333 376.672722864
-1.93565866667 377.190529986
-1.930656 377.728715773
-1.92565333333 377.854435881
-1.92065066667 378.376577282
-1.915648 378.43851691
-1.91064533333 378.127931883
-1.90564266667 377.8342221
-1.90064 371.359699651
-1.89563733333 370.825141161
-1.89063466667 371.067683143
-1.885632 370.947206555
-1.88062933333 370.880454171
-1.87562666667 370.594765755
-1.870624 370.273807774
-1.86562133333 369.722725811
-1.86061866667 369.485765203
-1.855616 369.145824515
-1.85061333333 369.403538668
-1.84561066667 369.466845447
-1.840608 374.928703253
-1.83560533333 353.709786311
-1.83060266667 373.214457906
-1.8256 371.216123533
-1.82059733333 365.712736736
-1.81559466667 362.406971302
-1.810592 366.756133598
-1.80558933333 368.714878247
-1.80058666667 373.039555555
-1.795584 372.676599445
-1.79058133333 371.693547378
-1.78557866667 371.736211462
-1.780576 371.741896041
-1.77557333333 371.605236867
-1.77057066667 371.935089769
-1.765568 372.389877251
-1.76056533333 373.051049597
-1.75556266667 373.846834349
-1.75056 374.96176318
-1.74555733333 375.919341851
-1.74055466667 376.831405109
-1.735552 377.497535368
-1.73054933333 378.330326133
-1.72554666667 379.050288261
-1.720544 379.581240431
-1.71554133333 379.856213136
-1.71053866667 380.480446623
-1.705536 380.989959997
-1.70053333333 382.073766401
-1.69553066667 382.602825728
-1.690528 383.129067999
-1.68552533333 383.809832155
-1.68052266667 384.608148778
-1.67552 385.14850944
-1.67051733333 385.719390572
-1.66551466667 385.990407437
-1.660512 386.509323116
-1.65550933333 386.839315206
-1.65050666667 386.966737437
-1.645504 386.876598532
-1.64050133333 387.002984759
-1.63549866667 387.075593411
-1.630496 387.389835232
-1.62549333333 387.382996611
-1.62049066667 387.433278518
-1.615488 387.497788592
-1.61048533333 387.643361687
-1.60548266667 387.579446198
-1.60048 387.648874743
-1.59547733333 387.49043616
-1.59047466667 387.711823069
-1.585472 387.464940379
-1.58046933333 387.31255744
-1.57546666667 386.995752789
-1.570464 386.377532409
-1.56546133333 385.874937162
-1.56045866667 385.290801035
-1.555456 384.622508219
-1.55045333333 384.07148735
-1.54545066667 383.878571965
-1.540448 384.646731767
-1.53544533333 384.967237956
-1.53044266667 385.244021765
-1.52544 385.382634145
-1.52043733333 386.047102779
-1.51543466667 386.425609322
-1.510432 386.804409816
-1.50542933333 386.79480869
-1.50042666667 386.880923371
-1.495424 386.858210442
-1.49042133333 386.798812716
-1.48541866667 386.570035505
-1.480416 386.680302464
-1.47541333333 386.64008001
-1.47041066667 386.743524975
-1.465408 386.707631547
-1.46040533333 386.770675818
-1.45540266667 386.623959813
-1.4504 386.712875628
-1.44539733333 386.651107792
-1.44039466667 386.645463845
-1.435392 386.559484516
-1.43038933333 386.679435909
-1.42538666667 386.756282316
-1.420384 386.844345615
-1.41538133333 386.618564641
-1.41037866667 386.643918541
-1.405376 386.495005354
-1.40037333333 386.43602257
-1.39537066667 386.112589464
-1.390368 386.16049967
-1.38536533333 385.93679744
-1.38036266667 385.972085498
-1.37536 385.754059055
-1.37035733333 385.85314841
-1.36535466667 385.621853045
-1.360352 385.603924099
-1.35534933333 385.355476048
-1.35034666667 385.462193858
-1.345344 385.365777288
-1.34034133333 385.412551711
-1.33533866667 385.140651675
-1.330336 385.212406559
-1.32533333333 385.077198915
-1.32033066667 385.244974912
-1.315328 385.122387598
-1.31032533333 385.330426669
-1.30532266667 385.391887148
-1.30032 385.667026593
-1.29531733333 385.637497076
-1.29031466667 385.608175588
-1.285312 385.477422723
-1.28030933333 385.56683768
-1.27530666667 385.484574303
-1.270304 385.658145695
-1.26530133333 385.368447842
-1.26029866667 385.388289865
-1.255296 385.307819168
-1.25029333333 385.517122082
-1.24529066667 385.36361043
-1.240288 385.450867974
-1.23528533333 385.29505339
-1.23028266667 385.284242068
-1.22528 385.226153653
-1.22027733333 385.308546476
-1.21527466667 385.145798842
-1.210272 385.292599055
-1.20526933333 385.15549216
-1.20026666667 385.193045091
-1.195264 384.995482265
-1.19026133333 385.067939295
-1.18525866667 385.003369555
-1.180256 384.986189917
-1.17525333333 384.906471566
-1.17025066667 384.970810718
-1.165248 384.815737481
-1.16024533333 384.980553161
-1.15524266667 384.79584362
-1.15024 384.891093737
-1.14523733333 384.817430981
-1.14023466667 384.917439988
-1.135232 384.910377234
-1.13022933333 385.097890623
-1.12522666667 384.918712078
-1.120224 384.89271499
-1.11522133333 384.714435309
-1.11021866667 384.738199885
-1.105216 384.623783514
-1.10021333333 384.686029789
-1.09521066667 384.492656346
-1.090208 384.536081416
-1.08520533333 384.363987296
-1.08020266667 384.404176292
-1.0752 384.175621755
-1.07019733333 384.301803886
-1.06519466667 384.175866229
-1.060192 384.24867406
-1.05518933333 384.151810754
-1.05018666667 384.208453558
-1.045184 384.118495071
-1.04018133333 384.149304897
-1.03517866667 384.029316615
-1.030176 384.043973416
-1.02517333333 383.924020139
-1.02017066667 383.886962311
-1.015168 383.761821157
-1.01016533333 383.825412716
-1.00516266667 383.669562663
-1.00016 383.696342281
-0.995157333333 383.645085372
-0.990154666667 383.73778124
-0.985152 383.617971011
-0.980149333333 383.600356238
-0.975146666667 383.597271774
-0.970144 383.657094174
-0.965141333333 383.51400451
-0.960138666667 383.634113212
-0.955136 383.570376694
-0.950133333333 383.73005093
-0.945130666667 383.531492892
-0.940128 383.601920274
-0.935125333333 383.424948916
-0.930122666667 383.568303118
-0.92512 383.39722448
-0.920117333333 383.487745508
-0.915114666667 383.47500897
-0.910112 383.50725372
-0.905109333333 383.483572737
-0.900106666667 383.537410089
-0.895104 383.443692194
-0.890101333333 383.632611434
-0.885098666667 383.671730612
-0.880096 383.685323557
-0.875093333333 383.614238908
-0.870090666667 383.714630159
-0.865088 383.693528896
-0.860085333333 383.850586235
-0.855082666667 383.805992521
-0.85008 383.826273945
-0.845077333333 383.76763867
-0.840074666667 383.929085716
-0.835072 383.910058126
-0.830069333333 384.114267647
-0.825066666667 383.984967009
-0.820064 384.010210935
-0.815061333333 383.845858705
-0.810058666667 383.886842258
-0.805056 383.697235219
-0.800053333333 383.758766794
-0.795050666667 383.59047361
-0.790048 383.778050204
-0.785045333333 383.57009641
-0.780042666667 383.658130022
-0.77504 383.535941727
-0.770037333333 383.62570016
-0.765034666667 383.475399822
-0.760032 383.385976528
-0.755029333333 383.04646507
-0.750026666667 382.9019267
-0.745024 382.77897257
-0.740021333333 382.673407634
-0.735018666667 382.545128353
-0.730016 382.495490311
-0.725013333333 382.355465018
-0.720010666667 382.381259564
-0.715008 382.32223572
-0.710005333333 382.354037127
-0.705002666667 382.209352973
-0.7 382.274873024
-0.694997333333 382.184365005
-0.689994666667 382.32577947
-0.684992 382.134685312
-0.679989333333 382.213612158
-0.674986666667 382.042003148
-0.669984 382.111554845
-0.664981333333 382.149183506
-0.659978666667 382.301699725
-0.654976 382.237773055
-0.649973333333 382.300705319
-0.644970666667 382.215649079
-0.639968 382.231727957
-0.634965333333 382.253352438
-0.629962666667 382.322566366
-0.62496 382.353251598
-0.619957333333 382.341566967
-0.614954666667 382.338625826
-0.609952 382.630929999
-0.604949333333 382.654295558
-0.599946666667 382.867682099
-0.594944 382.912296271
-0.589941333333 382.810044014
-0.584938666667 382.80343754
-0.579936 382.970119243
-0.574933333333 383.129499503
-0.569930666667 383.361758549
-0.564928 383.399439636
-0.559925333333 383.475688107
-0.554922666667 383.538096939
-0.54992 383.904264838
-0.544917333333 383.757289155
-0.539914666667 383.568096374
-0.534912 383.147825381
-0.529909333333 383.00388067
-0.524906666667 382.982102266
-0.519904 382.992941832
-0.514901333333 382.562249668
-0.509898666667 382.566745329
-0.504896 382.825878797
-0.499893333333 383.097559617
-0.494890666667 383.149667062
-0.489888 383.07589816
-0.484885333333 382.789943444
-0.479882666667 382.565262827
-0.47488 382.514662495
-0.469877333333 382.524844215
-0.464874666667 382.705140422
-0.459872 382.66808484
-0.454869333333 382.616848992
-0.449866666667 382.555704032
-0.444864 382.239423877
-0.439861333333 382.09803043
-0.434858666667 381.762222435
-0.429856 381.92002955
-0.424853333333 381.95767071
-0.419850666667 381.938375558
-0.414848 381.779616766
-0.409845333333 381.166547061
-0.404842666667 381.442161825
-0.39984 381.653226945
-0.394837333333 381.721047362
-0.389834666667 381.586002015
-0.384832 381.434220503
-0.379829333333 381.457235263
-0.374826666667 381.319056183
-0.369824 381.474246571
-0.364821333333 381.2974104
-0.359818666667 381.686752854
-0.354816 381.78385699
-0.349813333333 381.769587627
-0.344810666667 381.647465877
-0.339808 381.813397952
-0.334805333333 382.424816635
-0.329802666667 382.838108688
-0.3248 383.148691346
-0.319797333333 383.51736311
-0.314794666667 383.723501741
-0.309792 384.05556355
-0.304789333333 384.407813194
-0.299786666667 384.42436271
-0.294784 384.409980048
-0.289781333333 384.837733531
-0.284778666667 384.845199306
-0.279776 385.034664368
-0.274773333333 385.090023973
-0.269770666667 385.242365873
-0.264768 385.166781047
-0.259765333333 385.037434589
-0.254762666667 385.113794909
-0.24976 385.229307994
-0.244757333333 385.196284482
-0.239754666667 385.383687625
-0.234752 385.67620116
-0.229749333333 385.870327469
-0.224746666667 386.028843967
-0.219744 386.43062002
-0.214741333333 386.706846443
-0.209738666667 386.898059113
-0.204736 386.98927084
-0.199733333333 386.8557514
-0.194730666667 386.828049448
-0.189728 386.964123813
-0.184725333333 387.20362962
-0.179722666667 387.244493199
-0.17472 387.287347372
-0.169717333333 387.215706166
-0.164714666667 387.230808453
-0.159712 387.287292161
-0.154709333333 387.236748857
-0.149706666667 387.237724444
-0.144704 387.310787686
-0.139701333333 387.443821314
-0.134698666667 387.66329778
-0.129696 387.834088706
-0.124693333333 387.834328121
-0.119690666667 387.989470351
-0.114688 388.047875715
-0.109685333333 388.147613774
-0.104682666667 388.234816901
-0.09968 388.324442575
-0.0946773333333 388.227385451
-0.0896746666667 388.170479488
-0.084672 388.194747329
-0.0796693333333 388.298826493
-0.0746666666667 388.1339821
-0.069664 388.161614666
-0.0646613333333 388.007976069
-0.0596586666667 387.791559041
-0.054656 387.69961473
-0.0496533333333 387.726992914
-0.0446506666667 387.66426322
-0.039648 387.599184361
-0.0346453333333 387.293732764
-0.0296426666667 387.032877462
-0.02464 386.928820112
-0.0196373333333 387.033759962
-0.0146346666667 386.979028855
-0.009632 386.890967204
-0.00462933333333 387.337932513
