-9.99995733333 398.820511168
-9.99495466667 398.77669682
-9.989952 398.809278
-9.98494933333 398.770832087
-9.97994666667 398.6905545
-9.974944 398.735336471
-9.96994133333 398.724680633
-9.96493866667 398.732606195
-9.959936 398.651870288
-9.95493333333 398.808103681
-9.94993066667 398.830594785
-9.944928 399.039103751
-9.93992533333 399.254456086
-9.93492266667 399.506465332
-9.92992 399.768571507
-9.92491733333 399.952611993
-9.91991466667 400.086469493
-9.914912 400.113444622
-9.90990933333 400.102741627
-9.90490666667 400.229815014
-9.899904 400.222482394
-9.89490133333 400.268586538
-9.88989866667 400.276182669
-9.884896 400.335412892
-9.87989333333 400.322280613
-9.87489066667 400.414468406
-9.869888 400.602606791
-9.86488533333 400.837322017
-9.85988266667 401.018168512
-9.85488 401.286899181
-9.84987733333 401.636975853
-9.84487466667 402.006206919
-9.839872 402.330330379
-9.83486933333 402.801655151
-9.82986666667 403.110082502
-9.824864 403.333495904
-9.81986133333 403.353678042
-9.81485866667 403.481205778
-9.809856 403.553333823
-9.80485333333 403.538252065
-9.79985066667 403.399588374
-9.794848 403.281524245
-9.78984533333 403.08825701
-9.78484266667 402.870746017
-9.77984 402.762906525
-9.77483733333 402.787608881
-9.76983466667 402.783305951
-9.764832 402.922273655
-9.75982933333 403.018502145
-9.75482666667 403.200281133
-9.749824 403.638426658
-9.74482133333 404.438464639
-9.73981866667 405.830074975
-9.734816 408.313859171
-9.72981333333 411.95206876
-9.72481066667 417.834527525
-9.719808 428.53982954
-9.71480533333 432.981054457
-9.70980266667 434.351958726
-9.7048 435.353782566
-9.69979733333 436.076555032
-9.69479466667 436.970111794
-9.689792 437.675044322
-9.68478933333 438.44467589
-9.67978666667 438.661793472
-9.674784 438.805530358
-9.66978133333 438.963154502
-9.66477866667 439.117324645
-9.659776 439.275318195
-9.65477333333 439.742218458
-9.64977066667 440.200394733
-9.644768 440.831764611
-9.63976533333 441.388837855
-9.63476266667 441.979482278
-9.62976 442.375666609
-9.62475733333 442.780045382
-9.61975466667 443.083272968
-9.614752 443.533801146
-9.60974933333 444.032473822
-9.60474666667 444.620959076
-9.599744 445.090652698
-9.59474133333 445.638468622
-9.58973866667 446.066894984
-9.584736 446.307414757
-9.57973333333 446.380176168
-9.57473066667 446.431629141
-9.569728 446.258550805
-9.56472533333 446.111713911
-9.55972266667 445.735011571
-9.55472 445.422604799
-9.54971733333 445.169260724
-9.54471466667 444.893045752
-9.539712 444.752563906
-9.53470933333 444.90268662
-9.52970666667 445.38323689
-9.524704 445.842341131
-9.51970133333 446.156273117
-9.51469866667 446.529715051
-9.509696 446.700802802
-9.50469333333 446.703605545
-9.49969066667 446.646749342
-9.494688 446.575771345
-9.48968533333 446.500862946
-9.48468266667 446.480044993
-9.47968 446.229960035
-9.47467733333 446.069845939
-9.46967466667 445.966482171
-9.464672 445.84170843
-9.45966933333 445.486812283
-9.45466666667 445.328775636
-9.449664 445.066776273
-9.44466133333 444.981319127
-9.43965866667 444.756304341
-9.434656 444.660035402
-9.42965333333 444.378173739
-9.42465066667 444.300145575
-9.419648 444.127245399
-9.41464533333 443.989449575
-9.40964266667 443.816003174
-9.40464 443.636781871
-9.39963733333 443.349072273
-9.39463466667 443.201510009
-9.389632 443.036649617
-9.38462933333 442.966233412
-9.37962666667 442.815412664
-9.374624 442.777515722
-9.36962133333 442.711192189
-9.36461866667 442.773027166
-9.359616 442.750162152
-9.35461333333 442.804099217
-9.34961066667 442.779453081
-9.344608 442.817104264
-9.33960533333 442.828368538
-9.33460266667 442.87015457
-9.3296 442.745458272
-9.32459733333 442.838669715
-9.31959466667 442.775507643
-9.314592 442.850767244
-9.30958933333 442.883779982
-9.30458666667 442.898153553
-9.299584 442.726804791
-9.29458133333 442.883525085
-9.28957866667 442.855507918
-9.284576 443.009154282
-9.27957333333 442.918773498
-9.27457066667 443.037293497
-9.269568 443.049669429
-9.26456533333 443.098849802
-9.25956266667 442.994683139
-9.25456 443.167337742
-9.24955733333 443.131839248
-9.24455466667 443.141541886
-9.239552 443.139344637
-9.23454933333 443.212137486
-9.22954666667 443.343382604
-9.224544 443.485762531
-9.21954133333 443.399071345
-9.21453866667 443.497674277
-9.209536 443.548253522
-9.20453333333 443.599561612
-9.19953066667 443.492913819
-9.194528 443.650063816
-9.18952533333 443.641921241
-9.18452266667 443.662656918
-9.17952 443.55121337
-9.17451733333 443.519304029
-9.16951466667 443.43347453
-9.164512 443.35818709
-9.15950933333 443.101254402
-9.15450666667 443.050568158
-9.149504 442.90518984
-9.14450133333 442.677593691
-9.13949866667 442.209083515
-9.134496 441.968772998
-9.12949333333 441.710632011
-9.12449066667 441.597367857
-9.119488 441.438130248
-9.11448533333 441.492689836
-9.10948266667 441.522113285
-9.10448 441.341162114
-9.09947733333 441.177999591
-9.09447466667 441.067042487
-9.089472 440.944912161
-9.08446933333 440.843450302
-9.07946666667 440.640235874
-9.074464 440.667219221
-9.06946133333 440.60118823
-9.06445866667 440.521484389
-9.059456 440.288474259
-9.05445333333 440.173704525
-9.04945066667 439.697950144
-9.044448 439.544398076
-9.03944533333 439.290660396
-9.03444266667 438.997232977
-9.02944 438.587579003
-9.02443733333 438.163293823
-9.01943466667 437.544732126
-9.014432 437.009298404
-9.00942933333 436.401753191
-9.00442666667 435.943341141
-8.999424 435.416168948
-8.99442133333 434.925122671
-8.98941866667 434.18900194
-8.984416 433.810932947
-8.97941333333 433.354050943
-8.97441066667 433.062984342
-8.969408 432.905582103
-8.96440533333 432.654238492
-8.95940266667 432.369734151
-8.9544 432.22603988
-8.94939733333 432.123017247
-8.94439466667 432.061337713
-8.939392 431.866870617
-8.93438933333 431.773529481
-8.92938666667 431.717452965
-8.924384 431.702826586
-8.91938133333 431.561387546
-8.91437866667 431.564354112
-8.909376 431.508452335
-8.90437333333 431.482862457
-8.89937066667 431.369147876
-8.894368 431.352155897
-8.88936533333 431.26364691
-8.88436266667 431.275499471
-8.87936 431.225077295
-8.87435733333 431.249150561
-8.86935466667 431.255414071
-8.864352 431.285611706
-8.85934933333 431.156490851
-8.85434666667 431.042222429
-8.849344 430.911177639
-8.84434133333 430.880740865
-8.83933866667 430.718158917
-8.834336 430.715339277
-8.82933333333 430.711694905
-8.82433066667 430.73951303
-8.819328 430.784039327
-8.81432533333 430.79582352
-8.80932266667 430.800126646
-8.80432 430.919072007
-8.79931733333 430.894845993
-8.79431466667 430.922742043
-8.789312 430.949972284
-8.78430933333 431.09785031
-8.77930666667 431.099520895
-8.774304 431.231417222
-8.76930133333 431.253292749
-8.76429866667 431.298447929
-8.759296 431.245269374
-8.75429333333 431.400027332
-8.74929066667 431.381385335
-8.744288 431.531877565
-8.73928533333 431.647285424
-8.73428266667 431.769630453
-8.72928 431.839009793
-8.72427733333 431.911683007
-8.71927466667 431.96932309
-8.714272 432.046104739
-8.70926933333 432.121006901
-8.70426666667 432.247066319
-8.699264 432.296291773
-8.69426133333 432.457403867
-8.68925866667 432.631919647
-8.684256 432.800460444
-8.67925333333 433.082272678
-8.67425066667 433.420521945
-8.669248 433.774894833
-8.66424533333 434.210276149
-8.65924266667 434.649955736
-8.65424 435.359217986
-8.64923733333 435.900117599
-8.64423466667 436.459033161
-8.639232 437.314450065
-8.63422933333 438.022654114
-8.62922666667 438.851612089
-8.624224 439.940255192
-8.61922133333 441.299845562
-8.61421866667 442.660573098
-8.609216 443.515650439
-8.60421333333 444.038620248
-8.59921066667 444.482750657
-8.594208 444.805043927
-8.58920533333 444.910984636
-8.58420266667 445.076085395
-8.5792 445.33662154
-8.57419733333 445.563017059
-8.56919466667 445.819131407
-8.564192 446.115050828
-8.55918933333 446.234274167
-8.55418666667 446.567762822
-8.549184 446.843197763
-8.54418133333 447.088069155
-8.53917866667 447.34249178
-8.534176 447.607663622
-8.52917333333 447.767697898
-8.52417066667 448.082692723
-8.519168 448.146840907
-8.51416533333 448.336828326
-8.50916266667 448.465063223
-8.50416 448.623873381
-8.49915733333 448.712849492
-8.49415466667 448.984147668
-8.489152 449.184606281
-8.48414933333 449.608696161
-8.47914666667 449.929027595
-8.474144 450.365517023
-8.46914133333 450.690086763
-8.46413866667 451.015624378
-8.459136 451.073875652
-8.45413333333 451.165942879
-8.44913066667 451.162553798
-8.444128 451.292152774
-8.43912533333 451.280113656
-8.43412266667 451.53516206
-8.42912 451.864745645
-8.42411733333 452.198333818
-8.41911466667 452.332357665
-8.414112 452.533290844
-8.40910933333 452.62071727
-8.40410666667 452.907750138
-8.399104 452.961086891
-8.39410133333 453.156776957
-8.38909866667 453.25591855
-8.384096 453.340299678
-8.37909333333 453.38547286
-8.37409066667 453.578636987
-8.369088 453.752312187
-8.36408533333 454.028320898
-8.35908266667 454.163965882
-8.35408 454.362111929
-8.34907733333 454.511039501
-8.34407466667 454.724386439
-8.339072 454.635924484
-8.33406933333 454.834175029
-8.32906666667 454.897110839
-8.324064 455.027250282
-8.31906133333 454.980659991
-8.31405866667 455.186963378
-8.309056 455.231685623
-8.30405333333 455.351522743
-8.29905066667 455.365501806
-8.294048 455.536967301
-8.28904533333 455.729700814
-8.28404266667 455.789881763
-8.27904 455.856449061
-8.27403733333 455.97285649
-8.26903466667 456.12423709
-8.264032 456.262789845
-8.25902933333 456.326662513
-8.25402666667 456.515526457
-8.249024 456.585006729
-8.24402133333 456.741244448
-8.23901866667 456.777412222
-8.234016 456.942666555
-8.22901333333 456.956070823
-8.22401066667 457.111988315
-8.219008 457.122534506
-8.21400533333 457.21688331
-8.20900266667 457.283989349
-8.204 457.420195729
-8.19899733333 457.478047086
-8.19399466667 457.668766983
-8.188992 457.73502361
-8.18398933333 457.823610514
-8.17898666667 457.812949082
-8.173984 457.916837716
-8.16898133333 458.065606529
-8.16397866667 458.129579496
-8.158976 458.11879209
-8.15397333333 458.189277786
-8.14897066667 458.245341873
-8.143968 458.290619141
-8.13896533333 458.263268404
-8.13396266667 458.23949305
-8.12896 458.229649958
-8.12395733333 458.318031095
-8.11895466667 458.143125797
-8.113952 458.231733161
-8.10894933333 458.183684137
-8.10394666667 457.98048949
-8.098944 457.577242374
-8.09394133333 457.277922826
-8.08893866667 456.748678813
-8.083936 456.459255235
-8.07893333333 456.109918497
-8.07393066667 455.884340673
-8.068928 455.677830374
-8.06392533333 455.917882295
-8.05892266667 456.113431092
-8.05392 456.569521511
-8.04891733333 456.915710455
-8.04391466667 457.404316797
-8.038912 457.479065165
-8.03390933333 457.716625805
-8.02890666667 458.002336165
-8.023904 458.110429218
-8.01890133333 458.122135935
-8.01389866667 458.126892288
-8.008896 458.019629423
-8.00389333333 457.963133285
-7.99889066667 457.8702922
-7.993888 457.762851902
-7.98888533333 457.546375518
-7.98388266667 457.523389978
-7.97888 457.377229018
-7.97387733333 457.260787705
-7.96887466667 457.077215963
-7.963872 456.938143616
-7.95886933333 456.802680569
-7.95386666667 456.725588178
-7.948864 456.59184793
-7.94386133333 456.521480294
-7.93885866667 456.37961261
-7.933856 456.398015812
-7.92885333333 456.356874943
-7.92385066667 456.395959188
-7.918848 456.24856271
-7.91384533333 456.287119944
-7.90884266667 456.068555913
-7.90384 456.182620159
-7.89883733333 456.218485036
-7.89383466667 456.246639974
-7.888832 456.314820041
-7.88382933333 456.458138552
-7.87882666667 456.484764331
-7.873824 456.582217256
-7.86882133333 456.69516275
-7.86381866667 456.695439022
-7.858816 456.715265889
-7.85381333333 456.872705014
-7.84881066667 457.046263825
-7.843808 457.06022277
-7.83880533333 457.067519975
-7.83380266667 457.078583653
-7.8288 457.091924457
-7.82379733333 456.992225372
-7.81879466667 456.881482367
-7.813792 456.787577525
-7.80878933333 456.649930807
-7.80378666667 456.424133592
-7.798784 456.048760636
-7.79378133333 455.920778386
-7.78877866667 455.789656188
-7.783776 455.568534162
-7.77877333333 455.464368151
-7.77377066667 455.535242104
-7.768768 455.628011184
-7.76376533333 455.490959606
-7.75876266667 455.278237295
-7.75376 455.22330234
-7.74875733333 455.023685697
-7.74375466667 454.784569592
-7.738752 454.542785882
-7.73374933333 454.400736818
-7.72874666667 454.175578356
-7.723744 454.077276249
-7.71874133333 453.846506546
-7.71373866667 453.730354954
-7.708736 453.652586159
-7.70373333333 453.519483417
-7.69873066667 453.393218592
-7.693728 453.326824949
-7.68872533333 453.221115775
-7.68372266667 453.07383884
-7.67872 452.931469951
-7.67371733333 452.856942799
-7.66871466667 452.724781359
-7.663712 452.638640127
-7.65870933333 452.535269058
-7.65370666667 452.508705059
-7.648704 452.405054003
-7.64370133333 452.354147547
-7.63869866667 452.215605512
-7.633696 452.10914039
-7.62869333333 451.91552192
-7.62369066667 451.983692177
-7.618688 451.832560352
-7.61368533333 451.801593653
-7.60868266667 451.703860301
-7.60368 451.714332819
-7.59867733333 451.573551256
-7.59367466667 451.550838949
-7.588672 451.402276242
-7.58366933333 451.250607481
-7.57866666667 451.102453264
-7.573664 450.976025053
-7.56866133333 450.805051631
-7.56365866667 450.638803131
-7.558656 450.369447195
-7.55365333333 450.252208735
-7.54865066667 450.133555373
-7.543648 449.984135677
-7.53864533333 449.860602444
-7.53364266667 449.676373927
-7.52864 449.446336146
-7.52363733333 449.315924494
-7.51863466667 449.269203544
-7.513632 449.267567149
-7.50862933333 449.243387567
-7.50362666667 449.224853706
-7.498624 449.206867598
-7.49362133333 449.089794122
-7.48861866667 448.92249918
-7.483616 448.770687043
-7.47861333333 448.643958652
-7.47361066667 448.484608181
-7.468608 448.315001347
-7.46360533333 448.050019903
-7.45860266667 447.814886562
-7.4536 447.759979214
-7.44859733333 447.60950728
-7.44359466667 447.587171495
-7.438592 447.430975213
-7.43358933333 447.43044212
-7.42858666667 447.399215819
-7.423584 447.339537219
-7.41858133333 447.281703072
-7.41357866667 447.147501927
-7.408576 447.047995702
-7.40357333333 446.970321333
-7.39857066667 446.907839448
-7.393568 446.872945476
-7.38856533333 446.848352218
-7.38356266667 446.751837
-7.37856 446.686885205
-7.37355733333 446.649786829
-7.36855466667 446.617222691
-7.363552 446.539439025
-7.35854933333 446.411813477
-7.35354666667 446.440436556
-7.348544 446.318180241
-7.34354133333 446.458671512
-7.33853866667 446.442812601
-7.333536 446.492978892
-7.32853333333 446.520920782
-7.32353066667 446.517717469
-7.318528 446.450602466
-7.31352533333 446.489492511
-7.30852266667 446.509992833
-7.30352 446.582687305
-7.29851733333 446.587455538
-7.29351466667 446.660781864
-7.288512 446.75199935
-7.28350933333 446.802390021
-7.27850666667 446.781027367
-7.273504 446.824819317
-7.26850133333 446.773781006
-7.26349866667 446.901141967
-7.258496 446.819545136
-7.25349333333 446.983596281
-7.24849066667 446.955438247
-7.243488 447.101540969
-7.23848533333 447.102834513
-7.23348266667 447.199002251
-7.22848 447.226058754
-7.22347733333 447.432422425
-7.21847466667 447.541967975
-7.213472 447.705201923
-7.20846933333 447.704190298
-7.20346666667 447.828704215
-7.198464 447.789705618
-7.19346133333 447.999323957
-7.18845866667 448.097038701
-7.183456 448.186031663
-7.17845333333 448.268191295
-7.17345066667 448.306029985
-7.168448 448.476163824
-7.16344533333 448.675919254
-7.15844266667 448.661174032
-7.15344 448.748546492
-7.14843733333 448.782706894
-7.14343466667 448.819609417
-7.138432 448.792824649
-7.13342933333 448.741775881
-7.12842666667 448.671061396
-7.123424 448.55488617
-7.11842133333 448.462613116
-7.11341866667 448.466801898
-7.108416 448.435974519
-7.10341333333 448.648327371
-7.09841066667 448.557961433
-7.093408 448.561754542
-7.08840533333 448.507124243
-7.08340266667 448.421958342
-7.0784 448.251941283
-7.07339733333 448.182949898
-7.06839466667 448.008582737
-7.063392 447.864793348
-7.05838933333 447.633709891
-7.05338666667 447.605464836
-7.048384 447.568938258
-7.04338133333 447.455196345
-7.03837866667 447.289575292
-7.033376 447.1938937
-7.02837333333 446.983228878
-7.02337066667 446.742769272
-7.018368 446.495047673
-7.01336533333 446.454466914
-7.00836266667 446.297690322
-7.00336 446.088729517
-6.99835733333 445.885938311
-6.99335466667 445.843880462
-6.988352 445.668674375
-6.98334933333 445.500225927
-6.97834666667 445.268453186
-6.973344 445.169180955
-6.96834133333 445.030554749
-6.96333866667 444.889858202
-6.958336 444.821003043
-6.95333333333 444.757307911
-6.94833066667 444.720316179
-6.943328 444.819306183
-6.93832533333 444.73127813
-6.93332266667 444.865610176
-6.92832 444.779013889
-6.92331733333 444.777538826
-6.91831466667 444.715551637
-6.913312 444.692375357
-6.90830933333 444.636670108
-6.90330666667 444.60273793
-6.898304 444.502449319
-6.89330133333 444.495318937
-6.88829866667 444.430308826
-6.883296 444.318978294
-6.87829333333 444.189861524
-6.87329066667 444.130763212
-6.868288 443.985155682
-6.86328533333 443.9622816
-6.85828266667 443.844100005
-6.85328 443.723674923
-6.84827733333 443.723528795
-6.84327466667 443.561604459
-6.838272 443.484437324
-6.83326933333 443.46509466
-6.82826666667 443.388471256
-6.823264 443.336711449
-6.81826133333 443.263618773
-6.81325866667 443.21258251
-6.808256 443.235215727
-6.80325333333 443.26885244
-6.79825066667 443.275323934
-6.793248 443.346122995
-6.78824533333 443.491418301
-6.78324266667 443.618127155
-6.77824 443.747898618
-6.77323733333 443.944898307
-6.76823466667 444.028638871
-6.763232 444.196616457
-6.75822933333 444.31815406
-6.75322666667 444.368268545
-6.748224 444.464859736
-6.74322133333 444.466002191
-6.73821866667 444.343222274
-6.733216 444.386871464
-6.72821333333 444.262146255
-6.72321066667 444.196425449
-6.718208 444.116907001
-6.71320533333 444.059012487
-6.70820266667 444.007809604
-6.7032 443.920659817
-6.69819733333 443.765928447
-6.69319466667 443.817700269
-6.688192 443.753493996
-6.68318933333 443.742868135
-6.67818666667 443.690906088
-6.673184 443.758899481
-6.66818133333 443.623116397
-6.66317866667 443.633210433
-6.658176 443.561827823
-6.65317333333 443.533772689
-6.64817066667 443.557981976
-6.643168 443.425261431
-6.63816533333 443.395082442
-6.63316266667 443.389689514
-6.62816 443.399076853
-6.62315733333 443.40600602
-6.61815466667 443.36342637
-6.613152 443.457330351
-6.60814933333 443.602633931
-6.60314666667 443.8111672
-6.598144 443.91387429
-6.59314133333 444.076647649
-6.58813866667 444.163831673
-6.583136 444.323455173
-6.57813333333 444.346445156
-6.57313066667 444.561386362
-6.568128 444.618829444
-6.56312533333 444.687088163
-6.55812266667 444.529815451
-6.55312 444.644110907
-6.54811733333 444.591750351
-6.54311466667 444.701591366
-6.538112 444.632684957
-6.53310933333 444.689833333
-6.52810666667 444.66599245
-6.523104 444.704658273
-6.51810133333 444.692948647
-6.51309866667 444.785007042
-6.508096 444.797752854
-6.50309333333 444.849672324
-6.49809066667 444.825441091
-6.493088 444.854426722
-6.48808533333 444.804886447
-6.48308266667 444.728837847
-6.47808 444.626286481
-6.47307733333 444.665732913
-6.46807466667 444.521821568
-6.463072 444.477979858
-6.45806933333 444.392153269
-6.45306666667 444.395989977
-6.448064 444.334559305
-6.44306133333 444.307473969
-6.43805866667 444.286587018
-6.433056 444.1905374
-6.42805333333 444.109590295
-6.42305066667 444.030616875
-6.418048 443.937721733
-6.41304533333 443.950540312
-6.40804266667 444.043485255
-6.40304 444.162267676
-6.39803733333 444.117034445
-6.39303466667 444.199571893
-6.388032 444.101532667
-6.38302933333 444.114583349
-6.37802666667 443.886068806
-6.373024 443.849658232
-6.36802133333 443.690745158
-6.36301866667 443.643955359
-6.358016 443.595707187
-6.35301333333 443.598172125
-6.34801066667 443.597413299
-6.343008 443.59287333
-6.33800533333 443.637355111
-6.33300266667 443.68083122
-6.328 443.685211585
-6.32299733333 443.759233895
-6.31799466667 443.667289676
-6.312992 443.684242853
-6.30798933333 443.565184468
-6.30298666667 443.563191941
-6.297984 443.407573149
-6.29298133333 443.32970335
-6.28797866667 443.213454231
-6.282976 443.233697796
-6.27797333333 443.185140018
-6.27297066667 443.281558458
-6.267968 443.241161193
-6.26296533333 443.311312999
-6.25796266667 443.277643434
-6.25296 443.344441468
-6.24795733333 443.365534274
-6.24295466667 443.347016002
-6.237952 443.323939633
-6.23294933333 443.326359849
-6.22794666667 443.343616057
-6.222944 443.368584861
-6.21794133333 443.263062866
-6.21293866667 443.311870343
-6.207936 443.240763011
-6.20293333333 443.150938578
-6.19793066667 443.031109223
-6.192928 442.997898734
-6.18792533333 442.950607132
-6.18292266667 442.897357182
-6.17792 442.825492382
-6.17291733333 442.844013582
-6.16791466667 442.80732891
-6.162912 442.881301984
-6.15790933333 442.80855762
-6.15290666667 442.807792781
-6.147904 442.669675271
-6.14290133333 442.576720773
-6.13789866667 442.268428871
-6.132896 442.129474934
-6.12789333333 441.872904412
-6.12289066667 441.632598162
-6.117888 441.25364256
-6.11288533333 441.08535227
-6.10788266667 440.938146821
-6.10288 440.837483697
-6.09787733333 440.644571702
-6.09287466667 440.635689174
-6.087872 440.544603379
-6.08286933333 440.383907058
-6.07786666667 440.184930452
-6.072864 440.170105148
-6.06786133333 440.08332783
-6.06285866667 440.037649504
-6.057856 439.956865207
-6.05285333333 439.996099853
-6.04785066667 439.934898827
-6.042848 439.991200786
-6.03784533333 439.943352123
-6.03284266667 440.017505179
-6.02784 440.133440578
-6.02283733333 440.302745373
-6.01783466667 440.393627258
-6.012832 440.494882778
-6.00782933333 440.658041583
-6.00282666667 440.808832943
-5.997824 440.844123116
-5.99282133333 440.997412065
-5.98781866667 441.15387264
-5.982816 441.370807975
-5.97781333333 441.473153373
-5.97281066667 441.649783356
-5.967808 441.787179273
-5.96280533333 441.955408763
-5.95780266667 442.096003584
-5.9528 442.339858247
-5.94779733333 442.501914449
-5.94279466667 442.689956229
-5.937792 442.738014108
-5.93278933333 442.935209128
-5.92778666667 443.124533339
-5.922784 443.354363924
-5.91778133333 443.416291363
-5.91277866667 443.601994191
-5.907776 443.820522482
-5.90277333333 444.073738041
-5.89777066667 444.11313356
-5.892768 444.264549095
-5.88776533333 444.314660776
-5.88276266667 444.302326757
-5.87776 444.22165503
-5.87275733333 444.21286719
-5.86775466667 444.274877356
-5.862752 444.371177985
-5.85774933333 444.481736241
-5.85274666667 444.754478123
-5.847744 444.916653009
-5.84274133333 445.204036811
-5.83773866667 445.348639661
-5.832736 445.764396978
-5.82773333333 445.873453162
-5.82273066667 446.252948341
-5.817728 446.439308454
-5.81272533333 446.768664111
-5.80772266667 447.042680082
-5.80272 447.209980369
-5.79771733333 447.326391898
-5.79271466667 447.537735203
-5.787712 447.741480402
-5.78270933333 447.902382672
-5.77770666667 447.960050483
-5.772704 448.171445373
-5.76770133333 448.302139956
-5.76269866667 448.425435547
-5.757696 448.417782397
-5.75269333333 448.452665613
-5.74769066667 448.480216329
-5.742688 448.314230552
-5.73768533333 448.269058037
-5.73268266667 448.194533613
-5.72768 448.075510061
-5.72267733333 447.791991134
-5.71767466667 447.554725211
-5.712672 447.398009738
-5.70766933333 447.263249261
-5.70266666667 447.03987509
-5.697664 446.848506605
-5.69266133333 446.876854585
-5.68765866667 446.892749394
-5.682656 446.827201137
-5.67765333333 446.659139394
-5.67265066667 446.573546871
-5.667648 446.38344331
-5.66264533333 446.126693166
-5.65764266667 446.004689184
-5.65264 445.920801857
-5.64763733333 445.852107188
-5.64263466667 445.75774794
-5.637632 445.656612635
-5.63262933333 445.663919009
-5.62762666667 445.642080804
-5.622624 445.589404603
-5.61762133333 445.47881605
-5.61261866667 445.505117747
-5.607616 445.319338092
-5.60261333333 445.346353939
-5.59761066667 445.231415162
-5.592608 445.218136994
-5.58760533333 445.155619899
-5.58260266667 445.09002957
-5.5776 444.962792742
-5.57259733333 445.041091304
-5.56759466667 444.862072142
-5.562592 444.849392101
-5.55758933333 444.756392862
-5.55258666667 444.76217937
-5.547584 444.759663776
-5.54258133333 444.678930012
-5.53757866667 444.680364022
-5.532576 444.699971701
-5.52757333333 444.778160007
-5.52257066667 444.850303777
-5.517568 444.889303364
-5.51256533333 444.976912338
-5.50756266667 444.961630116
-5.50256 445.055737573
-5.49755733333 445.03418125
-5.49255466667 445.228162209
-5.487552 445.198904894
-5.48254933333 445.367310348
-5.47754666667 445.42366064
-5.472544 445.551499316
-5.46754133333 445.691393211
-5.46253866667 445.895468464
-5.457536 446.052703884
-5.45253333333 446.25804474
-5.44753066667 446.322552177
-5.442528 446.504765119
-5.43752533333 446.505391737
-5.43252266667 446.711971662
-5.42752 446.778329478
-5.42251733333 447.062740792
-5.41751466667 447.152255551
-5.412512 447.339716981
-5.40750933333 447.468509723
-5.40250666667 447.651139607
-5.397504 447.752882408
-5.39250133333 448.001863673
-5.38749866667 448.126634912
-5.382496 448.347275916
-5.37749333333 448.47734263
-5.37249066667 448.691768809
-5.367488 448.865010678
-5.36248533333 449.105235727
-5.35748266667 449.170307146
-5.35248 449.439834528
-5.34747733333 449.556014794
-5.34247466667 450.024791108
-5.337472 450.272248006
-5.33246933333 450.67412215
-5.32746666667 450.975106909
-5.322464 451.351259159
-5.31746133333 451.575329561
-5.31245866667 452.009433321
-5.307456 452.380891062
-5.30245333333 452.758316183
-5.29745066667 453.139322868
-5.292448 453.623412633
-5.28744533333 454.02170781
-5.28244266667 454.390091438
-5.27744 454.640786587
-5.27243733333 454.968930825
-5.26743466667 455.292278126
-5.262432 455.534856152
-5.25742933333 455.669055473
-5.25242666667 455.945684689
-5.247424 456.298931972
-5.24242133333 456.497344385
-5.23741866667 456.548564777
-5.232416 456.520906169
-5.22741333333 456.481830539
-5.22241066667 456.371943993
-5.217408 456.384529882
-5.21240533333 456.558056882
-5.20740266667 456.797951603
-5.2024 457.043108892
-5.19739733333 457.241416039
-5.19239466667 457.525205504
-5.187392 457.639897344
-5.18238933333 457.865488022
-5.17738666667 457.797670427
-5.172384 457.690309055
-5.16738133333 457.367298934
-5.16237866667 457.147168927
-5.157376 456.966525639
-5.15237333333 457.097316477
-5.14737066667 457.238433169
-5.142368 457.498690845
-5.13736533333 457.681380016
-5.13236266667 457.999219309
-5.12736 458.242265564
-5.12235733333 458.503266898
-5.11735466667 458.761786682
-5.112352 459.185208665
-5.10734933333 459.49243613
-5.10234666667 459.783203881
-5.097344 459.895690688
-5.09234133333 459.945773672
-5.08733866667 459.780305097
-5.082336 459.687336927
-5.07733333333 459.396986217
-5.07233066667 459.119557623
-5.067328 458.776907485
-5.06232533333 458.550109713
-5.05732266667 458.261917874
-5.05232 458.034847068
-5.04731733333 457.707817929
-5.04231466667 457.523292139
-5.037312 457.144825776
-5.03230933333 456.808603027
-5.02730666667 456.369976589
-5.022304 455.847126666
-5.01730133333 455.364048837
-5.01229866667 455.149355123
-5.007296 454.952454671
-5.00229333333 454.818758862
-4.99729066667 454.659597913
-4.992288 454.612833316
-4.98728533333 454.377413602
-4.98228266667 454.181661918
-4.97728 453.919521708
-4.97227733333 453.728867051
-4.96727466667 453.481387761
-4.962272 453.32472313
-4.95726933333 453.11037233
-4.95226666667 453.022267368
-4.947264 452.945298856
-4.94226133333 452.781973897
-4.93725866667 452.724166437
-4.932256 452.738519323
-4.92725333333 452.786907382
-4.92225066667 452.736316404
-4.917248 452.694614442
-4.91224533333 452.853163197
-4.90724266667 452.894381426
-4.90224 453.150583494
-4.89723733333 453.296256018
-4.89223466667 453.633256218
-4.887232 453.939267656
-4.88222933333 454.203406174
-4.87722666667 454.595411853
-4.872224 455.219999762
-4.86722133333 455.811914284
-4.86221866667 456.809800528
-4.857216 458.243960273
-4.85221333333 460.831744001
-4.84721066667 463.142914996
-4.842208 465.180347886
-4.83720533333 466.625974338
-4.83220266667 468.231096091
-4.8272 469.637785368
-4.82219733333 471.392147758
-4.81719466667 472.953890304
-4.812192 474.596932608
-4.80718933333 475.780015612
-4.80218666667 476.818822794
-4.797184 477.507820609
-4.79218133333 478.079665051
-4.78717866667 478.31025108
-4.782176 478.48820021
-4.77717333333 478.309450376
-4.77217066667 477.937559282
-4.767168 477.303874509
-4.76216533333 476.67323968
-4.75716266667 475.773375801
-4.75216 474.967324261
-4.74715733333 474.040795642
-4.74215466667 472.241175904
-4.737152 468.945766048
-4.73214933333 465.178119446
-4.72714666667 462.299171635
-4.722144 460.380128474
-4.71714133333 458.922194691
-4.71213866667 458.008748129
-4.707136 457.524196665
-4.70213333333 457.143313421
-4.69713066667 456.843262051
-4.692128 456.836028503
-4.68712533333 456.623276825
-4.68212266667 456.199514878
-4.67712 455.653030809
-4.67211733333 455.39190104
-4.66711466667 455.056058991
-4.662112 454.850187208
-4.65710933333 454.470151922
-4.65210666667 454.438758542
-4.647104 454.127273493
-4.64210133333 453.966121228
-4.63709866667 453.753559012
-4.632096 453.699744814
-4.62709333333 453.52591517
-4.62209066667 453.57691142
-4.617088 453.446445242
-4.61208533333 453.457355852
-4.60708266667 453.185987303
-4.60208 452.987087086
-4.59707733333 452.559156843
-4.59207466667 452.326158851
-4.587072 451.8566311
-4.58206933333 451.518548136
-4.57706666667 451.058849757
-4.572064 450.718201117
-4.56706133333 450.237179127
-4.56205866667 449.88285626
-4.557056 449.420324696
-4.55205333333 449.334468838
-4.54705066667 449.234722645
-4.542048 449.334252827
-4.53704533333 449.342864291
-4.53204266667 449.642294022
-4.52704 449.702499771
-4.52203733333 449.977092256
-4.51703466667 450.000544956
-4.512032 449.971607958
-4.50702933333 450.082307148
-4.50202666667 450.250882036
-4.497024 450.355463847
-4.49202133333 450.632728939
-4.48701866667 450.818884756
-4.482016 451.342858228
-4.47701333333 451.91488481
-4.47201066667 452.614275099
-4.467008 453.389702567
-4.46200533333 454.218093391
-4.45700266667 455.191431854
-4.452 456.347289081
-4.44699733333 457.457776225
-4.44199466667 458.680855564
-4.436992 459.573192309
-4.43198933333 460.807742795
-4.42698666667 461.855810558
-4.421984 463.406239533
-4.41698133333 464.848682096
-4.41197866667 466.347366475
-4.406976 467.684684365
-4.40197333333 469.118538999
-4.39697066667 470.326966774
-4.391968 471.43124466
-4.38696533333 472.311536982
-4.38196266667 473.159452543
-4.37696 473.806431795
-4.37195733333 474.50907582
-4.36695466667 475.163862101
-4.361952 475.815605809
-4.35694933333 476.403524731
-4.35194666667 477.509767328
-4.346944 478.863890786
-4.34194133333 480.306076737
-4.33693866667 481.696603676
-4.331936 483.400552132
-4.32693333333 484.960148546
-4.32193066667 486.733346575
-4.316928 488.573661437
-4.31192533333 490.569152611
-4.30692266667 492.429571703
-4.30192 494.29663363
-4.29691733333 496.071701098
-4.29191466667 497.679145118
-4.286912 498.973391
-4.28190933333 500.1355366
-4.27690666667 501.300387304
-4.271904 502.474411974
-4.26690133333 503.47231095
-4.26189866667 504.728245078
-4.256896 505.833982362
-4.25189333333 506.725115086
-4.24689066667 507.09550003
-4.241888 507.636070682
-4.23688533333 507.854762681
-4.23188266667 508.266331503
-4.22688 508.201794422
-4.22187733333 508.151226402
-4.21687466667 507.712706621
-4.211872 507.104614122
-4.20686933333 506.417947268
-4.20186666667 505.610068312
-4.196864 504.926270415
-4.19186133333 504.194152956
-4.18685866667 503.503597622
-4.181856 502.700201252
-4.17685333333 501.76748895
-4.17185066667 501.305750627
-4.166848 500.469609093
-4.16184533333 499.441882923
-4.15684266667 498.120557405
-4.15184 497.046521014
-4.14683733333 496.412649848
-4.14183466667 495.959442462
-4.136832 495.557556999
-4.13182933333 495.294986598
-4.12682666667 494.834522112
-4.121824 494.689127804
-4.11682133333 494.297628117
-4.11181866667 494.00321761
-4.106816 493.748634742
-4.10181333333 493.398709772
-4.09681066667 492.963133397
-4.091808 492.703663346
-4.08680533333 492.21458313
-4.08180266667 491.902206648
-4.0768 491.522975234
-4.07179733333 491.21485453
-4.06679466667 490.610915602
-4.061792 490.240090687
-4.05678933333 489.708264002
-4.05178666667 489.434315519
-4.046784 488.985299844
-4.04178133333 488.689813434
-4.03677866667 488.24220366
-4.031776 487.730378521
-4.02677333333 487.137896514
-4.02177066667 486.65607088
-4.016768 486.033629849
-4.01176533333 485.515217321
-4.00676266667 484.740643149
-4.00176 483.989603697
-3.99675733333 483.049915258
-3.99175466667 482.282145643
-3.986752 481.328039542
-3.98174933333 480.407116504
-3.97674666667 479.292253927
-3.971744 478.423534677
-3.96674133333 477.202566017
-3.96173866667 476.003760195
-3.956736 474.31696259
-3.95173333333 472.850374758
-3.94673066667 471.223310758
-3.941728 469.886098066
-3.93672533333 468.785143743
-3.93172266667 468.019779004
-3.92672 466.879726252
-3.92171733333 465.569504281
-3.91671466667 464.124288961
-3.911712 462.935464026
-3.90670933333 461.369609061
-3.90170666667 459.702958131
-3.896704 458.082339607
-3.89170133333 456.551947056
-3.88669866667 455.120450484
-3.881696 454.009748333
-3.87669333333 452.927130179
-3.87169066667 452.231289988
-3.866688 451.550451211
-3.86168533333 451.137533198
-3.85668266667 450.689128402
-3.85168 450.341842806
-3.84667733333 450.06522615
-3.84167466667 449.858155731
-3.836672 449.587253558
-3.83166933333 449.362711385
-3.82666666667 449.167114524
-3.821664 448.968187876
-3.81666133333 448.625549557
-3.81165866667 448.443851265
-3.806656 448.257886133
-3.80165333333 448.117125394
-3.79665066667 447.910501149
-3.791648 447.980530692
-3.78664533333 448.055674812
-3.78164266667 448.141677256
-3.77664 448.179331296
-3.77163733333 448.253729105
-3.76663466667 448.300149056
-3.761632 448.395664437
-3.75662933333 448.390543226
-3.75162666667 448.469859369
-3.746624 448.465396847
-3.74162133333 448.416041844
-3.73661866667 448.296295985
-3.731616 448.24668213
-3.72661333333 448.12361035
-3.72161066667 448.04414923
-3.716608 447.944657581
-3.71160533333 447.957523304
-3.70660266667 447.836781247
-3.7016 447.85330739
-3.69659733333 447.700367464
-3.69159466667 447.76798802
-3.686592 447.775764656
-3.68158933333 447.708343135
-3.67658666667 447.542770102
-3.671584 447.463451907
-3.66658133333 447.221041882
-3.66157866667 447.005286788
-3.656576 446.636624822
-3.65157333333 446.453589078
-3.64657066667 446.273993149
-3.641568 446.176204659
-3.63656533333 446.046171212
-3.63156266667 446.095141758
-3.62656 445.888339827
-3.62155733333 445.848000073
-3.61655466667 445.604908654
-3.611552 445.469203427
-3.60654933333 445.193838379
-3.60154666667 445.065352149
-3.596544 444.759385119
-3.59154133333 444.603456393
-3.58653866667 444.388281521
-3.581536 444.210638829
-3.57653333333 443.980012823
-3.57153066667 443.711186044
-3.566528 443.474599698
-3.56152533333 443.230739279
-3.55652266667 442.924674446
-3.55152 442.725952896
-3.54651733333 442.471244804
-3.54151466667 441.994399168
-3.536512 441.33420651
-3.53150933333 440.936437979
-3.52650666667 440.140769389
-3.521504 439.681188082
-3.51650133333 439.321875957
-3.51149866667 439.129733007
-3.506496 438.910934526
-3.50149333333 438.701684637
-3.49649066667 438.527618766
-3.491488 438.376907867
-3.48648533333 438.202016165
-3.48148266667 438.01162739
-3.47648 437.769512215
-3.47147733333 437.459861718
-3.46647466667 437.323699197
-3.461472 437.070365121
-3.45646933333 436.869966531
-3.45146666667 436.746262388
-3.446464 436.437699187
-3.44146133333 436.453675957
-3.43645866667 436.211246621
-3.431456 436.189123081
-3.42645333333 436.065853234
-3.42145066667 435.987762694
-3.416448 435.713067728
-3.41144533333 435.693599131
-3.40644266667 435.55714098
-3.40144 435.537825708
-3.39643733333 435.481526371
-3.39143466667 435.425000751
-3.386432 435.368345839
-3.38142933333 435.222152859
-3.37642666667 434.987826613
-3.371424 434.822281946
-3.36642133333 434.56803841
-3.36141866667 434.36052663
-3.356416 433.993232736
-3.35141333333 433.77859077
-3.34641066667 433.5155245
-3.341408 433.213351681
-3.33640533333 432.883644598
-3.33140266667 432.405411024
-3.3264 432.077132492
-3.32139733333 431.93125345
-3.31639466667 431.669134935
-3.311392 431.570348271
-3.30638933333 431.479083381
-3.30138666667 431.35330945
-3.296384 431.301527124
-3.29138133333 431.225933636
-3.28637866667 431.243834728
-3.281376 431.186315471
-3.27637333333 431.184235132
-3.27137066667 431.220848848
-3.266368 431.202246271
-3.26136533333 431.238947033
-3.25636266667 431.244993917
-3.25136 431.348875875
-3.24635733333 431.469676227
-3.24135466667 431.615781914
-3.236352 431.631238846
-3.23134933333 431.82309742
-3.22634666667 431.979826834
-3.221344 432.194108666
-3.21634133333 432.275348399
-3.21133866667 432.570285601
-3.206336 432.793840305
-3.20133333333 432.999917622
-3.19633066667 433.132305582
-3.191328 433.418329382
-3.18632533333 433.591175342
-3.18132266667 433.780602806
-3.17632 434.012422255
-3.17131733333 434.18724807
-3.16631466667 434.387257484
-3.161312 434.559798437
-3.15630933333 434.852669991
-3.15130666667 435.096369376
-3.146304 435.351700401
-3.14130133333 435.731762593
-3.13629866667 436.155277628
-3.131296 436.581451315
-3.12629333333 437.007640202
-3.12129066667 437.263907727
-3.116288 437.401579458
-3.11128533333 437.628549115
-3.10628266667 437.764316878
-3.10128 437.917936652
-3.09627733333 437.932044083
-3.09127466667 438.109806792
-3.086272 438.394677516
-3.08126933333 438.51353681
-3.07626666667 438.694720554
-3.071264 438.96555183
-3.06626133333 439.076399994
-3.06125866667 439.401374656
-3.056256 439.569846197
-3.05125333333 439.80079692
-3.04625066667 440.075733661
-3.041248 440.21877229
-3.03624533333 440.395702754
-3.03124266667 440.609255712
-3.02624 440.806380599
-3.02123733333 441.10968245
-3.01623466667 441.232290207
-3.011232 441.345277917
-3.00622933333 441.482813788
-3.00122666667 441.610226713
-2.996224 441.636253885
-2.99122133333 441.836907472
-2.98621866667 442.019231737
-2.981216 442.257375971
-2.97621333333 442.616181261
-2.97121066667 442.993958172
-2.966208 443.235416224
-2.96120533333 443.459016307
-2.95620266667 443.524718988
-2.9512 443.662370538
-2.94619733333 443.633065623
-2.94119466667 443.681825314
-2.936192 443.554646398
-2.93118933333 443.432937328
-2.92618666667 443.419539579
-2.921184 443.460354667
-2.91618133333 443.472237258
-2.91117866667 443.646550444
-2.906176 443.827830617
-2.90117333333 443.936524033
-2.89617066667 443.955767123
-2.891168 444.256941344
-2.88616533333 444.346374718
-2.88116266667 444.558905832
-2.87616 444.559309028
-2.87115733333 444.717112274
-2.86615466667 444.769174049
-2.861152 444.919639341
-2.85614933333 444.883055823
-2.85114666667 444.923930957
-2.846144 444.854806742
-2.84114133333 444.963153523
-2.83613866667 444.956984274
-2.831136 444.967399028
-2.82613333333 444.974822885
-2.82113066667 445.039715828
-2.816128 445.039908324
-2.81112533333 445.148274654
-2.80612266667 445.252072802
-2.80112 445.445141373
-2.79611733333 445.523036946
-2.79111466667 445.755392729
-2.786112 445.905086184
-2.78110933333 446.197106907
-2.77610666667 446.336429533
-2.771104 446.614402813
-2.76610133333 446.759269133
-2.76109866667 446.955672979
-2.756096 447.058468303
-2.75109333333 447.345949224
-2.74609066667 447.716541181
-2.741088 448.004850034
-2.73608533333 448.355871733
-2.73108266667 449.08001139
-2.72608 449.726763688
-2.72107733333 450.250278944
-2.71607466667 450.627006414
-2.711072 451.162305238
-2.70606933333 451.546437956
-2.70106666667 451.893321935
-2.696064 452.358098128
-2.69106133333 452.648101875
-2.68605866667 452.873985325
-2.681056 453.073718852
-2.67605333333 453.188989573
-2.67105066667 453.482832368
-2.666048 453.759867336
-2.66104533333 453.928742918
-2.65604266667 454.18068607
-2.65104 454.472092889
-2.64603733333 454.68249297
-2.64103466667 454.900219172
-2.636032 454.979228214
-2.63102933333 455.314248185
-2.62602666667 455.452341913
-2.621024 455.611450741
-2.61602133333 455.75917987
-2.61101866667 455.942409238
-2.606016 456.159505907
-2.60101333333 456.330236034
-2.59601066667 456.469563605
-2.591008 456.6564802
-2.58600533333 456.758086514
-2.58100266667 456.913593691
-2.576 456.886894588
-2.57099733333 457.242707148
-2.56599466667 457.426525944
-2.560992 457.804073222
-2.55598933333 457.983343232
-2.55098666667 458.324485607
-2.545984 458.620984338
-2.54098133333 459.027326178
-2.53597866667 459.319006246
-2.530976 459.781250275
-2.52597333333 460.27896231
-2.52097066667 460.848321834
-2.515968 461.337688171
-2.51096533333 461.890919777
-2.50596266667 462.411220545
-2.50096 462.824334568
-2.49595733333 463.289152475
-2.49095466667 463.763612429
-2.485952 464.244100039
-2.48094933333 464.706689419
-2.47594666667 465.15583724
-2.470944 465.657948257
-2.46594133333 466.078197231
-2.46093866667 466.56480002
-2.455936 467.006423533
-2.45093333333 467.474703584
-2.44593066667 467.996072976
-2.440928 468.39778016
-2.43592533333 468.851328635
-2.43092266667 469.457612843
-2.42592 469.905668677
-2.42091733333 470.308343519
-2.41591466667 470.833219639
-2.410912 471.368257692
-2.40590933333 471.809684097
-2.40090666667 472.181336749
-2.395904 472.487574438
-2.39090133333 473.008484783
-2.38589866667 473.402893413
-2.380896 473.725444578
-2.37589333333 473.999267355
-2.37089066667 474.355072278
-2.365888 474.584840877
-2.36088533333 474.849443425
-2.35588266667 475.032300682
-2.35088 475.251858499
-2.34587733333 475.338395507
-2.34087466667 475.35078406
-2.335872 475.34415558
-2.33086933333 475.494784806
-2.32586666667 475.69752505
-2.320864 476.051585363
-2.31586133333 476.29154777
-2.31085866667 476.802448013
-2.305856 477.150134026
-2.30085333333 477.381291812
-2.29585066667 477.399330844
-2.290848 477.662400086
-2.28584533333 477.904562133
-2.28084266667 478.166054703
-2.27584 478.452565509
-2.27083733333 478.854327406
-2.26583466667 479.220740716
-2.260832 479.6513831
-2.25582933333 479.819589182
-2.25082666667 480.067392143
-2.245824 480.142160823
-2.24082133333 480.2037761
-2.23581866667 480.244641734
-2.230816 480.187547312
-2.22581333333 480.011440489
-2.22081066667 479.903189991
-2.215808 479.760610772
-2.21080533333 479.637575224
-2.20580266667 479.345024673
-2.2008 479.171652242
-2.19579733333 478.85926278
-2.19079466667 478.635274282
-2.185792 478.255843399
-2.18078933333 477.983634176
-2.17578666667 477.663459173
-2.170784 477.396932726
-2.16578133333 477.073785738
-2.16077866667 476.811798483
-2.155776 476.553243304
-2.15077333333 476.375761106
-2.14577066667 476.117110274
-2.140768 475.848208149
-2.13576533333 475.571464542
-2.13076266667 475.325697737
-2.12576 475.022682859
-2.12075733333 474.777704561
-2.11575466667 474.405531779
-2.110752 474.15285233
-2.10574933333 473.921930721
-2.10074666667 473.664405854
-2.095744 473.320293673
-2.09074133333 473.224778121
-2.08573866667 473.050382105
-2.080736 472.857198345
-2.07573333333 472.670957307
-2.07073066667 472.452600918
-2.065728 472.304039993
-2.06072533333 472.221360788
-2.05572266667 471.979720722
-2.05072 471.859141238
-2.04571733333 471.748090681
-2.04071466667 471.672530902
-2.035712 471.467901025
-2.03070933333 471.256416038
-2.02570666667 471.137115999
-2.020704 470.964047639
-2.01570133333 470.838969059
-2.01069866667 470.653785232
-2.005696 470.573515918
-2.00069333333 470.395619361
-1.99569066667 470.285773527
-1.990688 470.269793331
-1.98568533333 470.092861894
-1.98068266667 469.984470168
-1.97568 469.871292777
-1.97067733333 469.862006402
-1.96567466667 469.788975402
-1.960672 469.80356377
-1.95566933333 469.720856278
-1.95066666667 469.689474942
-1.945664 469.657584057
-1.94066133333 469.664164021
-1.93565866667 469.718808181
-1.930656 469.749655546
-1.92565333333 469.849300718
-1.92065066667 469.88767537
-1.915648 469.97301725
-1.91064533333 470.086347075
-1.90564266667 470.170007188
-1.90064 470.253770391
-1.89563733333 470.173809486
-1.89063466667 470.348866817
-1.885632 470.359579811
-1.88062933333 470.427985521
-1.87562666667 470.438167633
-1.870624 470.500624205
-1.86562133333 470.564896103
-1.86061866667 470.648804815
-1.855616 470.579348313
-1.85061333333 470.511227565
-1.84561066667 470.541224175
-1.840608 470.372983414
-1.83560533333 470.340243193
-1.83060266667 470.239173506
-1.8256 470.106070447
-1.82059733333 470.040848339
-1.81559466667 469.777976715
-1.810592 469.686279629
-1.80558933333 469.44826193
-1.80058666667 469.221335467
-1.795584 468.798358645
-1.79058133333 468.522175795
-1.78557866667 468.235972848
-1.780576 467.866238848
-1.77557333333 467.454948247
-1.77057066667 466.986146767
-1.765568 466.568909518
-1.76056533333 466.17427049
-1.75556266667 465.735101538
-1.75056 465.362291858
-1.74555733333 465.000478245
-1.74055466667 464.732148946
-1.735552 464.428941831
-1.73054933333 464.188883259
-1.72554666667 463.77427035
-1.720544 463.401158255
-1.71554133333 463.021600653
-1.71053866667 462.632125921
-1.705536 462.234275965
-1.70053333333 461.850220925
-1.69553066667 461.431203525
-1.690528 461.202106946
-1.68552533333 461.044889556
-1.68052266667 460.917597197
-1.67552 460.660375771
-1.67051733333 460.388285753
-1.66551466667 460.066283111
-1.660512 459.697607368
-1.65550933333 459.220863333
-1.65050666667 458.890562492
-1.645504 458.447462469
-1.64050133333 458.306677423
-1.63549866667 458.061538354
-1.630496 457.857569916
-1.62549333333 457.608654647
-1.62049066667 457.418610755
-1.615488 457.146288085
-1.61048533333 456.932321476
-1.60548266667 456.734995062
-1.60048 456.571556112
-1.59547733333 456.368983834
-1.59047466667 456.218927072
-1.585472 456.053192513
-1.58046933333 456.009781928
-1.57546666667 455.749973373
-1.570464 455.744228224
-1.56546133333 455.702560959
-1.56045866667 455.749777745
-1.555456 455.634648644
-1.55045333333 455.634331353
-1.54545066667 455.583641802
-1.540448 455.618457388
-1.53544533333 455.561642764
-1.53044266667 455.627578511
-1.52544 455.649156111
-1.52043733333 455.746623358
-1.51543466667 455.745521286
-1.510432 455.732125573
-1.50542933333 455.787093958
-1.50042666667 455.830613471
-1.495424 455.818846978
-1.49042133333 455.928466559
-1.48541866667 455.894326949
-1.480416 455.92015033
-1.47541333333 455.883281707
-1.47041066667 455.900257984
-1.465408 455.935353793
-1.46040533333 455.918571374
-1.45540266667 455.933978288
-1.4504 456.081160485
-1.44539733333 456.159851272
-1.44039466667 456.298958264
-1.435392 456.460104543
-1.43038933333 456.542866341
-1.42538666667 456.577281272
-1.420384 456.63226932
-1.41538133333 456.608835132
-1.41037866667 456.711591634
-1.405376 456.787560502
-1.40037333333 456.803203019
-1.39537066667 456.793587642
-1.390368 456.793446743
-1.38536533333 456.792241083
-1.38036266667 456.812064066
-1.37536 456.823270895
-1.37035733333 456.907233094
-1.36535466667 456.956382698
-1.360352 456.986070608
-1.35534933333 457.071000941
-1.35034666667 457.103979528
-1.345344 457.136643021
-1.34034133333 457.190087588
-1.33533866667 457.276772722
-1.330336 457.314945771
-1.32533333333 457.349431886
-1.32033066667 457.353892114
-1.315328 457.453607
-1.31032533333 457.481494377
-1.30532266667 457.526093764
-1.30032 457.641755535
-1.29531733333 457.566913969
-1.29031466667 457.714707583
-1.285312 457.87255579
-1.28030933333 457.971607438
-1.27530666667 457.958135314
-1.270304 457.987136394
-1.26530133333 458.006868344
-1.26029866667 458.112628744
-1.255296 458.140023352
-1.25029333333 458.259119832
-1.24529066667 458.37266563
-1.240288 458.525412266
-1.23528533333 458.620210511
-1.23028266667 458.749932258
-1.22528 458.941873601
-1.22027733333 458.989022059
-1.21527466667 459.057301431
-1.210272 459.151744251
-1.20526933333 459.160852306
-1.20026666667 459.203569385
-1.195264 459.12463617
-1.19026133333 459.148790003
-1.18525866667 459.134932604
-1.180256 459.116441864
-1.17525333333 459.072600265
-1.17025066667 459.145089189
-1.165248 459.111452189
-1.16024533333 459.137756615
-1.15524266667 459.090859908
-1.15024 459.151324927
-1.14523733333 459.170439328
-1.14023466667 459.203180909
-1.135232 459.146183896
-1.13022933333 459.213213727
-1.12522666667 459.068736796
-1.120224 459.205081206
-1.11522133333 459.153289392
-1.11021866667 459.194570518
-1.105216 459.214130896
-1.10021333333 459.253852226
-1.09521066667 459.224058826
-1.090208 459.3178737
-1.08520533333 459.403864424
-1.08020266667 459.524839075
-1.0752 459.457214602
-1.07019733333 459.542826657
-1.06519466667 459.593333778
-1.060192 459.447414941
-1.05518933333 459.358980951
-1.05018666667 459.364569157
-1.045184 459.307737076
-1.04018133333 459.477123915
-1.03517866667 459.670409011
-1.030176 459.894050757
-1.02517333333 460.038243561
-1.02017066667 460.177878851
-1.015168 460.08877638
-1.01016533333 460.150210389
-1.00516266667 460.028783259
-1.00016 460.057162855
-0.995157333333 459.925153986
-0.990154666667 459.98775319
-0.985152 459.99461224
-0.980149333333 460.077685184
-0.975146666667 460.066635343
-0.970144 460.114492355
-0.965141333333 460.183768496
-0.960138666667 460.193695114
-0.955136 460.222639466
-0.950133333333 460.229201563
-0.945130666667 460.175515037
-0.940128 460.178698547
-0.935125333333 459.996194328
-0.930122666667 459.990278106
-0.92512 459.976457517
-0.920117333333 459.876168975
-0.915114666667 459.77393055
-0.910112 459.712916537
-0.905109333333 459.738555836
-0.900106666667 459.712066306
-0.895104 459.650102807
-0.890101333333 459.680922443
-0.885098666667 459.625122338
-0.880096 459.569577889
-0.875093333333 459.50894167
-0.870090666667 459.553713001
-0.865088 459.437602442
-0.860085333333 459.473889767
-0.855082666667 459.506457162
-0.85008 459.438408691
-0.845077333333 459.482970069
-0.840074666667 459.437644247
-0.835072 459.408052057
-0.830069333333 459.402856156
-0.825066666667 459.349400147
-0.820064 459.227449799
-0.815061333333 459.104286794
-0.810058666667 459.112695963
-0.805056 458.960485734
-0.800053333333 459.002595378
-0.795050666667 458.938459907
-0.790048 458.963462393
-0.785045333333 458.933234837
-0.780042666667 458.850377919
-0.77504 458.794567936
-0.770037333333 458.720855716
-0.765034666667 458.729335857
-0.760032 458.691203536
-0.755029333333 458.550681728
-0.750026666667 458.562786425
-0.745024 458.40920503
-0.740021333333 458.459742897
-0.735018666667 458.319818575
-0.730016 458.457950355
-0.725013333333 458.522484306
-0.720010666667 458.510751621
-0.715008 458.454886318
-0.710005333333 458.556222273
-0.705002666667 458.582668675
-0.7 458.582293146
-0.694997333333 458.627669601
-0.689994666667 458.716687521
-0.684992 458.755926477
-0.679989333333 458.809467635
-0.674986666667 458.834791092
-0.669984 458.905372477
-0.664981333333 458.877607129
-0.659978666667 458.876577176
-0.654976 458.912514694
-0.649973333333 458.97340993
-0.644970666667 459.070923988
-0.639968 459.1631248
-0.634965333333 459.272490846
-0.629962666667 459.397636494
-0.62496 459.459344827
-0.619957333333 459.581224301
-0.614954666667 459.689939832
-0.609952 459.865489287
-0.604949333333 459.95960503
-0.599946666667 460.106530564
-0.594944 460.155093577
-0.589941333333 460.360309372
-0.584938666667 460.484844763
-0.579936 460.645855642
-0.574933333333 460.772174669
-0.569930666667 461.102311694
-0.564928 461.327344486
-0.559925333333 461.634121089
-0.554922666667 461.770673526
-0.54992 462.11586522
-0.544917333333 462.349813212
-0.539914666667 462.559791194
-0.534912 462.635443437
-0.529909333333 462.777282763
-0.524906666667 462.883374046
-0.519904 463.064261164
-0.514901333333 463.147340518
-0.509898666667 454.276065258
-0.504896 440.958960912
-0.499893333333 462.654143417
-0.494890666667 448.496979348
-0.489888 464.304018559
-0.484885333333 464.858581912
-0.479882666667 465.092689186
-0.47488 465.336934334
-0.469877333333 465.563761753
-0.464874666667 465.726551236
-0.459872 466.00787073
-0.454869333333 466.15984236
-0.449866666667 466.393769264
-0.444864 466.490527066
-0.439861333333 466.700299236
-0.434858666667 466.801076094
-0.429856 467.054746589
-0.424853333333 467.302151893
-0.419850666667 467.626583572
-0.414848 467.756679135
-0.409845333333 468.053203463
-0.404842666667 468.279474657
-0.39984 468.551186254
-0.394837333333 468.69049002
-0.389834666667 468.746269295
-0.384832 468.733844167
-0.379829333333 468.798125645
-0.374826666667 468.886318144
-0.369824 469.117969015
-0.364821333333 469.497785682
-0.359818666667 469.865341421
-0.354816 470.32019589
-0.349813333333 470.51823444
-0.344810666667 470.71562588
-0.339808 470.790837197
-0.334805333333 470.829218951
-0.329802666667 470.908133613
-0.3248 470.937045226
-0.319797333333 471.08084456
-0.314794666667 471.244506506
-0.309792 471.565798523
-0.304789333333 471.818547917
-0.299786666667 472.111648926
-0.294784 472.392078647
-0.289781333333 472.805959786
-0.284778666667 473.121954728
-0.279776 473.389104919
-0.274773333333 473.628192313
-0.269770666667 473.983597444
-0.264768 474.146029112
-0.259765333333 474.263852293
-0.254762666667 474.412328304
-0.24976 474.566180632
-0.244757333333 474.676968573
-0.239754666667 474.83318621
-0.234752 474.960822297
-0.229749333333 475.244374032
-0.224746666667 475.480663972
-0.219744 475.80548785
-0.214741333333 475.893445251
-0.209738666667 476.354684196
-0.204736 476.48684709
-0.199733333333 476.686917081
-0.194730666667 476.825809862
-0.189728 477.019573491
-0.184725333333 477.295176264
-0.179722666667 477.505225244
-0.17472 477.881197741
-0.169717333333 478.443463429
-0.164714666667 479.033358179
-0.159712 479.783814033
-0.154709333333 480.380061862
-0.149706666667 480.972464734
-0.144704 481.609689997
-0.139701333333 482.252567329
-0.134698666667 482.906543669
-0.129696 483.585900851
-0.124693333333 484.121403041
-0.119690666667 484.654144442
-0.114688 484.955228369
-0.109685333333 485.686545049
-0.104682666667 486.398715909
-0.09968 487.059501589
-0.0946773333333 487.576356508
-0.0896746666667 488.269600114
-0.084672 488.782784369
-0.0796693333333 489.335496965
-0.0746666666667 489.779317764
-0.069664 490.558055891
-0.0646613333333 491.095377942
-0.0596586666667 491.823931148
-0.054656 492.529070756
-0.0496533333333 493.396727847
-0.0446506666667 494.035332852
-0.039648 494.719300925
-0.0346453333333 495.473348096
-0.0296426666667 496.173248353
-0.02464 490.111415208
-0.0196373333333 460.501688431
-0.0146346666667 438.294744533
-0.009632 438.34073601
-0.00462933333333 451.445472007
