-9.99995733333 362.257621818
-9.99495466667 362.128730113
-9.989952 362.167947622
-9.98494933333 362.167244547
-9.97994666667 362.229525241
-9.974944 362.115046812
-9.96994133333 362.188475132
-9.96493866667 362.050264653
-9.959936 362.054034604
-9.95493333333 362.017503971
-9.94993066667 362.107589598
-9.944928 362.014594152
-9.93992533333 362.078634494
-9.93492266667 362.002621979
-9.92992 362.001471181
-9.92491733333 361.960076168
-9.91991466667 361.967893677
-9.914912 361.973228027
-9.90990933333 362.106017751
-9.90490666667 361.988877089
-9.899904 362.021948335
-9.89490133333 361.970406915
-9.88989866667 362.087942883
-9.884896 361.96186633
-9.87989333333 362.005565206
-9.87489066667 361.959098002
-9.869888 362.031231434
-9.86488533333 361.927212522
-9.85988266667 362.015613859
-9.85488 361.936875694
-9.84987733333 361.985896921
-9.84487466667 361.845610098
-9.839872 361.930144087
-9.83486933333 361.853042769
-9.82986666667 361.837621269
-9.824864 361.790816246
-9.81986133333 361.893721634
-9.81485866667 361.733681033
-9.809856 361.86404749
-9.80485333333 361.665834547
-9.79985066667 361.789813122
-9.794848 361.686345061
-9.78984533333 361.841962914
-9.78484266667 361.720235373
-9.77984 361.803710644
-9.77483733333 361.666538274
-9.76983466667 361.819903302
-9.764832 361.747419974
-9.75982933333 361.894454553
-9.75482666667 361.827808846
-9.749824 361.822162096
-9.74482133333 361.844012292
-9.73981866667 361.914045091
-9.734816 361.842168103
-9.72981333333 361.988718073
-9.72481066667 361.85902593
-9.719808 361.998807236
-9.71480533333 361.962668049
-9.70980266667 362.08736991
-9.7048 361.990658862
-9.69979733333 362.045573006
-9.69479466667 362.004546671
-9.689792 362.170421811
-9.68478933333 362.079449503
-9.67978666667 362.144243506
-9.674784 362.108946481
-9.66978133333 362.213495252
-9.66477866667 362.154752752
-9.659776 362.217768251
-9.65477333333 362.1830167
-9.64977066667 362.32371092
-9.644768 362.253995617
-9.63976533333 362.313750718
-9.63476266667 362.210130219
-9.62976 362.235009612
-9.62475733333 362.178619288
-9.61975466667 362.218708603
-9.614752 362.134385308
-9.60974933333 362.171906246
-9.60474666667 362.137972937
-9.599744 362.186758647
-9.59474133333 362.174294966
-9.58973866667 362.234176907
-9.584736 362.110309218
-9.57973333333 362.241000459
-9.57473066667 362.152455967
-9.569728 362.325316061
-9.56472533333 362.239602289
-9.55972266667 362.276492288
-9.55472 362.238983024
-9.54971733333 362.315681572
-9.54471466667 362.213453927
-9.539712 362.400143463
-9.53470933333 362.30191775
-9.52970666667 362.389402692
-9.524704 362.309295047
-9.51970133333 362.531278648
-9.51469866667 362.368081116
-9.509696 362.453767518
-9.50469333333 362.417849511
-9.49969066667 362.504561365
-9.494688 362.390412455
-9.48968533333 362.510507803
-9.48468266667 362.446313075
-9.47968 362.574995011
-9.47467733333 362.519486676
-9.46967466667 362.629124362
-9.464672 362.553338448
-9.45966933333 362.64800845
-9.45466666667 362.564012859
-9.449664 362.675241469
-9.44466133333 362.560664745
-9.43965866667 362.650623504
-9.434656 362.607119034
-9.42965333333 362.690354617
-9.42465066667 362.610479147
-9.419648 362.639681143
-9.41464533333 362.535686485
-9.40964266667 362.652767695
-9.40464 362.600024536
-9.39963733333 362.640433336
-9.39463466667 362.534047205
-9.389632 362.681215366
-9.38462933333 362.544281404
-9.37962666667 362.602979068
-9.374624 362.447424581
-9.36962133333 362.483942033
-9.36461866667 362.436605553
-9.359616 362.512059467
-9.35461333333 362.383241289
-9.34961066667 362.500423699
-9.344608 362.371673687
-9.33960533333 362.418501343
-9.33460266667 362.325886708
-9.3296 362.340858358
-9.32459733333 362.21234244
-9.31959466667 362.245790331
-9.314592 362.133217011
-9.30958933333 362.247354262
-9.30458666667 362.077214035
-9.299584 362.157912097
-9.29458133333 362.005980681
-9.28957866667 362.095741305
-9.284576 361.903933302
-9.27957333333 361.981512123
-9.27457066667 361.914649251
-9.269568 361.99616516
-9.26456533333 361.839397529
-9.25956266667 361.993716217
-9.25456 361.875288076
-9.24955733333 361.914908766
-9.24455466667 361.739359289
-9.239552 361.835725559
-9.23454933333 361.665523065
-9.22954666667 361.733242882
-9.224544 361.562026452
-9.21954133333 361.55882238
-9.21453866667 361.425652515
-9.209536 361.560402049
-9.20453333333 361.477026245
-9.19953066667 361.494590423
-9.194528 361.391465586
-9.18952533333 361.461826671
-9.18452266667 361.312151566
-9.17952 361.474486202
-9.17451733333 361.326393324
-9.16951466667 361.405509992
-9.164512 361.138473377
-9.15950933333 361.233946809
-9.15450666667 361.006820817
-9.149504 361.054738845
-9.14450133333 360.721630292
-9.13949866667 360.718182707
-9.134496 360.272527182
-9.12949333333 360.311072537
-9.12449066667 360.143255506
-9.119488 360.186747034
-9.11448533333 360.128535598
-9.10948266667 360.167978047
-9.10448 360.15605644
-9.09947733333 360.195765349
-9.09447466667 360.048073426
-9.089472 360.17864676
-9.08446933333 360.019528039
-9.07946666667 360.007106277
-9.074464 359.895793769
-9.06946133333 359.89934432
-9.06445866667 359.861760631
-9.059456 360.015537193
-9.05445333333 359.9079815
-9.04945066667 359.913220313
-9.044448 359.923467262
-9.03944533333 360.226882545
-9.03444266667 360.254550752
-9.02944 360.358341784
-9.02443733333 360.233154086
-9.01943466667 360.233294131
-9.014432 360.128643578
-9.00942933333 360.194601718
-9.00442666667 360.018720766
-8.999424 360.148954386
-8.99442133333 360.100443472
-8.98941866667 360.196199798
-8.984416 360.121012541
-8.97941333333 360.18681916
-8.97441066667 360.215590877
-8.969408 360.255840135
-8.96440533333 360.132645141
-8.95940266667 360.236816381
-8.9544 360.127700726
-8.94939733333 360.211741661
-8.94439466667 360.116851596
-8.939392 360.25018544
-8.93438933333 360.141135325
-8.92938666667 360.267345658
-8.924384 360.101614646
-8.91938133333 360.22846788
-8.91437866667 360.161236133
-8.909376 360.226232695
-8.90437333333 360.103601633
-8.89937066667 360.157976944
-8.894368 360.159283484
-8.88936533333 360.590762693
-8.88436266667 360.618323157
-8.87936 360.719490041
-8.87435733333 360.649966829
-8.86935466667 360.725349991
-8.864352 360.624413197
-8.85934933333 360.753111748
-8.85434666667 360.653532313
-8.849344 360.784049549
-8.84434133333 360.653173244
-8.83933866667 360.823127076
-8.834336 360.765256934
-8.82933333333 360.828277969
-8.82433066667 360.647123218
-8.819328 360.809226986
-8.81432533333 360.65286995
-8.80932266667 360.80886505
-8.80432 360.698545502
-8.79931733333 360.834132785
-8.79431466667 360.704448535
-8.789312 360.863410336
-8.78430933333 360.691259661
-8.77930666667 360.762982803
-8.774304 360.676477155
-8.76930133333 360.823899487
-8.76429866667 360.64401857
-8.759296 360.832810087
-8.75429333333 360.735701693
-8.74929066667 360.810723626
-8.744288 360.636850483
-8.73928533333 360.703801338
-8.73428266667 360.647049128
-8.72928 360.714721034
-8.72427733333 360.575198523
-8.71927466667 360.762541367
-8.714272 360.550840971
-8.70926933333 360.681575727
-8.70426666667 360.562028716
-8.699264 360.689081534
-8.69426133333 360.600204754
-8.68925866667 360.719746864
-8.684256 360.562014324
-8.67925333333 360.645129942
-8.67425066667 360.609610603
-8.669248 360.735382199
-8.66424533333 360.64807651
-8.65924266667 360.747127475
-8.65424 360.421451099
-8.64923733333 360.058240256
-8.64423466667 359.890548385
-8.639232 360.004927054
-8.63422933333 360.340247888
-8.62922666667 360.828455267
-8.624224 360.672225841
-8.61922133333 360.717668247
-8.61421866667 360.646048729
-8.609216 360.750414363
-8.60421333333 360.664992352
-8.59921066667 360.75562677
-8.594208 360.644497351
-8.58920533333 360.629452846
-8.58420266667 360.564309803
-8.5792 360.58621162
-8.57419733333 360.500402595
-8.56919466667 360.58676786
-8.564192 360.513962574
-8.55918933333 360.547535662
-8.55418666667 360.447393711
-8.549184 360.415753955
-8.54418133333 360.365040206
-8.53917866667 360.456611492
-8.534176 360.284126962
-8.52917333333 360.3875833
-8.52417066667 360.260192084
-8.519168 360.302158649
-8.51416533333 360.155941734
-8.50916266667 360.248462466
-8.50416 360.071345312
-8.49915733333 360.078587808
-8.49415466667 359.98354457
-8.489152 359.996401496
-8.48414933333 359.841524824
-8.47914666667 359.913616204
-8.474144 359.765703641
-8.46914133333 359.818565783
-8.46413866667 359.691496754
-8.459136 359.661613989
-8.45413333333 359.581166029
-8.44913066667 359.617417565
-8.444128 359.531212128
-8.43912533333 359.596619371
-8.43412266667 359.503159625
-8.42912 359.591985464
-8.42411733333 359.402473644
-8.41911466667 359.532892071
-8.414112 359.389387051
-8.40910933333 359.499533638
-8.40410666667 359.385908994
-8.399104 359.424760018
-8.39410133333 359.378394469
-8.38909866667 359.375596709
-8.384096 359.224553804
-8.37909333333 359.351824163
-8.37409066667 359.258056836
-8.369088 359.308745811
-8.36408533333 359.115479896
-8.35908266667 359.230160026
-8.35408 359.171519575
-8.34907733333 359.262494954
-8.34407466667 359.205013222
-8.339072 359.277565854
-8.33406933333 359.239418578
-8.32906666667 359.217759994
-8.324064 359.212461349
-8.31906133333 359.234567762
-8.31405866667 359.204707906
-8.309056 359.345200305
-8.30405333333 359.245957259
-8.29905066667 359.307894063
-8.294048 359.274206153
-8.28904533333 359.395741165
-8.28404266667 359.307729908
-8.27904 359.334903122
-8.27403733333 359.267515179
-8.26903466667 359.341457838
-8.264032 359.280793978
-8.25902933333 359.318638989
-8.25402666667 359.323688429
-8.249024 359.367348041
-8.24402133333 359.322152543
-8.23901866667 359.376488164
-8.234016 359.312911285
-8.22901333333 359.364136896
-8.22401066667 359.281170693
-8.219008 359.369317246
-8.21400533333 359.294680232
-8.20900266667 359.40909967
-8.204 359.340346001
-8.19899733333 359.432515689
-8.19399466667 359.296603113
-8.188992 359.419586208
-8.18398933333 359.330998999
-8.17898666667 359.394092909
-8.173984 359.301350264
-8.16898133333 359.367893864
-8.16397866667 359.26844409
-8.158976 359.342128681
-8.15397333333 359.286240597
-8.14897066667 359.354283517
-8.143968 359.243169019
-8.13896533333 359.291428133
-8.13396266667 359.196537843
-8.12896 359.300931534
-8.12395733333 359.21254647
-8.11895466667 359.28748707
-8.113952 359.189556004
-8.10894933333 359.320264557
-8.10394666667 359.224746029
-8.098944 359.308555163
-8.09394133333 359.242605659
-8.08893866667 359.339252506
-8.083936 359.245290479
-8.07893333333 359.359290099
-8.07393066667 359.310558753
-8.068928 359.298966631
-8.06392533333 359.181181646
-8.05892266667 359.270558791
-8.05392 359.211371056
-8.04891733333 359.250649769
-8.04391466667 359.08786481
-8.038912 359.083803149
-8.03390933333 358.826330229
-8.02890666667 358.678815746
-8.023904 358.291813438
-8.01890133333 358.075487977
-8.01389866667 357.805904737
-8.008896 357.671362761
-8.00389333333 357.347914838
-7.99889066667 357.122566695
-7.993888 356.92588733
-7.98888533333 357.018035372
-7.98388266667 356.930336222
-7.97888 356.987182368
-7.97387733333 356.947182257
-7.96887466667 356.959579425
-7.963872 356.966974108
-7.95886933333 357.000947731
-7.95386666667 357.084309823
-7.948864 357.115251245
-7.94386133333 357.180452657
-7.93885866667 357.321068098
-7.933856 357.397386577
-7.92885333333 357.597257872
-7.92385066667 357.658002417
-7.918848 357.826237073
-7.91384533333 357.949416055
-7.90884266667 358.112407914
-7.90384 358.099428021
-7.89883733333 358.475198808
-7.89383466667 358.632287926
-7.888832 358.988301417
-7.88382933333 359.224902639
-7.87882666667 359.573852585
-7.873824 359.881709904
-7.86882133333 360.294260944
-7.86381866667 360.579966987
-7.858816 360.956045468
-7.85381333333 361.212670712
-7.84881066667 361.576166204
-7.843808 361.73033294
-7.83880533333 361.858214103
-7.83380266667 361.868353784
-7.8288 362.019608574
-7.82379733333 361.982614895
-7.81879466667 362.108844868
-7.813792 362.027797064
-7.80878933333 362.182331614
-7.80378666667 362.099362921
-7.798784 362.169665465
-7.79378133333 362.151628705
-7.78877866667 362.215579444
-7.783776 362.178597746
-7.77877333333 362.250285984
-7.77377066667 362.180394464
-7.768768 362.378267128
-7.76376533333 362.391511566
-7.75876266667 362.448397439
-7.75376 362.411863387
-7.74875733333 362.311017285
-7.74375466667 362.173403851
-7.738752 362.202905704
-7.73374933333 362.15694318
-7.72874666667 362.235284346
-7.723744 362.049956655
-7.71874133333 362.069319757
-7.71373866667 362.010990066
-7.708736 362.015636624
-7.70373333333 361.879140087
-7.69873066667 362.016301654
-7.693728 361.937213894
-7.68872533333 361.918677942
-7.68372266667 361.946812483
-7.67872 361.985586799
-7.67371733333 361.981961778
-7.66871466667 362.088472913
-7.663712 362.059936397
-7.65870933333 362.135773673
-7.65370666667 362.113065073
-7.648704 362.164682112
-7.64370133333 362.124948706
-7.63869866667 362.216983815
-7.633696 362.329407344
-7.62869333333 362.40788821
-7.62369066667 362.34740643
-7.618688 362.404092946
-7.61368533333 362.4240205
-7.60868266667 362.500124117
-7.60368 362.52042123
-7.59867733333 362.613520106
-7.59367466667 362.591311067
-7.588672 362.698106944
-7.58366933333 362.66675029
-7.57866666667 362.767352121
-7.573664 362.723170219
-7.56866133333 362.823860833
-7.56365866667 362.737692462
-7.558656 362.815068428
-7.55365333333 362.755481527
-7.54865066667 362.905092922
-7.543648 362.862620421
-7.53864533333 362.936369707
-7.53364266667 362.879509414
-7.52864 362.928890725
-7.52363733333 362.80259855
-7.51863466667 362.919486216
-7.513632 362.846983515
-7.50862933333 362.891966889
-7.50362666667 362.81741231
-7.498624 362.880221989
-7.49362133333 362.94485426
-7.48861866667 362.949696468
-7.483616 362.895817432
-7.47861333333 362.993322168
-7.47361066667 362.989551214
-7.468608 362.99944603
-7.46360533333 362.994996035
-7.45860266667 362.970046154
-7.4536 363.019542133
-7.44859733333 363.043292504
-7.44359466667 363.014706348
-7.438592 363.028683623
-7.43358933333 363.000957112
-7.42858666667 363.026281061
-7.423584 363.011316408
-7.41858133333 363.019660893
-7.41357866667 363.004666488
-7.408576 363.011462755
-7.40357333333 362.967974529
-7.39857066667 363.047805346
-7.393568 363.013041247
-7.38856533333 363.057936972
-7.38356266667 362.979657055
-7.37856 363.089043301
-7.37355733333 363.052159917
-7.36855466667 363.055674565
-7.363552 362.969023758
-7.35854933333 363.023129188
-7.35354666667 363.024026683
-7.348544 363.030150518
-7.34354133333 362.997444809
-7.33853866667 363.029619367
-7.333536 362.965780848
-7.32853333333 363.041666847
-7.32353066667 363.00899719
-7.318528 363.051069845
-7.31352533333 363.027402759
-7.30852266667 363.078261966
-7.30352 363.008067713
-7.29851733333 363.038293308
-7.29351466667 362.999392241
-7.288512 363.064015683
-7.28350933333 363.030470988
-7.27850666667 363.032746822
-7.273504 363.040825295
-7.26850133333 363.147856374
-7.26349866667 363.010932359
-7.258496 363.094196554
-7.25349333333 363.050699559
-7.24849066667 363.069803208
-7.243488 362.919950395
-7.23848533333 363.015253659
-7.23348266667 362.967520395
-7.22848 363.036862772
-7.22347733333 363.000037136
-7.21847466667 363.035966846
-7.213472 362.997068823
-7.20846933333 363.017787508
-7.20346666667 362.995238697
-7.198464 363.06574034
-7.19346133333 363.067640191
-7.18845866667 363.132401468
-7.183456 363.074244218
-7.17845333333 363.175732729
-7.17345066667 363.135444751
-7.168448 363.200216153
-7.16344533333 363.17999449
-7.15844266667 363.246835124
-7.15344 363.254681972
-7.14843733333 363.282961182
-7.14343466667 363.232724653
-7.138432 363.311624717
-7.13342933333 363.280551188
-7.12842666667 363.307345844
-7.123424 363.376755691
-7.11842133333 363.375909267
-7.11341866667 363.383935926
-7.108416 363.333069314
-7.10341333333 363.409744513
-7.09841066667 363.407558065
-7.093408 363.406194562
-7.08840533333 363.423741024
-7.08340266667 363.479058015
-7.0784 363.492327336
-7.07339733333 363.46199785
-7.06839466667 363.447984621
-7.063392 363.471291221
-7.05838933333 363.486529282
-7.05338666667 363.571913289
-7.048384 363.533379527
-7.04338133333 363.595657061
-7.03837866667 363.598895376
-7.033376 363.626168119
-7.02837333333 363.644816574
-7.02337066667 363.652604619
-7.018368 363.687060072
-7.01336533333 363.715373316
-7.00836266667 363.728588716
-7.00336 363.790704915
-6.99835733333 363.775577704
-6.99335466667 363.793038374
-6.988352 363.806972806
-6.98334933333 363.748245783
-6.97834666667 363.766503597
-6.973344 363.784497833
-6.96834133333 363.833198567
-6.96333866667 363.833817279
-6.958336 363.875115698
-6.95333333333 363.823619589
-6.94833066667 363.82031784
-6.943328 363.739534199
-6.93832533333 363.744464436
-6.93332266667 363.74622326
-6.92832 363.7997823
-6.92331733333 363.743343882
-6.91831466667 363.798445644
-6.913312 363.823996911
-6.90830933333 363.824723292
-6.90330666667 363.791282217
-6.898304 363.717424468
-6.89330133333 363.699060962
-6.88829866667 363.812672505
-6.883296 363.785838692
-6.87829333333 363.913872922
-6.87329066667 363.948531693
-6.868288 364.013426257
-6.86328533333 364.052119424
-6.85828266667 364.092933496
-6.85328 364.125570914
-6.84827733333 364.111000929
-6.84327466667 364.069899704
-6.838272 364.140256323
-6.83326933333 364.191795959
-6.82826666667 364.222417057
-6.823264 364.256033029
-6.81826133333 364.312287121
-6.81325866667 364.306046527
-6.808256 364.331698543
-6.80325333333 364.265511739
-6.79825066667 364.343001944
-6.793248 364.387047966
-6.78824533333 364.398781462
-6.78324266667 364.395948473
-6.77824 364.490946934
-6.77323733333 364.53386529
-6.76823466667 364.518317018
-6.763232 364.570622229
-6.75822933333 364.610103116
-6.75322666667 364.661728812
-6.748224 364.612644571
-6.74322133333 364.764828641
-6.73821866667 364.697394312
-6.733216 364.824614316
-6.72821333333 364.812154994
-6.72321066667 364.880145748
-6.718208 364.932374334
-6.71320533333 365.025904883
-6.70820266667 365.053379617
-6.7032 365.068440985
-6.69819733333 365.066253387
-6.69319466667 365.088568213
-6.688192 365.091487074
-6.68318933333 365.101503664
-6.67818666667 365.12824725
-6.673184 365.178129143
-6.66818133333 365.20165801
-6.66317866667 365.246146584
-6.658176 365.230001561
-6.65317333333 365.256831845
-6.64817066667 365.205458163
-6.643168 365.177385685
-6.63816533333 365.274210024
-6.63316266667 365.21187088
-6.62816 365.212490458
-6.62315733333 365.254792755
-6.61815466667 365.267292026
-6.613152 365.245650506
-6.60814933333 365.331986102
-6.60314666667 365.317354371
-6.598144 365.355768777
-6.59314133333 365.39649291
-6.58813866667 365.391663266
-6.583136 365.45398422
-6.57813333333 365.423976886
-6.57313066667 365.479200284
-6.568128 365.417820162
-6.56312533333 365.553196771
-6.55812266667 365.442740628
-6.55312 365.542991507
-6.54811733333 365.534061067
-6.54311466667 365.553594818
-6.538112 365.560262397
-6.53310933333 365.549274721
-6.52810666667 365.53008875
-6.523104 365.397416525
-6.51810133333 365.477162714
-6.51309866667 365.442393055
-6.508096 365.449938328
-6.50309333333 365.353593024
-6.49809066667 365.363888049
-6.493088 365.33308017
-6.48808533333 365.325263712
-6.48308266667 365.323360533
-6.47808 365.335028605
-6.47307733333 365.252106171
-6.46807466667 365.204045831
-6.463072 365.197942716
-6.45806933333 365.144280569
-6.45306666667 365.225156516
-6.448064 365.118017359
-6.44306133333 365.179497853
-6.43805866667 365.168854717
-6.433056 365.202770068
-6.42805333333 365.108316457
-6.42305066667 365.113415532
-6.418048 365.120842701
-6.41304533333 365.220832184
-6.40804266667 365.136187567
-6.40304 365.154579687
-6.39803733333 365.103455049
-6.39303466667 365.204432715
-6.388032 365.184151088
-6.38302933333 365.23182378
-6.37802666667 365.141670409
-6.373024 365.243240081
-6.36802133333 365.165341756
-6.36301866667 365.191948412
-6.358016 365.169290734
-6.35301333333 365.198346122
-6.34801066667 365.148998256
-6.343008 365.278564596
-6.33800533333 365.173023253
-6.33300266667 365.263443867
-6.328 365.165396387
-6.32299733333 365.244949305
-6.31799466667 365.183091657
-6.312992 365.200450968
-6.30798933333 365.124962412
-6.30298666667 365.156355355
-6.297984 365.133499353
-6.29298133333 365.195748469
-6.28797866667 365.118548539
-6.282976 365.140032478
-6.27797333333 365.024864508
-6.27297066667 365.113154484
-6.267968 365.014051081
-6.26296533333 364.962354419
-6.25796266667 364.809259131
-6.25296 364.733732209
-6.24795733333 364.709971619
-6.24295466667 364.945797555
-6.237952 364.948016865
-6.23294933333 364.901463583
-6.22794666667 364.889307401
-6.222944 364.883015029
-6.21794133333 364.856596892
-6.21293866667 364.814963923
-6.207936 364.725546088
-6.20293333333 364.911702754
-6.19793066667 365.020004381
-6.192928 365.159960307
-6.18792533333 365.354250402
-6.18292266667 365.572696763
-6.17792 365.816415807
-6.17291733333 366.433201639
-6.16791466667 367.098378741
-6.162912 367.629426691
-6.15790933333 367.896937063
-6.15290666667 368.256325739
-6.147904 368.626558962
-6.14290133333 369.133439383
-6.13789866667 369.59839809
-6.132896 370.120272956
-6.12789333333 370.35785438
-6.12289066667 370.999049603
-6.117888 371.434474857
-6.11288533333 372.065128666
-6.10788266667 372.670015723
-6.10288 373.507402606
-6.09787733333 374.161014695
-6.09287466667 374.940725192
-6.087872 375.579911589
-6.08286933333 376.204073949
-6.07786666667 376.691708163
-6.072864 377.500207211
-6.06786133333 378.193159824
-6.06285866667 378.946234129
-6.057856 379.641484968
-6.05285333333 380.33331966
-6.04785066667 380.860202599
-6.042848 381.44788109
-6.03784533333 382.058496482
-6.03284266667 382.669450233
-6.02784 383.047380634
-6.02283733333 383.833362918
-6.01783466667 384.378666111
-6.012832 385.072184787
-6.00782933333 385.268741709
-6.00282666667 383.88162154
-5.997824 383.013222688
-5.99282133333 382.361500871
-5.98781866667 381.1917008
-5.982816 380.3451215
-5.97781333333 380.073898416
-5.97281066667 381.369605728
-5.967808 382.568187957
-5.96280533333 384.947714548
-5.95780266667 387.079317037
-5.9528 388.738201628
-5.94779733333 389.402245435
-5.94279466667 389.553531393
-5.937792 389.930177174
-5.93278933333 390.399449311
-5.92778666667 391.257291862
-5.922784 392.23566783
-5.91778133333 393.075200091
-5.91277866667 393.511564392
-5.907776 393.627223379
-5.90277333333 393.929147624
-5.89777066667 393.946319619
-5.892768 393.845604529
-5.88776533333 393.151360339
-5.88276266667 390.261970693
-5.87776 390.267839243
-5.87275733333 398.050657926
-5.86775466667 412.290859575
-5.862752 422.116496346
-5.85774933333 422.640652902
-5.85274666667 422.638754271
-5.847744 422.694995804
-5.84274133333 422.584165097
-5.83773866667 422.172009005
-5.832736 419.83571055
-5.82773333333 416.351750056
-5.82273066667 413.490018958
-5.817728 410.470622249
-5.81272533333 408.263869505
-5.80772266667 403.719569845
-5.80272 398.398687259
-5.79771733333 395.462365924
-5.79271466667 395.872747698
-5.787712 396.086819003
-5.78270933333 395.718171106
-5.77770666667 395.163999658
-5.772704 394.656546778
-5.76770133333 399.176929396
-5.76269866667 415.925218814
-5.757696 421.493992639
-5.75269333333 421.428756069
-5.74769066667 421.420563835
-5.742688 421.30553469
-5.73768533333 420.483376306
-5.73268266667 419.941629792
-5.72768 420.205429892
-5.72267733333 419.952060014
-5.71767466667 419.607263763
-5.712672 419.470107603
-5.70766933333 419.01960929
-5.70266666667 419.070603534
-5.697664 419.524690931
-5.69266133333 419.62394821
-5.68765866667 419.785643034
-5.682656 420.179419307
-5.67765333333 420.480114747
-5.67265066667 420.611667687
-5.667648 419.476886247
-5.66264533333 417.561875787
-5.65764266667 412.22281267
-5.65264 408.944822546
-5.64763733333 412.48898459
-5.64263466667 414.268065849
-5.637632 412.543259609
-5.63262933333 407.099340495
-5.62762666667 401.554899178
-5.622624 397.851255809
-5.61762133333 398.224397914
-5.61261866667 396.350843857
-5.607616 386.023429619
-5.60261333333 381.761476873
-5.59761066667 379.659813658
-5.592608 380.877552587
-5.58760533333 384.434273771
-5.58260266667 386.165900497
-5.5776 385.208796271
-5.57259733333 383.110772524
-5.56759466667 382.761412514
-5.562592 382.844818096
-5.55758933333 382.712614162
-5.55258666667 382.725264537
-5.547584 383.142162752
-5.54258133333 383.497098572
-5.53757866667 383.742445418
-5.532576 384.410604291
-5.52757333333 384.958118546
-5.52257066667 385.952586218
-5.517568 386.638288299
-5.51256533333 385.924654567
-5.50756266667 385.337663589
-5.50256 383.836002003
-5.49755733333 380.666182224
-5.49255466667 384.60377443
-5.487552 384.124159186
-5.48254933333 384.144676587
-5.47754666667 378.619906151
-5.472544 376.386103158
-5.46754133333 369.338431311
-5.46253866667 368.708365815
-5.457536 366.216529673
-5.45253333333 364.90162145
-5.44753066667 363.005205496
-5.442528 362.682170257
-5.43752533333 365.299654563
-5.43252266667 364.979329112
-5.42752 363.531003024
-5.42251733333 363.230475402
-5.41751466667 363.488291819
-5.412512 363.776238865
-5.40750933333 363.835623021
-5.40250666667 364.439384058
-5.397504 364.231112033
-5.39250133333 363.632757387
-5.38749866667 363.260228173
-5.382496 363.52416811
-5.37749333333 362.72536646
-5.37249066667 362.279635372
-5.367488 361.446243411
-5.36248533333 364.021452012
-5.35748266667 364.824208333
-5.35248 366.58595819
-5.34747733333 367.673211917
-5.34247466667 367.793593885
-5.337472 367.085901057
-5.33246933333 366.353228218
-5.32746666667 365.444657768
-5.322464 365.253599288
-5.31746133333 365.025818681
-5.31245866667 365.685685007
-5.307456 365.795460376
-5.30245333333 365.238079308
-5.29745066667 364.830396501
-5.292448 364.556629675
-5.28744533333 364.811848278
-5.28244266667 367.005571415
-5.27744 370.503063594
-5.27243733333 370.754110007
-5.26743466667 370.32386338
-5.262432 369.87715903
-5.25742933333 368.875312332
-5.25242666667 368.487010244
-5.247424 368.130962107
-5.24242133333 367.715085604
-5.23741866667 367.403074714
-5.232416 367.042962994
-5.22741333333 366.430702282
-5.22241066667 366.363178599
-5.217408 366.158286769
-5.21240533333 365.67313334
-5.20740266667 365.180259843
-5.2024 364.933898506
-5.19739733333 364.151873715
-5.19239466667 363.615818597
-5.187392 362.295454753
-5.18238933333 360.587197771
-5.17738666667 359.307092186
-5.172384 358.238991324
-5.16738133333 356.814367451
-5.16237866667 355.351320396
-5.157376 353.944456156
-5.15237333333 352.847297225
-5.14737066667 351.542496549
-5.142368 350.568858802
-5.13736533333 349.440092436
-5.13236266667 348.631493702
-5.12736 347.407043414
-5.12235733333 346.193845965
-5.11735466667 344.994303476
-5.112352 344.290883408
-5.10734933333 343.555061162
-5.10234666667 343.019926342
-5.097344 342.443478845
-5.09234133333 342.143529845
-5.08733866667 341.646795091
-5.082336 341.33951247
-5.07733333333 341.119678644
-5.07233066667 341.290301638
-5.067328 341.033638208
-5.06232533333 340.988718054
-5.05732266667 340.785851707
-5.05232 340.921874191
-5.04731733333 340.695161305
-5.04231466667 340.76564367
-5.037312 340.569196054
-5.03230933333 340.516534402
-5.02730666667 340.220257893
-5.022304 340.212459755
-5.01730133333 340.036657466
-5.01229866667 340.163944278
-5.007296 340.557833651
-5.00229333333 343.059185055
-4.99729066667 342.049738873
-4.992288 340.432472222
-4.98728533333 338.782966292
-4.98228266667 338.850032695
-4.97728 339.432528638
-4.97227733333 339.612705379
-4.96727466667 346.960932183
-4.962272 363.12673962
-4.95726933333 364.648348697
-4.95226666667 366.733688568
-4.947264 364.798553024
-4.94226133333 371.345632927
-4.93725866667 373.74519434
-4.932256 366.399945599
-4.92725333333 354.531398732
-4.92225066667 365.635987624
-4.917248 363.699159319
-4.91224533333 361.807235372
-4.90724266667 366.181407521
-4.90224 367.698954216
-4.89723733333 367.659671187
-4.89223466667 368.05284346
-4.887232 368.983787013
-4.88222933333 370.112559101
-4.87722666667 371.107448738
-4.872224 372.473446409
-4.86722133333 373.665912019
-4.86221866667 375.099173573
-4.857216 376.242330285
-4.85221333333 376.106887476
-4.84721066667 375.172357585
-4.842208 375.973091669
-4.83720533333 375.899308381
-4.83220266667 375.92155274
-4.8272 376.712173903
-4.82219733333 377.129688389
-4.81719466667 376.685748917
-4.812192 376.525007247
-4.80718933333 377.027879172
-4.80218666667 377.460564334
-4.797184 377.569278918
-4.79218133333 377.86819548
-4.78717866667 377.173214787
-4.782176 376.707061043
-4.77717333333 376.161919873
-4.77217066667 376.33351508
-4.767168 375.860502726
-4.76216533333 374.765632583
-4.75716266667 376.076648867
-4.75216 376.79869075
-4.74715733333 376.814262425
-4.74215466667 377.170590976
-4.737152 377.596440036
-4.73214933333 378.418326649
-4.72714666667 378.96354522
-4.722144 380.373003977
-4.71714133333 383.759780091
-4.71213866667 389.239293028
-4.707136 390.303031374
-4.70213333333 391.270463787
-4.69713066667 391.897693045
-4.692128 392.619002318
-4.68712533333 393.016414444
-4.68212266667 391.026076541
-4.67712 384.4503322
-4.67211733333 382.437111029
-4.66711466667 385.467938451
-4.662112 385.778186757
-4.65710933333 395.987554843
-4.65210666667 412.110949883
-4.647104 412.861306404
-4.64210133333 412.964515265
-4.63709866667 412.785577194
-4.632096 412.793567592
-4.62709333333 412.663575837
-4.62209066667 413.000727377
-4.617088 412.848749391
-4.61208533333 413.299861157
-4.60708266667 413.779077937
-4.60208 414.00198087
-4.59707733333 413.983645644
-4.59207466667 414.181282575
-4.587072 414.100478007
-4.58206933333 414.313700793
-4.57706666667 414.194454704
-4.572064 414.163492924
-4.56706133333 414.119516048
-4.56205866667 414.251357678
-4.557056 414.396732088
-4.55205333333 414.592250915
-4.54705066667 414.457882773
-4.542048 414.57840443
-4.53704533333 414.402331484
-4.53204266667 414.560121104
-4.52704 414.584742515
-4.52203733333 414.837526803
-4.51703466667 415.054461582
-4.512032 415.189885423
-4.50702933333 415.094809747
-4.50202666667 415.269600811
-4.497024 415.191234111
-4.49202133333 415.529024414
-4.48701866667 415.574523234
-4.482016 415.529290124
-4.47701333333 415.544375213
-4.47201066667 415.556636075
-4.467008 415.502429499
-4.46200533333 415.601450171
-4.45700266667 415.630343466
-4.452 415.581507905
-4.44699733333 415.480198117
-4.44199466667 415.653706429
-4.436992 415.428558563
-4.43198933333 415.603347861
-4.42698666667 415.520195898
-4.421984 415.639680075
-4.41698133333 415.404143041
-4.41197866667 415.797756416
-4.406976 415.704724567
-4.40197333333 415.966888806
-4.39697066667 415.736843905
-4.391968 415.78494051
-4.38696533333 415.669354868
-4.38196266667 415.865971791
-4.37696 415.715699147
-4.37195733333 415.762387223
-4.36695466667 415.474202265
-4.361952 415.477907661
-4.35694933333 415.337516072
-4.35194666667 415.591668498
-4.346944 415.284972147
-4.34194133333 415.274181956
-4.33693866667 415.066583164
-4.331936 415.031081414
-4.32693333333 414.805876656
-4.32193066667 414.777340974
-4.316928 414.530456572
-4.31192533333 414.618069139
-4.30692266667 414.332081569
-4.30192 414.437086513
-4.29691733333 414.320198113
-4.29191466667 414.418178169
-4.286912 414.231810721
-4.28190933333 414.352217846
-4.27690666667 414.165968944
-4.271904 414.262598486
-4.26690133333 414.043278886
-4.26189866667 414.182011229
-4.256896 414.086981405
-4.25189333333 414.211757072
-4.24689066667 414.083675799
-4.241888 414.069506784
-4.23688533333 414.089602456
-4.23188266667 414.220801837
-4.22688 413.94745233
-4.22187733333 414.028982496
-4.21687466667 413.890559309
-4.211872 413.989781097
-4.20686933333 413.79434412
-4.20186666667 414.036142741
-4.196864 413.902981995
-4.19186133333 414.067904915
-4.18685866667 414.018092596
-4.181856 414.114105172
-4.17685333333 414.119571516
-4.17185066667 414.142111868
-4.166848 414.06628493
-4.16184533333 414.141098121
-4.15684266667 414.121817939
-4.15184 414.216428804
-4.14683733333 414.202353752
-4.14183466667 414.277829649
-4.136832 414.251388607
-4.13182933333 414.258046747
-4.12682666667 414.184191748
-4.121824 414.236807982
-4.11682133333 414.083475313
-4.11181866667 414.143677143
-4.106816 413.993141788
-4.10181333333 414.149847685
-4.09681066667 414.01415773
-4.091808 414.083254372
-4.08680533333 413.939632299
-4.08180266667 414.05871773
-4.0768 413.995557341
-4.07179733333 414.014295719
-4.06679466667 414.011958685
-4.061792 414.029722094
-4.05678933333 414.049877836
-4.05178666667 414.088976436
-4.046784 413.999239065
-4.04178133333 414.069943939
-4.03677866667 414.000226484
-4.031776 414.095070585
-4.02677333333 414.009743962
-4.02177066667 414.053192352
-4.016768 413.973878677
-4.01176533333 414.160834551
-4.00676266667 414.135348638
-4.00176 414.265506069
-3.99675733333 414.195095264
-3.99175466667 414.344146252
-3.986752 414.262331246
-3.98174933333 414.308711549
-3.97674666667 414.207499313
-3.971744 414.284440677
-3.96674133333 414.16691542
-3.96173866667 414.242436817
-3.956736 414.064165674
-3.95173333333 414.112943635
-3.94673066667 413.927212039
-3.941728 414.053575202
-3.93672533333 414.011483736
-3.93172266667 414.142348596
-3.92672 414.006176215
-3.92171733333 414.080958617
-3.91671466667 414.033501884
-3.911712 414.233158057
-3.90670933333 414.130349965
-3.90170666667 414.260211474
-3.896704 414.17671984
-3.89170133333 414.22234955
-3.88669866667 414.114037659
-3.881696 414.164231673
-3.87669333333 414.094231208
-3.87169066667 414.168842042
-3.866688 414.009515559
-3.86168533333 414.125107909
-3.85668266667 414.102366098
-3.85168 414.106944275
-3.84667733333 413.916183234
-3.84167466667 414.11260381
-3.836672 414.116375562
-3.83166933333 414.116730324
-3.82666666667 413.940186367
-3.821664 414.071231711
-3.81666133333 414.051633695
-3.81165866667 414.175952676
-3.806656 414.101776965
-3.80165333333 414.172589251
-3.79665066667 414.086696155
-3.791648 414.193022018
-3.78664533333 414.274198608
-3.78164266667 414.304479897
-3.77664 414.434920813
-3.77163733333 414.54647432
-3.76663466667 414.576988047
-3.761632 414.818389431
-3.75662933333 414.860593216
-3.75162666667 414.874398327
-3.746624 414.876613691
-3.74162133333 415.051205429
-3.73661866667 415.116319082
-3.731616 415.247257386
-3.72661333333 415.236919362
-3.72161066667 415.393357496
-3.716608 415.368431758
-3.71160533333 415.529637037
-3.70660266667 415.509062109
-3.7016 415.527806868
-3.69659733333 415.59935207
-3.69159466667 415.747990628
-3.686592 415.818195321
-3.68158933333 415.924561842
-3.67658666667 415.891971409
-3.671584 415.950646164
-3.66658133333 415.911996646
-3.66157866667 416.113517512
-3.656576 416.066905158
-3.65157333333 416.074010563
-3.64657066667 416.143494398
-3.641568 416.207317553
-3.63656533333 416.139711353
-3.63156266667 416.12027064
-3.62656 416.056000565
-3.62155733333 416.095072476
-3.61655466667 415.93297188
-3.611552 416.074600029
-3.60654933333 416.067815528
-3.60154666667 416.136658111
-3.596544 415.975394454
-3.59154133333 416.145119927
-3.58653866667 416.171487983
-3.581536 416.264240514
-3.57653333333 416.127074994
-3.57153066667 416.233045017
-3.566528 416.15555911
-3.56152533333 416.18496581
-3.55652266667 415.958637046
-3.55152 416.048975589
-3.54651733333 415.877818844
-3.54151466667 415.952143859
-3.536512 415.856344053
-3.53150933333 415.820452045
-3.52650666667 415.768096161
-3.521504 415.734318246
-3.51650133333 415.595205054
-3.51149866667 415.665049041
-3.506496 415.50720995
-3.50149333333 415.458935052
-3.49649066667 415.317519827
-3.491488 415.378885794
-3.48648533333 415.212628596
-3.48148266667 415.205005026
-3.47648 415.107801102
-3.47147733333 415.240234917
-3.46647466667 415.089078951
-3.461472 415.135095768
-3.45646933333 415.058607591
-3.45146666667 415.158450946
-3.446464 415.121733377
-3.44146133333 415.044777075
-3.43645866667 415.007670644
-3.431456 415.082285331
-3.42645333333 414.931157301
-3.42145066667 414.979628695
-3.416448 414.928652932
-3.41144533333 414.983588084
-3.40644266667 414.943674036
-3.40144 415.006287271
-3.39643733333 414.894832044
-3.39143466667 414.962093941
-3.386432 414.906225046
-3.38142933333 414.926931288
-3.37642666667 414.902260739
-3.371424 414.896430056
-3.36642133333 414.844476043
-3.36141866667 414.853868511
-3.356416 414.752471055
-3.35141333333 414.718744416
-3.34641066667 414.746441339
-3.341408 414.722749484
-3.33640533333 414.68159142
-3.33140266667 414.816910103
-3.3264 414.775130404
-3.32139733333 414.900817495
-3.31639466667 414.871596406
-3.311392 414.893983634
-3.30638933333 414.729039465
-3.30138666667 414.649647854
-3.296384 414.672842697
-3.29138133333 414.685504724
-3.28637866667 414.54189522
-3.281376 414.280705489
-3.27637333333 414.056183967
-3.27137066667 413.769911714
-3.266368 413.713073148
-3.26136533333 413.639766321
-3.25636266667 413.496620323
-3.25136 413.352847428
-3.24635733333 413.302157555
-3.24135466667 413.392526917
-3.236352 413.370511223
-3.23134933333 413.479346512
-3.22634666667 413.398002037
-3.221344 413.448785247
-3.21634133333 413.446602739
-3.21133866667 413.354709734
-3.206336 413.308403338
-3.20133333333 413.372224359
-3.19633066667 413.268005619
-3.191328 413.374384939
-3.18632533333 413.240842476
-3.18132266667 413.249055432
-3.17632 413.298766079
-3.17131733333 413.422232369
-3.16631466667 413.332281375
-3.161312 413.429651347
-3.15630933333 413.420462106
-3.15130666667 413.347599096
-3.146304 413.369517243
-3.14130133333 413.451153109
-3.13629866667 413.330079857
-3.131296 413.471809097
-3.12629333333 413.390603302
-3.12129066667 413.434923018
-3.116288 413.334916787
-3.11128533333 413.432543394
-3.10628266667 413.275902111
-3.10128 413.370557072
-3.09627733333 413.39875096
-3.09127466667 413.381529392
-3.086272 413.385181495
-3.08126933333 413.441611076
-3.07626666667 413.443961009
-3.071264 413.523937497
-3.06626133333 413.60071543
-3.06125866667 413.597840473
-3.056256 413.58722657
-3.05125333333 413.492661064
-3.04625066667 413.44938539
-3.041248 413.468442967
-3.03624533333 413.463472157
-3.03124266667 413.463413327
-3.02624 413.462749046
-3.02123733333 413.603883613
-3.01623466667 413.539724217
-3.011232 413.63313998
-3.00622933333 413.565403802
-3.00122666667 413.63025211
-2.996224 413.631262956
-2.99122133333 413.587903799
-2.98621866667 413.641567854
-2.981216 413.666415126
-2.97621333333 413.768473543
-2.97121066667 413.714021929
-2.966208 413.664746247
-2.96120533333 413.599987114
-2.95620266667 413.502391269
-2.9512 413.428515024
-2.94619733333 413.3355009
-2.94119466667 413.366784043
-2.936192 413.267872086
-2.93118933333 413.274185252
-2.92618666667 413.207252542
-2.921184 413.24484997
-2.91618133333 413.217360205
-2.91117866667 413.131746002
-2.906176 413.123978208
-2.90117333333 413.201554975
-2.89617066667 413.162932587
-2.891168 413.085980874
-2.88616533333 413.090144372
-2.88116266667 413.092901953
-2.87616 413.009791919
-2.87115733333 412.930353996
-2.86615466667 412.983778943
-2.861152 413.067908253
-2.85614933333 413.171736157
-2.85114666667 413.097514702
-2.846144 413.198130091
-2.84114133333 413.216083165
-2.83613866667 413.317009178
-2.831136 413.285225921
-2.82613333333 413.20704211
-2.82113066667 413.277028485
-2.816128 413.277012239
-2.81112533333 413.248157924
-2.80612266667 413.289220586
-2.80112 413.363556555
-2.79611733333 413.26569355
-2.79111466667 413.238414481
-2.786112 413.224555253
-2.78110933333 413.16342444
-2.77610666667 413.1905336
-2.771104 413.256476595
-2.76610133333 413.179258048
-2.76109866667 413.310302179
-2.756096 413.359278752
-2.75109333333 413.288394111
-2.74609066667 413.330553863
-2.741088 413.359220558
-2.73608533333 413.315187507
-2.73108266667 413.343228287
-2.72608 413.394322198
-2.72107733333 413.372477662
-2.71607466667 413.292591404
-2.711072 413.354019912
-2.70606933333 413.315741588
-2.70106666667 413.428715859
-2.696064 413.381926069
-2.69106133333 413.390365454
-2.68605866667 413.29907691
-2.681056 413.405881676
-2.67605333333 413.366145991
-2.67105066667 413.360589153
-2.666048 413.3786667
-2.66104533333 413.392031983
-2.65604266667 413.265023212
-2.65104 413.198081312
-2.64603733333 413.153079222
-2.64103466667 413.199243957
-2.636032 413.270919802
-2.63102933333 413.16691269
-2.62602666667 413.125808466
-2.621024 413.093475171
-2.61602133333 413.061033124
-2.61101866667 413.051398998
-2.606016 413.07060476
-2.60101333333 413.066243432
-2.59601066667 412.935047124
-2.591008 413.009056434
-2.58600533333 412.950059658
-2.58100266667 413.077025907
-2.576 413.068169226
-2.57099733333 413.056111728
-2.56599466667 413.02749881
-2.560992 413.101977632
-2.55598933333 413.026816929
-2.55098666667 412.968035231
-2.545984 413.004870252
-2.54098133333 413.021381008
-2.53597866667 413.067031832
-2.530976 412.942714443
-2.52597333333 412.972694443
-2.52097066667 413.023644535
-2.515968 413.030217886
-2.51096533333 412.996516211
-2.50596266667 413.048432142
-2.50096 412.929937934
-2.49595733333 412.963644628
-2.49095466667 412.920160281
-2.485952 412.942460688
-2.48094933333 412.916303042
-2.47594666667 413.014948008
-2.470944 412.869684288
-2.46594133333 412.905429052
-2.46093866667 412.829309235
-2.455936 412.862195972
-2.45093333333 412.8349323
-2.44593066667 412.945433212
-2.440928 412.816172029
-2.43592533333 412.91733586
-2.43092266667 412.74030426
-2.42592 412.761723005
-2.42091733333 412.767028205
-2.41591466667 412.80911704
-2.410912 412.737396121
-2.40590933333 412.71320922
-2.40090666667 412.745529926
-2.395904 412.764869119
-2.39090133333 412.719969186
-2.38589866667 412.801054073
-2.380896 412.731105454
-2.37589333333 412.759253284
-2.37089066667 412.754270578
-2.365888 412.812613626
-2.36088533333 412.762870791
-2.35588266667 412.86194044
-2.35088 412.696520126
-2.34587733333 412.859826152
-2.34087466667 412.781169603
-2.335872 412.839570979
-2.33086933333 412.749978236
-2.32586666667 412.787683784
-2.320864 412.735384387
-2.31586133333 412.868394845
-2.31085866667 412.757611184
-2.305856 412.865095235
-2.30085333333 412.754807076
-2.29585066667 412.891645786
-2.290848 412.843210146
-2.28584533333 412.915077104
-2.28084266667 412.864153148
-2.27584 412.937606512
-2.27083733333 412.804913197
-2.26583466667 412.941661072
-2.260832 412.900995713
-2.25582933333 412.933115958
-2.25082666667 412.920562464
-2.245824 412.957421481
-2.24082133333 412.948965252
-2.23581866667 412.949013437
-2.230816 412.911893283
-2.22581333333 412.998970425
-2.22081066667 412.966655994
-2.215808 412.938362961
-2.21080533333 412.978198138
-2.20580266667 412.953571443
-2.2008 412.882561731
-2.19579733333 412.977570434
-2.19079466667 412.905508537
-2.185792 412.817366582
-2.18078933333 412.841606101
-2.17578666667 412.907793463
-2.170784 412.831918702
-2.16578133333 412.877924157
-2.16077866667 412.847372027
-2.155776 412.925091029
-2.15077333333 412.806179287
-2.14577066667 412.802872646
-2.140768 412.821344222
-2.13576533333 412.762551324
-2.13076266667 412.72003371
-2.12576 412.785585007
-2.12075733333 412.78478494
-2.11575466667 412.726376465
-2.110752 412.678354305
-2.10574933333 412.749861
-2.10074666667 412.611514436
-2.095744 412.730587658
-2.09074133333 412.620580955
-2.08573866667 412.637400104
-2.080736 412.533609494
-2.07573333333 412.522966834
-2.07073066667 412.418043659
-2.065728 412.401172449
-2.06072533333 412.312682163
-2.05572266667 412.601827524
-2.05072 412.48706112
-2.04571733333 412.52153667
-2.04071466667 412.351629262
-2.035712 412.549213655
-2.03070933333 412.512231845
-2.02570666667 412.642709558
-2.020704 412.503790764
-2.01570133333 412.547363415
-2.01069866667 412.477618334
-2.005696 412.548768888
-2.00069333333 412.488592431
-1.99569066667 412.579420952
-1.990688 412.425642716
-1.98568533333 412.520355986
-1.98068266667 412.419901068
-1.97568 412.486635911
-1.97067733333 412.252893851
-1.96567466667 412.376169509
-1.960672 412.286259181
-1.95566933333 412.343199071
-1.95066666667 412.254938359
-1.945664 412.304811239
-1.94066133333 412.205037435
-1.93565866667 412.345215271
-1.930656 412.191412351
-1.92565333333 412.351001313
-1.92065066667 412.224444371
-1.915648 412.375865877
-1.91064533333 412.223559216
-1.90564266667 412.271563888
-1.90064 412.292187355
-1.89563733333 412.398709233
-1.89063466667 412.205821284
-1.885632 412.347426868
-1.88062933333 412.34875555
-1.87562666667 412.44805466
-1.870624 412.357915951
-1.86562133333 412.485679444
-1.86061866667 412.31792473
-1.855616 412.409729131
-1.85061333333 412.331179714
-1.84561066667 412.446268962
-1.840608 412.277333111
-1.83560533333 412.378374662
-1.83060266667 412.221634096
-1.8256 412.354845278
-1.82059733333 412.295637329
-1.81559466667 412.384217341
-1.810592 412.234206258
-1.80558933333 412.219322815
-1.80058666667 412.213098846
-1.795584 412.291546827
-1.79058133333 412.184429737
-1.78557866667 412.221331194
-1.780576 412.201974067
-1.77557333333 412.21555986
-1.77057066667 412.185944982
-1.765568 412.238522381
-1.76056533333 412.096307959
-1.75556266667 412.173796753
-1.75056 412.083001169
-1.74555733333 412.305222829
-1.74055466667 412.235509468
-1.735552 412.293442875
-1.73054933333 412.180670675
-1.72554666667 412.240140694
-1.720544 412.213936729
-1.71554133333 412.208848737
-1.71053866667 412.224777647
-1.705536 412.327069782
-1.70053333333 412.224180963
-1.69553066667 412.300731304
-1.690528 412.233109585
-1.68552533333 412.246440503
-1.68052266667 412.162783035
-1.67552 412.255819384
-1.67051733333 412.161053629
-1.66551466667 412.185556148
-1.660512 412.128167421
-1.65550933333 412.20640183
-1.65050666667 412.11683755
-1.645504 412.30778933
-1.64050133333 412.145774994
-1.63549866667 412.174429421
-1.630496 412.070094578
-1.62549333333 412.114624261
-1.62049066667 412.070151969
-1.615488 412.187888861
-1.61048533333 412.148123588
-1.60548266667 412.259236057
-1.60048 412.178095647
-1.59547733333 412.243652807
-1.59047466667 412.242590257
-1.585472 412.336271247
-1.58046933333 412.168465251
-1.57546666667 412.320668231
-1.570464 412.204292868
-1.56546133333 412.329549778
-1.56045866667 412.127726373
-1.555456 412.227603947
-1.55045333333 412.068407073
-1.54545066667 412.257723564
-1.540448 412.102376589
-1.53544533333 412.205820693
-1.53044266667 412.110720304
-1.52544 412.160544961
-1.52043733333 412.026739631
-1.51543466667 412.182861904
-1.510432 412.114355102
-1.50542933333 412.192550006
-1.50042666667 412.08077229
-1.495424 412.163741807
-1.49042133333 412.0159389
-1.48541866667 412.109837329
-1.480416 412.089847592
-1.47541333333 412.21478787
-1.47041066667 412.09185501
-1.465408 412.188854439
-1.46040533333 412.03027647
-1.45540266667 412.186917497
-1.4504 412.02224164
-1.44539733333 412.149965281
-1.44039466667 412.084245312
-1.435392 412.153707824
-1.43038933333 412.03251546
-1.42538666667 412.202023703
-1.420384 412.036768031
-1.41538133333 412.144825843
-1.41037866667 412.038416808
-1.405376 412.100482745
-1.40037333333 411.916313951
-1.39537066667 412.117189635
-1.390368 411.970645746
-1.38536533333 412.064540631
-1.38036266667 411.970319811
-1.37536 412.021769679
-1.37035733333 411.909439074
-1.36535466667 411.956055364
-1.360352 411.942913578
-1.35534933333 411.988843369
-1.35034666667 411.86193941
-1.345344 412.042120814
-1.34034133333 411.95668603
-1.33533866667 412.047223296
-1.330336 411.971978752
-1.32533333333 412.032992679
-1.32033066667 411.957964349
-1.315328 412.108001827
-1.31032533333 411.934905094
-1.30532266667 412.002821333
-1.30032 411.937570434
-1.29531733333 412.130473109
-1.29031466667 411.969716943
-1.285312 412.094886149
-1.28030933333 412.037947065
-1.27530666667 412.078642991
-1.270304 411.966461325
-1.26530133333 412.025380452
-1.26029866667 411.995593147
-1.255296 412.089686765
-1.25029333333 412.018484198
-1.24529066667 412.105321089
-1.240288 412.044319199
-1.23528533333 412.119427519
-1.23028266667 411.971443525
-1.22528 412.074688591
-1.22027733333 412.02183201
-1.21527466667 412.116500285
-1.210272 411.921883436
-1.20526933333 412.059053996
-1.20026666667 411.967766721
-1.195264 412.091472379
-1.19026133333 411.944041002
-1.18525866667 412.066160875
-1.180256 411.929223486
-1.17525333333 412.042016506
-1.17025066667 411.945751435
-1.165248 412.126507839
-1.16024533333 412.078982417
-1.15524266667 412.096492576
-1.15024 411.96484295
-1.14523733333 411.994789788
-1.14023466667 411.910655029
-1.135232 411.945765299
-1.13022933333 411.803994699
-1.12522666667 411.831167216
-1.120224 411.6196193
-1.11522133333 411.702110094
-1.11021866667 411.336203837
-1.105216 411.090471205
-1.10021333333 411.012490194
-1.09521066667 410.943796939
-1.090208 410.355941821
-1.08520533333 410.407016951
-1.08020266667 409.937921055
-1.0752 409.698408814
-1.07019733333 409.290601354
-1.06519466667 408.842349901
-1.060192 408.519427785
-1.05518933333 408.459675248
-1.05018666667 407.90245846
-1.045184 407.516093819
-1.04018133333 406.948684459
-1.03517866667 406.785367519
-1.030176 406.419893983
-1.02517333333 406.496371452
-1.02017066667 406.196523985
-1.015168 406.24663257
-1.01016533333 405.930326885
-1.00516266667 406.119921592
-1.00016 406.008786015
-0.995157333333 406.207492346
-0.990154666667 406.01186573
-0.985152 406.024581564
-0.980149333333 405.910650642
-0.975146666667 405.944191031
-0.970144 405.988460029
-0.965141333333 406.22966397
-0.960138666667 406.179878035
-0.955136 406.330385554
-0.950133333333 406.036001548
-0.945130666667 406.070987996
-0.940128 405.978384094
-0.935125333333 406.222533298
-0.930122666667 406.293944379
-0.92512 406.407588192
-0.920117333333 406.28814774
-0.915114666667 406.489818538
-0.910112 406.245200243
-0.905109333333 406.409351155
-0.900106666667 406.381838347
-0.895104 406.736632695
-0.890101333333 406.642057005
-0.885098666667 406.796774083
-0.880096 406.925905264
-0.875093333333 407.247336533
-0.870090666667 407.464964044
-0.865088 408.335258293
-0.860085333333 409.190534805
-0.855082666667 409.553022832
-0.85008 410.346887688
-0.845077333333 411.338130005
-0.840074666667 411.295566127
-0.835072 411.399579017
-0.830069333333 411.212097775
-0.825066666667 411.351686467
-0.820064 411.264949429
-0.815061333333 411.328137197
-0.810058666667 411.192414809
-0.805056 411.303784045
-0.800053333333 411.209373612
-0.795050666667 411.319553537
-0.790048 411.186555189
-0.785045333333 411.300378104
-0.780042666667 411.163904123
-0.77504 411.252937433
-0.770037333333 411.173274142
-0.765034666667 411.221194771
-0.760032 411.16986457
-0.755029333333 411.275725599
-0.750026666667 411.142722288
-0.745024 411.231324601
-0.740021333333 411.240969693
-0.735018666667 411.2949093
-0.730016 411.21291516
-0.725013333333 411.320769443
-0.720010666667 411.242469496
-0.715008 411.342381973
-0.710005333333 411.138342202
-0.705002666667 411.33465549
-0.7 411.122197903
-0.694997333333 411.304439317
-0.689994666667 411.158345395
-0.684992 411.292054845
-0.679989333333 411.248363607
-0.674986666667 411.335826059
-0.669984 411.255826101
-0.664981333333 411.333618673
-0.659978666667 411.250545747
-0.654976 411.325544559
-0.649973333333 411.203761063
-0.644970666667 411.36315679
-0.639968 411.308313867
-0.634965333333 411.410399812
-0.629962666667 411.254259208
-0.62496 411.390594672
-0.619957333333 411.241206862
-0.614954666667 411.403196241
-0.609952 411.299139103
-0.604949333333 411.418102278
-0.599946666667 411.248701991
-0.594944 411.427888472
-0.589941333333 411.248625395
-0.584938666667 411.402346453
-0.579936 411.21244813
-0.574933333333 411.346390466
-0.569930666667 411.180458843
-0.564928 411.356350854
-0.559925333333 411.290698747
-0.554922666667 411.314384828
-0.54992 411.23828677
-0.544917333333 411.385687085
-0.539914666667 411.246316103
-0.534912 411.348842137
-0.529909333333 411.162771962
-0.524906666667 411.29793877
-0.519904 411.163491143
-0.514901333333 411.329410723
-0.509898666667 411.185928793
-0.504896 411.254004608
-0.499893333333 411.128173506
-0.494890666667 411.288219102
-0.489888 411.116855967
-0.484885333333 411.283834974
-0.479882666667 411.16836111
-0.47488 411.384280763
-0.469877333333 411.204078771
-0.464874666667 411.273123056
-0.459872 411.212378779
-0.454869333333 411.302684028
-0.449866666667 411.184217272
-0.444864 411.369379552
-0.439861333333 411.201889302
-0.434858666667 411.33628788
-0.429856 411.137883004
-0.424853333333 411.274522129
-0.419850666667 411.153708645
-0.414848 411.289905913
-0.409845333333 411.215670239
-0.404842666667 411.365189933
-0.39984 411.252663008
-0.394837333333 411.338487282
-0.389834666667 411.245643523
-0.384832 411.361273505
-0.379829333333 411.247044828
-0.374826666667 411.381724125
-0.369824 411.14828719
-0.364821333333 411.267113345
-0.359818666667 411.088222871
-0.354816 411.233612977
-0.349813333333 411.014799749
-0.344810666667 411.244102343
-0.339808 411.058276984
-0.334805333333 411.14113647
-0.329802666667 410.980137741
-0.3248 411.063518812
-0.319797333333 411.016257608
-0.314794666667 411.123074288
-0.309792 410.902828937
-0.304789333333 411.033040598
-0.299786666667 410.940525803
-0.294784 411.067713435
-0.289781333333 410.862720684
-0.284778666667 410.984628042
-0.279776 410.875471073
-0.274773333333 411.003109955
-0.269770666667 410.891238936
-0.264768 410.96673614
-0.259765333333 410.923028863
-0.254762666667 410.95200486
-0.24976 410.731009286
-0.244757333333 410.728972079
-0.239754666667 410.511711018
-0.234752 410.396368142
-0.229749333333 410.210436141
-0.224746666667 410.321908919
-0.219744 410.180381913
-0.214741333333 410.335705708
-0.209738666667 410.15889086
-0.204736 410.187841633
-0.199733333333 410.110847879
-0.194730666667 410.239763093
-0.189728 410.110362886
-0.184725333333 410.279180714
-0.179722666667 410.211829453
-0.17472 410.252419064
-0.169717333333 410.156172641
-0.164714666667 410.189865508
-0.159712 410.092926011
-0.154709333333 410.219369535
-0.149706666667 410.004558926
-0.144704 410.061691985
-0.139701333333 409.994288139
-0.134698666667 410.066509503
-0.129696 409.964601325
-0.124693333333 409.977669427
-0.119690666667 410.117432921
-0.114688 410.155677075
-0.109685333333 409.976176655
-0.104682666667 410.012344271
-0.09968 409.990709128
-0.0946773333333 410.067662106
-0.0896746666667 410.148467157
-0.084672 410.137929465
-0.0796693333333 410.124569532
-0.0746666666667 410.146981895
-0.069664 410.007146328
-0.0646613333333 410.076806298
-0.0596586666667 410.05629025
-0.054656 410.097390054
-0.0496533333333 409.986508671
-0.0446506666667 410.046365483
-0.039648 410.035575988
-0.0346453333333 410.005765998
-0.0296426666667 409.904045152
-0.02464 409.971635477
-0.0196373333333 409.973038185
-0.0146346666667 410.013785027
-0.009632 409.944738437
-0.00462933333333 410.023572084
