-9.99995733333 367.721132552
-9.99495466667 367.759061701
-9.989952 367.781114726
-9.98494933333 367.826382467
-9.97994666667 367.75378581
-9.974944 367.753939821
-9.96994133333 367.768595131
-9.96493866667 367.77064122
-9.959936 367.775296464
-9.95493333333 367.765740942
-9.94993066667 367.770529219
-9.944928 367.816825822
-9.93992533333 367.762835395
-9.93492266667 367.783659175
-9.92992 367.83439185
-9.92491733333 367.827423832
-9.91991466667 367.878212371
-9.914912 367.854084458
-9.90990933333 367.865319563
-9.90490666667 367.87636698
-9.899904 367.936794809
-9.89490133333 367.938446177
-9.88989866667 367.93352234
-9.884896 367.926154696
-9.87989333333 367.906884866
-9.87489066667 367.985277419
-9.869888 367.971979821
-9.86488533333 368.029573944
-9.85988266667 368.002120824
-9.85488 368.051498837
-9.84987733333 368.047416089
-9.84487466667 368.13790287
-9.839872 368.143272477
-9.83486933333 368.171843385
-9.82986666667 368.12671238
-9.824864 368.180434376
-9.81986133333 368.209054289
-9.81485866667 368.230546971
-9.809856 368.2985595
-9.80485333333 368.302394289
-9.79985066667 368.28542111
-9.794848 368.318341294
-9.78984533333 368.294259218
-9.78484266667 368.287416848
-9.77984 368.278987094
-9.77483733333 368.326730527
-9.76983466667 368.383220834
-9.764832 368.387655495
-9.75982933333 368.356836577
-9.75482666667 368.297846446
-9.749824 368.277601239
-9.74482133333 368.30595078
-9.73981866667 368.33507353
-9.734816 368.390155598
-9.72981333333 368.345540887
-9.72481066667 368.335531775
-9.719808 368.362820583
-9.71480533333 368.373536178
-9.70980266667 368.352839162
-9.7048 368.314564374
-9.69979733333 368.37206919
-9.69479466667 368.372480491
-9.689792 368.361606673
-9.68478933333 368.356172045
-9.67978666667 368.378049965
-9.674784 368.436337222
-9.66978133333 368.377622685
-9.66477866667 368.414120055
-9.659776 368.343946492
-9.65477333333 368.379470638
-9.64977066667 368.316841516
-9.644768 368.385913702
-9.63976533333 368.357470006
-9.63476266667 368.347946029
-9.62976 368.338255573
-9.62475733333 368.320388113
-9.61975466667 368.368342762
-9.614752 368.378601749
-9.60974933333 368.384939674
-9.60474666667 368.42995601
-9.599744 368.382774187
-9.59474133333 368.398617779
-9.58973866667 368.329594258
-9.584736 368.405691817
-9.57973333333 368.377057863
-9.57473066667 368.410884567
-9.569728 368.354207457
-9.56472533333 368.413446547
-9.55972266667 368.344417195
-9.55472 368.325426711
-9.54971733333 368.361670889
-9.54471466667 368.375492192
-9.539712 368.344996806
-9.53470933333 368.280107556
-9.52970666667 368.322361923
-9.524704 368.333831117
-9.51970133333 368.314424747
-9.51469866667 368.381716469
-9.509696 368.32354926
-9.50469333333 368.232107568
-9.49969066667 368.245812582
-9.494688 368.219614307
-9.48968533333 368.167054482
-9.48468266667 368.20380115
-9.47968 368.114814337
-9.47467733333 368.061143028
-9.46967466667 368.004354668
-9.464672 368.062447005
-9.45966933333 368.044079221
-9.45466666667 368.032820526
-9.449664 367.976355513
-9.44466133333 368.02350371
-9.43965866667 367.940639853
-9.434656 367.935426339
-9.42965333333 367.920114375
-9.42465066667 367.946425405
-9.419648 367.928537801
-9.41464533333 367.934080136
-9.40964266667 367.946593101
-9.40464 367.912939059
-9.39963733333 367.816830149
-9.39463466667 367.84018048
-9.389632 367.880720487
-9.38462933333 367.897609488
-9.37962666667 367.802530049
-9.374624 367.777867588
-9.36962133333 367.808337191
-9.36461866667 367.816638298
-9.359616 367.69073206
-9.35461333333 367.786731068
-9.34961066667 367.71691305
-9.344608 367.738546217
-9.33960533333 367.669856102
-9.33460266667 367.695594455
-9.3296 367.696669957
-9.32459733333 367.731394839
-9.31959466667 367.695670702
-9.314592 367.704955185
-9.30958933333 367.655432145
-9.30458666667 367.699334198
-9.299584 367.721660787
-9.29458133333 367.754522302
-9.28957866667 367.696458482
-9.284576 367.754764886
-9.27957333333 367.71310512
-9.27457066667 367.73278826
-9.269568 367.673138999
-9.26456533333 367.773431134
-9.25956266667 367.704919062
-9.25456 367.691031939
-9.24955733333 367.690578223
-9.24455466667 367.72564996
-9.239552 367.677672804
-9.23454933333 367.745456009
-9.22954666667 367.715295533
-9.224544 367.691963884
-9.21954133333 367.659163551
-9.21453866667 367.613623213
-9.209536 367.680944598
-9.20453333333 367.699376662
-9.19953066667 367.666435123
-9.194528 367.670802624
-9.18952533333 367.657907806
-9.18452266667 367.690375837
-9.17952 367.687735174
-9.17451733333 367.66685526
-9.16951466667 367.66875015
-9.164512 367.649192819
-9.15950933333 367.591072828
-9.15450666667 367.679910604
-9.149504 367.673452195
-9.14450133333 367.689950629
-9.13949866667 367.65910968
-9.134496 367.680258081
-9.12949333333 367.594027867
-9.12449066667 367.627405777
-9.119488 367.624433794
-9.11448533333 367.670194402
-9.10948266667 367.651302896
-9.10448 367.659565127
-9.09947733333 367.604172832
-9.09447466667 367.640200706
-9.089472 367.583290076
-9.08446933333 367.689624626
-9.07946666667 367.61273657
-9.074464 367.660163301
-9.06946133333 367.634870907
-9.06445866667 367.674468561
-9.059456 367.604296775
-9.05445333333 367.630487385
-9.04945066667 367.651822727
-9.044448 367.662100158
-9.03944533333 367.617728401
-9.03444266667 367.67912377
-9.02944 367.664147
-9.02443733333 367.690445729
-9.01943466667 367.649172404
-9.014432 367.739554922
-9.00942933333 367.737022963
-9.00442666667 367.745769158
-8.999424 367.676330367
-8.99442133333 367.692054787
-8.98941866667 367.694280878
-8.984416 367.743389748
-8.97941333333 367.66485693
-8.97441066667 367.743248684
-8.969408 367.759998735
-8.96440533333 367.687963865
-8.95940266667 367.621293561
-8.9544 367.631679491
-8.94939733333 367.589557734
-8.94439466667 367.599248857
-8.939392 367.595644772
-8.93438933333 367.59171452
-8.92938666667 367.588609029
-8.924384 367.617602479
-8.91938133333 367.586083962
-8.91437866667 367.640741383
-8.909376 367.535314172
-8.90437333333 367.56169144
-8.89937066667 367.548304637
-8.894368 367.512840042
-8.88936533333 367.527742522
-8.88436266667 367.567637629
-8.87936 367.500954936
-8.87435733333 367.467659329
-8.86935466667 367.492659864
-8.864352 367.527257127
-8.85934933333 367.478092265
-8.85434666667 367.485580985
-8.849344 367.409337949
-8.84434133333 367.414078246
-8.83933866667 367.369494641
-8.834336 367.392017604
-8.82933333333 367.381676947
-8.82433066667 367.393797663
-8.819328 367.356934877
-8.81432533333 367.369887313
-8.80932266667 367.366947809
-8.80432 367.342949989
-8.79931733333 367.334853581
-8.79431466667 367.384067127
-8.789312 367.355910172
-8.78430933333 367.365535478
-8.77930666667 367.312979715
-8.774304 367.368270676
-8.76930133333 367.376885067
-8.76429866667 367.41020991
-8.759296 367.358157454
-8.75429333333 367.39394554
-8.74929066667 367.371621683
-8.744288 367.436920017
-8.73928533333 367.412477221
-8.73428266667 367.46352608
-8.72928 367.436842278
-8.72427733333 367.463435324
-8.71927466667 367.390678661
-8.714272 367.399513478
-8.70926933333 367.397482242
-8.70426666667 367.457093589
-8.699264 367.451683739
-8.69426133333 367.475245982
-8.68925866667 367.47887188
-8.684256 367.436614185
-8.67925333333 367.430984741
-8.67425066667 367.434170134
-8.669248 367.454193229
-8.66424533333 367.480289998
-8.65924266667 367.401645041
-8.65424 367.405074811
-8.64923733333 367.392068236
-8.64423466667 367.392027199
-8.639232 367.4207333
-8.63422933333 367.447473499
-8.62922666667 367.444207503
-8.624224 367.413266099
-8.61922133333 367.402215552
-8.61421866667 367.402420486
-8.609216 367.440583931
-8.60421333333 367.431661
-8.59921066667 367.367869843
-8.594208 367.383339888
-8.58920533333 367.356622385
-8.58420266667 367.422464399
-8.5792 367.336773052
-8.57419733333 367.347125273
-8.56919466667 367.35385814
-8.564192 367.380747281
-8.55918933333 367.297741881
-8.55418666667 367.265996975
-8.549184 367.226632945
-8.54418133333 367.295977338
-8.53917866667 367.322046949
-8.534176 367.29315535
-8.52917333333 367.266690851
-8.52417066667 367.268129679
-8.519168 367.279578666
-8.51416533333 367.2621386
-8.50916266667 367.266213681
-8.50416 367.28517004
-8.49915733333 367.20673077
-8.49415466667 367.232756266
-8.489152 367.233114046
-8.48414933333 367.297421246
-8.47914666667 367.237149475
-8.474144 367.226771019
-8.46914133333 367.221050227
-8.46413866667 367.263806444
-8.459136 367.251461224
-8.45413333333 367.274794853
-8.44913066667 367.258612937
-8.444128 367.278874812
-8.43912533333 367.201461454
-8.43412266667 367.25219788
-8.42912 367.235828088
-8.42411733333 367.268056843
-8.41911466667 367.247166785
-8.414112 367.306830488
-8.40910933333 367.263660563
-8.40410666667 367.264671964
-8.399104 367.208000856
-8.39410133333 367.259713494
-8.38909866667 367.272025376
-8.384096 367.276173707
-8.37909333333 367.231578903
-8.37409066667 367.257835198
-8.369088 367.205737503
-8.36408533333 367.321756891
-8.35908266667 367.279139274
-8.35408 367.334554777
-8.34907733333 367.313504411
-8.34407466667 367.255190189
-8.339072 367.251586184
-8.33406933333 367.265390935
-8.32906666667 367.255531242
-8.324064 367.335607259
-8.31906133333 367.338581961
-8.31405866667 367.282653088
-8.309056 367.282778907
-8.30405333333 367.252639342
-8.29905066667 367.268911179
-8.294048 367.308129168
-8.28904533333 367.227908639
-8.28404266667 367.332307928
-8.27904 367.218539712
-8.27403733333 367.290223747
-8.26903466667 367.255878981
-8.264032 367.315335841
-8.25902933333 367.261490785
-8.25402666667 367.341832507
-8.249024 367.353451198
-8.24402133333 367.392397139
-8.23901866667 367.395461843
-8.234016 367.439262625
-8.22901333333 367.394467709
-8.22401066667 367.446962667
-8.219008 367.443752142
-8.21400533333 367.468299468
-8.20900266667 367.477647535
-8.204 367.497395638
-8.19899733333 367.571910712
-8.19399466667 367.603826634
-8.188992 367.584480253
-8.18398933333 367.564324319
-8.17898666667 367.504474476
-8.173984 367.603503565
-8.16898133333 367.636771423
-8.16397866667 367.644538852
-8.158976 367.669691241
-8.15397333333 367.666525714
-8.14897066667 367.695810893
-8.143968 367.831571367
-8.13896533333 367.836899406
-8.13396266667 367.825746511
-8.12896 367.783882884
-8.12395733333 367.782941977
-8.11895466667 367.672020228
-8.113952 367.734879565
-8.10894933333 367.688701268
-8.10394666667 367.7308694
-8.098944 367.645554039
-8.09394133333 367.676464905
-8.08893866667 367.646776002
-8.083936 367.685777068
-8.07893333333 367.623255757
-8.07393066667 367.723696861
-8.068928 367.612782109
-8.06392533333 367.67302811
-8.05892266667 367.559816198
-8.05392 367.536525784
-8.04891733333 367.527954264
-8.04391466667 367.577186477
-8.038912 367.523407771
-8.03390933333 367.545276911
-8.02890666667 367.500879297
-8.023904 367.497620485
-8.01890133333 367.455604646
-8.01389866667 367.493213892
-8.008896 367.468227947
-8.00389333333 367.508658129
-7.99889066667 367.437284583
-7.993888 367.451007287
-7.98888533333 367.43103436
-7.98388266667 367.432503408
-7.97888 367.445161568
-7.97387733333 367.49489244
-7.96887466667 367.384352138
-7.963872 367.390559111
-7.95886933333 367.347466055
-7.95386666667 367.396281581
-7.948864 367.326128257
-7.94386133333 367.376725212
-7.93885866667 367.326484129
-7.933856 367.334877241
-7.92885333333 367.348365489
-7.92385066667 367.348933152
-7.918848 367.336103268
-7.91384533333 367.395598796
-7.90884266667 367.369944506
-7.90384 367.355210319
-7.89883733333 367.265387997
-7.89383466667 367.289405548
-7.888832 367.308138663
-7.88382933333 367.3451752
-7.87882666667 367.230928498
-7.873824 367.252853927
-7.86882133333 367.253637704
-7.86381866667 367.295493705
-7.858816 367.250474164
-7.85381333333 367.275014967
-7.84881066667 367.28059459
-7.843808 367.284572255
-7.83880533333 367.199165404
-7.83380266667 367.22757776
-7.8288 367.209850348
-7.82379733333 367.184591286
-7.81879466667 367.203665919
-7.813792 367.298226901
-7.80878933333 367.318494254
-7.80378666667 367.333659619
-7.798784 367.346643142
-7.79378133333 367.402926985
-7.78877866667 367.459942503
-7.783776 367.558371565
-7.77877333333 367.53864803
-7.77377066667 367.607502408
-7.768768 367.536567544
-7.76376533333 367.675046924
-7.75876266667 367.665662876
-7.75376 367.663592651
-7.74875733333 367.637995105
-7.74375466667 367.67164279
-7.738752 367.698404012
-7.73374933333 367.692615014
-7.72874666667 367.684226828
-7.723744 367.688917608
-7.71874133333 367.68462564
-7.71373866667 367.703683897
-7.708736 367.685759316
-7.70373333333 367.671606247
-7.69873066667 367.710241983
-7.693728 367.730599762
-7.68872533333 367.710198956
-7.68372266667 367.691406782
-7.67872 367.639191595
-7.67371733333 367.684186604
-7.66871466667 367.679204046
-7.663712 367.772207927
-7.65870933333 367.665392104
-7.65370666667 367.69608791
-7.648704 367.639631409
-7.64370133333 367.56953278
-7.63869866667 367.5712379
-7.633696 367.554588925
-7.62869333333 367.567563976
-7.62369066667 367.636291928
-7.618688 367.575358634
-7.61368533333 367.656069268
-7.60868266667 367.590716954
-7.60368 367.673518174
-7.59867733333 367.770009747
-7.59367466667 368.01949594
-7.588672 368.036408728
-7.58366933333 368.172339215
-7.57866666667 368.18627119
-7.573664 368.33943654
-7.56866133333 368.350494851
-7.56365866667 368.474179648
-7.558656 368.563239689
-7.55365333333 368.507174853
-7.54865066667 368.627181461
-7.543648 368.762570427
-7.53864533333 368.840533126
-7.53364266667 368.947202646
-7.52864 368.97028865
-7.52363733333 369.043404682
-7.51863466667 369.052213826
-7.513632 369.030344343
-7.50862933333 368.977549563
-7.50362666667 369.064042994
-7.498624 369.010961154
-7.49362133333 369.077747287
-7.48861866667 369.064409592
-7.483616 369.127588618
-7.47861333333 369.054631472
-7.47361066667 369.066626913
-7.468608 369.133137129
-7.46360533333 369.163168324
-7.45860266667 369.198007726
-7.4536 369.320350029
-7.44859733333 369.366156074
-7.44359466667 369.432645403
-7.438592 369.42616692
-7.43358933333 369.444141824
-7.42858666667 369.466250494
-7.423584 369.535580689
-7.41858133333 369.47574342
-7.41357866667 369.382953868
-7.408576 368.198243711
-7.40357333333 365.377579121
-7.39857066667 362.397536289
-7.393568 360.662422301
-7.38856533333 360.896284118
-7.38356266667 364.103735492
-7.37856 369.482713621
-7.37355733333 370.1266556
-7.36855466667 370.361306628
-7.363552 370.021230381
-7.35854933333 369.517882885
-7.35354666667 369.056262371
-7.348544 368.584222497
-7.34354133333 368.412354744
-7.33853866667 367.452853941
-7.333536 367.060447801
-7.32853333333 365.64758927
-7.32353066667 362.942677676
-7.318528 363.117878792
-7.31352533333 363.276785765
-7.30852266667 361.262326811
-7.30352 360.629216822
-7.29851733333 360.77180569
-7.29351466667 360.013077708
-7.288512 359.50995776
-7.28350933333 359.479196295
-7.27850666667 359.398644988
-7.273504 358.897140447
-7.26850133333 360.923062318
-7.26349866667 361.843839286
-7.258496 360.910015463
-7.25349333333 359.993640122
-7.24849066667 360.128188775
-7.243488 359.215416433
-7.23848533333 357.912578337
-7.23348266667 357.147560576
-7.22848 356.316718332
-7.22347733333 355.411386931
-7.21847466667 354.621600432
-7.213472 354.786056943
-7.20846933333 354.489859874
-7.20346666667 354.092500549
-7.198464 353.734666908
-7.19346133333 352.791778591
-7.18845866667 352.468100258
-7.183456 354.290296634
-7.17845333333 355.810711798
-7.17345066667 357.225153073
-7.168448 357.956401601
-7.16344533333 358.272032421
-7.15844266667 358.377457549
-7.15344 359.007856405
-7.14843733333 359.663322693
-7.14343466667 360.091583058
-7.138432 360.151386534
-7.13342933333 360.286475699
-7.12842666667 360.182562679
-7.123424 360.171124013
-7.11842133333 360.059002625
-7.11341866667 360.122154967
-7.108416 359.918533433
-7.10341333333 359.681711528
-7.09841066667 359.240223142
-7.093408 358.952669971
-7.08840533333 358.57307628
-7.08340266667 358.45987293
-7.0784 358.184951734
-7.07339733333 358.045848066
-7.06839466667 357.827530864
-7.063392 357.791902908
-7.05838933333 357.807972419
-7.05338666667 357.91833877
-7.048384 357.86758649
-7.04338133333 357.897395086
-7.03837866667 357.835266148
-7.033376 357.785226846
-7.02837333333 357.761088908
-7.02337066667 357.743778101
-7.018368 357.624158888
-7.01336533333 357.579458754
-7.00836266667 357.552360447
-7.00336 357.593636096
-6.99835733333 357.561894723
-6.99335466667 357.542078272
-6.988352 357.485192449
-6.98334933333 357.362706598
-6.97834666667 357.195490217
-6.973344 357.033647331
-6.96834133333 356.436607338
-6.96333866667 355.544190009
-6.958336 354.762453773
-6.95333333333 354.489555722
-6.94833066667 354.360497445
-6.943328 354.415486336
-6.93832533333 354.330741793
-6.93332266667 354.431385072
-6.92832 354.750059757
-6.92331733333 354.944830383
-6.91831466667 354.781710172
-6.913312 354.268425349
-6.90830933333 353.757669044
-6.90330666667 354.295487478
-6.898304 355.189809122
-6.89330133333 355.39359334
-6.88829866667 355.323202971
-6.883296 355.247934415
-6.87829333333 355.103424157
-6.87329066667 355.082870093
-6.868288 354.939144883
-6.86328533333 354.77028926
-6.85828266667 354.34108909
-6.85328 353.527292014
-6.84827733333 352.952068907
-6.84327466667 352.808402574
-6.838272 352.79818795
-6.83326933333 352.354977256
-6.82826666667 351.490274842
-6.823264 350.783185566
-6.81826133333 350.84419729
-6.81325866667 352.365321371
-6.808256 353.050614619
-6.80325333333 352.443141932
-6.79825066667 352.155579227
-6.793248 352.012544813
-6.78824533333 352.520833019
-6.78324266667 353.075474898
-6.77824 353.205226169
-6.77323733333 353.216908354
-6.76823466667 353.07739959
-6.763232 352.531306317
-6.75822933333 352.047522157
-6.75322666667 351.751662087
-6.748224 351.483657036
-6.74322133333 351.337157197
-6.73821866667 351.12927594
-6.733216 350.893377583
-6.72821333333 350.550487804
-6.72321066667 350.176443449
-6.718208 349.312793625
-6.71320533333 348.755252128
-6.70820266667 348.594119717
-6.7032 348.4982913
-6.69819733333 348.506169991
-6.69319466667 348.61793836
-6.688192 349.171951459
-6.68318933333 349.306416315
-6.67818666667 349.450520309
-6.673184 349.618611168
-6.66818133333 349.735580604
-6.66317866667 349.682935962
-6.658176 349.980641589
-6.65317333333 350.228336205
-6.64817066667 350.337458014
-6.643168 350.073055471
-6.63816533333 347.658232396
-6.63316266667 347.167426635
-6.62816 347.953139934
-6.62315733333 348.942323797
-6.61815466667 348.043108372
-6.613152 349.866373849
-6.60814933333 350.465657057
-6.60314666667 351.122598737
-6.598144 351.601978972
-6.59314133333 352.240899464
-6.58813866667 352.75980924
-6.583136 353.249109802
-6.57813333333 353.618066458
-6.57313066667 354.091715955
-6.568128 354.448907167
-6.56312533333 354.731875716
-6.55812266667 354.998299724
-6.55312 355.363490929
-6.54811733333 355.668753331
-6.54311466667 356.068160889
-6.538112 356.422057527
-6.53310933333 357.091437221
-6.52810666667 357.594927756
-6.523104 357.942040321
-6.51810133333 358.288488113
-6.51309866667 358.705264999
-6.508096 359.119208517
-6.50309333333 359.454654693
-6.49809066667 359.86165217
-6.493088 360.287055409
-6.48808533333 360.741575496
-6.48308266667 361.252492806
-6.47808 361.619153415
-6.47307733333 362.187567921
-6.46807466667 362.605363305
-6.463072 363.079785513
-6.45806933333 363.433626779
-6.45306666667 363.9447979
-6.448064 364.371084517
-6.44306133333 365.096631139
-6.43805866667 365.814771265
-6.433056 366.044038249
-6.42805333333 366.047844009
-6.42305066667 365.979332086
-6.418048 365.856798318
-6.41304533333 366.087950432
-6.40804266667 366.014340827
-6.40304 366.118212286
-6.39803733333 366.136952011
-6.39303466667 366.19124972
-6.388032 366.184231988
-6.38302933333 366.196568024
-6.37802666667 366.297538963
-6.373024 366.449011171
-6.36802133333 366.524526135
-6.36301866667 366.483902403
-6.358016 366.480403786
-6.35301333333 366.568278157
-6.34801066667 366.554105029
-6.343008 366.563611728
-6.33800533333 366.530655063
-6.33300266667 366.647272786
-6.328 366.64267335
-6.32299733333 366.701494609
-6.31799466667 366.728395063
-6.312992 366.822680216
-6.30798933333 366.831421013
-6.30298666667 366.894999362
-6.297984 366.839333081
-6.29298133333 366.906660909
-6.28797866667 366.940192541
-6.282976 366.942094682
-6.27797333333 366.926835609
-6.27297066667 366.95862524
-6.267968 366.89285026
-6.26296533333 366.928196416
-6.25796266667 366.905165614
-6.25296 366.973396094
-6.24795733333 367.002898984
-6.24295466667 367.018871771
-6.237952 366.920092588
-6.23294933333 367.029184989
-6.22794666667 367.009325354
-6.222944 367.067813935
-6.21794133333 367.073631064
-6.21293866667 367.065283524
-6.207936 367.09158981
-6.20293333333 367.18383801
-6.19793066667 367.167037236
-6.192928 367.235772856
-6.18792533333 367.265831021
-6.18292266667 367.315658651
-6.17792 367.205091817
-6.17291733333 367.194311871
-6.16791466667 367.115143651
-6.162912 367.12766468
-6.15790933333 367.207710578
-6.15290666667 367.230139633
-6.147904 367.263433168
-6.14290133333 367.375001022
-6.13789866667 367.335550304
-6.132896 367.326116688
-6.12789333333 367.247549728
-6.12289066667 367.332932452
-6.117888 367.324828758
-6.11288533333 367.356588975
-6.10788266667 367.26948156
-6.10288 367.220827178
-6.09787733333 367.184614066
-6.09287466667 367.2657766
-6.087872 367.155332581
-6.08286933333 367.261601505
-6.07786666667 367.164258616
-6.072864 367.174006087
-6.06786133333 367.130766917
-6.06285866667 367.188687263
-6.057856 367.079464153
-6.05285333333 367.120874973
-6.04785066667 367.007834753
-6.042848 366.980424809
-6.03784533333 366.929723708
-6.03284266667 366.977299137
-6.02784 366.980723469
-6.02283733333 367.040874846
-6.01783466667 366.962270133
-6.012832 366.984288808
-6.00782933333 366.892031386
-6.00282666667 366.92138511
-5.997824 366.869014856
-5.99282133333 366.924405465
-5.98781866667 366.8570801
-5.982816 366.929819864
-5.97781333333 366.830511541
-5.97281066667 366.781955157
-5.967808 366.747310955
-5.96280533333 366.861179652
-5.95780266667 366.734976542
-5.9528 366.766292813
-5.94779733333 366.758597802
-5.94279466667 366.774691934
-5.937792 366.703241584
-5.93278933333 366.78197345
-5.92778666667 366.768392773
-5.922784 366.827372781
-5.91778133333 366.760849464
-5.91277866667 366.781895751
-5.907776 366.736630704
-5.90277333333 366.799086012
-5.89777066667 366.702138941
-5.892768 366.787356459
-5.88776533333 366.748646673
-5.88276266667 366.830620824
-5.87776 366.729989174
-5.87275733333 366.819229999
-5.86775466667 366.782210821
-5.862752 366.87833291
-5.85774933333 366.817374552
-5.85274666667 366.868216605
-5.847744 366.893200657
-5.84274133333 366.882315199
-5.83773866667 366.906822298
-5.832736 366.992701144
-5.82773333333 366.996585119
-5.82273066667 367.068255415
-5.817728 367.037516154
-5.81272533333 367.062858036
-5.80772266667 367.045485088
-5.80272 367.085019318
-5.79771733333 367.013337489
-5.79271466667 367.079894127
-5.787712 367.014172577
-5.78270933333 367.094814607
-5.77770666667 367.015898843
-5.772704 367.089053874
-5.76770133333 367.028132282
-5.76269866667 367.083068275
-5.757696 367.021852811
-5.75269333333 367.071367463
-5.74769066667 367.066932097
-5.742688 367.176506865
-5.73768533333 367.129658501
-5.73268266667 367.152665598
-5.72768 367.058167021
-5.72267733333 367.105704035
-5.71767466667 367.06701475
-5.712672 367.163292052
-5.70766933333 367.146122685
-5.70266666667 367.166946641
-5.697664 367.034814493
-5.69266133333 367.065531659
-5.68765866667 367.064731113
-5.682656 367.196737866
-5.67765333333 367.085530959
-5.67265066667 367.164056651
-5.667648 367.158087481
-5.66264533333 367.228293989
-5.65764266667 367.107828141
-5.65264 367.123500632
-5.64763733333 367.126197677
-5.64263466667 367.188652699
-5.637632 367.137964505
-5.63262933333 367.17441402
-5.62762666667 367.184779323
-5.622624 367.217079709
-5.61762133333 367.099356636
-5.61261866667 367.163516386
-5.607616 367.095077514
-5.60261333333 367.19158861
-5.59761066667 367.102338984
-5.592608 367.219789962
-5.58760533333 367.151409442
-5.58260266667 367.187022165
-5.5776 367.167980393
-5.57259733333 367.201802884
-5.56759466667 367.146397431
-5.562592 367.198736264
-5.55758933333 367.161937153
-5.55258666667 367.307823983
-5.547584 367.23954553
-5.54258133333 367.318023233
-5.53757866667 367.239901733
-5.532576 367.287387219
-5.52757333333 367.23016335
-5.52257066667 367.285256061
-5.517568 367.299081872
-5.51256533333 367.327987789
-5.50756266667 367.247221746
-5.50256 367.241865323
-5.49755733333 367.256503234
-5.49255466667 367.348366134
-5.487552 367.338032043
-5.48254933333 367.36584763
-5.47754666667 367.328877959
-5.472544 367.411263012
-5.46754133333 367.39900987
-5.46253866667 367.419465539
-5.457536 367.417988618
-5.45253333333 367.453618771
-5.44753066667 367.36936138
-5.442528 367.427087586
-5.43752533333 367.420290216
-5.43252266667 367.469021146
-5.42752 367.494869606
-5.42251733333 367.600797535
-5.41751466667 367.542194675
-5.412512 367.577090441
-5.40750933333 367.571817702
-5.40250666667 367.631802198
-5.397504 367.567549596
-5.39250133333 367.649657582
-5.38749866667 367.576040311
-5.382496 367.684254677
-5.37749333333 367.641771377
-5.37249066667 367.643946094
-5.367488 367.621156083
-5.36248533333 367.697356818
-5.35748266667 367.656642067
-5.35248 367.699740822
-5.34747733333 367.621706504
-5.34247466667 367.65882873
-5.337472 367.627006159
-5.33246933333 367.728985259
-5.32746666667 367.735681088
-5.322464 367.753567487
-5.31746133333 367.716398389
-5.31245866667 367.778038888
-5.307456 367.800173577
-5.30245333333 367.838330223
-5.29745066667 367.804235548
-5.292448 367.860014942
-5.28744533333 367.836048887
-5.28244266667 367.858934903
-5.27744 367.809964703
-5.27243733333 367.881343182
-5.26743466667 367.860954785
-5.262432 367.890109142
-5.25742933333 367.837797939
-5.25242666667 367.903212501
-5.247424 367.841041014
-5.24242133333 367.89883004
-5.23741866667 367.879727933
-5.232416 367.942824848
-5.22741333333 367.925520972
-5.22241066667 367.946078894
-5.217408 367.890314467
-5.21240533333 367.970438008
-5.20740266667 367.960822521
-5.2024 368.067350539
-5.19739733333 368.068401398
-5.19239466667 368.111596604
-5.187392 368.088080625
-5.18238933333 368.100509874
-5.17738666667 368.088271618
-5.172384 368.135638823
-5.16738133333 368.150719488
-5.16237866667 368.203987477
-5.157376 368.263890468
-5.15237333333 368.363371727
-5.14737066667 368.402016952
-5.142368 368.619184361
-5.13736533333 368.601871875
-5.13236266667 368.756306199
-5.12736 368.791828435
-5.12235733333 368.861550036
-5.11735466667 368.956164203
-5.112352 369.060861649
-5.10734933333 369.182078952
-5.10234666667 369.286926356
-5.097344 369.245118139
-5.09234133333 369.399199953
-5.08733866667 369.360852379
-5.082336 369.449811099
-5.07733333333 369.41673549
-5.07233066667 369.553442397
-5.067328 369.597162106
-5.06232533333 369.698333142
-5.05732266667 369.707564919
-5.05232 369.815111334
-5.04731733333 369.831724287
-5.04231466667 369.910582342
-5.037312 369.888716064
-5.03230933333 369.992819291
-5.02730666667 369.999733256
-5.022304 370.096636701
-5.01730133333 370.07306833
-5.01229866667 370.206110597
-5.007296 370.196554679
-5.00229333333 370.269792081
-4.99729066667 370.277927608
-4.992288 370.348522163
-4.98728533333 370.374235071
-4.98228266667 370.48518126
-4.97728 370.481266609
-4.97227733333 370.569095698
-4.96727466667 370.545622645
-4.962272 370.622320247
-4.95726933333 370.541871387
-4.95226666667 370.698351237
-4.947264 370.66389079
-4.94226133333 370.706676516
-4.93725866667 370.65347077
-4.932256 370.739604984
-4.92725333333 370.788068829
-4.92225066667 370.83127166
-4.917248 370.764829019
-4.91224533333 370.877044676
-4.90724266667 370.747652776
-4.90224 370.890252725
-4.89723733333 370.870208726
-4.89223466667 370.999011214
-4.887232 370.955186224
-4.88222933333 371.026962753
-4.87722666667 370.977497717
-4.872224 371.027841149
-4.86722133333 370.983452495
-4.86221866667 371.039093598
-4.857216 371.067431732
-4.85221333333 371.101370577
-4.84721066667 371.010341373
-4.842208 371.10876984
-4.83720533333 371.12823151
-4.83220266667 371.167638932
-4.8272 371.113958543
-4.82219733333 371.184432995
-4.81719466667 371.104815501
-4.812192 371.134340381
-4.80718933333 371.135934635
-4.80218666667 371.210921315
-4.797184 371.136092582
-4.79218133333 371.147137473
-4.78717866667 371.11621322
-4.782176 371.180818053
-4.77717333333 371.120122065
-4.77217066667 371.137447222
-4.767168 371.127363108
-4.76216533333 371.084330811
-4.75716266667 371.041435204
-4.75216 371.043682004
-4.74715733333 371.031963244
-4.74215466667 371.043820677
-4.737152 370.949821987
-4.73214933333 371.0069354
-4.72714666667 370.962238185
-4.722144 371.026952402
-4.71714133333 370.94582615
-4.71213866667 370.94644805
-4.707136 370.935272371
-4.70213333333 371.030503619
-4.69713066667 370.928285022
-4.692128 370.972407205
-4.68712533333 370.916651925
-4.68212266667 371.063177663
-4.67712 370.91827936
-4.67211733333 370.98868351
-4.66711466667 370.943066701
-4.662112 370.95758301
-4.65710933333 370.806921793
-4.65210666667 370.849250887
-4.647104 370.796307947
-4.64210133333 370.792921791
-4.63709866667 370.746840085
-4.632096 370.815382195
-4.62709333333 370.776011485
-4.62209066667 370.801811818
-4.617088 370.716360738
-4.61208533333 370.76536033
-4.60708266667 370.761602264
-4.60208 370.729549902
-4.59707733333 370.633336901
-4.59207466667 370.70209304
-4.587072 370.647134637
-4.58206933333 370.637672086
-4.57706666667 370.621413984
-4.572064 370.655846116
-4.56706133333 370.582356694
-4.56205866667 370.596549721
-4.557056 370.500251415
-4.55205333333 370.582876626
-4.54705066667 370.498817004
-4.542048 370.632538709
-4.53704533333 370.480973848
-4.53204266667 370.537935618
-4.52704 370.478344931
-4.52203733333 370.527931369
-4.51703466667 370.511944188
-4.512032 370.618660578
-4.50702933333 370.516573694
-4.50202666667 370.650181067
-4.497024 370.569556067
-4.49202133333 370.557491353
-4.48701866667 370.482425397
-4.482016 370.495606019
-4.47701333333 370.456479972
-4.47201066667 370.464473889
-4.467008 370.393206224
-4.46200533333 370.380006865
-4.45700266667 370.309496549
-4.452 370.323752015
-4.44699733333 370.269846752
-4.44199466667 370.337856391
-4.436992 370.250458927
-4.43198933333 370.259424233
-4.42698666667 370.139031394
-4.421984 370.138264851
-4.41698133333 370.078407133
-4.41197866667 370.044004625
-4.406976 369.970915791
-4.40197333333 370.126681515
-4.39697066667 369.975191843
-4.391968 370.203808823
-4.38696533333 370.195587075
-4.38196266667 370.318529905
-4.37696 370.239272998
-4.37195733333 370.235462549
-4.36695466667 370.183827887
-4.361952 370.456565457
-4.35694933333 370.506733558
-4.35194666667 370.692666552
-4.346944 370.647586163
-4.34194133333 370.802404083
-4.33693866667 370.932500055
-4.331936 371.115095053
-4.32693333333 371.163394068
-4.32193066667 371.215230247
-4.316928 371.224581202
-4.31192533333 371.334506624
-4.30692266667 371.358976979
-4.30192 371.355079889
-4.29691733333 371.353484284
-4.29191466667 371.405249324
-4.286912 371.31007135
-4.28190933333 371.393977616
-4.27690666667 371.458386591
-4.271904 371.675540383
-4.26690133333 371.600993139
-4.26189866667 371.628829384
-4.256896 371.613799888
-4.25189333333 371.666607336
-4.24689066667 371.63801135
-4.241888 371.717672573
-4.23688533333 371.605796459
-4.23188266667 371.700221171
-4.22688 371.655038503
-4.22187733333 371.718510519
-4.21687466667 371.66720791
-4.211872 371.691574056
-4.20686933333 371.698682936
-4.20186666667 371.778757028
-4.196864 371.723828677
-4.19186133333 371.786854928
-4.18685866667 371.751733876
-4.181856 371.87161268
-4.17685333333 371.797907536
-4.17185066667 371.872059195
-4.166848 371.841815391
-4.16184533333 371.932318704
-4.15684266667 371.838570384
-4.15184 371.902909177
-4.14683733333 371.896821664
-4.14183466667 371.984983836
-4.136832 371.952160084
-4.13182933333 371.981793048
-4.12682666667 371.908123339
-4.121824 371.937092901
-4.11682133333 371.914844227
-4.11181866667 372.011347037
-4.106816 371.99138132
-4.10181333333 372.086585321
-4.09681066667 372.00460403
-4.091808 372.131041514
-4.08680533333 372.103589158
-4.08180266667 372.163067369
-4.0768 372.108737481
-4.07179733333 372.270269625
-4.06679466667 372.249389936
-4.061792 372.346786576
-4.05678933333 372.275086763
-4.05178666667 372.323563574
-4.046784 372.29052434
-4.04178133333 372.352386163
-4.03677866667 372.336740302
-4.031776 372.298391111
-4.02677333333 372.229920206
-4.02177066667 372.25942705
-4.016768 372.195711348
-4.01176533333 372.223365094
-4.00676266667 372.256210119
-4.00176 372.250805251
-3.99675733333 372.264129335
-3.99175466667 372.298493954
-3.986752 372.219736407
-3.98174933333 372.234423068
-3.97674666667 372.165121015
-3.971744 372.223091106
-3.96674133333 372.131061268
-3.96173866667 372.18132157
-3.956736 372.057076939
-3.95173333333 372.148347269
-3.94673066667 372.074972791
-3.941728 372.149958406
-3.93672533333 372.070208226
-3.93172266667 372.109808128
-3.92672 372.06365291
-3.92171733333 372.090928074
-3.91671466667 371.986253925
-3.911712 372.062206738
-3.90670933333 371.988459428
-3.90170666667 372.0419526
-3.896704 371.939257622
-3.89170133333 371.99663767
-3.88669866667 371.979303806
-3.881696 371.993696555
-3.87669333333 371.858776495
-3.87169066667 371.961622469
-3.866688 371.836928365
-3.86168533333 371.878257638
-3.85668266667 371.809133474
-3.85168 371.821752048
-3.84667733333 371.798621223
-3.84167466667 371.858430765
-3.836672 371.743540893
-3.83166933333 371.759144798
-3.82666666667 371.716769405
-3.821664 371.777734783
-3.81666133333 371.737693233
-3.81165866667 371.777967915
-3.806656 371.75723275
-3.80165333333 371.781519162
-3.79665066667 371.705756484
-3.791648 371.750735698
-3.78664533333 371.73553887
-3.78164266667 371.797324233
-3.77664 371.690105034
-3.77163733333 371.771083613
-3.76663466667 371.736361639
-3.761632 371.772721675
-3.75662933333 371.758103058
-3.75162666667 371.812068876
-3.746624 371.725629525
-3.74162133333 371.845622219
-3.73661866667 371.790346127
-3.731616 371.88989448
-3.72661333333 371.862997449
-3.72161066667 371.984107527
-3.716608 371.919719524
-3.71160533333 372.052297721
-3.70660266667 372.046941392
-3.7016 372.111288457
-3.69659733333 372.043374606
-3.69159466667 372.111774016
-3.686592 372.097248134
-3.68158933333 372.31667486
-3.67658666667 372.165262206
-3.671584 372.276477981
-3.66658133333 372.180135602
-3.66157866667 372.308230712
-3.656576 372.222847053
-3.65157333333 372.339461141
-3.64657066667 372.240521126
-3.641568 372.321401629
-3.63656533333 372.242240028
-3.63156266667 372.303921148
-3.62656 372.307931582
-3.62155733333 372.293270849
-3.61655466667 372.343788511
-3.611552 372.509042621
-3.60654933333 372.407729304
-3.60154666667 372.631300374
-3.596544 372.410941597
-3.59154133333 372.472092014
-3.58653866667 372.490656672
-3.581536 372.509203065
-3.57653333333 372.42555299
-3.57153066667 372.582682967
-3.566528 372.50380632
-3.56152533333 372.618789162
-3.55652266667 372.629194212
-3.55152 372.658929065
-3.54651733333 372.604734502
-3.54151466667 372.513037352
-3.536512 372.462502282
-3.53150933333 372.554935892
-3.52650666667 372.385417645
-3.521504 372.359539226
-3.51650133333 372.218447967
-3.51149866667 372.191811465
-3.506496 371.923351977
-3.50149333333 371.568918965
-3.49649066667 370.969011941
-3.491488 370.786167004
-3.48648533333 370.532282262
-3.48148266667 370.460016412
-3.47648 370.429428948
-3.47147733333 370.849300981
-3.46647466667 371.052241792
-3.461472 371.17578198
-3.45646933333 371.041335628
-3.45146666667 371.053379393
-3.446464 370.820576057
-3.44146133333 370.866161172
-3.43645866667 370.772990287
-3.431456 370.816972655
-3.42645333333 370.58712175
-3.42145066667 370.568914191
-3.416448 370.478359352
-3.41144533333 370.485524582
-3.40644266667 370.389717043
-3.40144 370.501142515
-3.39643733333 370.379866115
-3.39143466667 370.429112135
-3.386432 370.307809433
-3.38142933333 370.403316753
-3.37642666667 370.297734272
-3.371424 370.34174246
-3.36642133333 370.168459923
-3.36141866667 370.125104673
-3.356416 369.676372834
-3.35141333333 369.352690301
-3.34641066667 369.170434818
-3.341408 369.190812987
-3.33640533333 369.059508759
-3.33140266667 369.0068164
-3.3264 368.795268339
-3.32139733333 368.94054614
-3.31639466667 368.825665306
-3.311392 368.945580237
-3.30638933333 368.784133572
-3.30138666667 368.865919418
-3.296384 368.761951911
-3.29138133333 368.831262522
-3.28637866667 368.793101691
-3.281376 368.846368244
-3.27637333333 368.788886579
-3.27137066667 368.966213056
-3.266368 368.979025371
-3.26136533333 369.181680088
-3.25636266667 369.262572154
-3.25136 369.397862525
-3.24635733333 369.387782076
-3.24135466667 369.502806768
-3.236352 369.588072613
-3.23134933333 369.698090447
-3.22634666667 369.672273859
-3.221344 369.907906688
-3.21634133333 370.000213612
-3.21133866667 370.326905266
-3.206336 370.485504489
-3.20133333333 370.881448445
-3.19633066667 371.119802555
-3.191328 371.671071541
-3.18632533333 371.888193875
-3.18132266667 372.273150498
-3.17632 372.371294387
-3.17131733333 372.647159878
-3.16631466667 372.641319282
-3.161312 372.737988363
-3.15630933333 372.642827375
-3.15130666667 372.829526212
-3.146304 372.763420554
-3.14130133333 372.87298739
-3.13629866667 372.828400935
-3.131296 372.647129897
-3.12629333333 371.648902654
-3.12129066667 370.171806219
-3.116288 369.599641834
-3.11128533333 369.410908859
-3.10628266667 369.318125055
-3.10128 369.581487544
-3.09627733333 369.803314681
-3.09127466667 370.066088275
-3.086272 370.096141026
-3.08126933333 370.277992364
-3.07626666667 370.121604683
-3.071264 369.760053681
-3.06626133333 369.034654226
-3.06125866667 368.657694366
-3.056256 367.882945877
-3.05125333333 367.230657321
-3.04625066667 366.249345531
-3.041248 365.321747907
-3.03624533333 364.473940643
-3.03124266667 363.723157311
-3.02624 363.014320555
-3.02123733333 362.471051658
-3.01623466667 361.84521007
-3.011232 361.518885375
-3.00622933333 361.118222492
-3.00122666667 360.890126855
-2.996224 360.509626977
-2.99122133333 360.292456761
-2.98621866667 359.965726634
-2.981216 360.049110922
-2.97621333333 359.741668297
-2.97121066667 359.382095585
-2.966208 358.770585556
-2.96120533333 358.585075224
-2.95620266667 358.182676004
-2.9512 357.832159521
-2.94619733333 356.010339728
-2.94119466667 354.763009566
-2.936192 354.799521431
-2.93118933333 355.542491323
-2.92618666667 356.358266784
-2.921184 356.871196365
-2.91618133333 356.877804336
-2.91117866667 356.747666268
-2.906176 356.508876537
-2.90117333333 356.346629486
-2.89617066667 356.046202721
-2.891168 355.880586255
-2.88616533333 355.386547426
-2.88116266667 355.460108999
-2.87616 355.695610433
-2.87115733333 355.521711979
-2.86615466667 355.241749807
-2.861152 355.129504337
-2.85614933333 355.530943996
-2.85114666667 355.710093784
-2.846144 353.945858341
-2.84114133333 353.326633912
-2.83613866667 353.945165461
-2.831136 356.446181352
-2.82613333333 354.281559704
-2.82113066667 354.263690254
-2.816128 353.980591811
-2.81112533333 355.458836352
-2.80612266667 354.092693849
-2.80112 354.082028378
-2.79611733333 354.968515835
-2.79111466667 355.92623127
-2.786112 357.07125547
-2.78110933333 358.948203334
-2.77610666667 358.2608085
-2.771104 355.453111772
-2.76610133333 355.640031659
-2.76109866667 356.860914121
-2.756096 359.567639872
-2.75109333333 366.649374508
-2.74609066667 379.338200026
-2.741088 390.45140941
-2.73608533333 395.53285756
-2.73108266667 405.325617938
-2.72608 414.057825865
-2.72107733333 412.818363711
-2.71607466667 410.868551119
-2.711072 409.321189146
-2.70606933333 409.715252715
-2.70106666667 411.257854196
-2.696064 413.505449385
-2.69106133333 414.648362215
-2.68605866667 414.616820543
-2.681056 414.459151313
-2.67605333333 414.35493883
-2.67105066667 414.265664088
-2.666048 412.670293948
-2.66104533333 413.145087215
-2.65604266667 413.663145552
-2.65104 413.652739608
-2.64603733333 413.405944458
-2.64103466667 413.359646413
-2.636032 412.890081972
-2.63102933333 412.866479386
-2.62602666667 412.263719491
-2.621024 412.167780568
-2.61602133333 410.740005682
-2.61101866667 407.456048212
-2.606016 404.038578761
-2.60101333333 401.224685311
-2.59601066667 397.977508678
-2.591008 394.666587667
-2.58600533333 390.270360456
-2.58100266667 386.484145323
-2.576 384.106199918
-2.57099733333 382.777278425
-2.56599466667 382.031858745
-2.560992 381.19560433
-2.55598933333 380.300672217
-2.55098666667 379.531559855
-2.545984 377.96463898
-2.54098133333 376.21451306
-2.53597866667 374.330795575
-2.530976 372.46907074
-2.52597333333 371.728324215
-2.52097066667 373.376832312
-2.515968 387.970123988
-2.51096533333 391.682497495
-2.50596266667 391.281629032
-2.50096 390.855467914
-2.49595733333 390.351342548
-2.49095466667 390.223686267
-2.485952 389.16810703
-2.48094933333 387.477926392
-2.47594666667 385.276100688
-2.470944 382.938388058
-2.46594133333 378.853384458
-2.46093866667 376.141599975
-2.455936 375.272716969
-2.45093333333 374.910294111
-2.44593066667 374.635362503
-2.440928 374.705874409
-2.43592533333 374.931827775
-2.43092266667 374.987975522
-2.42592 374.554980551
-2.42091733333 374.61199076
-2.41591466667 374.687509556
-2.410912 374.872563253
-2.40590933333 374.545980737
-2.40090666667 374.323276472
-2.395904 374.08043348
-2.39090133333 374.464901536
-2.38589866667 374.316107797
-2.380896 374.984821612
-2.37589333333 378.266298779
-2.37089066667 386.265095471
-2.365888 390.898851167
-2.36088533333 404.581528308
-2.35588266667 403.665861598
-2.35088 405.166742747
-2.34587733333 407.090026389
-2.34087466667 403.710061049
-2.335872 404.8292641
-2.33086933333 403.102149722
-2.32586666667 407.169309239
-2.320864 407.315034818
-2.31586133333 407.299076753
-2.31085866667 407.238049751
-2.305856 407.059548369
-2.30085333333 407.090693191
-2.29585066667 407.288722255
-2.290848 409.404512605
-2.28584533333 410.083000145
-2.28084266667 410.705820032
-2.27584 410.317096888
-2.27083733333 409.734055251
-2.26583466667 408.770129535
-2.260832 408.305144946
-2.25582933333 407.738132674
-2.25082666667 406.931433288
-2.245824 406.345814723
-2.24082133333 406.398808335
-2.23581866667 406.166602394
-2.230816 405.92328348
-2.22581333333 405.312085912
-2.22081066667 405.11344453
-2.215808 405.63552877
-2.21080533333 405.589307834
-2.20580266667 404.996594137
-2.2008 404.843205153
-2.19579733333 404.463930212
-2.19079466667 404.285972637
-2.185792 404.188558573
-2.18078933333 403.423904712
-2.17578666667 401.854686383
-2.170784 396.30139243
-2.16578133333 390.405487493
-2.16077866667 386.706070475
-2.155776 382.27174768
-2.15077333333 375.186448081
-2.14577066667 370.389944789
-2.140768 358.991664329
-2.13576533333 349.196789253
-2.13076266667 345.375692624
-2.12576 343.990850286
-2.12075733333 345.273815225
-2.11575466667 343.684914341
-2.110752 344.260949214
-2.10574933333 343.33981729
-2.10074666667 342.3869999
-2.095744 340.880434824
-2.09074133333 339.599099391
-2.08573866667 338.145704475
-2.080736 337.276213938
-2.07573333333 335.81400237
-2.07073066667 335.98766963
-2.065728 338.751753644
-2.06072533333 339.665132322
-2.05572266667 341.140388132
-2.05072 342.65945276
-2.04571733333 341.321101864
-2.04071466667 339.905379267
-2.035712 340.809661595
-2.03070933333 341.928757797
-2.02570666667 343.478990506
-2.020704 344.319424518
-2.01570133333 344.697415173
-2.01069866667 345.096444429
-2.005696 345.360269726
-2.00069333333 345.781917093
-1.99569066667 345.951344279
-1.990688 346.491790329
-1.98568533333 346.845333341
-1.98068266667 347.369805798
-1.97568 347.690804125
-1.97067733333 348.031111818
-1.96567466667 348.160298355
-1.960672 348.536242742
-1.95566933333 348.622067532
-1.95066666667 348.956554756
-1.945664 349.011217206
-1.94066133333 349.296504152
-1.93565866667 349.324680737
-1.930656 349.605639334
-1.92565333333 349.732386266
-1.92065066667 349.923626386
-1.915648 349.89013343
-1.91064533333 350.086998515
-1.90564266667 350.088941856
-1.90064 350.218043168
-1.89563733333 350.173539422
-1.89063466667 350.361887643
-1.885632 350.334769346
-1.88062933333 350.377316316
-1.87562666667 350.307279706
-1.870624 350.317017516
-1.86562133333 350.279850823
-1.86061866667 350.326011246
-1.855616 350.225663594
-1.85061333333 350.263987048
-1.84561066667 350.190710863
-1.840608 350.018541479
-1.83560533333 349.803613788
-1.83060266667 349.750106906
-1.8256 349.581592221
-1.82059733333 349.61125742
-1.81559466667 349.563346484
-1.810592 349.684377793
-1.80558933333 349.714038942
-1.80058666667 349.863672211
-1.795584 349.792616563
-1.79058133333 349.802397337
-1.78557866667 349.796275506
-1.780576 349.842359251
-1.77557333333 349.780479408
-1.77057066667 349.931753304
-1.765568 349.911993466
-1.76056533333 350.092920371
-1.75556266667 350.049441205
-1.75056 350.155221559
-1.74555733333 350.220094414
-1.74055466667 350.36185757
-1.735552 350.405074859
-1.73054933333 350.552777363
-1.72554666667 350.519184947
-1.720544 350.580326646
-1.71554133333 350.431583034
-1.71053866667 350.583998168
-1.705536 350.575919529
-1.70053333333 350.670803907
-1.69553066667 350.566651716
-1.690528 350.673713572
-1.68552533333 350.586171622
-1.68052266667 350.699803154
-1.67552 350.675500421
-1.67051733333 350.751638555
-1.66551466667 350.667162222
-1.660512 350.745954035
-1.65550933333 350.593870323
-1.65050666667 350.654896467
-1.645504 350.589259825
-1.64050133333 350.767926227
-1.63549866667 350.662172848
-1.630496 350.784606312
-1.62549333333 350.744616325
-1.62049066667 350.865060415
-1.615488 350.727402984
-1.61048533333 350.845844976
-1.60548266667 350.815333377
-1.60048 350.873799912
-1.59547733333 350.810151709
-1.59047466667 350.856944744
-1.585472 350.797598343
-1.58046933333 350.978442991
-1.57546666667 350.847504638
-1.570464 350.946253702
-1.56546133333 350.85101595
-1.56045866667 350.979395388
-1.555456 350.874247534
-1.55045333333 350.95514959
-1.54545066667 350.95930305
-1.540448 351.104494421
-1.53544533333 351.000606989
-1.53044266667 351.048277143
-1.52544 350.930798288
-1.52043733333 350.996655655
-1.51543466667 350.886914781
-1.510432 351.012825567
-1.50542933333 350.894144114
-1.50042666667 351.00515164
-1.495424 350.912123397
-1.49042133333 350.981791077
-1.48541866667 350.944980871
-1.480416 351.053652178
-1.47541333333 350.986198067
-1.47041066667 351.060092571
-1.465408 351.004272655
-1.46040533333 351.066058888
-1.45540266667 350.970929038
-1.4504 350.992018912
-1.44539733333 350.856997457
-1.44039466667 350.924677931
-1.435392 350.822460367
-1.43038933333 350.827644221
-1.42538666667 350.770371172
-1.420384 350.860564658
-1.41538133333 350.845236766
-1.41037866667 351.080399836
-1.405376 350.859558189
-1.40037333333 351.011751372
-1.39537066667 350.865389783
-1.390368 351.010799081
-1.38536533333 350.909156899
-1.38036266667 350.920335394
-1.37536 350.780852632
-1.37035733333 350.912604612
-1.36535466667 350.753658921
-1.360352 350.817906244
-1.35534933333 350.735366283
-1.35034666667 350.831439768
-1.345344 350.761688518
-1.34034133333 350.823208021
-1.33533866667 350.787059903
-1.330336 350.826852178
-1.32533333333 350.70298171
-1.32033066667 350.807811441
-1.315328 350.782243226
-1.31032533333 350.823806945
-1.30532266667 350.69665777
-1.30032 350.834083222
-1.29531733333 350.822020989
-1.29031466667 350.961788423
-1.285312 350.944337511
-1.28030933333 351.089270432
-1.27530666667 351.065258562
-1.270304 351.178500374
-1.26530133333 351.070051264
-1.26029866667 351.246117721
-1.255296 351.119433934
-1.25029333333 351.209402957
-1.24529066667 351.190523815
-1.240288 351.315618117
-1.23528533333 351.186667612
-1.23028266667 351.268565566
-1.22528 351.143767109
-1.22027733333 351.123637314
-1.21527466667 350.949393959
-1.210272 350.985548703
-1.20526933333 350.724601823
-1.20026666667 350.808711064
-1.195264 350.718092867
-1.19026133333 350.841213241
-1.18525866667 350.732299911
-1.180256 350.896338415
-1.17525333333 350.738905022
-1.17025066667 350.820601815
-1.165248 350.718025855
-1.16024533333 350.824197041
-1.15524266667 350.742543631
-1.15024 350.771591362
-1.14523733333 350.618603131
-1.14023466667 350.734046454
-1.135232 350.634489095
-1.13022933333 350.80398324
-1.12522666667 350.709326685
-1.120224 350.894458177
-1.11522133333 350.718268821
-1.11021866667 350.771616176
-1.105216 350.689204605
-1.10021333333 350.809590878
-1.09521066667 350.667778904
-1.090208 350.844380915
-1.08520533333 350.746131995
-1.08020266667 350.848436144
-1.0752 350.74023993
-1.07019733333 350.914962142
-1.06519466667 350.910758135
-1.060192 350.98372412
-1.05518933333 350.892543615
-1.05018666667 350.991886923
-1.045184 350.874813967
-1.04018133333 350.982616217
-1.03517866667 350.919669346
-1.030176 351.098165789
-1.02517333333 350.960902712
-1.02017066667 351.066837507
-1.015168 350.963222192
-1.01016533333 351.100729534
-1.00516266667 351.038863528
-1.00016 351.089873786
-0.995157333333 350.971800828
-0.990154666667 351.138765309
-0.985152 351.140590325
-0.980149333333 351.293575623
-0.975146666667 351.222006028
-0.970144 351.358832727
-0.965141333333 351.291258753
-0.960138666667 351.397194898
-0.955136 351.322628652
-0.950133333333 351.438337671
-0.945130666667 351.407760833
-0.940128 351.477703522
-0.935125333333 351.397864812
-0.930122666667 351.510152096
-0.92512 351.459151326
-0.920117333333 351.476963413
-0.915114666667 351.520748879
-0.910112 351.691340904
-0.905109333333 351.553805439
-0.900106666667 351.599244482
-0.895104 351.556746455
-0.890101333333 351.616183178
-0.885098666667 351.651770433
-0.880096 351.747260219
-0.875093333333 351.645575708
-0.870090666667 351.774188786
-0.865088 351.6489193
-0.860085333333 351.773648619
-0.855082666667 351.650108506
-0.85008 351.817192822
-0.845077333333 351.782263837
-0.840074666667 351.824138972
-0.835072 351.661193525
-0.830069333333 351.379988411
-0.825066666667 351.02376407
-0.820064 350.872195942
-0.815061333333 350.725541526
-0.810058666667 350.773888885
-0.805056 350.634941691
-0.800053333333 350.642406213
-0.795050666667 350.553774412
-0.790048 350.586205481
-0.785045333333 350.508119228
-0.780042666667 350.614778804
-0.77504 350.441217829
-0.770037333333 350.530376827
-0.765034666667 350.477636775
-0.760032 350.53617611
-0.755029333333 350.528779383
-0.750026666667 350.587923736
-0.745024 350.501572195
-0.740021333333 350.719911568
-0.735018666667 350.602279384
-0.730016 350.752459785
-0.725013333333 350.685001637
-0.720010666667 350.769271677
-0.715008 350.749934252
-0.710005333333 350.91596635
-0.705002666667 350.846794988
-0.7 350.99608926
-0.694997333333 350.853824661
-0.689994666667 351.014314923
-0.684992 350.898776929
-0.679989333333 351.008143776
-0.674986666667 350.92386742
-0.669984 351.076038037
-0.664981333333 351.022991435
-0.659978666667 351.202027585
-0.654976 351.087651726
-0.649973333333 351.138631317
-0.644970666667 351.059176265
-0.639968 351.024426893
-0.634965333333 351.002564371
-0.629962666667 351.150193906
-0.62496 351.181706829
-0.619957333333 351.350183005
-0.614954666667 351.249431394
-0.609952 351.398584893
-0.604949333333 351.301655407
-0.599946666667 351.497413591
-0.594944 351.495770504
-0.589941333333 351.640516449
-0.584938666667 351.649824939
-0.579936 351.819399466
-0.574933333333 351.797603448
-0.569930666667 352.039726218
-0.564928 352.035717766
-0.559925333333 352.274390069
-0.554922666667 352.283630668
-0.54992 352.57214668
-0.544917333333 352.637063706
-0.539914666667 352.850129877
-0.534912 352.856703872
-0.529909333333 353.132898779
-0.524906666667 353.176198648
-0.519904 353.277293028
-0.514901333333 353.163063197
-0.509898666667 353.346808628
-0.504896 353.326761254
-0.499893333333 353.513745332
-0.494890666667 353.491812522
-0.489888 353.566380875
-0.484885333333 353.531719801
-0.479882666667 353.585444303
-0.47488 353.581612648
-0.469877333333 353.740831722
-0.464874666667 353.694201997
-0.459872 353.774767272
-0.454869333333 353.768147068
-0.449866666667 353.899832227
-0.444864 353.900900304
-0.439861333333 354.051157075
-0.434858666667 353.98503781
-0.429856 354.261328994
-0.424853333333 354.190264527
-0.419850666667 354.313360345
-0.414848 354.274464204
-0.409845333333 354.421554631
-0.404842666667 354.376666786
-0.39984 354.557319932
-0.394837333333 354.474185973
-0.389834666667 354.509005108
-0.384832 354.45195268
-0.379829333333 354.602656014
-0.374826666667 354.544212098
-0.369824 354.683010813
-0.364821333333 354.448679785
-0.359818666667 354.532789135
-0.354816 354.401035188
-0.349813333333 354.532017149
-0.344810666667 354.515332688
-0.339808 354.663599628
-0.334805333333 354.513418685
-0.329802666667 354.544639265
-0.3248 354.447408756
-0.319797333333 354.516951974
-0.314794666667 354.347685236
-0.309792 354.464813136
-0.304789333333 354.283758479
-0.299786666667 354.344070589
-0.294784 354.206442149
-0.289781333333 354.206835652
-0.284778666667 354.100645202
-0.279776 354.179861336
-0.274773333333 354.137884389
-0.269770666667 354.298621303
-0.264768 354.231600186
-0.259765333333 354.269161067
-0.254762666667 354.199151408
-0.24976 354.263474554
-0.244757333333 354.248745348
-0.239754666667 354.38342272
-0.234752 354.341788565
-0.229749333333 354.451814938
-0.224746666667 354.347971337
-0.219744 354.518129225
-0.214741333333 354.49623349
-0.209738666667 354.580739644
-0.204736 354.495690388
-0.199733333333 354.634147507
-0.194730666667 354.479667224
-0.189728 354.698119187
-0.184725333333 354.717786355
-0.179722666667 354.834849958
-0.17472 354.804630876
-0.169717333333 355.063567378
-0.164714666667 355.192921151
-0.159712 355.452945049
-0.154709333333 355.548642651
-0.149706666667 355.836612142
-0.144704 355.837106292
-0.139701333333 356.10077692
-0.134698666667 356.102969956
-0.129696 356.419208765
-0.124693333333 356.484957194
-0.119690666667 356.752793952
-0.114688 356.754572724
-0.109685333333 356.947088533
-0.104682666667 356.924208449
-0.09968 357.027581192
-0.0946773333333 356.954701785
-0.0896746666667 357.055443501
-0.084672 356.957160188
-0.0796693333333 357.101008537
-0.0746666666667 356.98127
-0.069664 357.070067836
-0.0646613333333 356.997546305
-0.0596586666667 357.122166856
-0.054656 357.039511186
-0.0496533333333 357.160169248
-0.0446506666667 357.010711382
-0.039648 357.069436513
-0.0346453333333 356.961717139
-0.0296426666667 357.056768434
-0.02464 357.045674726
-0.0196373333333 357.088312887
-0.0146346666667 357.030445589
-0.009632 357.152600947
-0.00462933333333 357.040690546
