-9.99995733333 330.124263618
-9.99495466667 329.754168912
-9.989952 329.313773048
-9.98494933333 328.865617514
-9.97994666667 328.375730126
-9.974944 328.022856549
-9.96994133333 327.568908691
-9.96493866667 327.162754865
-9.959936 326.660081197
-9.95493333333 326.323636072
-9.94993066667 325.973439382
-9.944928 325.61126656
-9.93992533333 325.131828
-9.93492266667 324.914832585
-9.92992 324.647081329
-9.92491733333 324.36810359
-9.91991466667 324.066072217
-9.914912 323.817658534
-9.90990933333 323.408965768
-9.90490666667 323.068572111
-9.899904 322.701450881
-9.89490133333 322.363423426
-9.88989866667 321.933229568
-9.884896 321.833186967
-9.87989333333 321.563247804
-9.87489066667 321.403042165
-9.869888 321.101440013
-9.86488533333 320.811479182
-9.85988266667 320.42733796
-9.85488 320.138398182
-9.84987733333 319.765487658
-9.84487466667 319.452473255
-9.839872 319.155846574
-9.83486933333 319.028840197
-9.82986666667 318.923908127
-9.824864 318.906075405
-9.81986133333 318.630986505
-9.81485866667 318.387917518
-9.809856 317.831277532
-9.80485333333 317.384240066
-9.79985066667 316.841555773
-9.794848 316.432178503
-9.78984533333 315.882277788
-9.78484266667 315.387192704
-9.77984 314.935264584
-9.77483733333 314.523443779
-9.76983466667 314.028326104
-9.764832 313.711683631
-9.75982933333 313.363639168
-9.75482666667 313.038307173
-9.749824 312.140451559
-9.74482133333 311.858480658
-9.73981866667 311.725745242
-9.734816 311.438475977
-9.72981333333 310.558643144
-9.72481066667 310.167471345
-9.719808 310.34679116
-9.71480533333 310.873729501
-9.70980266667 311.276441673
-9.7048 311.205838133
-9.69979733333 311.06466183
-9.69479466667 310.929122617
-9.689792 310.709749038
-9.68478933333 310.589842763
-9.67978666667 310.303899468
-9.674784 310.154597937
-9.66978133333 309.984297634
-9.66477866667 309.851985494
-9.659776 309.656749674
-9.65477333333 309.541496883
-9.64977066667 309.34605801
-9.644768 309.219935887
-9.63976533333 309.105530208
-9.63476266667 308.977356613
-9.62976 308.906455617
-9.62475733333 308.893109981
-9.61975466667 308.743542855
-9.614752 308.802615561
-9.60974933333 308.648243107
-9.60474666667 308.694117401
-9.599744 308.511570566
-9.59474133333 308.468661689
-9.58973866667 308.453408023
-9.584736 308.378500738
-9.57973333333 308.283238555
-9.57473066667 308.366637674
-9.569728 308.290901107
-9.56472533333 308.337676076
-9.55972266667 308.29076743
-9.55472 308.270102245
-9.54971733333 308.248564612
-9.54471466667 308.235876838
-9.539712 308.084301957
-9.53470933333 308.093126757
-9.52970666667 308.010423443
-9.524704 308.002493854
-9.51970133333 307.964218738
-9.51469866667 307.998437188
-9.509696 307.999246328
-9.50469333333 308.032394137
-9.49969066667 307.954448471
-9.494688 307.977733506
-9.48968533333 307.848812381
-9.48468266667 307.9435491
-9.47968 307.800284377
-9.47467733333 307.875681624
-9.46967466667 307.940837842
-9.464672 308.014077029
-9.45966933333 308.008974882
-9.45466666667 308.277931946
-9.449664 308.323936428
-9.44466133333 308.622374221
-9.43965866667 308.806524092
-9.434656 309.078867432
-9.42965333333 309.349535144
-9.42465066667 309.471988102
-9.419648 309.592568343
-9.41464533333 309.80623328
-9.40964266667 310.015409512
-9.40464 310.325940086
-9.39963733333 310.491119558
-9.39463466667 310.758261696
-9.389632 310.116629364
-9.38462933333 310.932578133
-9.37962666667 311.665540984
-9.374624 312.01918674
-9.36962133333 312.200805994
-9.36461866667 312.46755963
-9.359616 312.500337081
-9.35461333333 312.653728537
-9.34961066667 312.761953663
-9.344608 313.083584899
-9.33960533333 313.309579204
-9.33460266667 313.734576156
-9.3296 313.609736142
-9.32459733333 313.291477034
-9.31959466667 312.633694626
-9.314592 312.404691845
-9.30958933333 312.154103592
-9.30458666667 311.833977285
-9.299584 311.650739463
-9.29458133333 311.343317857
-9.28957866667 311.150802364
-9.284576 311.192477431
-9.27957333333 311.113273588
-9.27457066667 311.166964725
-9.269568 311.143972501
-9.26456533333 311.247504932
-9.25956266667 311.239932551
-9.25456 311.256882414
-9.24955733333 311.255219308
-9.24455466667 311.305514244
-9.239552 311.307502919
-9.23454933333 311.356009128
-9.22954666667 311.266086362
-9.224544 311.283799027
-9.21954133333 311.144942329
-9.21453866667 311.185499183
-9.209536 310.975674976
-9.20453333333 311.130871893
-9.19953066667 311.390516642
-9.194528 311.683256847
-9.18952533333 311.53202219
-9.18452266667 311.151258812
-9.17952 310.738966868
-9.17451733333 310.546990709
-9.16951466667 310.080304529
-9.164512 310.171160012
-9.15950933333 310.186827476
-9.15450666667 310.156630775
-9.149504 310.087325651
-9.14450133333 310.149472029
-9.13949866667 310.208372839
-9.134496 310.275691231
-9.12949333333 310.259092988
-9.12449066667 310.291802069
-9.119488 310.321290791
-9.11448533333 310.425810637
-9.10948266667 310.337030547
-9.10448 310.081873885
-9.09947733333 309.803172532
-9.09447466667 309.649781139
-9.089472 309.578056465
-9.08446933333 309.639478248
-9.07946666667 309.468594966
-9.074464 309.69111985
-9.06946133333 309.856350003
-9.06445866667 310.070365458
-9.059456 309.78038898
-9.05445333333 309.406124095
-9.04945066667 309.162213156
-9.044448 309.147668762
-9.03944533333 309.08357513
-9.03444266667 308.502711678
-9.02944 307.883934881
-9.02443733333 307.211799839
-9.01943466667 306.618714707
-9.014432 306.267148007
-9.00942933333 306.005371769
-9.00442666667 305.913919416
-8.999424 305.623023764
-8.99442133333 305.549742297
-8.98941866667 305.339453657
-8.984416 305.325627406
-8.97941333333 305.293356593
-8.97441066667 305.211187289
-8.969408 305.155898936
-8.96440533333 305.212354754
-8.95940266667 305.054030194
-8.9544 305.163726416
-8.94939733333 305.134556004
-8.94439466667 305.306341975
-8.939392 305.311304289
-8.93438933333 305.443634559
-8.92938666667 305.682954189
-8.924384 305.999342586
-8.91938133333 306.604507367
-8.91437866667 307.432583165
-8.909376 307.68348243
-8.90437333333 307.980076457
-8.89937066667 308.1276585
-8.894368 308.549353091
-8.88936533333 309.457175754
-8.88436266667 309.339207656
-8.87936 309.182744626
-8.87435733333 312.250729881
-8.86935466667 325.12747485
-8.864352 320.770413839
-8.85934933333 316.4035746
-8.85434666667 330.572667184
-8.849344 342.174496324
-8.84434133333 341.622467022
-8.83933866667 342.106336722
-8.834336 343.357532606
-8.82933333333 343.871559653
-8.82433066667 344.58850939
-8.819328 345.23656408
-8.81432533333 345.550158013
-8.80932266667 345.112385831
-8.80432 344.770148383
-8.79931733333 344.724871911
-8.79431466667 344.622037889
-8.789312 344.57752812
-8.78430933333 344.327509138
-8.77930666667 344.12384569
-8.774304 344.101510067
-8.76930133333 343.918423118
-8.76429866667 343.780664968
-8.759296 343.98369477
-8.75429333333 344.191215721
-8.74929066667 343.924735598
-8.744288 343.642753514
-8.73928533333 343.087678357
-8.73428266667 343.08342262
-8.72928 342.832135351
-8.72427733333 343.084495545
-8.71927466667 343.420847791
-8.714272 344.778914368
-8.70926933333 344.720585773
-8.70426666667 344.392375382
-8.699264 344.060770585
-8.69426133333 344.166995817
-8.68925866667 344.337377068
-8.684256 343.510514998
-8.67925333333 341.976806217
-8.67425066667 342.504542077
-8.669248 347.846813635
-8.66424533333 347.936023336
-8.65924266667 347.963792861
-8.65424 347.89685621
-8.64923733333 347.869226865
-8.64423466667 347.969356572
-8.639232 347.889138937
-8.63422933333 347.925019055
-8.62922666667 347.817981726
-8.624224 347.663550755
-8.61922133333 347.286859359
-8.61421866667 347.149792501
-8.609216 347.186527439
-8.60421333333 347.011954918
-8.59921066667 346.693456853
-8.594208 346.693080181
-8.58920533333 346.73004946
-8.58420266667 346.712422467
-8.5792 346.608719038
-8.57419733333 346.590482439
-8.56919466667 346.644591776
-8.564192 346.643826577
-8.55918933333 346.498299935
-8.55418666667 346.340655228
-8.549184 346.148877343
-8.54418133333 345.873014434
-8.53917866667 345.894667396
-8.534176 345.934383475
-8.52917333333 345.893601089
-8.52417066667 346.0242026
-8.519168 346.234385674
-8.51416533333 346.918006104
-8.50916266667 346.759559948
-8.50416 346.195403196
-8.49915733333 345.806933248
-8.49415466667 345.212185554
-8.489152 345.055238566
-8.48414933333 344.813617081
-8.47914666667 344.548886223
-8.474144 344.28443784
-8.46914133333 344.028447654
-8.46413866667 343.982429814
-8.459136 343.989543248
-8.45413333333 344.036131227
-8.44913066667 343.766351645
-8.444128 343.335535774
-8.43912533333 341.768242641
-8.43412266667 341.355795248
-8.42912 342.140500627
-8.42411733333 341.74423816
-8.41911466667 340.998634309
-8.414112 341.172942608
-8.40910933333 341.184920479
-8.40410666667 341.296943337
-8.399104 341.457473939
-8.39410133333 341.315804293
-8.38909866667 333.10709332
-8.384096 327.78142862
-8.37909333333 329.760847126
-8.37409066667 331.657859146
-8.369088 331.384579834
-8.36408533333 331.330139897
-8.35908266667 332.340122932
-8.35408 331.517285262
-8.34907733333 329.113538823
-8.34407466667 331.691512009
-8.339072 334.642189279
-8.33406933333 340.650738176
-8.32906666667 339.096957889
-8.324064 337.343905826
-8.31906133333 337.060458408
-8.31405866667 336.716760415
-8.309056 335.566050917
-8.30405333333 334.165782059
-8.29905066667 333.232868027
-8.294048 331.475949041
-8.28904533333 330.212766007
-8.28404266667 329.620450825
-8.27904 328.00744501
-8.27403733333 326.5578053
-8.26903466667 325.85168449
-8.264032 325.052012509
-8.25902933333 324.712893672
-8.25402666667 323.94877882
-8.249024 323.171147653
-8.24402133333 322.687380163
-8.23901866667 322.184905837
-8.234016 321.817261184
-8.22901333333 321.64471411
-8.22401066667 321.368467641
-8.219008 321.008173423
-8.21400533333 320.517846652
-8.20900266667 320.087895902
-8.204 319.67161987
-8.19899733333 319.288203457
-8.19399466667 318.994101483
-8.188992 318.593211989
-8.18398933333 317.955617773
-8.17898666667 317.507709236
-8.173984 317.173874578
-8.16898133333 316.823458425
-8.16397866667 316.424019464
-8.158976 316.114676595
-8.15397333333 315.639574101
-8.14897066667 315.055061769
-8.143968 314.277846559
-8.13896533333 313.442127416
-8.13396266667 312.59536251
-8.12896 311.761261729
-8.12395733333 310.891158824
-8.11895466667 310.204625128
-8.113952 309.664539204
-8.10894933333 309.187561597
-8.10394666667 308.677157901
-8.098944 308.234547939
-8.09394133333 307.650416777
-8.08893866667 307.048577477
-8.083936 306.574713052
-8.07893333333 306.01603786
-8.07393066667 305.334951225
-8.068928 304.679238324
-8.06392533333 304.031583993
-8.05892266667 303.318671959
-8.05392 302.690803481
-8.04891733333 301.959198424
-8.04391466667 301.513717818
-8.038912 301.187246264
-8.03390933333 300.804630009
-8.02890666667 300.567672225
-8.023904 300.234822754
-8.01890133333 299.970720551
-8.01389866667 299.55306001
-8.008896 299.267110461
-8.00389333333 298.998308892
-7.99889066667 298.653550745
-7.993888 298.328622872
-7.98888533333 298.072437783
-7.98388266667 297.813381845
-7.97888 297.516478499
-7.97387733333 297.295369131
-7.96887466667 297.13789409
-7.963872 296.810964541
-7.95886933333 296.555722369
-7.95386666667 296.178472092
-7.948864 295.867461074
-7.94386133333 295.657590994
-7.93885866667 295.357161544
-7.933856 295.01018011
-7.92885333333 294.881310811
-7.92385066667 294.586871079
-7.918848 294.416752884
-7.91384533333 294.819545795
-7.90884266667 294.881353204
-7.90384 294.118337501
-7.89883733333 293.700740686
-7.89383466667 293.285841953
-7.888832 292.982592364
-7.88382933333 292.737063752
-7.87882666667 292.648727176
-7.873824 292.521917147
-7.86882133333 292.494622181
-7.86381866667 292.421917078
-7.858816 292.424292418
-7.85381333333 292.437869407
-7.84881066667 292.574785415
-7.843808 292.735833487
-7.83880533333 293.059194048
-7.83380266667 293.286915832
-7.8288 293.409681056
-7.82379733333 293.530880948
-7.81879466667 293.590865452
-7.813792 293.59719686
-7.80878933333 293.712859658
-7.80378666667 293.720162816
-7.798784 293.893677655
-7.79378133333 293.92637084
-7.78877866667 293.91428249
-7.783776 293.89298487
-7.77877333333 293.84622819
-7.77377066667 293.901245401
-7.768768 293.902675295
-7.76376533333 293.83556818
-7.75876266667 293.658044197
-7.75376 293.555221898
-7.74875733333 293.657777877
-7.74375466667 293.691920872
-7.738752 293.750644928
-7.73374933333 293.801114122
-7.72874666667 293.916940414
-7.723744 294.013376294
-7.71874133333 294.027785892
-7.71373866667 294.0761966
-7.708736 294.14364281
-7.70373333333 294.194849653
-7.69873066667 294.144659394
-7.693728 294.195758795
-7.68872533333 294.24731075
-7.68372266667 294.287575102
-7.67872 294.354502031
-7.67371733333 294.280410753
-7.66871466667 294.315255349
-7.663712 294.18396837
-7.65870933333 294.291041964
-7.65370666667 294.302685799
-7.648704 294.016300065
-7.64370133333 293.902482101
-7.63869866667 293.704858699
-7.633696 293.178040346
-7.62869333333 292.420445141
-7.62369066667 291.676417173
-7.618688 292.166072468
-7.61368533333 292.59752649
-7.60868266667 293.322252566
-7.60368 294.881286693
-7.59867733333 293.997944721
-7.59367466667 293.585555001
-7.588672 294.031590008
-7.58366933333 294.607868756
-7.57866666667 295.280194483
-7.573664 295.699095298
-7.56866133333 296.189019121
-7.56365866667 296.786298042
-7.558656 297.326612676
-7.55365333333 297.705877951
-7.54865066667 298.166267658
-7.543648 298.636501823
-7.53864533333 299.178510305
-7.53364266667 299.586622776
-7.52864 300.132291166
-7.52363733333 300.577895082
-7.51863466667 301.181896501
-7.513632 301.55811137
-7.50862933333 301.925011353
-7.50362666667 302.450579383
-7.498624 302.73149491
-7.49362133333 302.702166377
-7.48861866667 302.731014947
-7.483616 302.696096802
-7.47861333333 302.660562627
-7.47361066667 302.622386529
-7.468608 302.674702543
-7.46360533333 302.590541295
-7.45860266667 302.649317521
-7.4536 302.569888553
-7.44859733333 302.595917999
-7.44359466667 302.503491908
-7.438592 302.493406796
-7.43358933333 302.425091461
-7.42858666667 302.378970943
-7.423584 302.183093126
-7.41858133333 302.106955774
-7.41357866667 301.980726865
-7.408576 302.011102953
-7.40357333333 301.932934041
-7.39857066667 301.969139278
-7.393568 301.909964755
-7.38856533333 301.943735236
-7.38356266667 301.855077684
-7.37856 302.080396122
-7.37355733333 302.403361894
-7.36855466667 302.479724162
-7.363552 302.356083493
-7.35854933333 302.335158963
-7.35354666667 302.660323688
-7.348544 303.64933069
-7.34354133333 305.209093902
-7.33853866667 305.51748898
-7.333536 305.638262374
-7.32853333333 306.009874465
-7.32353066667 306.275159312
-7.318528 306.541366861
-7.31352533333 306.696511196
-7.30852266667 306.882692932
-7.30352 306.832255893
-7.29851733333 306.956687809
-7.29351466667 306.940234351
-7.288512 307.088436297
-7.28350933333 307.122318252
-7.27850666667 307.252838783
-7.273504 307.137145132
-7.26850133333 307.17003654
-7.26349866667 307.124061167
-7.258496 307.222606196
-7.25349333333 307.145633236
-7.24849066667 307.117224667
-7.243488 306.987284383
-7.23848533333 307.014015714
-7.23348266667 306.881513381
-7.22848 306.93694426
-7.22347733333 307.155389961
-7.21847466667 307.150413402
-7.213472 307.003778951
-7.20846933333 306.965060639
-7.20346666667 306.778657221
-7.198464 306.678149472
-7.19346133333 306.48075928
-7.18845866667 306.36701338
-7.183456 306.022200833
-7.17845333333 305.967443153
-7.17345066667 305.894610658
-7.168448 305.837128068
-7.16344533333 305.705479487
-7.15844266667 305.670252896
-7.15344 305.719097794
-7.14843733333 305.703784515
-7.14343466667 305.69638477
-7.138432 305.740659121
-7.13342933333 305.935813078
-7.12842666667 306.280404836
-7.123424 306.502341109
-7.11842133333 306.82789672
-7.11341866667 307.117907878
-7.108416 307.369152945
-7.10341333333 307.144052099
-7.09841066667 307.066319606
-7.093408 306.861722466
-7.08840533333 306.795459569
-7.08340266667 306.681251592
-7.0784 306.61492114
-7.07339733333 306.406023225
-7.06839466667 306.382220426
-7.063392 306.216449757
-7.05838933333 306.20099609
-7.05338666667 306.134554494
-7.048384 306.18970883
-7.04338133333 306.025305962
-7.03837866667 305.995012735
-7.033376 305.986019564
-7.02837333333 306.038832026
-7.02337066667 306.007903859
-7.018368 306.156251715
-7.01336533333 306.078669576
-7.00836266667 306.22609146
-7.00336 306.216777159
-6.99835733333 306.330902738
-6.99335466667 306.359213617
-6.988352 306.465837897
-6.98334933333 306.377655864
-6.97834666667 306.448980763
-6.973344 306.379798916
-6.96834133333 306.423817459
-6.96333866667 306.402597341
-6.958336 306.439657406
-6.95333333333 306.38360183
-6.94833066667 306.431680409
-6.943328 306.382825774
-6.93832533333 306.467723255
-6.93332266667 306.425581373
-6.92832 306.462446935
-6.92331733333 306.368311988
-6.91831466667 306.458457551
-6.913312 306.393056239
-6.90830933333 306.419824174
-6.90330666667 306.289121635
-6.898304 306.367497996
-6.89330133333 306.264694298
-6.88829866667 306.30117915
-6.883296 306.247659149
-6.87829333333 306.320515503
-6.87329066667 306.286246817
-6.868288 306.387685072
-6.86328533333 306.321858007
-6.85828266667 306.400940552
-6.85328 306.359319055
-6.84827733333 306.442634615
-6.84327466667 306.325717639
-6.838272 306.387960423
-6.83326933333 306.258277478
-6.82826666667 306.270892188
-6.823264 306.210399006
-6.81826133333 306.313124442
-6.81325866667 306.27558491
-6.808256 306.407276803
-6.80325333333 306.361940343
-6.79825066667 306.479953873
-6.793248 306.394007832
-6.78824533333 306.463632638
-6.78324266667 306.346052961
-6.77824 306.401773743
-6.77323733333 306.360336047
-6.76823466667 306.398960669
-6.763232 306.282168908
-6.75822933333 306.231785185
-6.75322666667 306.057665008
-6.748224 306.07693866
-6.74322133333 305.940417878
-6.73821866667 306.0415308
-6.733216 305.989282993
-6.72821333333 306.123190797
-6.72321066667 306.218591381
-6.718208 306.361332161
-6.71320533333 306.353539327
-6.70820266667 306.438805162
-6.7032 306.376859977
-6.69819733333 306.462526417
-6.69319466667 306.436335733
-6.688192 306.547375635
-6.68318933333 306.476362555
-6.67818666667 306.573820874
-6.673184 306.483550512
-6.66818133333 306.627302122
-6.66317866667 306.576361377
-6.658176 306.629231192
-6.65317333333 306.543198872
-6.64817066667 306.62148825
-6.643168 306.61063804
-6.63816533333 306.667923293
-6.63316266667 306.619848573
-6.62816 306.713765368
-6.62315733333 306.616626499
-6.61815466667 306.697116423
-6.613152 306.622280016
-6.60814933333 306.717782706
-6.60314666667 306.637268316
-6.598144 306.708019129
-6.59314133333 306.70528454
-6.58813866667 306.773736451
-6.583136 306.739312695
-6.57813333333 306.808861779
-6.57313066667 306.739717823
-6.568128 306.793461109
-6.56312533333 306.736740038
-6.55812266667 306.81781869
-6.55312 306.726977034
-6.54811733333 306.857744391
-6.54311466667 306.775791134
-6.538112 306.808925377
-6.53310933333 306.742926857
-6.52810666667 306.84335198
-6.523104 306.748962443
-6.51810133333 306.801701013
-6.51309866667 306.801289234
-6.508096 306.929234368
-6.50309333333 306.87422128
-6.49809066667 306.975528192
-6.493088 306.93493778
-6.48808533333 307.027285567
-6.48308266667 306.955088208
-6.47808 307.040755535
-6.47307733333 307.00477811
-6.46807466667 307.031292921
-6.463072 306.975944705
-6.45806933333 307.020134809
-6.45306666667 306.989797972
-6.448064 307.09368788
-6.44306133333 307.045864667
-6.43805866667 307.142373099
-6.433056 307.128635506
-6.42805333333 307.198541054
-6.42305066667 307.141804733
-6.418048 307.264072965
-6.41304533333 307.288462917
-6.40804266667 307.396085049
-6.40304 307.327473062
-6.39803733333 307.451266498
-6.39303466667 307.441367292
-6.388032 307.487886836
-6.38302933333 307.432852612
-6.37802666667 307.531207239
-6.373024 307.455226865
-6.36802133333 307.542010197
-6.36301866667 307.464284544
-6.358016 307.546726757
-6.35301333333 307.508495414
-6.34801066667 307.552642168
-6.343008 307.471647576
-6.33800533333 307.504441142
-6.33300266667 307.468098742
-6.328 307.546808663
-6.32299733333 307.444811041
-6.31799466667 307.520790337
-6.312992 307.499799262
-6.30798933333 307.533841055
-6.30298666667 307.480704249
-6.297984 307.544275488
-6.29298133333 307.503885493
-6.28797866667 307.580587621
-6.282976 307.473952014
-6.27797333333 307.533252858
-6.27297066667 307.541865251
-6.267968 307.5653839
-6.26296533333 307.49883381
-6.25796266667 307.551995205
-6.25296 307.487672295
-6.24795733333 307.54247471
-6.24295466667 307.426170358
-6.237952 307.494724121
-6.23294933333 307.401380075
-6.22794666667 307.435040945
-6.222944 307.370147027
-6.21794133333 307.459984557
-6.21293866667 307.478912319
-6.207936 307.520308573
-6.20293333333 307.458114421
-6.19793066667 307.563239704
-6.192928 307.484868367
-6.18792533333 307.559532179
-6.18292266667 307.518262563
-6.17792 307.582813085
-6.17291733333 307.527008802
-6.16791466667 307.609180557
-6.162912 307.51708226
-6.15790933333 307.66111673
-6.15290666667 307.618331852
-6.147904 307.750184681
-6.14290133333 307.783060414
-6.13789866667 307.931553231
-6.132896 307.996495186
-6.12789333333 308.139714894
-6.12289066667 308.134631231
-6.117888 308.267579587
-6.11288533333 308.2613147
-6.10788266667 308.368416422
-6.10288 308.29770112
-6.09787733333 308.374945386
-6.09287466667 308.32607572
-6.087872 308.441313523
-6.08286933333 308.391002338
-6.07786666667 308.428948199
-6.072864 308.420479502
-6.06786133333 308.501828999
-6.06285866667 308.449593887
-6.057856 308.579948262
-6.05285333333 308.570179327
-6.04785066667 308.629994953
-6.042848 308.617786121
-6.03784533333 308.692950876
-6.03284266667 308.642989236
-6.02784 308.6920483
-6.02283733333 308.559186766
-6.01783466667 308.669533127
-6.012832 308.62418607
-6.00782933333 308.668089143
-6.00282666667 308.588842822
-5.997824 308.643746771
-5.99282133333 308.579016976
-5.98781866667 308.633300067
-5.982816 308.559528636
-5.97781333333 308.575147652
-5.97281066667 308.565121964
-5.967808 308.6299767
-5.96280533333 308.470917124
-5.95780266667 308.483293155
-5.9528 308.432566745
-5.94779733333 308.509164365
-5.94279466667 308.429106736
-5.937792 308.504348477
-5.93278933333 308.435595632
-5.92778666667 308.498060017
-5.922784 308.442125574
-5.91778133333 308.543075551
-5.91277866667 308.512004866
-5.907776 308.525549719
-5.90277333333 308.394116915
-5.89777066667 308.473506889
-5.892768 308.432476943
-5.88776533333 308.504419224
-5.88276266667 308.422776511
-5.87776 308.482919335
-5.87275733333 308.424178431
-5.86775466667 308.437744021
-5.862752 308.380097422
-5.85774933333 308.425153761
-5.85274666667 308.347094476
-5.847744 308.40718237
-5.84274133333 308.289337443
-5.83773866667 308.301821978
-5.832736 308.219619215
-5.82773333333 308.268589693
-5.82273066667 308.175956274
-5.817728 308.205437898
-5.81272533333 308.137705025
-5.80772266667 308.212788132
-5.80272 308.089319126
-5.79771733333 308.150382526
-5.79271466667 308.081674897
-5.787712 308.12976046
-5.78270933333 308.062494576
-5.77770666667 308.123953166
-5.772704 308.097291925
-5.76770133333 308.142834629
-5.76269866667 308.031993621
-5.757696 308.111548629
-5.75269333333 308.048780417
-5.74769066667 308.077699136
-5.742688 308.04142269
-5.73768533333 308.08355597
-5.73268266667 308.024824153
-5.72768 308.103508115
-5.72267733333 308.018660982
-5.71767466667 308.091770834
-5.712672 308.053349122
-5.70766933333 308.117119242
-5.70266666667 308.010707739
-5.697664 308.072458124
-5.69266133333 308.05953604
-5.68765866667 308.128049545
-5.682656 308.061924977
-5.67765333333 308.139521214
-5.67265066667 308.110624323
-5.667648 308.166101519
-5.66264533333 308.08109349
-5.65764266667 308.149450726
-5.65264 308.122749546
-5.64763733333 308.166256029
-5.64263466667 308.138554175
-5.637632 308.198918192
-5.63262933333 308.176542027
-5.62762666667 308.224677245
-5.622624 308.170064856
-5.61762133333 308.173124567
-5.61261866667 308.142726701
-5.607616 308.246029029
-5.60261333333 308.119961985
-5.59761066667 308.20540158
-5.592608 308.134623474
-5.58760533333 308.238846822
-5.58260266667 308.147986887
-5.5776 308.223419091
-5.57259733333 308.147839421
-5.56759466667 308.181215152
-5.562592 308.104386547
-5.55758933333 308.175244107
-5.55258666667 308.110664037
-5.547584 308.18297778
-5.54258133333 308.126824457
-5.53757866667 308.152809259
-5.532576 308.099588451
-5.52757333333 308.206264624
-5.52257066667 308.133808592
-5.517568 308.195894042
-5.51256533333 308.179443147
-5.50756266667 308.292614593
-5.50256 308.196326304
-5.49755733333 308.27086421
-5.49255466667 308.25542416
-5.487552 308.295664826
-5.48254933333 308.211550033
-5.47754666667 308.290194121
-5.472544 308.242864426
-5.46754133333 308.285251114
-5.46253866667 308.246738364
-5.457536 308.294778207
-5.45253333333 308.28621817
-5.44753066667 308.325980049
-5.442528 308.231113222
-5.43752533333 308.247173853
-5.43252266667 308.244244651
-5.42752 308.290968205
-5.42251733333 308.196300317
-5.41751466667 308.233945972
-5.412512 308.224105531
-5.40750933333 308.282637099
-5.40250666667 308.214223574
-5.397504 308.280501249
-5.39250133333 308.264405692
-5.38749866667 308.313505082
-5.382496 308.208180285
-5.37749333333 308.304322917
-5.37249066667 308.293707226
-5.367488 308.31489817
-5.36248533333 308.273267297
-5.35748266667 308.323067841
-5.35248 308.297486385
-5.34747733333 308.324070227
-5.34247466667 308.251070682
-5.337472 308.29801754
-5.33246933333 308.275981715
-5.32746666667 308.334753338
-5.322464 308.260234426
-5.31746133333 308.332507126
-5.31245866667 308.283400351
-5.307456 308.298022172
-5.30245333333 308.270194125
-5.29745066667 308.344916365
-5.292448 308.304750017
-5.28744533333 308.352780028
-5.28244266667 308.295392283
-5.27744 308.339803487
-5.27243733333 308.273286956
-5.26743466667 308.33943281
-5.262432 308.281148987
-5.25742933333 308.356906702
-5.25242666667 308.317864983
-5.247424 308.370800422
-5.24242133333 308.316808206
-5.23741866667 308.353072057
-5.232416 308.323836806
-5.22741333333 308.370712646
-5.22241066667 308.286740362
-5.217408 308.345430796
-5.21240533333 308.327359721
-5.20740266667 308.372463273
-5.2024 308.329958125
-5.19739733333 308.39534867
-5.19239466667 308.368894488
-5.187392 308.355097787
-5.18238933333 308.321770006
-5.17738666667 308.349679849
-5.172384 308.322173696
-5.16738133333 308.346380847
-5.16237866667 308.311209087
-5.157376 308.344789867
-5.15237333333 308.347911888
-5.14737066667 308.381589328
-5.142368 308.325774016
-5.13736533333 308.387850004
-5.13236266667 308.385467712
-5.12736 308.465868133
-5.12235733333 308.383844675
-5.11735466667 308.408297874
-5.112352 308.363986351
-5.10734933333 308.410507933
-5.10234666667 308.372915444
-5.097344 308.426830177
-5.09234133333 308.405946742
-5.08733866667 308.473240489
-5.082336 308.43580098
-5.07733333333 308.460499598
-5.07233066667 308.35357269
-5.067328 308.312673568
-5.06232533333 308.260984634
-5.05732266667 308.329176713
-5.05232 308.322738168
-5.04731733333 308.359887884
-5.04231466667 308.339951937
-5.037312 308.402933268
-5.03230933333 308.343527783
-5.02730666667 308.39216959
-5.022304 308.36449772
-5.01730133333 308.398639179
-5.01229866667 308.362948733
-5.007296 308.433379456
-5.00229333333 308.388008786
-4.99729066667 308.390702022
-4.992288 308.336660836
-4.98728533333 308.392857864
-4.98228266667 308.337883081
-4.97728 308.368048944
-4.97227733333 308.370513063
-4.96727466667 308.399163742
-4.962272 308.39448461
-4.95726933333 308.435458681
-4.95226666667 308.438908097
-4.947264 308.514932755
-4.94226133333 308.409185103
-4.93725866667 308.481404053
-4.932256 308.426084271
-4.92725333333 308.477841612
-4.92225066667 308.451277115
-4.917248 308.489297397
-4.91224533333 308.466639016
-4.90724266667 308.559222622
-4.90224 308.450656254
-4.89723733333 308.522959872
-4.89223466667 308.475267512
-4.887232 308.533680068
-4.88222933333 308.423571235
-4.87722666667 308.506573454
-4.872224 308.465721836
-4.86722133333 308.532468352
-4.86221866667 308.540212849
-4.857216 308.593058125
-4.85221333333 308.568310784
-4.84721066667 308.608929066
-4.842208 308.501093988
-4.83720533333 308.536590636
-4.83220266667 308.473936773
-4.8272 308.520397533
-4.82219733333 308.504213484
-4.81719466667 308.52839775
-4.812192 308.510582127
-4.80718933333 308.51995001
-4.80218666667 308.443816827
-4.797184 308.428670038
-4.79218133333 308.439832204
-4.78717866667 308.487976169
-4.782176 308.398309204
-4.77717333333 308.403836919
-4.77217066667 308.40429233
-4.767168 308.47025762
-4.76216533333 308.397198329
-4.75716266667 308.452113734
-4.75216 308.428507389
-4.74715733333 308.461836095
-4.74215466667 308.443398326
-4.737152 308.424687368
-4.73214933333 308.345151009
-4.72714666667 308.38963547
-4.722144 308.330522257
-4.71714133333 308.354029761
-4.71213866667 308.320138317
-4.707136 308.367565412
-4.70213333333 308.294933865
-4.69713066667 308.339670021
-4.692128 308.304136526
-4.68712533333 308.364645718
-4.68212266667 308.304261696
-4.67712 308.400039821
-4.67211733333 308.399379202
-4.66711466667 308.416163769
-4.662112 308.381744813
-4.65710933333 308.478330203
-4.65210666667 308.455504285
-4.647104 308.535739061
-4.64210133333 308.456509174
-4.63709866667 308.490455147
-4.632096 308.457491249
-4.62709333333 308.497900039
-4.62209066667 308.437176717
-4.617088 308.487165343
-4.61208533333 308.47137513
-4.60708266667 308.500660947
-4.60208 308.465606835
-4.59707733333 308.502523615
-4.59207466667 308.44572848
-4.587072 308.513971449
-4.58206933333 308.421008205
-4.57706666667 308.474558037
-4.572064 308.48481409
-4.56706133333 308.489069227
-4.56205866667 308.449639574
-4.557056 308.491526905
-4.55205333333 308.498845197
-4.54705066667 308.539757697
-4.542048 308.511906416
-4.53704533333 308.590222529
-4.53204266667 308.585737137
-4.52704 308.586509876
-4.52203733333 308.570129253
-4.51703466667 308.583207068
-4.512032 308.5894701
-4.50702933333 308.641099186
-4.50202666667 308.588689006
-4.497024 308.628110926
-4.49202133333 308.64145683
-4.48701866667 308.675925582
-4.482016 308.657437039
-4.47701333333 308.683163477
-4.47201066667 308.67117528
-4.467008 308.756345018
-4.46200533333 308.649117591
-4.45700266667 308.704670429
-4.452 308.705431267
-4.44699733333 308.747422798
-4.44199466667 308.715480675
-4.436992 308.762221937
-4.43198933333 308.757911122
-4.42698666667 308.739707041
-4.421984 308.701048782
-4.41698133333 308.771183843
-4.41197866667 308.774757994
-4.406976 308.767850397
-4.40197333333 308.729113765
-4.39697066667 308.742236283
-4.391968 308.715138133
-4.38696533333 308.793064303
-4.38196266667 308.735105023
-4.37696 308.754059334
-4.37195733333 308.689246184
-4.36695466667 308.70105624
-4.361952 308.708886134
-4.35694933333 308.717002364
-4.35194666667 308.69810145
-4.346944 308.698095439
-4.34194133333 308.589510208
-4.33693866667 308.642174154
-4.331936 308.618813414
-4.32693333333 308.647782614
-4.32193066667 308.615182411
-4.316928 308.693669998
-4.31192533333 308.698256075
-4.30692266667 308.714835705
-4.30192 308.675699803
-4.29691733333 308.709532865
-4.29191466667 308.697091722
-4.286912 308.703404536
-4.28190933333 308.648697084
-4.27690666667 308.676653555
-4.271904 308.674199555
-4.26690133333 308.713023985
-4.26189866667 308.664398796
-4.256896 308.722569313
-4.25189333333 308.683614957
-4.24689066667 308.713454087
-4.241888 308.673247419
-4.23688533333 308.695634114
-4.23188266667 308.707806863
-4.22688 308.670627124
-4.22187733333 308.647279185
-4.21687466667 308.643862952
-4.211872 308.606609
-4.20686933333 308.581153305
-4.20186666667 308.53034034
-4.196864 308.574623244
-4.19186133333 308.560837812
-4.18685866667 308.569566717
-4.181856 308.556601659
-4.17685333333 308.626052304
-4.17185066667 308.583564472
-4.166848 308.590004073
-4.16184533333 308.555649642
-4.15684266667 308.590707024
-4.15184 308.597778283
-4.14683733333 308.581112476
-4.14183466667 308.529683465
-4.136832 308.508545847
-4.13182933333 308.510621432
-4.12682666667 308.542086238
-4.121824 308.457502443
-4.11682133333 308.509131552
-4.11181866667 308.46842911
-4.106816 308.484562977
-4.10181333333 308.462060453
-4.09681066667 308.480046415
-4.091808 308.481755809
-4.08680533333 308.457637497
-4.08180266667 308.492587832
-4.0768 308.531452163
-4.07179733333 308.519426609
-4.06679466667 308.5439274
-4.061792 308.534370279
-4.05678933333 308.586479323
-4.05178666667 308.578713412
-4.046784 308.593875459
-4.04178133333 308.592950329
-4.03677866667 308.644361639
-4.031776 308.66019304
-4.02677333333 308.672699989
-4.02177066667 308.636960685
-4.016768 308.667085141
-4.01176533333 308.664357011
-4.00676266667 308.698624454
-4.00176 308.674406761
-3.99675733333 308.71384845
-3.99175466667 308.721403461
-3.986752 308.708368544
-3.98174933333 308.677740264
-3.97674666667 308.714695332
-3.971744 308.684352185
-3.96674133333 308.684456833
-3.96173866667 308.667910581
-3.956736 308.68102507
-3.95173333333 308.659243229
-3.94673066667 308.602536476
-3.941728 308.548496872
-3.93672533333 308.575325825
-3.93172266667 308.569469655
-3.92672 308.540038969
-3.92171733333 308.511590852
-3.91671466667 308.487538183
-3.911712 308.47971776
-3.90670933333 308.433411627
-3.90170666667 308.428027059
-3.896704 308.438462043
-3.89170133333 308.429410103
-3.88669866667 308.415288414
-3.881696 308.365623434
-3.87669333333 308.387077201
-3.87169066667 308.33018792
-3.866688 308.300465741
-3.86168533333 308.260839765
-3.85668266667 308.278422886
-3.85168 308.203939972
-3.84667733333 308.170798996
-3.84167466667 308.15054484
-3.836672 308.125270571
-3.83166933333 308.160767163
-3.82666666667 308.141621873
-3.821664 308.162660024
-3.81666133333 308.181067129
-3.81165866667 308.161659806
-3.806656 308.181715325
-3.80165333333 308.136311935
-3.79665066667 308.191238707
-3.791648 308.200632875
-3.78664533333 308.185029413
-3.78164266667 308.208174003
-3.77664 308.228012992
-3.77163733333 308.23069064
-3.76663466667 308.227423343
-3.761632 308.252565048
-3.75662933333 308.261109912
-3.75162666667 308.282783661
-3.746624 308.271834614
-3.74162133333 308.312851961
-3.73661866667 308.320469979
-3.731616 308.331832242
-3.72661333333 308.291815557
-3.72161066667 308.251940768
-3.716608 308.294454097
-3.71160533333 308.350221357
-3.70660266667 308.340505443
-3.7016 308.380588669
-3.69659733333 308.358772874
-3.69159466667 308.392704389
-3.686592 308.375859815
-3.68158933333 308.384963501
-3.67658666667 308.399789195
-3.671584 308.412707972
-3.66658133333 308.385496252
-3.66157866667 308.400629522
-3.656576 308.442450187
-3.65157333333 308.435664315
-3.64657066667 308.444370729
-3.641568 308.46491173
-3.63656533333 308.460311806
-3.63156266667 308.447434108
-3.62656 308.407047726
-3.62155733333 308.399689664
-3.61655466667 308.433784393
-3.611552 308.482897729
-3.60654933333 308.429503316
-3.60154666667 308.461046941
-3.596544 308.484845012
-3.59154133333 308.489170095
-3.58653866667 308.497483514
-3.581536 308.483750332
-3.57653333333 308.430173383
-3.57153066667 308.464869777
-3.566528 308.470311073
-3.56152533333 308.467597445
-3.55652266667 308.465035512
-3.55152 308.431197556
-3.54651733333 308.493769042
-3.54151466667 308.472138929
-3.536512 308.503180556
-3.53150933333 308.514510537
-3.52650666667 308.532560941
-3.521504 308.551843126
-3.51650133333 308.536347959
-3.51149866667 308.559138699
-3.506496 308.513156254
-3.50149333333 308.569917435
-3.49649066667 308.543484201
-3.491488 308.60248415
-3.48648533333 308.535716771
-3.48148266667 308.547601494
-3.47648 308.494536624
-3.47147733333 308.492644443
-3.46647466667 308.475751994
-3.461472 308.468690621
-3.45646933333 308.455403529
-3.45146666667 308.460607663
-3.446464 308.464126713
-3.44146133333 308.449567431
-3.43645866667 308.422863847
-3.431456 308.409417567
-3.42645333333 308.408282793
-3.42145066667 308.379814805
-3.416448 308.401494042
-3.41144533333 308.437588785
-3.40644266667 308.410027873
-3.40144 308.364453015
-3.39643733333 308.404224551
-3.39143466667 308.418874511
-3.386432 308.339237328
-3.38142933333 308.298202627
-3.37642666667 308.348162424
-3.371424 308.384760971
-3.36642133333 308.383369876
-3.36141866667 308.372905863
-3.356416 308.357784601
-3.35141333333 308.376151489
-3.34641066667 308.382204586
-3.341408 308.421886715
-3.33640533333 308.418173314
-3.33140266667 308.467664297
-3.3264 308.454711007
-3.32139733333 308.507302661
-3.31639466667 308.547926813
-3.311392 308.594658204
-3.30638933333 308.577409754
-3.30138666667 308.556173246
-3.296384 308.64084342
-3.29138133333 308.740185153
-3.28637866667 308.762608451
-3.281376 308.853136186
-3.27637333333 308.907884738
-3.27137066667 308.977719328
-3.266368 308.969563215
-3.26136533333 309.007086549
-3.25636266667 308.983507112
-3.25136 309.029350803
-3.24635733333 308.999723837
-3.24135466667 309.029043229
-3.236352 309.076772095
-3.23134933333 309.121407997
-3.22634666667 309.065116333
-3.221344 309.159198563
-3.21634133333 309.082772314
-3.21133866667 309.1624854
-3.206336 309.162101521
-3.20133333333 309.206110929
-3.19633066667 309.085944172
-3.191328 308.490150516
-3.18632533333 308.269243023
-3.18132266667 308.572931516
-3.17632 307.976730333
-3.17131733333 306.913265433
-3.16631466667 306.765070023
-3.161312 306.995480753
-3.15630933333 307.195801272
-3.15130666667 307.502223529
-3.146304 307.665758826
-3.14130133333 307.900570884
-3.13629866667 307.940615822
-3.131296 308.183798931
-3.12629333333 308.226516929
-3.12129066667 308.41081129
-3.116288 308.506714838
-3.11128533333 308.661015573
-3.10628266667 308.77005995
-3.10128 308.94551957
-3.09627733333 309.101042585
-3.09127466667 309.236689895
-3.086272 309.132363732
-3.08126933333 309.109553032
-3.07626666667 309.127838766
-3.071264 309.13478414
-3.06626133333 309.081603042
-3.06125866667 309.109627725
-3.056256 309.14825854
-3.05125333333 309.219771644
-3.04625066667 309.200187711
-3.041248 309.227013456
-3.03624533333 309.21764626
-3.03124266667 309.158690059
-3.02624 308.991335948
-3.02123733333 309.030180973
-3.01623466667 309.016678224
-3.011232 309.10845361
-3.00622933333 309.131489259
-3.00122666667 309.239986623
-2.996224 309.209308214
-2.99122133333 308.986984719
-2.98621866667 308.528192432
-2.981216 307.742522352
-2.97621333333 307.421752881
-2.97121066667 307.431161384
-2.966208 307.344325682
-2.96120533333 307.215844331
-2.95620266667 306.992386042
-2.9512 307.014116467
-2.94619733333 306.319949909
-2.94119466667 305.802626988
-2.936192 305.669491553
-2.93118933333 305.547805851
-2.92618666667 305.394564936
-2.921184 305.262292191
-2.91618133333 305.073499908
-2.91117866667 304.937816532
-2.906176 304.702552128
-2.90117333333 304.665582698
-2.89617066667 304.523350778
-2.891168 304.531036939
-2.88616533333 304.448296072
-2.88116266667 304.450630077
-2.87616 304.375094143
-2.87115733333 304.428461021
-2.86615466667 304.411335058
-2.861152 304.481960023
-2.85614933333 304.449072295
-2.85114666667 304.572515649
-2.846144 304.537319704
-2.84114133333 304.581763534
-2.83613866667 304.584015626
-2.831136 304.699726363
-2.82613333333 304.703868731
-2.82113066667 304.724203283
-2.816128 304.642070939
-2.81112533333 304.551871684
-2.80612266667 304.493204942
-2.80112 304.582791702
-2.79611733333 304.604339207
-2.79111466667 304.671440122
-2.786112 304.641640529
-2.78110933333 304.682225349
-2.77610666667 304.641642854
-2.771104 304.760317099
-2.76610133333 304.878674765
-2.76109866667 305.059684558
-2.756096 305.203657275
-2.75109333333 305.545931487
-2.74609066667 305.624998321
-2.741088 305.762344468
-2.73608533333 305.803537159
-2.73108266667 305.984130536
-2.72608 306.314691037
-2.72107733333 306.749752603
-2.71607466667 307.244128872
-2.711072 308.364541484
-2.70606933333 309.139257024
-2.70106666667 309.495585534
-2.696064 309.83112471
-2.69106133333 310.435746324
-2.68605866667 310.589515775
-2.681056 310.602219862
-2.67605333333 310.345839978
-2.67105066667 310.273479679
-2.666048 310.214707096
-2.66104533333 311.207907156
-2.65604266667 311.603773043
-2.65104 314.516558706
-2.64603733333 318.683042978
-2.64103466667 323.44901126
-2.636032 330.516444405
-2.63102933333 339.34702051
-2.62602666667 344.093993648
-2.621024 342.629504946
-2.61602133333 341.278149947
-2.61101866667 341.163843956
-2.606016 332.802820325
-2.60101333333 337.157695246
-2.59601066667 343.838148174
-2.591008 344.893587618
-2.58600533333 343.932392912
-2.58100266667 340.11355655
-2.576 338.187856549
-2.57099733333 335.452005793
-2.56599466667 337.177647798
-2.560992 338.563904701
-2.55598933333 339.932085235
-2.55098666667 338.503238876
-2.545984 340.100668632
-2.54098133333 341.315073798
-2.53597866667 341.957383731
-2.530976 343.95420234
-2.52597333333 339.463379719
-2.52097066667 339.035279663
-2.515968 337.415910425
-2.51096533333 337.566365416
-2.50596266667 337.592635408
-2.50096 337.387898377
-2.49595733333 336.760996574
-2.49095466667 336.562848688
-2.485952 336.723906475
-2.48094933333 337.281651616
-2.47594666667 338.217811821
-2.470944 338.967518843
-2.46594133333 339.065664394
-2.46093866667 339.054661078
-2.455936 339.307700372
-2.45093333333 340.584833776
-2.44593066667 341.127650359
-2.440928 340.556592537
-2.43592533333 338.779048345
-2.43092266667 338.173700678
-2.42592 337.716005223
-2.42091733333 337.275311347
-2.41591466667 337.29414308
-2.410912 336.073964991
-2.40590933333 335.474665974
-2.40090666667 336.740427048
-2.395904 338.241199718
-2.39090133333 338.197807821
-2.38589866667 336.904560174
-2.380896 335.090190625
-2.37589333333 333.661748756
-2.37089066667 331.956380935
-2.365888 330.103421866
-2.36088533333 329.365751581
-2.35588266667 328.927007712
-2.35088 327.966922778
-2.34587733333 326.800556846
-2.34087466667 326.400829776
-2.335872 325.943944728
-2.33086933333 325.757001854
-2.32586666667 325.300548835
-2.320864 325.145574784
-2.31586133333 324.71423624
-2.31085866667 324.224476194
-2.305856 323.564675435
-2.30085333333 323.146774737
-2.29585066667 322.870010868
-2.290848 322.725884287
-2.28584533333 322.213123779
-2.28084266667 321.704727953
-2.27584 321.125141345
-2.27083733333 320.674984156
-2.26583466667 320.152997623
-2.260832 319.822788163
-2.25582933333 319.51675234
-2.25082666667 319.52247294
-2.245824 319.338260669
-2.24082133333 319.282713855
-2.23581866667 319.153132894
-2.230816 319.221130231
-2.22581333333 319.135911692
-2.22081066667 319.174578514
-2.215808 319.057785574
-2.21080533333 318.994460946
-2.20580266667 318.789869224
-2.2008 318.565583631
-2.19579733333 317.952924659
-2.19079466667 317.572442196
-2.185792 317.203443454
-2.18078933333 316.893177217
-2.17578666667 316.480206952
-2.170784 316.411684817
-2.16578133333 316.141744527
-2.16077866667 316.071083081
-2.155776 315.747769139
-2.15077333333 315.413832391
-2.14577066667 314.951999564
-2.140768 314.237735244
-2.13576533333 313.398786927
-2.13076266667 312.971240298
-2.12576 312.54381094
-2.12075733333 312.174154443
-2.11575466667 311.806098501
-2.110752 311.652012395
-2.10574933333 311.328057079
-2.10074666667 311.241745372
-2.095744 311.078791965
-2.09074133333 311.051332053
-2.08573866667 310.911494004
-2.080736 310.899123758
-2.07573333333 310.782664149
-2.07073066667 310.725615727
-2.065728 310.563866542
-2.06072533333 310.624185091
-2.05572266667 310.420949123
-2.05072 310.283972084
-2.04571733333 310.028672093
-2.04071466667 310.087854842
-2.035712 310.015471242
-2.03070933333 309.866321949
-2.02570666667 309.643083702
-2.020704 309.708911501
-2.01570133333 309.87432896
-2.01069866667 310.394013699
-2.005696 311.042865331
-2.00069333333 311.808914716
-1.99569066667 312.589896904
-1.990688 315.159989245
-1.98568533333 316.060670722
-1.98068266667 316.234950318
-1.97568 315.138471426
-1.97067733333 312.842258832
-1.96567466667 311.340791197
-1.960672 311.39530038
-1.95566933333 310.847421384
-1.95066666667 311.010807878
-1.945664 311.091741628
-1.94066133333 310.852884259
-1.93565866667 310.704397362
-1.930656 310.806056807
-1.92565333333 310.606598317
-1.92065066667 310.893474624
-1.915648 310.788703051
-1.91064533333 310.707698653
-1.90564266667 311.479901831
-1.90064 312.294017404
-1.89563733333 312.55677325
-1.89063466667 312.863799456
-1.885632 312.802877047
-1.88062933333 312.411724054
-1.87562666667 312.221387802
-1.870624 312.356346428
-1.86562133333 312.440734995
-1.86061866667 312.618106829
-1.855616 312.607155249
-1.85061333333 312.684090862
-1.84561066667 312.607663044
-1.840608 312.697088595
-1.83560533333 312.777680045
-1.83060266667 312.973391832
-1.8256 312.957887966
-1.82059733333 313.067650759
-1.81559466667 313.015564079
-1.810592 313.027334948
-1.80558933333 312.957707275
-1.80058666667 313.055767527
-1.795584 313.004116535
-1.79058133333 313.072110228
-1.78557866667 313.025499063
-1.780576 313.073049434
-1.77557333333 313.038011737
-1.77057066667 313.077083456
-1.765568 313.028480113
-1.76056533333 313.048637508
-1.75556266667 313.041012605
-1.75056 313.093943714
-1.74555733333 312.904606064
-1.74055466667 312.875609141
-1.735552 312.841824394
-1.73054933333 312.849394646
-1.72554666667 312.742476535
-1.720544 312.783889739
-1.71554133333 312.65947666
-1.71053866667 312.697430779
-1.705536 312.486289579
-1.70053333333 312.597408319
-1.69553066667 312.441688513
-1.690528 312.34069913
-1.68552533333 312.114177436
-1.68052266667 312.062168393
-1.67552 312.005079702
-1.67051733333 311.982566429
-1.66551466667 311.860280021
-1.660512 311.876406986
-1.65550933333 311.796702574
-1.65050666667 311.855122588
-1.645504 311.724216427
-1.64050133333 311.842881257
-1.63549866667 311.823578038
-1.630496 311.939679275
-1.62549333333 311.861005033
-1.62049066667 311.902924914
-1.615488 311.832348634
-1.61048533333 311.883261007
-1.60548266667 311.798187554
-1.60048 311.825120675
-1.59547733333 311.731283756
-1.59047466667 311.823106546
-1.585472 311.76640784
-1.58046933333 311.787675214
-1.57546666667 311.709745106
-1.570464 311.603515099
-1.56546133333 311.342162059
-1.56045866667 311.332149161
-1.555456 311.218112022
-1.55045333333 311.195028775
-1.54545066667 311.093050948
-1.540448 311.131656674
-1.53544533333 311.027503404
-1.53044266667 311.050371697
-1.52544 310.918427525
-1.52043733333 310.923999495
-1.51543466667 310.875190206
-1.510432 310.916341595
-1.50542933333 310.798364567
-1.50042666667 310.806829634
-1.495424 310.72826546
-1.49042133333 310.747817628
-1.48541866667 310.638327755
-1.480416 310.722896827
-1.47541333333 310.683654741
-1.47041066667 310.700624648
-1.465408 310.62978414
-1.46040533333 310.855388507
-1.45540266667 310.77179742
-1.4504 310.885380282
-1.44539733333 310.812065337
-1.44039466667 310.841977715
-1.435392 310.767200737
-1.43038933333 310.847509825
-1.42538666667 310.57825003
-1.420384 310.664623563
-1.41538133333 310.619620167
-1.41037866667 310.681029143
-1.405376 310.556465891
-1.40037333333 310.660886066
-1.39537066667 310.586936979
-1.390368 310.648700958
-1.38536533333 310.585999138
-1.38036266667 310.646218546
-1.37536 310.609112231
-1.37035733333 310.722826077
-1.36535466667 310.671171638
-1.360352 310.743255111
-1.35534933333 310.736055747
-1.35034666667 310.828020565
-1.345344 310.71258527
-1.34034133333 310.786690029
-1.33533866667 310.732747214
-1.330336 310.832381256
-1.32533333333 310.821708399
-1.32033066667 310.943782705
-1.315328 310.895679639
-1.31032533333 310.952502823
-1.30532266667 310.892291938
-1.30032 310.984052467
-1.29531733333 310.981278014
-1.29031466667 311.024917841
-1.285312 310.966388355
-1.28030933333 311.040972677
-1.27530666667 310.976318916
-1.270304 311.0755285
-1.26530133333 310.989232836
-1.26029866667 311.058877615
-1.255296 311.03152858
-1.25029333333 311.094588422
-1.24529066667 310.967847001
-1.240288 311.09259249
-1.23528533333 311.075950057
-1.23028266667 311.083274304
-1.22528 310.981532572
-1.22027733333 311.065040298
-1.21527466667 311.00551441
-1.210272 311.051473731
-1.20526933333 310.921817549
-1.20026666667 310.923891413
-1.195264 310.80564647
-1.19026133333 310.862159144
-1.18525866667 310.746720089
-1.180256 310.887668499
-1.17525333333 310.907942921
-1.17025066667 310.992993448
-1.165248 310.865545364
-1.16024533333 310.72122999
-1.15524266667 310.585916551
-1.15024 311.19841923
-1.14523733333 311.393064241
-1.14023466667 311.463773593
-1.135232 311.359923337
-1.13022933333 311.356171452
-1.12522666667 311.241731505
-1.120224 311.323916439
-1.11522133333 311.311532158
-1.11021866667 311.36916223
-1.105216 311.264278347
-1.10021333333 311.321802103
-1.09521066667 311.256661819
-1.090208 311.311757356
-1.08520533333 311.171299103
-1.08020266667 311.255620679
-1.0752 311.301614091
-1.07019733333 311.444112716
-1.06519466667 311.407262237
-1.060192 311.477269259
-1.05518933333 311.441705289
-1.05018666667 311.501024882
-1.045184 311.458512352
-1.04018133333 311.473860046
-1.03517866667 311.446007096
-1.030176 310.298480674
-1.02517333333 309.181073862
-1.02017066667 309.12623503
-1.015168 309.150051893
-1.01016533333 309.862672337
-1.00516266667 310.96258796
-1.00016 311.584316935
-0.995157333333 311.594708114
-0.990154666667 311.609780559
-0.985152 311.5117459
-0.980149333333 311.513714694
-0.975146666667 311.423707461
-0.970144 311.431314577
-0.965141333333 311.349189272
-0.960138666667 311.38638567
-0.955136 311.31360484
-0.950133333333 311.382537552
-0.945130666667 311.328806961
-0.940128 311.352944261
-0.935125333333 311.217532903
-0.930122666667 311.210138684
-0.92512 311.005641414
-0.920117333333 310.997152986
-0.915114666667 310.965241383
-0.910112 311.002466501
-0.905109333333 310.865185107
-0.900106666667 310.847837837
-0.895104 310.768627243
-0.890101333333 310.875783927
-0.885098666667 310.773493247
-0.880096 310.73944503
-0.875093333333 310.655402762
-0.870090666667 310.648504061
-0.865088 310.477606693
-0.860085333333 310.516815805
-0.855082666667 310.424934276
-0.85008 310.456272538
-0.845077333333 310.373650608
-0.840074666667 310.544888166
-0.835072 310.520542651
-0.830069333333 310.603133506
-0.825066666667 310.577059307
-0.820064 310.713784419
-0.815061333333 310.650382043
-0.810058666667 310.761501778
-0.805056 310.781163108
-0.800053333333 310.894671096
-0.795050666667 310.820868426
-0.790048 310.820070148
-0.785045333333 310.869612482
-0.780042666667 310.047686054
-0.77504 309.564575677
-0.770037333333 309.496268157
-0.765034666667 309.232038712
-0.760032 308.798991034
-0.755029333333 308.568095145
-0.750026666667 308.242949157
-0.745024 308.466922509
-0.740021333333 308.724947156
-0.735018666667 309.018919787
-0.730016 309.912222214
-0.725013333333 310.015731438
-0.720010666667 310.44836527
-0.715008 310.667876685
-0.710005333333 311.078861662
-0.705002666667 311.464006875
-0.7 311.730190481
-0.694997333333 311.618768554
-0.689994666667 312.080685461
-0.684992 313.018570744
-0.679989333333 315.146867159
-0.674986666667 315.824081793
-0.669984 317.10596244
-0.664981333333 318.655102498
-0.659978666667 320.576272584
-0.654976 322.029175317
-0.649973333333 322.908309141
-0.644970666667 324.793583779
-0.639968 326.007535523
-0.634965333333 327.410182596
-0.629962666667 331.439377507
-0.62496 336.957887834
-0.619957333333 346.378414619
-0.614954666667 337.445433661
-0.609952 328.412401803
-0.604949333333 326.583905237
-0.599946666667 326.468679138
-0.594944 329.68928814
-0.589941333333 331.92191877
-0.584938666667 344.438833603
-0.579936 347.339744683
-0.574933333333 346.165119576
-0.569930666667 346.485996119
-0.564928 345.876789291
-0.559925333333 342.514817775
-0.554922666667 340.654139017
-0.54992 339.8425057
-0.544917333333 339.298346937
-0.539914666667 339.185782246
-0.534912 339.152086988
-0.529909333333 339.401063655
-0.524906666667 339.431005119
-0.519904 339.445923742
-0.514901333333 339.619410842
-0.509898666667 339.771433544
-0.504896 339.767993314
-0.499893333333 339.751009267
-0.494890666667 339.602865354
-0.489888 339.676852232
-0.484885333333 339.6209218
-0.479882666667 339.562023394
-0.47488 339.285454027
-0.469877333333 340.535966679
-0.464874666667 340.980270329
-0.459872 341.558222188
-0.454869333333 341.198701231
-0.449866666667 340.749888674
-0.444864 339.879201417
-0.439861333333 337.821683731
-0.434858666667 336.490557891
-0.429856 333.555858597
-0.424853333333 330.92849715
-0.419850666667 328.274477439
-0.414848 324.132314523
-0.409845333333 322.633520381
-0.404842666667 321.841771362
-0.39984 321.563423708
-0.394837333333 321.109349502
-0.389834666667 320.730340533
-0.384832 322.924375356
-0.379829333333 322.643165802
-0.374826666667 322.04398674
-0.369824 322.231899989
-0.364821333333 322.011380195
-0.359818666667 317.928360318
-0.354816 314.499733877
-0.349813333333 313.392916461
-0.344810666667 311.970287747
-0.339808 314.552396004
-0.334805333333 322.787725376
-0.329802666667 330.156447353
-0.3248 330.400460764
-0.319797333333 328.039464123
-0.314794666667 325.134013091
-0.309792 323.185598479
-0.304789333333 321.081054169
-0.299786666667 319.374723676
-0.294784 318.692936228
-0.289781333333 321.977646202
-0.284778666667 331.019563324
-0.279776 331.377314232
-0.274773333333 332.129143829
-0.269770666667 329.200114829
-0.264768 331.541221333
-0.259765333333 332.563505567
-0.254762666667 332.065021162
-0.24976 331.496158918
-0.244757333333 331.043825298
-0.239754666667 330.863282552
-0.234752 330.511315059
-0.229749333333 330.141478387
-0.224746666667 329.822140799
-0.219744 329.511957445
-0.214741333333 329.263944661
-0.209738666667 329.258738291
-0.204736 329.021229728
-0.199733333333 328.872374625
-0.194730666667 328.602965334
-0.189728 328.612157486
-0.184725333333 328.334243516
-0.179722666667 328.316935949
-0.17472 328.178759569
-0.169717333333 328.188525376
-0.164714666667 328.064020618
-0.159712 328.085324775
-0.154709333333 327.91970549
-0.149706666667 327.837536945
-0.144704 327.785762256
-0.139701333333 327.795138459
-0.134698666667 327.810858896
-0.129696 327.946830165
-0.124693333333 327.941306498
-0.119690666667 328.021606912
-0.114688 328.106645825
-0.109685333333 328.068628332
-0.104682666667 327.894333047
-0.09968 327.646964581
-0.0946773333333 327.353803085
-0.0896746666667 327.272753728
-0.084672 327.124860086
-0.0796693333333 327.032769443
-0.0746666666667 326.91392045
-0.069664 326.8261677
-0.0646613333333 326.781175547
-0.0596586666667 326.736244723
-0.054656 326.093964359
-0.0496533333333 324.663875539
-0.0446506666667 322.52829964
-0.039648 320.369919494
-0.0346453333333 318.683411508
-0.0296426666667 317.562365933
-0.02464 317.113971142
-0.0196373333333 317.704999086
-0.0146346666667 320.3540397
-0.009632 322.401103291
-0.00462933333333 318.503914489
