-9.99995733333 289.922737851
-9.99495466667 289.872196842
-9.989952 289.905864637
-9.98494933333 289.851647005
-9.97994666667 289.855692304
-9.974944 289.834876945
-9.96994133333 289.882896052
-9.96493866667 289.837907885
-9.959936 289.901285591
-9.95493333333 289.834401663
-9.94993066667 289.895753874
-9.944928 289.857802426
-9.93992533333 289.872683826
-9.93492266667 289.842379129
-9.92992 289.85532664
-9.92491733333 289.824693799
-9.91991466667 289.890751771
-9.914912 289.855365941
-9.90990933333 289.929965958
-9.90490666667 289.918444338
-9.899904 289.937114951
-9.89490133333 289.983281738
-9.88989866667 290.054346844
-9.884896 290.013357214
-9.87989333333 290.067576575
-9.87489066667 290.067352887
-9.869888 290.141199725
-9.86488533333 290.031842789
-9.85988266667 290.103228759
-9.85488 290.050470612
-9.84987733333 290.136380707
-9.84487466667 290.085491082
-9.839872 290.111403177
-9.83486933333 290.084825499
-9.82986666667 290.173001705
-9.824864 290.131922887
-9.81986133333 290.118606599
-9.81485866667 290.105002253
-9.809856 290.157330596
-9.80485333333 290.099845479
-9.79985066667 290.143415954
-9.794848 290.084906265
-9.78984533333 290.132357947
-9.78484266667 290.054701065
-9.77984 290.12446613
-9.77483733333 290.074792804
-9.76983466667 290.083009256
-9.764832 290.047589024
-9.75982933333 290.070830602
-9.75482666667 290.056154769
-9.749824 290.037642314
-9.74482133333 289.98954667
-9.73981866667 290.004398862
-9.734816 289.933422576
-9.72981333333 289.989187781
-9.72481066667 289.944850075
-9.719808 289.980808205
-9.71480533333 289.886087627
-9.70980266667 289.907630029
-9.7048 289.893914032
-9.69979733333 289.924256561
-9.69479466667 289.894155941
-9.689792 289.908982381
-9.68478933333 289.845171268
-9.67978666667 289.905780688
-9.674784 289.855188987
-9.66978133333 289.884862605
-9.66477866667 289.853032384
-9.659776 289.90411153
-9.65477333333 289.829430576
-9.64977066667 289.850720488
-9.644768 289.773630636
-9.63976533333 289.821165777
-9.63476266667 289.780445928
-9.62976 289.792931832
-9.62475733333 289.761605364
-9.61975466667 289.763108279
-9.614752 289.724196991
-9.60974933333 289.751164322
-9.60474666667 289.740143264
-9.599744 289.745346959
-9.59474133333 289.71337927
-9.58973866667 289.720495303
-9.584736 289.661737643
-9.57973333333 289.698825504
-9.57473066667 289.694921273
-9.569728 289.7544738
-9.56472533333 289.672707612
-9.55972266667 289.688480693
-9.55472 289.60129306
-9.54971733333 289.687971147
-9.54471466667 289.663836589
-9.539712 289.681725114
-9.53470933333 289.649977866
-9.52970666667 289.70332584
-9.524704 289.60356564
-9.51970133333 289.642913227
-9.51469866667 289.635927914
-9.509696 289.696218804
-9.50469333333 289.634075402
-9.49969066667 289.629857142
-9.494688 289.617622833
-9.48968533333 289.604021154
-9.48468266667 289.607634341
-9.47968 289.622834262
-9.47467733333 289.586282793
-9.46967466667 289.62959616
-9.464672 289.567032501
-9.45966933333 289.567809236
-9.45466666667 289.541355302
-9.449664 289.563821805
-9.44466133333 289.496629474
-9.43965866667 289.547158116
-9.434656 289.483339853
-9.42965333333 289.516051765
-9.42465066667 289.463204976
-9.419648 289.51254758
-9.41464533333 289.498759159
-9.40964266667 289.542171819
-9.40464 289.454866773
-9.39963733333 289.493814961
-9.39463466667 289.498653052
-9.389632 289.52090387
-9.38462933333 289.476148702
-9.37962666667 289.537512792
-9.374624 289.435446395
-9.36962133333 289.514000669
-9.36461866667 289.454509223
-9.359616 289.419209221
-9.35461333333 289.421419731
-9.34961066667 289.474172985
-9.344608 289.404492371
-9.33960533333 289.434762738
-9.33460266667 289.390623544
-9.3296 289.406066862
-9.32459733333 289.355140329
-9.31959466667 289.422638299
-9.314592 289.364639474
-9.30958933333 289.352909381
-9.30458666667 289.312161189
-9.299584 289.284367369
-9.29458133333 289.223448087
-9.28957866667 289.240210664
-9.284576 289.176825838
-9.27957333333 289.179147773
-9.27457066667 289.11829828
-9.269568 289.147094168
-9.26456533333 289.076235986
-9.25956266667 289.153113167
-9.25456 289.060330492
-9.24955733333 289.0901915
-9.24455466667 288.99116201
-9.239552 289.074148279
-9.23454933333 289.02482029
-9.22954666667 289.039138876
-9.224544 288.923069707
-9.21954133333 289.023202115
-9.21453866667 288.95248402
-9.209536 289.009830438
-9.20453333333 288.929676896
-9.19953066667 288.946602492
-9.194528 288.925835061
-9.18952533333 288.93206762
-9.18452266667 288.864903199
-9.17952 288.924237232
-9.17451733333 288.885048833
-9.16951466667 288.951342272
-9.164512 288.877393928
-9.15950933333 288.900975784
-9.15450666667 288.881554767
-9.149504 288.8710177
-9.14450133333 288.900983442
-9.13949866667 288.965759871
-9.134496 288.906504631
-9.12949333333 288.947538575
-9.12449066667 288.900860084
-9.119488 288.933866307
-9.11448533333 288.887163048
-9.10948266667 288.998795353
-9.10448 288.934682289
-9.09947733333 288.940674635
-9.09447466667 288.894698672
-9.089472 288.958431235
-9.08446933333 288.893487853
-9.07946666667 288.962434952
-9.074464 288.950218624
-9.06946133333 289.001996809
-9.06445866667 288.963929116
-9.059456 289.01243099
-9.05445333333 288.953165335
-9.04945066667 289.032650614
-9.044448 288.97728777
-9.03944533333 288.999813616
-9.03444266667 288.940927411
-9.02944 288.995885403
-9.02443733333 289.008244626
-9.01943466667 289.078118365
-9.014432 289.086980213
-9.00942933333 289.166051982
-9.00442666667 289.166870159
-8.999424 289.229600253
-8.99442133333 289.162167077
-8.98941866667 289.177454392
-8.984416 289.119497641
-8.97941333333 289.126654182
-8.97441066667 289.103489555
-8.969408 289.174228706
-8.96440533333 289.108699155
-8.95940266667 289.168841437
-8.9544 289.138012676
-8.94939733333 289.145216547
-8.94439466667 289.087492892
-8.939392 289.109148966
-8.93438933333 289.092927654
-8.92938666667 289.097207739
-8.924384 289.025862846
-8.91938133333 289.04191004
-8.91437866667 288.999196112
-8.909376 288.981911453
-8.90437333333 288.878193147
-8.89937066667 288.861110715
-8.894368 288.764656092
-8.88936533333 288.765015058
-8.88436266667 288.686040958
-8.87936 288.726182693
-8.87435733333 288.718516835
-8.86935466667 288.819772561
-8.864352 288.892834246
-8.85934933333 288.900429804
-8.85434666667 288.89082316
-8.849344 288.968917081
-8.84434133333 288.96887435
-8.83933866667 289.050743817
-8.834336 289.058475938
-8.82933333333 289.085850987
-8.82433066667 289.106367715
-8.819328 289.342191212
-8.81432533333 289.454222588
-8.80932266667 289.474041211
-8.80432 289.554145654
-8.79931733333 289.704286888
-8.79431466667 289.81087001
-8.789312 290.010130197
-8.78430933333 290.051363388
-8.77930666667 290.143509543
-8.774304 290.168510989
-8.76930133333 290.217071444
-8.76429866667 290.226737305
-8.759296 290.288596768
-8.75429333333 290.320387319
-8.74929066667 290.456046606
-8.744288 290.385969907
-8.73928533333 290.49028665
-8.73428266667 290.53357734
-8.72928 290.647206115
-8.72427733333 290.6539555
-8.71927466667 290.744941109
-8.714272 290.795325921
-8.70926933333 291.069330859
-8.70426666667 291.125776581
-8.699264 291.273717763
-8.69426133333 291.388273926
-8.68925866667 291.596088022
-8.684256 291.718957491
-8.67925333333 291.881369445
-8.67425066667 292.134202516
-8.669248 292.536106228
-8.66424533333 292.600834067
-8.65924266667 292.800813595
-8.65424 292.69331917
-8.64923733333 292.397482907
-8.64423466667 291.715675475
-8.639232 290.746230393
-8.63422933333 289.586376573
-8.62922666667 288.630218379
-8.624224 287.990175418
-8.61922133333 287.519863325
-8.61421866667 286.850789396
-8.609216 285.89389963
-8.60421333333 285.252180515
-8.59921066667 284.908483717
-8.594208 285.017253392
-8.58920533333 284.83185321
-8.58420266667 284.581728932
-8.5792 284.521234446
-8.57419733333 284.342748367
-8.56919466667 284.253750248
-8.564192 283.927661608
-8.55918933333 284.070508394
-8.55418666667 284.093981027
-8.549184 284.028815111
-8.54418133333 283.968209188
-8.53917866667 283.966721664
-8.534176 283.706134026
-8.52917333333 283.733396663
-8.52417066667 283.803613655
-8.519168 284.176393687
-8.51416533333 284.121442316
-8.50916266667 284.169660688
-8.50416 284.202057458
-8.49915733333 284.128685256
-8.49415466667 284.00586365
-8.489152 283.704169257
-8.48414933333 283.311815802
-8.47914666667 283.031190875
-8.474144 282.827801759
-8.46914133333 282.79195814
-8.46413866667 282.708061395
-8.459136 282.692140832
-8.45413333333 282.665771471
-8.44913066667 282.708164321
-8.444128 282.585553192
-8.43912533333 282.505117122
-8.43412266667 282.492790252
-8.42912 282.343402305
-8.42411733333 282.143280914
-8.41911466667 282.122035285
-8.414112 282.184250018
-8.40910933333 282.225775897
-8.40410666667 282.208613735
-8.399104 282.271885109
-8.39410133333 282.188121071
-8.38909866667 282.173000638
-8.384096 282.081341037
-8.37909333333 282.05010425
-8.37409066667 281.938123673
-8.369088 281.948880013
-8.36408533333 281.950218985
-8.35908266667 281.994159398
-8.35408 281.989116687
-8.34907733333 282.032379614
-8.34407466667 281.98709773
-8.339072 281.98452911
-8.33406933333 281.987155109
-8.32906666667 282.005807339
-8.324064 281.997549689
-8.31906133333 282.03569656
-8.31405866667 282.048254065
-8.309056 282.094265653
-8.30405333333 282.078026634
-8.29905066667 282.19043535
-8.294048 282.187389809
-8.28904533333 282.227676761
-8.28404266667 282.214769021
-8.27904 282.24300191
-8.27403733333 282.273784868
-8.26903466667 282.351381654
-8.264032 282.306981497
-8.25902933333 282.351985939
-8.25402666667 282.343506474
-8.249024 282.380708937
-8.24402133333 282.261762632
-8.23901866667 282.255434844
-8.234016 282.193464986
-8.22901333333 282.19280686
-8.22401066667 282.079530851
-8.219008 282.085654122
-8.21400533333 282.047186342
-8.20900266667 282.032012903
-8.204 281.940725807
-8.19899733333 281.955071628
-8.19399466667 281.90909763
-8.188992 281.870067951
-8.18398933333 281.744355493
-8.17898666667 281.752114074
-8.173984 281.665544922
-8.16898133333 281.607618347
-8.16397866667 281.43166236
-8.158976 281.35829117
-8.15397333333 281.226421882
-8.14897066667 281.16585552
-8.143968 281.036690864
-8.13896533333 280.904845962
-8.13396266667 280.745853528
-8.12896 280.366706076
-8.12395733333 279.330173082
-8.11895466667 277.210342828
-8.113952 278.288618023
-8.10894933333 277.238818317
-8.10394666667 276.598567656
-8.098944 276.380904052
-8.09394133333 276.072501042
-8.08893866667 276.435055735
-8.083936 275.639006689
-8.07893333333 275.055131391
-8.07393066667 274.721837262
-8.068928 275.017576042
-8.06392533333 275.096421638
-8.05892266667 275.59577862
-8.05392 276.252921935
-8.04891733333 276.261542979
-8.04391466667 276.38824261
-8.038912 277.148523419
-8.03390933333 277.494753151
-8.02890666667 278.33250772
-8.023904 278.300168376
-8.01890133333 278.151245577
-8.01389866667 277.741143502
-8.008896 277.81528922
-8.00389333333 277.532914321
-7.99889066667 277.185908226
-7.993888 276.931205597
-7.98888533333 275.567034872
-7.98388266667 275.373937017
-7.97888 275.728732553
-7.97387733333 277.293059644
-7.96887466667 277.45959989
-7.963872 277.528047262
-7.95886933333 277.523261336
-7.95386666667 277.511928041
-7.948864 277.775396042
-7.94386133333 278.416362774
-7.93885866667 279.504443961
-7.933856 280.665696987
-7.92885333333 281.629790753
-7.92385066667 281.794933416
-7.918848 282.411531312
-7.91384533333 282.912978658
-7.90884266667 282.266649145
-7.90384 280.328551233
-7.89883733333 278.300436152
-7.89383466667 278.158444854
-7.888832 278.259854545
-7.88382933333 278.20147328
-7.87882666667 278.350801387
-7.873824 278.400567245
-7.86882133333 278.378555214
-7.86381866667 278.212639614
-7.858816 278.200633747
-7.85381333333 278.158487051
-7.84881066667 278.203146184
-7.843808 278.188105283
-7.83880533333 278.27733026
-7.83380266667 278.300909739
-7.8288 278.354390583
-7.82379733333 278.380902601
-7.81879466667 278.398846271
-7.813792 278.481385475
-7.80878933333 278.508276653
-7.80378666667 278.54268718
-7.798784 278.520769971
-7.79378133333 278.490826409
-7.78877866667 278.530715095
-7.783776 278.427662787
-7.77877333333 278.391527711
-7.77377066667 278.388332478
-7.768768 278.396625594
-7.76376533333 278.414787124
-7.75876266667 278.486090647
-7.75376 278.463171868
-7.74875733333 278.501470811
-7.74375466667 278.482408637
-7.738752 278.523672506
-7.73374933333 278.573773567
-7.72874666667 278.611024152
-7.723744 278.645484246
-7.71874133333 278.708930426
-7.71373866667 278.692601666
-7.708736 278.718427177
-7.70373333333 278.719832895
-7.69873066667 278.790594975
-7.693728 278.801740698
-7.68872533333 278.80092711
-7.68372266667 278.833081806
-7.67872 278.8540357
-7.67371733333 278.896722517
-7.66871466667 278.950613997
-7.663712 278.938646989
-7.65870933333 279.052672123
-7.65370666667 279.097846566
-7.648704 279.122500707
-7.64370133333 279.116090254
-7.63869866667 279.135487474
-7.633696 279.156770213
-7.62869333333 279.186401046
-7.62369066667 279.146667417
-7.618688 279.175359723
-7.61368533333 279.17471741
-7.60868266667 279.206504676
-7.60368 279.155651485
-7.59867733333 279.179283786
-7.59367466667 279.196422289
-7.588672 279.227589763
-7.58366933333 279.173916294
-7.57866666667 279.193951136
-7.573664 279.261052002
-7.56866133333 279.287656491
-7.56365866667 279.310015563
-7.558656 279.343513801
-7.55365333333 279.377090453
-7.54865066667 279.39446233
-7.543648 279.394467879
-7.53864533333 279.421557703
-7.53364266667 279.46147508
-7.52864 279.534505459
-7.52363733333 279.475755744
-7.51863466667 279.572504862
-7.513632 279.62648621
-7.50862933333 279.759579403
-7.50362666667 279.744007398
-7.498624 279.833511781
-7.49362133333 279.89855984
-7.48861866667 279.952020593
-7.483616 279.955194434
-7.47861333333 279.9548617
-7.47361066667 280.003800181
-7.468608 280.042230383
-7.46360533333 279.995318723
-7.45860266667 280.065933108
-7.4536 280.10106953
-7.44859733333 280.10025707
-7.44359466667 280.067831372
-7.438592 280.09525799
-7.43358933333 280.123412734
-7.42858666667 280.125710794
-7.423584 280.099795309
-7.41858133333 280.13785839
-7.41357866667 280.179542833
-7.408576 280.191557108
-7.40357333333 280.162544698
-7.39857066667 280.182192284
-7.393568 280.193796637
-7.38856533333 280.221005042
-7.38356266667 280.197434913
-7.37856 280.16380782
-7.37355733333 280.213553716
-7.36855466667 280.204816092
-7.363552 280.202804658
-7.35854933333 280.209405629
-7.35354666667 280.223499557
-7.348544 280.214551568
-7.34354133333 280.174959001
-7.33853866667 280.174953005
-7.333536 280.22367915
-7.32853333333 280.258612429
-7.32353066667 280.221094683
-7.318528 280.155076564
-7.31352533333 280.088669275
-7.30852266667 280.041445476
-7.30352 280.038728356
-7.29851733333 280.05196207
-7.29351466667 280.078733078
-7.288512 280.082072902
-7.28350933333 280.096824341
-7.27850666667 280.082057288
-7.273504 280.096531929
-7.26850133333 280.149572391
-7.26349866667 280.110533768
-7.258496 280.115296525
-7.25349333333 280.127154566
-7.24849066667 280.134772178
-7.243488 280.08117382
-7.23848533333 280.109877015
-7.23348266667 280.163358876
-7.22848 280.141294162
-7.22347733333 280.130419348
-7.21847466667 280.103965478
-7.213472 280.098055776
-7.20846933333 280.105550537
-7.20346666667 280.109885399
-7.198464 280.117933829
-7.19346133333 280.120945458
-7.18845866667 280.087599728
-7.183456 280.050067226
-7.17845333333 280.032076431
-7.17345066667 280.085515084
-7.168448 280.064831645
-7.16344533333 280.033574944
-7.15844266667 280.03741591
-7.15344 280.060482593
-7.14843733333 280.075614354
-7.14343466667 280.055270748
-7.138432 280.067776605
-7.13342933333 280.079512885
-7.12842666667 280.115831387
-7.123424 280.076653833
-7.11842133333 280.094552126
-7.11341866667 280.130553162
-7.108416 280.145920215
-7.10341333333 280.120928773
-7.09841066667 280.117450393
-7.093408 280.12116122
-7.08840533333 280.13074034
-7.08340266667 280.12788978
-7.0784 280.133224041
-7.07339733333 280.178659474
-7.06839466667 280.155907346
-7.063392 280.151205341
-7.05838933333 280.204003691
-7.05338666667 280.21620392
-7.048384 280.29032808
-7.04338133333 280.297672898
-7.03837866667 280.258840893
-7.033376 280.269280287
-7.02837333333 280.287303714
-7.02337066667 280.277117336
-7.018368 280.319481605
-7.01336533333 280.339712129
-7.00836266667 280.383453768
-7.00336 280.371434546
-6.99835733333 280.415029582
-6.99335466667 280.409073142
-6.988352 280.441528806
-6.98334933333 280.472775833
-6.97834666667 280.478538318
-6.973344 280.543973967
-6.96834133333 280.570452706
-6.96333866667 280.593748694
-6.958336 280.609023878
-6.95333333333 280.677213018
-6.94833066667 280.696903694
-6.943328 280.674370984
-6.93832533333 280.699155648
-6.93332266667 280.749031146
-6.92832 280.807800298
-6.92331733333 280.832013623
-6.91831466667 280.848415066
-6.913312 280.836749653
-6.90830933333 280.913386234
-6.90330666667 280.922983591
-6.898304 280.942233097
-6.89330133333 280.954133403
-6.88829866667 280.96370638
-6.883296 281.000646861
-6.87829333333 281.025324799
-6.87329066667 281.091515652
-6.868288 281.169100266
-6.86328533333 281.126528032
-6.85828266667 281.140519229
-6.85328 281.277238203
-6.84827733333 281.345355032
-6.84327466667 281.326685098
-6.838272 281.331252096
-6.83326933333 281.342201045
-6.82826666667 281.369033105
-6.823264 281.437618805
-6.81826133333 281.461128173
-6.81325866667 281.540643563
-6.808256 281.651039476
-6.80325333333 281.636908031
-6.79825066667 281.638055679
-6.793248 281.685230705
-6.78824533333 281.744959231
-6.78324266667 281.751682636
-6.77824 281.746047946
-6.77323733333 281.809642847
-6.76823466667 281.807476758
-6.763232 281.824498856
-6.75822933333 281.861394016
-6.75322666667 281.909948482
-6.748224 281.906696851
-6.74322133333 281.902102858
-6.73821866667 281.948293019
-6.733216 282.017982401
-6.72821333333 282.041087461
-6.72321066667 282.008786708
-6.718208 282.04277159
-6.71320533333 282.083534709
-6.70820266667 282.097535742
-6.7032 282.166420653
-6.69819733333 282.172447501
-6.69319466667 282.229942821
-6.688192 282.328860823
-6.68318933333 282.420232068
-6.67818666667 282.481334861
-6.673184 282.531687504
-6.66818133333 282.531194558
-6.66317866667 282.602692801
-6.658176 282.654915339
-6.65317333333 282.742467252
-6.64817066667 282.784531138
-6.643168 282.766972662
-6.63816533333 282.767790732
-6.63316266667 282.880985191
-6.62816 282.846463997
-6.62315733333 282.866006648
-6.61815466667 282.860741561
-6.613152 282.838061504
-6.60814933333 282.852125884
-6.60314666667 282.867368455
-6.598144 282.800726814
-6.59314133333 282.853157642
-6.58813866667 282.824750337
-6.583136 282.763693022
-6.57813333333 282.727321605
-6.57313066667 282.732906503
-6.568128 282.69711813
-6.56312533333 282.663118648
-6.55812266667 282.631341515
-6.55312 282.690721932
-6.54811733333 282.708362809
-6.54311466667 282.646664275
-6.538112 282.615212869
-6.53310933333 282.626826159
-6.52810666667 282.643998609
-6.523104 282.643526752
-6.51810133333 282.589165958
-6.51309866667 282.636345784
-6.508096 282.573854968
-6.50309333333 282.629771629
-6.49809066667 282.631462769
-6.493088 282.642701796
-6.48808533333 282.610376679
-6.48308266667 282.58136327
-6.47808 282.567973568
-6.47307733333 282.602177237
-6.46807466667 282.599766517
-6.463072 282.599827545
-6.45806933333 282.587266371
-6.45306666667 282.645013159
-6.448064 282.617481888
-6.44306133333 282.614052515
-6.43805866667 282.613228514
-6.433056 282.630639238
-6.42805333333 282.606483728
-6.42305066667 282.563027439
-6.418048 282.552049088
-6.41304533333 282.652794166
-6.40804266667 282.68808411
-6.40304 282.694813083
-6.39803733333 282.717133584
-6.39303466667 282.770661366
-6.388032 282.764123513
-6.38302933333 282.77939348
-6.37802666667 282.766196648
-6.373024 282.794981869
-6.36802133333 282.801842063
-6.36301866667 282.818197738
-6.358016 282.823236614
-6.35301333333 282.852116343
-6.34801066667 282.7871343
-6.343008 282.820982492
-6.33800533333 282.834047187
-6.33300266667 282.848707119
-6.328 282.845234734
-6.32299733333 282.867874981
-6.31799466667 282.859361441
-6.312992 282.879343664
-6.30798933333 282.880526832
-6.30298666667 282.882236391
-6.297984 282.899586353
-6.29298133333 282.951255288
-6.28797866667 282.987369445
-6.282976 282.959070435
-6.27797333333 282.949508128
-6.27297066667 283.005856173
-6.267968 283.001789036
-6.26296533333 283.021057104
-6.25796266667 282.953821126
-6.25296 282.978526328
-6.24795733333 282.972619428
-6.24295466667 283.012896337
-6.237952 282.948009058
-6.23294933333 282.972587563
-6.22794666667 282.965919646
-6.222944 282.954793989
-6.21794133333 282.980509741
-6.21293866667 283.019249611
-6.207936 283.043242997
-6.20293333333 283.027494061
-6.19793066667 283.029368309
-6.192928 283.03002725
-6.18792533333 283.018908137
-6.18292266667 283.006307167
-6.17792 282.950180461
-6.17291733333 282.996228675
-6.16791466667 282.993720069
-6.162912 282.954946583
-6.15790933333 282.877463372
-6.15290666667 282.911413747
-6.147904 282.902532587
-6.14290133333 282.892914252
-6.13789866667 282.849340576
-6.132896 282.846360342
-6.12789333333 282.841200172
-6.12289066667 282.87679967
-6.117888 282.874362489
-6.11288533333 282.892515571
-6.10788266667 282.894883427
-6.10288 282.934391745
-6.09787733333 282.929609137
-6.09287466667 282.989850775
-6.087872 282.961337344
-6.08286933333 282.945735237
-6.07786666667 282.932461812
-6.072864 283.001255214
-6.06786133333 283.036021044
-6.06285866667 283.075800569
-6.057856 283.11895888
-6.05285333333 283.222757024
-6.04785066667 283.196795558
-6.042848 283.269997347
-6.03784533333 283.334990967
-6.03284266667 283.410056134
-6.02784 283.398816674
-6.02283733333 283.406877839
-6.01783466667 283.435609741
-6.012832 283.527284057
-6.00782933333 283.604574449
-6.00282666667 283.623811963
-5.997824 283.668634559
-5.99282133333 283.742614362
-5.98781866667 283.71234629
-5.982816 283.661185819
-5.97781333333 283.684342312
-5.97281066667 283.676980183
-5.967808 283.675950276
-5.96280533333 283.69619963
-5.95780266667 283.714620519
-5.9528 283.768969702
-5.94779733333 283.72798064
-5.94279466667 283.736839096
-5.937792 283.746344822
-5.93278933333 283.794367784
-5.92778666667 283.742725393
-5.922784 283.715904004
-5.91778133333 283.671092185
-5.91277866667 283.704614137
-5.907776 283.723349243
-5.90277333333 283.685693792
-5.89777066667 283.662555294
-5.892768 283.662338413
-5.88776533333 283.609209363
-5.88276266667 283.631640465
-5.87776 283.631548478
-5.87275733333 283.67586061
-5.86775466667 283.64717202
-5.862752 283.663551059
-5.85774933333 283.683631621
-5.85274666667 283.723532624
-5.847744 283.691337545
-5.84274133333 283.737872502
-5.83773866667 283.727424637
-5.832736 283.743314122
-5.82773333333 283.677927873
-5.82273066667 283.6540016
-5.817728 283.603154535
-5.81272533333 283.650696762
-5.80772266667 283.604710116
-5.80272 283.632493346
-5.79771733333 283.605785958
-5.79271466667 283.684246958
-5.787712 283.679184497
-5.78270933333 283.715340045
-5.77770666667 283.657884277
-5.772704 283.670404661
-5.76770133333 283.660708736
-5.76269866667 283.640226026
-5.757696 283.637407945
-5.75269333333 283.654803881
-5.74769066667 283.644390293
-5.742688 283.658668575
-5.73768533333 283.597425643
-5.73268266667 283.59511262
-5.72768 283.569057834
-5.72267733333 283.609608222
-5.71767466667 283.570222242
-5.712672 283.577343172
-5.70766933333 283.559758702
-5.70266666667 283.582058
-5.697664 283.592044347
-5.69266133333 283.618356043
-5.68765866667 283.611850689
-5.682656 283.589027075
-5.67765333333 283.552801581
-5.67265066667 283.588698563
-5.667648 283.546213904
-5.66264533333 283.526071181
-5.65764266667 283.508160274
-5.65264 283.484147258
-5.64763733333 283.470405721
-5.64263466667 283.500345605
-5.637632 283.412604506
-5.63262933333 283.418010317
-5.62762666667 283.415071397
-5.622624 283.340452621
-5.61762133333 283.259355436
-5.61261866667 283.270415429
-5.607616 283.188825957
-5.60261333333 283.251461885
-5.59761066667 283.176416608
-5.592608 283.235942097
-5.58760533333 283.221350202
-5.58260266667 283.212111118
-5.5776 283.154029026
-5.57259733333 283.244126507
-5.56759466667 283.180677231
-5.562592 283.193067014
-5.55758933333 283.13721125
-5.55258666667 283.164359106
-5.547584 283.145529651
-5.54258133333 283.12580527
-5.53757866667 283.062396925
-5.532576 283.110597645
-5.52757333333 283.095495648
-5.52257066667 283.1232307
-5.517568 283.100729409
-5.51256533333 283.153866093
-5.50756266667 283.185624614
-5.50256 283.238540643
-5.49755733333 283.260970234
-5.49255466667 283.347549027
-5.487552 283.351877502
-5.48254933333 283.430802666
-5.47754666667 283.42687201
-5.472544 283.496745944
-5.46754133333 283.485400243
-5.46253866667 283.528637441
-5.457536 283.47133536
-5.45253333333 283.541275214
-5.44753066667 283.532071935
-5.442528 283.656463664
-5.43752533333 283.65181657
-5.43252266667 283.716321009
-5.42752 283.725945754
-5.42251733333 283.729228572
-5.41751466667 283.702243659
-5.412512 283.788146927
-5.40750933333 283.794448621
-5.40250666667 283.879758407
-5.397504 283.875163981
-5.39250133333 283.948390368
-5.38749866667 283.920458408
-5.382496 283.978411597
-5.37749333333 283.951524845
-5.37249066667 284.053013117
-5.367488 284.027201954
-5.36248533333 284.108639153
-5.35748266667 284.129095294
-5.35248 284.262811366
-5.34747733333 284.334720983
-5.34247466667 284.612936275
-5.337472 284.666204909
-5.33246933333 284.848786075
-5.32746666667 285.242853791
-5.322464 285.492944153
-5.31746133333 285.641521779
-5.31245866667 285.864950986
-5.307456 285.777695015
-5.30245333333 285.756161606
-5.29745066667 285.674319936
-5.292448 285.720371601
-5.28744533333 285.705346052
-5.28244266667 285.721759776
-5.27744 285.781790509
-5.27243733333 285.938738883
-5.26743466667 285.903777583
-5.262432 285.872698585
-5.25742933333 285.848926992
-5.25242666667 285.893143427
-5.247424 285.851798659
-5.24242133333 285.842888561
-5.23741866667 285.8170686
-5.232416 285.872182256
-5.22741333333 285.817467863
-5.22241066667 285.842896908
-5.217408 285.77387878
-5.21240533333 285.829667882
-5.20740266667 285.813084982
-5.2024 285.873044747
-5.19739733333 285.866961387
-5.19239466667 285.916783036
-5.187392 285.856614098
-5.18238933333 285.857772437
-5.17738666667 285.82456473
-5.172384 285.86321261
-5.16738133333 285.842142589
-5.16237866667 285.884804275
-5.157376 285.805456682
-5.15237333333 285.923223423
-5.14737066667 285.879304011
-5.142368 285.910826257
-5.13736533333 285.923358103
-5.13236266667 285.956601622
-5.12736 285.94148293
-5.12235733333 285.981304996
-5.11735466667 286.035536358
-5.112352 286.129420615
-5.10734933333 286.17237487
-5.10234666667 286.201524891
-5.097344 286.161002316
-5.09234133333 286.154224166
-5.08733866667 286.137324614
-5.082336 286.191100918
-5.07733333333 286.157056031
-5.07233066667 286.16974672
-5.067328 286.09970032
-5.06232533333 286.117725393
-5.05732266667 286.071690326
-5.05232 286.06367172
-5.04731733333 286.060495813
-5.04231466667 286.105203745
-5.037312 286.028944122
-5.03230933333 286.006969124
-5.02730666667 285.915068454
-5.022304 285.932641349
-5.01730133333 285.945766243
-5.01229866667 286.025360629
-5.007296 285.983003666
-5.00229333333 286.018980455
-4.99729066667 285.9849204
-4.992288 286.032108134
-4.98728533333 285.968136292
-4.98228266667 285.963856445
-4.97728 285.891525002
-4.97227733333 285.841297314
-4.96727466667 285.800112395
-4.962272 285.848466491
-4.95726933333 285.801705152
-4.95226666667 285.778041795
-4.947264 285.759081798
-4.94226133333 285.796537337
-4.93725866667 285.709242357
-4.932256 285.718893815
-4.92725333333 285.693726412
-4.92225066667 285.74609342
-4.917248 285.755042238
-4.91224533333 285.853160702
-4.90724266667 285.914114841
-4.90224 286.166190434
-4.89723733333 286.719738
-4.89223466667 287.410503184
-4.887232 288.545294399
-4.88222933333 289.633732389
-4.87722666667 290.365269175
-4.872224 291.206752825
-4.86722133333 291.654330687
-4.86221866667 291.6329649
-4.857216 291.186703138
-4.85221333333 290.828044228
-4.84721066667 290.33335034
-4.842208 289.825601949
-4.83720533333 289.088325779
-4.83220266667 288.462760793
-4.8272 287.966652544
-4.82219733333 287.613077603
-4.81719466667 287.241554427
-4.812192 286.77178724
-4.80718933333 286.226925547
-4.80218666667 286.148151011
-4.797184 285.370354078
-4.79218133333 284.489972417
-4.78717866667 284.00932954
-4.782176 284.009263554
-4.77717333333 283.968040496
-4.77217066667 283.735911216
-4.767168 283.70795618
-4.76216533333 283.869730011
-4.75716266667 283.879073266
-4.75216 283.740239495
-4.74715733333 283.800417413
-4.74215466667 283.878847834
-4.737152 283.713759831
-4.73214933333 283.733768008
-4.72714666667 283.513111483
-4.722144 283.43348547
-4.71714133333 283.336319807
-4.71213866667 283.316412265
-4.707136 283.265535012
-4.70213333333 283.220033044
-4.69713066667 283.053166074
-4.692128 282.991071848
-4.68712533333 282.951857673
-4.68212266667 282.985255249
-4.67712 282.84538274
-4.67211733333 282.725303629
-4.66711466667 282.531275904
-4.662112 282.523401494
-4.65710933333 282.375990472
-4.65210666667 282.319775063
-4.647104 282.147149576
-4.64210133333 282.050210244
-4.63709866667 281.834847859
-4.632096 281.625809972
-4.62709333333 281.334383344
-4.62209066667 281.095120972
-4.617088 280.73644658
-4.61208533333 280.396436619
-4.60708266667 280.142870743
-4.60208 279.989104453
-4.59707733333 279.768394382
-4.59207466667 279.608004267
-4.587072 279.400164779
-4.58206933333 279.289140466
-4.57706666667 279.209740675
-4.572064 279.170690622
-4.56706133333 279.055265998
-4.56205866667 278.9849648
-4.557056 278.843573723
-4.55205333333 278.799182002
-4.54705066667 278.673120095
-4.542048 278.627162311
-4.53704533333 278.50984846
-4.53204266667 278.518826436
-4.52704 278.477341809
-4.52203733333 278.510106007
-4.51703466667 278.452249591
-4.512032 278.511817617
-4.50702933333 278.477009292
-4.50202666667 278.475554758
-4.497024 278.429715641
-4.49202133333 278.513038447
-4.48701866667 278.529080483
-4.482016 278.449507771
-4.47701333333 278.39999129
-4.47201066667 278.409577895
-4.467008 278.34236795
-4.46200533333 278.251275557
-4.45700266667 278.08579306
-4.452 278.035955009
-4.44699733333 277.932431508
-4.44199466667 278.031310996
-4.436992 277.973034679
-4.43198933333 277.980756713
-4.42698666667 277.9595843
-4.421984 277.961815469
-4.41698133333 277.825919489
-4.41197866667 277.798642661
-4.406976 277.740791769
-4.40197333333 277.748161429
-4.39697066667 277.677510953
-4.391968 277.756557865
-4.38696533333 277.731064996
-4.38196266667 277.772720281
-4.37696 277.756045329
-4.37195733333 277.8333279
-4.36695466667 277.826624005
-4.361952 277.888174944
-4.35694933333 277.876379735
-4.35194666667 277.99011731
-4.346944 277.924613166
-4.34194133333 277.955331185
-4.33693866667 277.827451463
-4.331936 277.876906271
-4.32693333333 277.849436135
-4.32193066667 277.848899216
-4.316928 277.759263154
-4.31192533333 277.75930132
-4.30692266667 277.714354244
-4.30192 277.698726602
-4.29691733333 277.505486786
-4.29191466667 276.908739566
-4.286912 276.103925068
-4.28190933333 275.905304875
-4.27690666667 275.113150917
-4.271904 274.075097205
-4.26690133333 273.141209099
-4.26189866667 272.860997436
-4.256896 272.65121167
-4.25189333333 272.182284113
-4.24689066667 271.833922721
-4.241888 271.883102461
-4.23688533333 271.763401254
-4.23188266667 271.490886214
-4.22688 270.998213737
-4.22187733333 270.941423468
-4.21687466667 270.837348552
-4.211872 270.609873602
-4.20686933333 270.34939491
-4.20186666667 270.229732583
-4.196864 270.051120875
-4.19186133333 271.326311386
-4.18685866667 272.784431687
-4.181856 271.410652214
-4.17685333333 270.639587595
-4.17185066667 271.774243881
-4.166848 272.752177292
-4.16184533333 272.412798043
-4.15684266667 270.401990735
-4.15184 269.948362821
-4.14683733333 269.624847649
-4.14183466667 270.604708232
-4.136832 273.297399475
-4.13182933333 276.037134595
-4.12682666667 277.51709596
-4.121824 277.295695068
-4.11682133333 277.175408163
-4.11181866667 278.20235257
-4.106816 278.885137802
-4.10181333333 279.596141602
-4.09681066667 280.160222371
-4.091808 279.48199044
-4.08680533333 276.542745334
-4.08180266667 275.553009578
-4.0768 275.135774885
-4.07179733333 275.297822364
-4.06679466667 275.459441244
-4.061792 275.691139831
-4.05678933333 275.9202733
-4.05178666667 276.141698891
-4.046784 276.164021087
-4.04178133333 276.047705947
-4.03677866667 276.244223873
-4.031776 277.376590432
-4.02677333333 279.071506612
-4.02177066667 280.901848292
-4.016768 281.869834103
-4.01176533333 281.951242981
-4.00676266667 281.970521941
-4.00176 281.980062054
-3.99675733333 281.993937956
-3.99175466667 282.041419214
-3.986752 281.992029922
-3.98174933333 282.023398241
-3.97674666667 282.051580039
-3.971744 282.068143757
-3.96674133333 282.04176291
-3.96173866667 282.0582273
-3.956736 282.082960554
-3.95173333333 282.093761565
-3.94673066667 282.037944321
-3.941728 282.108893618
-3.93672533333 282.09263641
-3.93172266667 282.139494701
-3.92672 282.039697275
-3.92171733333 281.985709433
-3.91671466667 281.958538629
-3.911712 281.981142561
-3.90670933333 281.938314881
-3.90170666667 281.847846323
-3.896704 281.708659839
-3.89170133333 281.682527222
-3.88669866667 281.655566034
-3.881696 281.604343805
-3.87669333333 281.575876782
-3.87169066667 281.526911083
-3.866688 281.396793704
-3.86168533333 281.331804629
-3.85668266667 281.114026498
-3.85168 281.043730493
-3.84667733333 280.848315796
-3.84167466667 280.790805938
-3.836672 280.617104759
-3.83166933333 280.628652546
-3.82666666667 280.529648426
-3.821664 280.464835235
-3.81666133333 280.342684014
-3.81165866667 280.392161884
-3.806656 280.367785008
-3.80165333333 280.442823251
-3.79665066667 280.427207596
-3.791648 280.480762764
-3.78664533333 280.412091426
-3.78164266667 280.48889794
-3.77664 280.573676574
-3.77163733333 280.594764968
-3.76663466667 280.579654406
-3.761632 280.70196219
-3.75662933333 280.684129003
-3.75162666667 280.788075179
-3.746624 280.791607281
-3.74162133333 280.838408
-3.73661866667 280.875044911
-3.731616 280.962114246
-3.72661333333 281.008154919
-3.72161066667 281.076155182
-3.716608 281.028887442
-3.71160533333 281.098165881
-3.70660266667 281.141932847
-3.7016 281.191725795
-3.69659733333 281.21191203
-3.69159466667 281.242102682
-3.686592 281.22824497
-3.68158933333 281.282544156
-3.67658666667 281.294732779
-3.671584 281.414912577
-3.66658133333 281.345528602
-3.66157866667 281.416906197
-3.656576 281.313555261
-3.65157333333 281.41276795
-3.64657066667 281.38231018
-3.641568 281.457141476
-3.63656533333 281.428295058
-3.63156266667 281.459460722
-3.62656 281.391507327
-3.62155733333 281.417965584
-3.61655466667 281.386880831
-3.611552 281.436379009
-3.60654933333 281.430751773
-3.60154666667 281.539330626
-3.596544 281.533388345
-3.59154133333 281.637953312
-3.58653866667 281.585029685
-3.581536 281.637558423
-3.57653333333 281.659777747
-3.57153066667 281.642402459
-3.566528 281.61400174
-3.56152533333 281.611294617
-3.55652266667 281.600081015
-3.55152 281.666963572
-3.54651733333 281.660008636
-3.54151466667 281.693871065
-3.536512 281.727006632
-3.53150933333 281.820659057
-3.52650666667 281.8141092
-3.521504 281.870871635
-3.51650133333 281.855040228
-3.51149866667 281.91755035
-3.506496 281.891904807
-3.50149333333 281.955704419
-3.49649066667 281.923744
-3.491488 282.023579812
-3.48648533333 281.992684391
-3.48148266667 282.055838318
-3.47648 282.038494887
-3.47147733333 282.058695278
-3.46647466667 282.025328923
-3.461472 282.124460678
-3.45646933333 282.134200444
-3.45146666667 282.093960414
-3.446464 282.048072206
-3.44146133333 282.143228304
-3.43645866667 282.060943639
-3.431456 282.126545235
-3.42645333333 282.090489882
-3.42145066667 282.121938088
-3.416448 282.131533273
-3.41144533333 282.164929057
-3.40644266667 282.154999473
-3.40144 282.176410167
-3.39643733333 282.209689542
-3.39143466667 282.233343996
-3.386432 282.204645707
-3.38142933333 282.233783207
-3.37642666667 282.296582905
-3.371424 282.385426124
-3.36642133333 282.288563519
-3.36141866667 282.379958113
-3.356416 282.355634921
-3.35141333333 282.416248335
-3.34641066667 282.368018592
-3.341408 282.376594455
-3.33640533333 282.34912445
-3.33140266667 282.368435604
-3.3264 282.349914008
-3.32139733333 282.403691383
-3.31639466667 282.361891914
-3.311392 282.42943272
-3.30638933333 282.363609186
-3.30138666667 282.44188634
-3.296384 282.421014084
-3.29138133333 282.452884706
-3.28637866667 282.447456597
-3.281376 282.448506709
-3.27637333333 282.46975875
-3.27137066667 282.504794848
-3.266368 282.46883833
-3.26136533333 282.568391845
-3.25636266667 282.472646681
-3.25136 282.562951513
-3.24635733333 282.467989543
-3.24135466667 282.457548309
-3.236352 282.460741047
-3.23134933333 282.534375514
-3.22634666667 282.505461749
-3.221344 282.566001887
-3.21634133333 282.574636663
-3.21133866667 282.546645637
-3.206336 282.474122733
-3.20133333333 282.54413939
-3.19633066667 282.521494473
-3.191328 282.572605038
-3.18632533333 282.530053866
-3.18132266667 282.600287673
-3.17632 282.565859064
-3.17131733333 282.609765873
-3.16631466667 282.552634923
-3.161312 282.581939141
-3.15630933333 282.556663083
-3.15130666667 282.595456037
-3.146304 282.625203999
-3.14130133333 282.666682316
-3.13629866667 282.674623866
-3.131296 282.733611927
-3.12629333333 282.705548244
-3.12129066667 282.779635751
-3.116288 282.758956803
-3.11128533333 282.788626089
-3.10628266667 282.779827516
-3.10128 282.739745917
-3.09627733333 282.754050469
-3.09127466667 282.81078122
-3.086272 282.735532147
-3.08126933333 282.830734709
-3.07626666667 282.854263877
-3.071264 282.93702325
-3.06626133333 282.878541766
-3.06125866667 282.940669976
-3.056256 282.971551064
-3.05125333333 283.00517606
-3.04625066667 282.977219798
-3.041248 283.011461662
-3.03624533333 283.013370912
-3.03124266667 283.057817019
-3.02624 283.02606559
-3.02123733333 283.059424026
-3.01623466667 283.056131996
-3.011232 283.08950741
-3.00622933333 283.048126129
-3.00122666667 283.102892823
-2.996224 283.10500152
-2.99122133333 283.186043618
-2.98621866667 283.171737676
-2.981216 283.214838284
-2.97621333333 283.226173265
-2.97121066667 283.263541723
-2.966208 283.24414343
-2.96120533333 283.293882885
-2.95620266667 283.34868105
-2.9512 283.371138452
-2.94619733333 283.34364837
-2.94119466667 283.420071256
-2.936192 283.432357059
-2.93118933333 283.492523549
-2.92618666667 283.521263662
-2.921184 283.612334395
-2.91618133333 283.639406173
-2.91117866667 283.709438736
-2.906176 283.674353264
-2.90117333333 283.734938121
-2.89617066667 283.708165212
-2.891168 283.758059422
-2.88616533333 283.753264577
-2.88116266667 283.813945004
-2.87616 283.803383553
-2.87115733333 283.85693368
-2.86615466667 283.868925533
-2.861152 283.918601494
-2.85614933333 283.960224765
-2.85114666667 284.017989971
-2.846144 283.994755738
-2.84114133333 284.059777204
-2.83613866667 284.103831203
-2.831136 284.174552796
-2.82613333333 284.215732558
-2.82113066667 284.288031174
-2.816128 284.305405314
-2.81112533333 284.368633798
-2.80612266667 284.301485484
-2.80112 284.365041935
-2.79611733333 284.393222059
-2.79111466667 284.419022543
-2.786112 284.434626041
-2.78110933333 284.480017282
-2.77610666667 284.495614407
-2.771104 284.526012671
-2.76610133333 284.471765355
-2.76109866667 284.511054482
-2.756096 284.51561015
-2.75109333333 284.555783009
-2.74609066667 284.613173411
-2.741088 284.718183464
-2.73608533333 284.741337641
-2.73108266667 284.827400211
-2.72608 284.777752904
-2.72107733333 284.837028416
-2.71607466667 284.846716241
-2.711072 284.88912607
-2.70606933333 284.86269956
-2.70106666667 284.892218162
-2.696064 284.919222571
-2.69106133333 284.924490308
-2.68605866667 284.878831533
-2.681056 284.90984653
-2.67605333333 284.938412109
-2.67105066667 284.978461057
-2.666048 284.962711161
-2.66104533333 285.001546466
-2.65604266667 284.984701123
-2.65104 285.078651507
-2.64603733333 285.070488562
-2.64103466667 285.126623873
-2.636032 285.172312812
-2.63102933333 285.155214873
-2.62602666667 285.116592583
-2.621024 285.175582315
-2.61602133333 285.167086511
-2.61101866667 285.248931209
-2.606016 285.261098177
-2.60101333333 285.287012474
-2.59601066667 285.350573678
-2.591008 285.343660266
-2.58600533333 285.284459036
-2.58100266667 285.337672824
-2.576 285.359433449
-2.57099733333 285.379465248
-2.56599466667 285.36794572
-2.560992 285.344431103
-2.55598933333 285.390854325
-2.55098666667 285.411048852
-2.545984 285.373469577
-2.54098133333 285.394149264
-2.53597866667 285.364211079
-2.530976 285.376617642
-2.52597333333 285.401579273
-2.52097066667 285.454422431
-2.515968 285.486215119
-2.51096533333 285.518224493
-2.50596266667 285.47599335
-2.50096 285.552596496
-2.49595733333 285.57839438
-2.49095466667 285.611419058
-2.485952 285.570879235
-2.48094933333 285.599770923
-2.47594666667 285.603818024
-2.470944 285.642258298
-2.46594133333 285.639646684
-2.46093866667 285.697257536
-2.455936 285.643962161
-2.45093333333 285.659021894
-2.44593066667 285.627749479
-2.440928 285.659586144
-2.43592533333 285.656354511
-2.43092266667 285.670712891
-2.42592 285.668553091
-2.42091733333 285.685445237
-2.41591466667 285.651365168
-2.410912 285.717565448
-2.40590933333 285.694917523
-2.40090666667 285.681522334
-2.395904 285.739308087
-2.39090133333 285.750308446
-2.38589866667 285.7168952
-2.380896 285.711076991
-2.37589333333 285.756003833
-2.37089066667 285.761780454
-2.365888 285.712169608
-2.36088533333 285.734092789
-2.35588266667 285.77369443
-2.35088 285.760384093
-2.34587733333 285.75337587
-2.34087466667 285.738016267
-2.335872 285.742519566
-2.33086933333 285.706306443
-2.32586666667 285.644806196
-2.320864 285.63425381
-2.31586133333 285.649214445
-2.31085866667 285.649858138
-2.305856 285.611241884
-2.30085333333 285.615434324
-2.29585066667 285.623669137
-2.290848 285.592828112
-2.28584533333 285.607925928
-2.28084266667 285.589561702
-2.27584 285.651596643
-2.27083733333 285.687094832
-2.26583466667 285.679397245
-2.260832 285.668633669
-2.25582933333 285.68875409
-2.25082666667 285.701173479
-2.245824 285.721154813
-2.24082133333 285.748964453
-2.23581866667 285.762460378
-2.230816 285.784515665
-2.22581333333 285.794141743
-2.22081066667 285.817134782
-2.215808 285.814463456
-2.21080533333 285.860700097
-2.20580266667 285.822737017
-2.2008 285.832298105
-2.19579733333 285.818133409
-2.19079466667 285.815312973
-2.185792 285.759144032
-2.18078933333 285.763064715
-2.17578666667 285.744442435
-2.170784 285.789286007
-2.16578133333 285.7534266
-2.16077866667 285.821060302
-2.155776 285.852583196
-2.15077333333 285.880931043
-2.14577066667 285.831659898
-2.140768 285.785356414
-2.13576533333 285.761476916
-2.13076266667 285.749756512
-2.12576 285.719241096
-2.12075733333 285.724373728
-2.11575466667 285.751235823
-2.110752 285.738282594
-2.10574933333 285.705333261
-2.10074666667 285.677592119
-2.095744 285.734134367
-2.09074133333 285.743575932
-2.08573866667 285.753588683
-2.080736 285.742774737
-2.07573333333 285.709092205
-2.07073066667 285.747316412
-2.065728 285.656807241
-2.06072533333 285.665850588
-2.05572266667 285.739857332
-2.05072 285.738577569
-2.04571733333 285.69362896
-2.04071466667 285.682644447
-2.035712 285.764095819
-2.03070933333 285.747438711
-2.02570666667 285.693475405
-2.020704 285.669869296
-2.01570133333 285.640309619
-2.01069866667 285.639195129
-2.005696 285.656071501
-2.00069333333 285.627997615
-1.99569066667 285.666162826
-1.990688 285.706662861
-1.98568533333 285.70570252
-1.98068266667 285.696876373
-1.97568 285.768214333
-1.97067733333 285.728377175
-1.96567466667 285.74861247
-1.960672 285.774637597
-1.95566933333 285.849518066
-1.95066666667 285.855470877
-1.945664 285.864985732
-1.94066133333 285.864780845
-1.93565866667 285.945646195
-1.930656 285.99739256
-1.92565333333 286.028357339
-1.92065066667 286.079303049
-1.915648 286.176302823
-1.91064533333 286.260609167
-1.90564266667 286.349238194
-1.90064 286.436522336
-1.89563733333 286.497767902
-1.89063466667 286.553404512
-1.885632 286.627390889
-1.88062933333 286.653410197
-1.87562666667 286.739127661
-1.870624 286.801446089
-1.86562133333 286.820201952
-1.86061866667 286.845691366
-1.855616 286.87143958
-1.85061333333 286.899250142
-1.84561066667 286.918966777
-1.840608 286.967831193
-1.83560533333 287.020363981
-1.83060266667 287.073409456
-1.8256 287.122889249
-1.82059733333 287.173296288
-1.81559466667 287.262192527
-1.810592 287.267047511
-1.80558933333 287.291033352
-1.80058666667 287.327343488
-1.795584 287.411570923
-1.79058133333 287.37527437
-1.78557866667 287.41430282
-1.780576 287.413034065
-1.77557333333 287.512566773
-1.77057066667 287.515402467
-1.765568 287.587984634
-1.76056533333 287.594164447
-1.75556266667 287.695131652
-1.75056 287.754985839
-1.74555733333 287.745599765
-1.74055466667 287.811604311
-1.735552 287.877986297
-1.73054933333 287.893913863
-1.72554666667 287.939937329
-1.720544 287.992749106
-1.71554133333 288.016892483
-1.71053866667 288.060879264
-1.705536 288.041640338
-1.70053333333 288.023012734
-1.69553066667 288.085931707
-1.690528 288.048989582
-1.68552533333 288.105619535
-1.68052266667 288.081144877
-1.67552 288.172435202
-1.67051733333 288.160432079
-1.66551466667 288.215000261
-1.660512 288.197939483
-1.65550933333 288.277635162
-1.65050666667 288.299088086
-1.645504 288.315981416
-1.64050133333 288.364347864
-1.63549866667 288.387562961
-1.630496 288.41737676
-1.62549333333 288.414307261
-1.62049066667 288.374627349
-1.615488 288.40396881
-1.61048533333 288.370621614
-1.60548266667 288.359112115
-1.60048 288.356566973
-1.59547733333 288.372150135
-1.59047466667 288.410084041
-1.585472 288.397636639
-1.58046933333 288.38226901
-1.57546666667 288.377239204
-1.570464 288.359896866
-1.56546133333 288.396619423
-1.56045866667 288.347395536
-1.555456 288.399732953
-1.55045333333 288.41519295
-1.54545066667 288.433145763
-1.540448 288.4752896
-1.53544533333 288.529207736
-1.53044266667 288.599294189
-1.52544 288.576682098
-1.52043733333 288.583489385
-1.51543466667 288.657601508
-1.510432 288.66067134
-1.50542933333 288.700093197
-1.50042666667 288.698522158
-1.495424 288.780241381
-1.49042133333 288.76378176
-1.48541866667 288.759077983
-1.480416 288.76399861
-1.47541333333 288.77443254
-1.47041066667 288.768156388
-1.465408 288.759229654
-1.46040533333 288.731307099
-1.45540266667 288.781332271
-1.4504 288.7728503
-1.44539733333 288.757309845
-1.44039466667 288.732011425
-1.435392 288.774093495
-1.43038933333 288.806545524
-1.42538666667 288.807494047
-1.420384 288.824258006
-1.41538133333 288.865353472
-1.41037866667 288.838824107
-1.405376 288.843501003
-1.40037333333 288.845535274
-1.39537066667 288.85238602
-1.390368 288.906784284
-1.38536533333 289.086242525
-1.38036266667 289.124118114
-1.37536 289.245653726
-1.37035733333 289.188777053
-1.36535466667 289.21713402
-1.360352 289.320404874
-1.35534933333 289.414479311
-1.35034666667 289.439182257
-1.345344 289.441599117
-1.34034133333 289.432257839
-1.33533866667 289.431992836
-1.330336 289.401769623
-1.32533333333 289.391663095
-1.32033066667 289.431408667
-1.315328 289.490569833
-1.31032533333 289.442912845
-1.30532266667 289.427792839
-1.30032 289.390555802
-1.29531733333 289.425725064
-1.29031466667 289.398686132
-1.285312 289.404876122
-1.28030933333 289.37118017
-1.27530666667 289.406199838
-1.270304 289.379420379
-1.26530133333 289.413694673
-1.26029866667 289.399973388
-1.255296 289.411010469
-1.25029333333 289.3812602
-1.24529066667 289.387141839
-1.240288 289.380215724
-1.23528533333 289.425850217
-1.23028266667 289.405716085
-1.22528 289.382236223
-1.22027733333 289.378494023
-1.21527466667 289.368926404
-1.210272 289.345907388
-1.20526933333 289.398204148
-1.20026666667 289.350943362
-1.195264 289.394428966
-1.19026133333 289.379862683
-1.18525866667 289.350699273
-1.180256 289.344625576
-1.17525333333 289.35725655
-1.17025066667 289.309052115
-1.165248 289.317237938
-1.16024533333 289.267547053
-1.15524266667 289.30390953
-1.15024 289.246557865
-1.14523733333 289.2948878
-1.14023466667 289.262979405
-1.135232 289.347204098
-1.13022933333 289.2902169
-1.12522666667 289.249068258
-1.120224 289.25143468
-1.11522133333 289.288344914
-1.11021866667 289.278740708
-1.105216 289.252070234
-1.10021333333 289.220300454
-1.09521066667 289.219929926
-1.090208 289.215355856
-1.08520533333 289.240155979
-1.08020266667 289.268871207
-1.0752 289.319108231
-1.07019733333 289.298156844
-1.06519466667 289.285257785
-1.060192 289.249991854
-1.05518933333 289.337211407
-1.05018666667 289.34930132
-1.045184 289.381250992
-1.04018133333 289.367990851
-1.03517866667 289.383025606
-1.030176 289.371003335
-1.02517333333 289.373938879
-1.02017066667 289.399554372
-1.015168 289.496395228
-1.01016533333 289.464360506
-1.00516266667 289.381270157
-1.00016 289.349106119
-0.995157333333 289.392563783
-0.990154666667 289.373906051
-0.985152 289.447089008
-0.980149333333 289.462426625
-0.975146666667 289.600296846
-0.970144 289.526266557
-0.965141333333 289.548232756
-0.960138666667 289.479308646
-0.955136 289.509846349
-0.950133333333 289.521839594
-0.945130666667 289.538400717
-0.940128 289.52311048
-0.935125333333 289.509509758
-0.930122666667 289.467266487
-0.92512 289.46835306
-0.920117333333 289.437772091
-0.915114666667 289.478147184
-0.910112 289.47606529
-0.905109333333 289.491544159
-0.900106666667 289.468735584
-0.895104 289.479741364
-0.890101333333 289.463009098
-0.885098666667 289.474907704
-0.880096 289.431117379
-0.875093333333 289.486885624
-0.870090666667 289.452736544
-0.865088 289.479818833
-0.860085333333 289.431034372
-0.855082666667 289.445478312
-0.85008 289.444466118
-0.845077333333 289.454470091
-0.840074666667 289.431479265
-0.835072 289.478823329
-0.830069333333 289.459178302
-0.825066666667 289.464438558
-0.820064 289.420963378
-0.815061333333 289.456336793
-0.810058666667 289.483752118
-0.805056 289.475935327
-0.800053333333 289.46409238
-0.795050666667 289.484884681
-0.790048 289.422666969
-0.785045333333 289.406342896
-0.780042666667 289.402066953
-0.77504 289.396425249
-0.770037333333 289.392324272
-0.765034666667 289.384846662
-0.760032 289.420541664
-0.755029333333 289.485709482
-0.750026666667 289.46323202
-0.745024 289.483539654
-0.740021333333 289.439030327
-0.735018666667 289.484978853
-0.730016 289.433253019
-0.725013333333 289.447435358
-0.720010666667 289.415118731
-0.715008 289.407379354
-0.710005333333 289.415850762
-0.705002666667 289.430824263
-0.7 289.418210794
-0.694997333333 289.47227821
-0.689994666667 289.382889401
-0.684992 289.425646849
-0.679989333333 289.387210351
-0.674986666667 289.502780592
-0.669984 289.447862614
-0.664981333333 289.504559013
-0.659978666667 289.4276674
-0.654976 289.41871615
-0.649973333333 289.389073618
-0.644970666667 289.487338066
-0.639968 289.524550363
-0.634965333333 289.58091959
-0.629962666667 289.56556944
-0.62496 289.584883237
-0.619957333333 289.607209529
-0.614954666667 289.670295807
-0.609952 289.63141998
-0.604949333333 289.64662097
-0.599946666667 289.645536999
-0.594944 289.646322939
-0.589941333333 289.635410601
-0.584938666667 289.599312178
-0.579936 289.639223482
-0.574933333333 289.764365624
-0.569930666667 289.660689088
-0.564928 289.665309164
-0.559925333333 289.687790922
-0.554922666667 289.73555417
-0.54992 289.691169662
-0.544917333333 289.796041353
-0.539914666667 289.693629413
-0.534912 289.622788991
-0.529909333333 289.592640671
-0.524906666667 289.547956172
-0.519904 289.519260466
-0.514901333333 289.610545969
-0.509898666667 289.476043842
-0.504896 289.50092398
-0.499893333333 289.4735766
-0.494890666667 289.494418675
-0.489888 289.4479609
-0.484885333333 289.479925353
-0.479882666667 289.430043107
-0.47488 289.439779857
-0.469877333333 289.369289348
-0.464874666667 289.398387912
-0.459872 289.347664643
-0.454869333333 289.397715081
-0.449866666667 289.291692242
-0.444864 289.346972747
-0.439861333333 289.282038642
-0.434858666667 289.35626979
-0.429856 289.335096337
-0.424853333333 289.402565791
-0.419850666667 289.361812586
-0.414848 289.380855267
-0.409845333333 289.315207651
-0.404842666667 289.366967259
-0.39984 289.285720128
-0.394837333333 289.38696756
-0.389834666667 289.320938527
-0.384832 289.328023014
-0.379829333333 289.252214928
-0.374826666667 289.394689962
-0.369824 289.379320756
-0.364821333333 289.422059379
-0.359818666667 289.421209132
-0.354816 289.489559141
-0.349813333333 289.40687015
-0.344810666667 289.386274342
-0.339808 289.364235833
-0.334805333333 289.429616467
-0.329802666667 289.383039794
-0.3248 289.424952005
-0.319797333333 289.400269847
-0.314794666667 289.442193497
-0.309792 289.376780309
-0.304789333333 289.468818076
-0.299786666667 289.473841961
-0.294784 289.560701518
-0.289781333333 289.592425481
-0.284778666667 289.697930195
-0.279776 289.716321063
-0.274773333333 289.868266728
-0.269770666667 289.89571143
-0.264768 289.950018495
-0.259765333333 289.959886466
-0.254762666667 290.025980053
-0.24976 290.0843459
-0.244757333333 290.132967154
-0.239754666667 290.088419597
-0.234752 290.106802588
-0.229749333333 290.087326055
-0.224746666667 290.128930515
-0.219744 290.101573108
-0.214741333333 290.185210406
-0.209738666667 290.153967579
-0.204736 290.220808774
-0.199733333333 290.239519584
-0.194730666667 290.328934821
-0.189728 290.354070726
-0.184725333333 290.454263098
-0.179722666667 290.464428941
-0.17472 290.609102178
-0.169717333333 290.670208057
-0.164714666667 290.761584091
-0.159712 290.762213266
-0.154709333333 290.864622124
-0.149706666667 290.88830535
-0.144704 290.951947327
-0.139701333333 290.968582056
-0.134698666667 291.102453336
-0.129696 291.156397963
-0.124693333333 291.276436043
-0.119690666667 291.298885329
-0.114688 291.414485383
-0.109685333333 291.402492749
-0.104682666667 291.428830827
-0.09968 291.423574369
-0.0946773333333 291.507490885
-0.0896746666667 291.484488373
-0.084672 291.530377439
-0.0796693333333 291.564237925
-0.0746666666667 291.581664232
-0.069664 291.546897432
-0.0646613333333 291.583875892
-0.0596586666667 291.534945217
-0.054656 291.609933295
-0.0496533333333 291.596406369
-0.0446506666667 291.640787607
-0.039648 291.573311992
-0.0346453333333 291.64319914
-0.0296426666667 291.573040889
-0.02464 291.592071417
-0.0196373333333 291.605164899
-0.0146346666667 291.604133047
-0.009632 291.569810917
-0.00462933333333 291.556440479
