-9.99995733333 366.196235893
-9.99495466667 366.485373703
-9.989952 366.88818888
-9.98494933333 367.18593919
-9.97994666667 367.297292732
-9.974944 367.277886098
-9.96994133333 367.334085715
-9.96493866667 367.410156858
-9.959936 367.725985286
-9.95493333333 367.586074463
-9.94993066667 367.58478574
-9.944928 367.839487186
-9.93992533333 368.328781315
-9.93492266667 368.561755875
-9.92992 368.833201184
-9.92491733333 368.666915235
-9.91991466667 368.739545632
-9.914912 368.75996133
-9.90990933333 368.8482048
-9.90490666667 368.615629829
-9.899904 368.538495744
-9.89490133333 368.406688092
-9.88989866667 368.310858897
-9.884896 368.569723867
-9.87989333333 369.386864441
-9.87489066667 369.761950406
-9.869888 370.798046107
-9.86488533333 372.398325496
-9.85988266667 373.077108452
-9.85488 373.576580989
-9.84987733333 374.390280642
-9.84487466667 374.87120554
-9.839872 375.800822409
-9.83486933333 375.846045363
-9.82986666667 376.163467669
-9.824864 375.884466328
-9.81986133333 375.938507125
-9.81485866667 375.857939222
-9.809856 376.150687861
-9.80485333333 376.091427348
-9.79985066667 376.57019647
-9.794848 376.863222869
-9.78984533333 377.58925001
-9.78484266667 377.454113912
-9.77984 377.738835256
-9.77483733333 377.319721802
-9.76983466667 377.038801256
-9.764832 376.531816064
-9.75982933333 376.312923956
-9.75482666667 376.039102712
-9.749824 375.902873154
-9.74482133333 375.787663752
-9.73981866667 375.74163008
-9.734816 375.471452687
-9.72981333333 375.162925114
-9.72481066667 375.05610227
-9.719808 375.060935554
-9.71480533333 374.875886513
-9.70980266667 374.868171605
-9.7048 374.773624407
-9.69979733333 374.63336836
-9.69479466667 374.027531705
-9.689792 373.721743516
-9.68478933333 373.250048258
-9.67978666667 372.900966893
-9.674784 372.441928271
-9.66978133333 372.393345488
-9.66477866667 372.277625021
-9.659776 372.26008079
-9.65477333333 371.761747244
-9.64977066667 371.83952915
-9.644768 371.675905365
-9.63976533333 371.547497987
-9.63476266667 371.30509842
-9.62976 371.455477307
-9.62475733333 371.371410809
-9.61975466667 371.322785207
-9.614752 371.194983753
-9.60974933333 371.385250069
-9.60474666667 371.222128969
-9.599744 371.323494154
-9.59474133333 371.297719643
-9.58973866667 371.415479722
-9.584736 371.420363563
-9.57973333333 371.55695138
-9.57473066667 371.411592852
-9.569728 371.559484397
-9.56472533333 371.437591233
-9.55972266667 371.492044984
-9.55472 371.474852929
-9.54971733333 371.578206766
-9.54471466667 371.513891203
-9.539712 371.664727947
-9.53470933333 371.637958825
-9.52970666667 371.810830996
-9.524704 371.855235904
-9.51970133333 372.036200471
-9.51469866667 371.960304139
-9.509696 372.672507539
-9.50469333333 372.948544631
-9.49969066667 372.661585427
-9.494688 372.338127837
-9.48968533333 372.211392027
-9.48468266667 372.175814144
-9.47968 372.203511908
-9.47467733333 372.00183292
-9.46967466667 372.017159678
-9.464672 371.938187098
-9.45966933333 372.010080173
-9.45466666667 371.915772048
-9.449664 371.905067392
-9.44466133333 371.81137191
-9.43965866667 371.88835027
-9.434656 371.826527206
-9.42965333333 371.963781178
-9.42465066667 371.766228742
-9.419648 371.961970324
-9.41464533333 371.610378062
-9.40964266667 371.782737554
-9.40464 371.773065192
-9.39963733333 371.970235273
-9.39463466667 371.880024665
-9.389632 371.872875035
-9.38462933333 371.834470798
-9.37962666667 372.076680067
-9.374624 372.097926114
-9.36962133333 372.358149896
-9.36461866667 372.249918156
-9.359616 372.444877886
-9.35461333333 372.407810372
-9.34961066667 372.858169961
-9.344608 372.890234512
-9.33960533333 373.393924589
-9.33460266667 373.454102305
-9.3296 373.641417784
-9.32459733333 374.181923964
-9.31959466667 374.700702803
-9.314592 374.781621589
-9.30958933333 375.14199438
-9.30458666667 375.254596526
-9.299584 375.715123347
-9.29458133333 375.924023374
-9.28957866667 377.099904816
-9.284576 377.590999541
-9.27957333333 378.370771524
-9.27457066667 378.473138275
-9.269568 379.023354771
-9.26456533333 379.704742324
-9.25956266667 380.401852713
-9.25456 380.329704312
-9.24955733333 380.445933691
-9.24455466667 380.386735199
-9.239552 380.487562584
-9.23454933333 380.314175637
-9.22954666667 380.492412547
-9.224544 380.379533784
-9.21954133333 380.473517736
-9.21453866667 380.362309745
-9.209536 380.368109771
-9.20453333333 380.311559573
-9.19953066667 380.47330808
-9.194528 380.301800397
-9.18952533333 380.328167998
-9.18452266667 380.334342325
-9.17952 380.451717065
-9.17451733333 380.306440152
-9.16951466667 380.396260063
-9.164512 380.275530537
-9.15950933333 380.433886889
-9.15450666667 380.297252744
-9.149504 380.408375534
-9.14450133333 380.339859782
-9.13949866667 380.430186299
-9.134496 380.342767522
-9.12949333333 380.408638354
-9.12449066667 380.321665023
-9.119488 380.452137434
-9.11448533333 380.31798113
-9.10948266667 380.39875538
-9.10448 380.353456637
-9.09947733333 380.4117978
-9.09447466667 380.354360564
-9.089472 380.483356456
-9.08446933333 380.33133258
-9.07946666667 380.467205644
-9.074464 380.350491891
-9.06946133333 380.364143005
-9.06445866667 380.351796851
-9.059456 380.417158097
-9.05445333333 380.301356046
-9.04945066667 380.351143727
-9.044448 380.332364704
-9.03944533333 380.456216603
-9.03444266667 380.298246646
-9.02944 380.36870651
-9.02443733333 380.217697677
-9.01943466667 380.385158331
-9.014432 380.267912373
-9.00942933333 380.38610968
-9.00442666667 380.285144712
-8.999424 380.417369157
-8.99442133333 380.23819694
-8.98941866667 380.309320047
-8.984416 380.309277447
-8.97941333333 380.370159515
-8.97441066667 380.281236401
-8.969408 380.400897558
-8.96440533333 380.307587881
-8.95940266667 380.363996943
-8.9544 380.244591999
-8.94939733333 380.343785921
-8.94439466667 380.202171486
-8.939392 380.286399731
-8.93438933333 380.161375933
-8.92938666667 380.28851338
-8.924384 380.18640565
-8.91938133333 380.271951252
-8.91437866667 380.120593339
-8.909376 380.220384234
-8.90437333333 380.161105212
-8.89937066667 380.282513506
-8.894368 380.093518661
-8.88936533333 380.271043579
-8.88436266667 380.169992159
-8.87936 380.248223256
-8.87435733333 380.110073807
-8.86935466667 380.243267603
-8.864352 380.165686797
-8.85934933333 380.239737422
-8.85434666667 380.086466726
-8.849344 380.156099188
-8.84434133333 380.053969464
-8.83933866667 380.169954671
-8.834336 379.997788731
-8.82933333333 380.122333189
-8.82433066667 379.966033807
-8.819328 380.084452671
-8.81432533333 379.943833689
-8.80932266667 380.063775531
-8.80432 379.999423754
-8.79931733333 380.103068858
-8.79431466667 380.003231171
-8.789312 380.107305704
-8.78430933333 380.005410681
-8.77930666667 380.097930344
-8.774304 380.027088267
-8.76930133333 380.100358334
-8.76429866667 380.106825193
-8.759296 380.160269197
-8.75429333333 380.0237492
-8.74929066667 380.190290342
-8.744288 380.076796259
-8.73928533333 380.192075606
-8.73428266667 380.066177336
-8.72928 380.198325345
-8.72427733333 380.068698849
-8.71927466667 380.213279832
-8.714272 380.060351311
-8.70926933333 380.138333003
-8.70426666667 380.024585968
-8.699264 380.209475784
-8.69426133333 380.009959738
-8.68925866667 380.176986956
-8.684256 380.065812159
-8.67925333333 380.161472604
-8.67425066667 380.01012781
-8.669248 380.089306809
-8.66424533333 380.043062666
-8.65924266667 380.109743392
-8.65424 379.990085937
-8.64923733333 380.109976975
-8.64423466667 379.992632829
-8.639232 380.072091173
-8.63422933333 379.942660541
-8.62922666667 380.090043207
-8.624224 380.030866408
-8.61922133333 380.082415793
-8.61421866667 379.986378696
-8.609216 380.106697896
-8.60421333333 380.039819918
-8.59921066667 380.103117164
-8.594208 379.97550317
-8.58920533333 380.109377816
-8.58420266667 379.978341007
-8.5792 380.11939112
-8.57419733333 380.015156067
-8.56919466667 380.136323412
-8.564192 380.046803799
-8.55918933333 380.100951654
-8.55418666667 379.986897073
-8.549184 380.107998023
-8.54418133333 380.000640129
-8.53917866667 380.109849126
-8.534176 380.023072068
-8.52917333333 380.049696521
-8.52417066667 380.01414861
-8.519168 380.066643299
-8.51416533333 379.953946606
-8.50916266667 380.089437746
-8.50416 380.004272808
-8.49915733333 380.081441912
-8.49415466667 379.966301884
-8.489152 380.088858428
-8.48414933333 380.020446663
-8.47914666667 380.130175238
-8.474144 380.084777232
-8.46914133333 380.108618357
-8.46413866667 380.040299467
-8.459136 380.134528238
-8.45413333333 380.075388365
-8.44913066667 380.10614824
-8.444128 380.020186736
-8.43912533333 380.180099797
-8.43412266667 380.04632442
-8.42912 380.201511366
-8.42411733333 380.141507146
-8.41911466667 380.246806666
-8.414112 380.160042642
-8.40910933333 380.259459547
-8.40410666667 380.145086343
-8.399104 380.240074928
-8.39410133333 380.228104296
-8.38909866667 380.274958569
-8.384096 380.253916818
-8.37909333333 380.280779352
-8.37409066667 380.182839529
-8.369088 380.331014617
-8.36408533333 380.204700011
-8.35908266667 380.289389608
-8.35408 380.21408661
-8.34907733333 380.283957868
-8.34407466667 380.175982781
-8.339072 380.252743709
-8.33406933333 380.136256338
-8.32906666667 380.218549646
-8.324064 380.136464946
-8.31906133333 380.202161714
-8.31405866667 380.078406988
-8.309056 380.151219088
-8.30405333333 380.090296961
-8.29905066667 380.200052732
-8.294048 380.063145263
-8.28904533333 380.188985664
-8.28404266667 380.029634092
-8.27904 380.095280677
-8.27403733333 379.992377595
-8.26903466667 380.080533833
-8.264032 379.980557431
-8.25902933333 380.02968422
-8.25402666667 379.925646902
-8.249024 380.05118076
-8.24402133333 379.983788613
-8.23901866667 380.013950849
-8.234016 379.933545073
-8.22901333333 380.060229479
-8.22401066667 379.988600851
-8.219008 380.112463567
-8.21400533333 379.988380229
-8.20900266667 380.059070225
-8.204 380.024813198
-8.19899733333 380.152230268
-8.19399466667 380.050100083
-8.188992 380.087766585
-8.18398933333 380.062211731
-8.17898666667 380.143765761
-8.173984 380.008935541
-8.16898133333 380.158617425
-8.16397866667 380.060813075
-8.158976 380.122836419
-8.15397333333 380.082239436
-8.14897066667 380.125971624
-8.143968 380.062863031
-8.13896533333 380.163217714
-8.13396266667 380.082369788
-8.12896 380.136107206
-8.12395733333 380.055760631
-8.11895466667 380.196094446
-8.113952 380.080982223
-8.10894933333 380.167616626
-8.10394666667 380.125814594
-8.098944 380.165551404
-8.09394133333 380.076702154
-8.08893866667 380.152690025
-8.083936 380.125502373
-8.07893333333 380.175074125
-8.07393066667 380.128241503
-8.068928 380.167923034
-8.06392533333 380.066815595
-8.05892266667 380.156999627
-8.05392 380.082937705
-8.04891733333 380.115721825
-8.04391466667 380.10161821
-8.038912 380.218118606
-8.03390933333 380.098881618
-8.02890666667 380.137258706
-8.023904 380.126671163
-8.01890133333 380.144993458
-8.01389866667 380.110228113
-8.008896 380.112821112
-8.00389333333 380.065048826
-7.99889066667 380.107919013
-7.993888 379.943719449
-7.98888533333 380.089075204
-7.98388266667 380.025575991
-7.97888 380.037608531
-7.97387733333 379.93171855
-7.96887466667 380.027209003
-7.963872 379.937646021
-7.95886933333 380.046569113
-7.95386666667 380.031297231
-7.948864 380.056677455
-7.94386133333 380.073111887
-7.93885866667 380.096513496
-7.933856 380.026750899
-7.92885333333 380.112067399
-7.92385066667 380.104497895
-7.918848 380.117946813
-7.91384533333 380.084351696
-7.90884266667 380.206319546
-7.90384 380.10852051
-7.89883733333 380.18301867
-7.89383466667 380.100136494
-7.888832 380.208111289
-7.88382933333 380.078471879
-7.87882666667 380.129245086
-7.873824 380.098571111
-7.86882133333 380.116290009
-7.86381866667 380.085908357
-7.858816 380.172569509
-7.85381333333 380.065901653
-7.84881066667 380.185105484
-7.843808 380.038686859
-7.83880533333 380.019171707
-7.83380266667 379.931148153
-7.8288 380.018031975
-7.82379733333 380.055081985
-7.81879466667 380.047730657
-7.813792 379.970025732
-7.80878933333 380.083774751
-7.80378666667 379.991321042
-7.798784 380.075228374
-7.79378133333 379.962579907
-7.78877866667 380.030642501
-7.783776 380.02881296
-7.77877333333 380.092525902
-7.77377066667 379.985380963
-7.768768 380.071275325
-7.76376533333 380.072553104
-7.75876266667 380.08339276
-7.75376 380.036092472
-7.74875733333 380.086503451
-7.74375466667 380.078746928
-7.738752 380.114691222
-7.73374933333 380.10485509
-7.72874666667 380.223478484
-7.723744 380.137942359
-7.71874133333 380.219994466
-7.71373866667 380.174127578
-7.708736 380.137971335
-7.70373333333 380.100504751
-7.69873066667 380.184215906
-7.693728 380.125967573
-7.68872533333 380.261262335
-7.68372266667 380.175240191
-7.67872 380.187697106
-7.67371733333 380.042654353
-7.66871466667 380.085617073
-7.663712 380.141255709
-7.65870933333 380.144625447
-7.65370666667 380.080752324
-7.648704 380.149445963
-7.64370133333 380.087906944
-7.63869866667 380.031911411
-7.633696 380.024391336
-7.62869333333 380.115760123
-7.62369066667 380.014051608
-7.618688 380.055726169
-7.61368533333 379.981015986
-7.60868266667 380.083634908
-7.60368 380.101553956
-7.59867733333 380.207246084
-7.59367466667 380.16604492
-7.588672 380.22863486
-7.58366933333 380.16962971
-7.57866666667 380.259711278
-7.573664 380.170712535
-7.56866133333 380.250140388
-7.56365866667 380.249117899
-7.558656 380.235537588
-7.55365333333 380.218965394
-7.54865066667 380.217809364
-7.543648 380.226617308
-7.53864533333 380.275638764
-7.53364266667 380.192940298
-7.52864 380.255116198
-7.52363733333 380.19144492
-7.51863466667 380.274812131
-7.513632 380.186362863
-7.50862933333 380.245070122
-7.50362666667 380.162934204
-7.498624 380.268340296
-7.49362133333 380.250019718
-7.48861866667 380.238438097
-7.483616 380.224669416
-7.47861333333 380.257527321
-7.47361066667 380.169872248
-7.468608 380.238178578
-7.46360533333 380.172863572
-7.45860266667 380.267467173
-7.4536 380.214672383
-7.44859733333 380.288594187
-7.44359466667 380.220899859
-7.438592 380.251962173
-7.43358933333 380.171510618
-7.42858666667 380.190799246
-7.423584 380.131875818
-7.41858133333 380.183910623
-7.41357866667 380.112181344
-7.408576 380.159860769
-7.40357333333 380.07745772
-7.39857066667 380.13743995
-7.393568 380.067245596
-7.38856533333 380.118996804
-7.38356266667 380.149925043
-7.37856 380.120646479
-7.37355733333 380.105748945
-7.36855466667 380.112344032
-7.363552 380.103229174
-7.35854933333 380.168675226
-7.35354666667 380.158485612
-7.348544 380.205818972
-7.34354133333 380.178508682
-7.33853866667 380.216563171
-7.333536 380.177030777
-7.32853333333 380.314914631
-7.32353066667 380.274124626
-7.318528 380.317820191
-7.31352533333 380.277610858
-7.30852266667 380.339407834
-7.30352 380.307004351
-7.29851733333 380.261803455
-7.29351466667 380.290430936
-7.288512 380.328831341
-7.28350933333 380.42390099
-7.27850666667 380.374257751
-7.273504 380.276787968
-7.26850133333 380.35350997
-7.26349866667 380.392711363
-7.258496 380.354666251
-7.25349333333 380.284709881
-7.24849066667 380.307996607
-7.243488 380.302199813
-7.23848533333 380.244718484
-7.23348266667 380.258031086
-7.22848 380.091935107
-7.22347733333 380.060629892
-7.21847466667 379.656247703
-7.213472 379.191800189
-7.20846933333 378.024813924
-7.20346666667 376.354353826
-7.198464 375.462870579
-7.19346133333 374.211693041
-7.18845866667 372.807432761
-7.183456 372.019601357
-7.17845333333 372.082904382
-7.17345066667 372.015932758
-7.168448 371.737857044
-7.16344533333 371.497726362
-7.15844266667 371.389810198
-7.15344 371.206558779
-7.14843733333 371.115150566
-7.14343466667 371.021152982
-7.138432 370.344123592
-7.13342933333 369.475176652
-7.12842666667 369.267701195
-7.123424 369.142879246
-7.11842133333 369.150641939
-7.11341866667 369.009348538
-7.108416 368.97186864
-7.10341333333 368.494650277
-7.09841066667 368.212210682
-7.093408 367.718064503
-7.08840533333 367.516845913
-7.08340266667 367.435906238
-7.0784 367.369385769
-7.07339733333 367.312960642
-7.06839466667 367.353371298
-7.063392 367.148511546
-7.05838933333 367.016781835
-7.05338666667 366.937352188
-7.048384 366.791959402
-7.04338133333 366.229422295
-7.03837866667 365.940873646
-7.033376 365.720078347
-7.02837333333 365.741588157
-7.02337066667 365.438400916
-7.018368 365.21331859
-7.01336533333 365.075149495
-7.00836266667 364.811032162
-7.00336 364.866041751
-6.99835733333 364.774019501
-6.99335466667 364.597067508
-6.988352 364.617700398
-6.98334933333 364.721260465
-6.97834666667 364.69416812
-6.973344 364.687240583
-6.96834133333 364.545412268
-6.96333866667 364.460090026
-6.958336 364.437727621
-6.95333333333 364.315049436
-6.94833066667 364.183566252
-6.943328 364.169475489
-6.93832533333 364.109736168
-6.93332266667 363.844616453
-6.92832 363.73408835
-6.92331733333 363.725118924
-6.91831466667 363.794463577
-6.913312 363.948977382
-6.90830933333 363.848527989
-6.90330666667 363.798906827
-6.898304 363.697912948
-6.89330133333 363.590004418
-6.88829866667 363.612862402
-6.883296 363.668128141
-6.87829333333 363.619175595
-6.87329066667 363.557715264
-6.868288 363.542615603
-6.86328533333 363.561772769
-6.85828266667 363.475169997
-6.85328 363.421889896
-6.84827733333 363.42191359
-6.84327466667 363.426970124
-6.838272 363.455199892
-6.83326933333 363.513070237
-6.82826666667 363.666449595
-6.823264 363.832097219
-6.81826133333 363.534831292
-6.81325866667 363.448899362
-6.808256 363.352291879
-6.80325333333 363.167485678
-6.79825066667 363.439301992
-6.793248 363.593964836
-6.78824533333 364.047350358
-6.78324266667 363.858049826
-6.77824 363.617211441
-6.77323733333 363.843967742
-6.76823466667 363.90418161
-6.763232 364.136876524
-6.75822933333 364.707220864
-6.75322666667 365.178372301
-6.748224 365.576829481
-6.74322133333 366.662034722
-6.73821866667 367.998106269
-6.733216 368.507482747
-6.72821333333 368.874641207
-6.72321066667 369.037568066
-6.718208 369.858490532
-6.71320533333 371.017811361
-6.70820266667 373.152354349
-6.7032 374.835933941
-6.69819733333 376.605972713
-6.69319466667 377.024660993
-6.688192 378.6415006
-6.68318933333 378.831565453
-6.67818666667 379.282913187
-6.673184 379.523224933
-6.66818133333 380.07104444
-6.66317866667 380.262472353
-6.658176 380.209708873
-6.65317333333 380.200072255
-6.64817066667 380.168326172
-6.643168 380.17588588
-6.63816533333 380.194029461
-6.63316266667 380.154098751
-6.62816 380.141000125
-6.62315733333 380.130911586
-6.61815466667 380.128529717
-6.613152 380.102439744
-6.60814933333 380.134231708
-6.60314666667 380.114924273
-6.598144 380.107451055
-6.59314133333 380.074415226
-6.58813866667 380.079523427
-6.583136 380.160213856
-6.57813333333 380.096775883
-6.57313066667 380.144367297
-6.568128 380.091824882
-6.56312533333 380.078558172
-6.55812266667 380.063356041
-6.55312 380.115430204
-6.54811733333 380.036656273
-6.54311466667 380.093940718
-6.538112 380.074360475
-6.53310933333 380.062244395
-6.52810666667 380.077014699
-6.523104 380.068036947
-6.51810133333 380.018277248
-6.51309866667 380.041790748
-6.508096 380.017934046
-6.50309333333 380.044386992
-6.49809066667 380.024557209
-6.493088 380.081486659
-6.48808533333 380.009947087
-6.48308266667 380.039830531
-6.47808 380.051095192
-6.47307733333 380.0072318
-6.46807466667 380.023714896
-6.463072 380.016132903
-6.45806933333 380.03698801
-6.45306666667 380.047094958
-6.448064 380.00586148
-6.44306133333 380.059923369
-6.43805866667 379.963615051
-6.433056 380.030870486
-6.42805333333 379.918132449
-6.42305066667 379.960353239
-6.418048 379.932019984
-6.41304533333 380.010482957
-6.40804266667 379.97608992
-6.40304 379.967162952
-6.39803733333 379.966584166
-6.39303466667 379.976679428
-6.388032 379.978521725
-6.38302933333 379.984162972
-6.37802666667 379.902918689
-6.373024 379.941886117
-6.36802133333 379.866697036
-6.36301866667 379.910851386
-6.358016 379.930591931
-6.35301333333 379.942848589
-6.34801066667 379.856326204
-6.343008 379.860737659
-6.33800533333 379.882211939
-6.33300266667 379.882700548
-6.328 379.884808922
-6.32299733333 379.955720506
-6.31799466667 379.885183741
-6.312992 379.929357165
-6.30798933333 379.866257122
-6.30298666667 379.960134002
-6.297984 379.895492318
-6.29298133333 379.856520364
-6.28797866667 379.824481276
-6.282976 379.871594239
-6.27797333333 379.727996541
-6.27297066667 379.747318636
-6.267968 379.718687664
-6.26296533333 379.778440579
-6.25796266667 379.665711649
-6.25296 379.694903477
-6.24795733333 379.675692744
-6.24295466667 379.714999371
-6.237952 379.691620308
-6.23294933333 379.701829214
-6.22794666667 379.663525643
-6.222944 379.711301188
-6.21794133333 379.747379812
-6.21293866667 379.631055858
-6.207936 379.630659173
-6.20293333333 379.703450095
-6.19793066667 379.695857856
-6.192928 379.739578771
-6.18792533333 379.677670459
-6.18292266667 379.748319113
-6.17792 379.723115542
-6.17291733333 379.730432251
-6.16791466667 379.678856369
-6.162912 379.729971426
-6.15790933333 379.69244486
-6.15290666667 379.691687541
-6.147904 379.689242375
-6.14290133333 379.711708275
-6.13789866667 379.67864575
-6.132896 379.747952281
-6.12789333333 379.714603381
-6.12289066667 379.797024055
-6.117888 379.667460685
-6.11288533333 379.731664074
-6.10788266667 379.705373715
-6.10288 379.730449983
-6.09787733333 379.671907213
-6.09287466667 379.703546564
-6.087872 379.713122857
-6.08286933333 379.776385776
-6.07786666667 379.686873685
-6.072864 379.69933464
-6.06786133333 379.681931182
-6.06285866667 379.700445205
-6.057856 379.677632755
-6.05285333333 379.692282054
-6.04785066667 379.660517968
-6.042848 379.781161198
-6.03784533333 379.707497873
-6.03284266667 379.699878654
-6.02784 379.656434329
-6.02283733333 379.763720798
-6.01783466667 379.671537759
-6.012832 379.733756428
-6.00782933333 379.654193703
-6.00282666667 379.717713508
-5.997824 379.622128299
-5.99282133333 379.694748157
-5.98781866667 379.610730719
-5.982816 379.695628215
-5.97781333333 379.538454678
-5.97281066667 379.645364982
-5.967808 379.613447425
-5.96280533333 379.673719698
-5.95780266667 379.510850508
-5.9528 379.63887201
-5.94779733333 379.602812699
-5.94279466667 379.639524264
-5.937792 379.60415592
-5.93278933333 379.637521028
-5.92778666667 379.670920973
-5.922784 379.717029425
-5.91778133333 379.615479036
-5.91277866667 379.670624796
-5.907776 379.646076753
-5.90277333333 379.635371782
-5.89777066667 379.568335034
-5.892768 379.664280899
-5.88776533333 379.61319718
-5.88276266667 379.692115426
-5.87776 379.62056135
-5.87275733333 379.727803197
-5.86775466667 379.668165833
-5.862752 379.720002083
-5.85774933333 379.66260979
-5.85274666667 379.752830094
-5.847744 379.702898251
-5.84274133333 379.814594296
-5.83773866667 379.713792741
-5.832736 379.727884542
-5.82773333333 379.710623421
-5.82273066667 379.770243846
-5.817728 379.735365241
-5.81272533333 379.779099325
-5.80772266667 379.744154917
-5.80272 379.767735744
-5.79771733333 379.728100637
-5.79271466667 379.831063698
-5.787712 379.750971202
-5.78270933333 379.858442985
-5.77770666667 379.735443211
-5.772704 379.825832898
-5.76770133333 379.780977072
-5.76269866667 379.792253047
-5.757696 379.720150326
-5.75269333333 379.74856823
-5.74769066667 379.724308056
-5.742688 379.815063032
-5.73768533333 379.787474288
-5.73268266667 379.874298252
-5.72768 379.863091885
-5.72267733333 379.920674646
-5.71767466667 379.744261775
-5.712672 379.946067072
-5.70766933333 379.894801345
-5.70266666667 379.932576336
-5.697664 379.90356148
-5.69266133333 379.856630614
-5.68765866667 379.878260453
-5.682656 379.950410858
-5.67765333333 379.855222842
-5.67265066667 379.953899387
-5.667648 379.962927069
-5.66264533333 379.929053884
-5.65764266667 379.822156155
-5.65264 379.970912183
-5.64763733333 379.871699957
-5.64263466667 379.95612659
-5.637632 379.839476763
-5.63262933333 379.904431787
-5.62762666667 379.85091418
-5.622624 379.883697894
-5.61762133333 379.781245495
-5.61261866667 379.876652122
-5.607616 379.782491493
-5.60261333333 379.900102461
-5.59761066667 379.762683828
-5.592608 379.85606779
-5.58760533333 379.766626502
-5.58260266667 379.869595122
-5.5776 379.774647158
-5.57259733333 379.827066157
-5.56759466667 379.803713086
-5.562592 379.914853219
-5.55758933333 379.772602663
-5.55258666667 379.895593739
-5.547584 379.835094457
-5.54258133333 379.841457989
-5.53757866667 379.712233544
-5.532576 379.865015266
-5.52757333333 379.818223608
-5.52257066667 379.869204164
-5.517568 379.706730684
-5.51256533333 379.85815016
-5.50756266667 379.716793074
-5.50256 379.790928581
-5.49755733333 379.631049531
-5.49255466667 379.715812867
-5.487552 379.630597401
-5.48254933333 379.687495979
-5.47754666667 379.559088748
-5.472544 379.607309587
-5.46754133333 379.533555185
-5.46253866667 379.575142539
-5.457536 379.526487572
-5.45253333333 379.604094958
-5.44753066667 379.590159646
-5.442528 379.615606135
-5.43752533333 379.529637625
-5.43252266667 379.690922631
-5.42752 379.616734218
-5.42251733333 379.682545702
-5.41751466667 379.60599705
-5.412512 379.696256271
-5.40750933333 379.556333695
-5.40250666667 379.746949974
-5.397504 379.582944853
-5.39250133333 379.729955875
-5.38749866667 379.565127662
-5.382496 379.652524528
-5.37749333333 379.620876508
-5.37249066667 379.732951296
-5.367488 379.612893234
-5.36248533333 379.656437783
-5.35748266667 379.680546181
-5.35248 379.781579219
-5.34747733333 379.693825622
-5.34247466667 379.759494101
-5.337472 379.620622769
-5.33246933333 379.71126172
-5.32746666667 379.666041751
-5.322464 379.752838408
-5.31746133333 379.664374142
-5.31245866667 379.687404139
-5.307456 379.64004281
-5.30245333333 379.725201133
-5.29745066667 379.690857919
-5.292448 379.64126119
-5.28744533333 379.618382869
-5.28244266667 379.744328945
-5.27744 379.59363215
-5.27243733333 379.770830948
-5.26743466667 379.655118548
-5.262432 379.671707638
-5.25742933333 379.618073116
-5.25242666667 379.730808327
-5.247424 379.682531714
-5.24242133333 379.777268368
-5.23741866667 379.700468552
-5.232416 379.825537892
-5.22741333333 379.738053815
-5.22241066667 379.849140893
-5.217408 379.667424481
-5.21240533333 379.774045046
-5.20740266667 379.654943239
-5.2024 379.72866847
-5.19739733333 379.709805539
-5.19239466667 379.775089328
-5.187392 379.687562728
-5.18238933333 379.766925743
-5.17738666667 379.684530992
-5.172384 379.812747972
-5.16738133333 379.634614833
-5.16237866667 379.790552775
-5.157376 379.648847164
-5.15237333333 379.680160777
-5.14737066667 379.62955874
-5.142368 379.771020299
-5.13736533333 379.682045574
-5.13236266667 379.826634548
-5.12736 379.782017881
-5.12235733333 379.976371349
-5.11735466667 379.887801881
-5.112352 380.052576363
-5.10734933333 380.05410242
-5.10234666667 380.23395649
-5.097344 379.84298363
-5.09234133333 379.529687502
-5.08733866667 378.529273158
-5.082336 377.535417379
-5.07733333333 375.280159456
-5.07233066667 372.965019474
-5.067328 369.565269399
-5.06232533333 367.244509594
-5.05732266667 363.488283819
-5.05232 357.351906296
-5.04731733333 351.375552238
-5.04231466667 348.131243422
-5.037312 346.014041715
-5.03230933333 344.934536567
-5.02730666667 344.698517212
-5.022304 345.083087036
-5.01730133333 346.712693422
-5.01229866667 353.989745715
-5.007296 359.777011756
-5.00229333333 362.166341854
-4.99729066667 362.326822485
-4.992288 360.348324338
-4.98728533333 356.600522826
-4.98228266667 354.295306222
-4.97728 352.864656691
-4.97227733333 352.388805841
-4.96727466667 352.31545963
-4.962272 352.537758147
-4.95726933333 353.566501322
-4.95226666667 356.244973199
-4.947264 358.540563044
-4.94226133333 359.944779695
-4.93725866667 361.32067695
-4.932256 362.63472501
-4.92725333333 362.8445514
-4.92225066667 363.139974847
-4.917248 363.856219485
-4.91224533333 364.760901725
-4.90724266667 365.88546321
-4.90224 368.336879883
-4.89723733333 371.515121576
-4.89223466667 376.144997079
-4.887232 382.204875853
-4.88222933333 386.048110988
-4.87722666667 389.323943989
-4.872224 391.687626283
-4.86722133333 393.462752906
-4.86221866667 394.087775081
-4.857216 394.206652147
-4.85221333333 394.629576289
-4.84721066667 394.732470845
-4.842208 395.085963456
-4.83720533333 395.163409367
-4.83220266667 395.465820315
-4.8272 395.556807121
-4.82219733333 393.910840894
-4.81719466667 383.434773763
-4.812192 389.669255665
-4.80718933333 390.859189199
-4.80218666667 389.693509081
-4.797184 390.715624039
-4.79218133333 392.196183207
-4.78717866667 390.645321405
-4.782176 376.896924759
-4.77717333333 365.715808103
-4.77217066667 362.875281077
-4.767168 361.481561822
-4.76216533333 359.448592185
-4.75716266667 356.096767205
-4.75216 353.95791194
-4.74715733333 350.542180852
-4.74215466667 349.248156626
-4.737152 346.655463872
-4.73214933333 347.918282072
-4.72714666667 348.327989732
-4.722144 347.658242637
-4.71714133333 346.929018707
-4.71213866667 347.116041788
-4.707136 347.21564133
-4.70213333333 347.579373139
-4.69713066667 347.853359219
-4.692128 348.678115807
-4.68712533333 349.287384439
-4.68212266667 349.873395449
-4.67712 350.045440068
-4.67211733333 350.385782099
-4.66711466667 350.500626897
-4.662112 350.643241647
-4.65710933333 350.638999135
-4.65210666667 350.825504144
-4.647104 350.742986174
-4.64210133333 350.826975174
-4.63709866667 350.743321046
-4.632096 350.892451996
-4.62709333333 350.856666248
-4.62209066667 351.044137621
-4.617088 351.031302084
-4.61208533333 351.115373347
-4.60708266667 350.980073546
-4.60208 351.018054607
-4.59707733333 350.872866223
-4.59207466667 350.99528324
-4.587072 350.880449562
-4.58206933333 350.679675375
-4.57706666667 350.383525554
-4.572064 350.334402404
-4.56706133333 349.500901217
-4.56205866667 348.965427263
-4.557056 348.391154953
-4.55205333333 347.826095006
-4.54705066667 347.182268132
-4.542048 346.704250964
-4.53704533333 346.384607624
-4.53204266667 346.522076585
-4.52704 346.538785844
-4.52203733333 346.328340138
-4.51703466667 345.922540379
-4.512032 345.817204956
-4.50702933333 345.423318768
-4.50202666667 345.221650414
-4.497024 344.872602314
-4.49202133333 344.810664106
-4.48701866667 344.577447617
-4.482016 344.579596012
-4.47701333333 344.374867361
-4.47201066667 344.411087649
-4.467008 344.22020568
-4.46200533333 344.14383537
-4.45700266667 344.013143528
-4.452 344.039085262
-4.44699733333 343.912768566
-4.44199466667 343.97282909
-4.436992 343.833811736
-4.43198933333 343.9019299
-4.42698666667 343.74610217
-4.421984 343.813725555
-4.41698133333 343.634418334
-4.41197866667 343.682751537
-4.406976 343.63791467
-4.40197333333 343.781946114
-4.39697066667 343.69801084
-4.391968 343.665478146
-4.38696533333 343.271345414
-4.38196266667 343.598811357
-4.37696 343.410021754
-4.37195733333 343.491605602
-4.36695466667 343.400123572
-4.361952 343.341572568
-4.35694933333 343.139801436
-4.35194666667 343.166299318
-4.346944 343.105173964
-4.34194133333 343.204197471
-4.33693866667 343.103139806
-4.331936 343.120868813
-4.32693333333 343.050082674
-4.32193066667 343.292043118
-4.316928 343.203039808
-4.31192533333 343.301123358
-4.30692266667 343.231678318
-4.30192 343.400115399
-4.29691733333 343.164977709
-4.29191466667 343.246576623
-4.286912 343.175841811
-4.28190933333 343.141873181
-4.27690666667 342.948794975
-4.271904 342.884074065
-4.26690133333 342.627197361
-4.26189866667 342.354225063
-4.256896 342.060131579
-4.25189333333 341.930820355
-4.24689066667 341.796302819
-4.241888 341.718178962
-4.23688533333 341.530581516
-4.23188266667 341.479563325
-4.22688 341.256989508
-4.22187733333 341.251420613
-4.21687466667 341.10428317
-4.211872 341.131700321
-4.20686933333 340.611414256
-4.20186666667 340.301915302
-4.196864 339.93231984
-4.19186133333 339.76621854
-4.18685866667 339.389575821
-4.181856 339.122168645
-4.17685333333 338.748106419
-4.17185066667 338.580437889
-4.166848 338.300057807
-4.16184533333 338.073718596
-4.15684266667 337.667975416
-4.15184 337.464473565
-4.14683733333 337.264548082
-4.14183466667 337.181205943
-4.136832 336.286054868
-4.13182933333 335.566098817
-4.12682666667 334.487860315
-4.121824 333.909114316
-4.11682133333 332.750128809
-4.11181866667 332.22437522
-4.106816 331.910163938
-4.10181333333 331.790253902
-4.09681066667 332.164965663
-4.091808 339.193909321
-4.08680533333 347.381503226
-4.08180266667 350.752538958
-4.0768 354.27891874
-4.07179733333 354.742043158
-4.06679466667 355.697001321
-4.061792 357.575270456
-4.05678933333 360.579615366
-4.05178666667 363.58861525
-4.046784 364.520578726
-4.04178133333 364.232762723
-4.03677866667 363.916805765
-4.031776 365.148070882
-4.02677333333 367.572662903
-4.02177066667 368.829552627
-4.016768 368.742493473
-4.01176533333 368.739895583
-4.00676266667 368.883996771
-4.00176 368.851435411
-3.99675733333 368.145619881
-3.99175466667 367.781161866
-3.986752 367.969336267
-3.98174933333 368.238112804
-3.97674666667 367.09479313
-3.971744 366.17838398
-3.96674133333 366.458731594
-3.96173866667 367.384170757
-3.956736 367.417880052
-3.95173333333 367.460820663
-3.94673066667 367.538099562
-3.941728 367.812588696
-3.93672533333 367.256537842
-3.93172266667 367.145843294
-3.92672 367.481411105
-3.92171733333 368.334383039
-3.91671466667 369.224569311
-3.911712 369.616148285
-3.90670933333 369.167641124
-3.90170666667 369.020591058
-3.896704 368.460397457
-3.89170133333 368.240077251
-3.88669866667 367.863252839
-3.881696 367.701369872
-3.87669333333 367.843288146
-3.87169066667 367.802202926
-3.866688 367.713447757
-3.86168533333 367.651967939
-3.85668266667 367.67340859
-3.85168 367.680884981
-3.84667733333 367.612284468
-3.84167466667 367.568926499
-3.836672 367.547012211
-3.83166933333 367.888161202
-3.82666666667 368.460514251
-3.821664 370.133633009
-3.81666133333 370.424214711
-3.81165866667 370.023160649
-3.806656 368.091472838
-3.80165333333 367.719145609
-3.79665066667 367.260505096
-3.791648 367.371125211
-3.78664533333 367.260177997
-3.78164266667 367.248748886
-3.77664 367.076493214
-3.77163733333 367.028511412
-3.76663466667 366.875230862
-3.761632 366.849059271
-3.75662933333 366.733298143
-3.75162666667 366.975156261
-3.746624 366.889243303
-3.74162133333 366.825717554
-3.73661866667 366.835888761
-3.731616 367.003771731
-3.72661333333 366.866193324
-3.72161066667 366.942546671
-3.716608 366.780430968
-3.71160533333 366.795342303
-3.70660266667 366.616602631
-3.7016 366.655648799
-3.69659733333 366.430152499
-3.69159466667 366.40534932
-3.686592 366.345903454
-3.68158933333 366.407606153
-3.67658666667 366.443326326
-3.671584 366.829665243
-3.66658133333 367.171325898
-3.66157866667 367.723043158
-3.656576 368.204432826
-3.65157333333 368.835759279
-3.64657066667 370.005876571
-3.641568 370.536466788
-3.63656533333 370.434744054
-3.63156266667 370.478695395
-3.62656 370.317700615
-3.62155733333 370.49029728
-3.61655466667 370.49786285
-3.611552 370.874442821
-3.60654933333 370.57988683
-3.60154666667 370.838943174
-3.596544 370.896024328
-3.59154133333 370.813595451
-3.58653866667 370.780604745
-3.581536 370.936865569
-3.57653333333 370.97034838
-3.57153066667 371.064979248
-3.566528 371.238807592
-3.56152533333 371.671786212
-3.55652266667 372.192860498
-3.55152 372.302392003
-3.54651733333 372.393171423
-3.54151466667 372.680060845
-3.536512 372.585077267
-3.53150933333 372.335528382
-3.52650666667 372.115654314
-3.521504 372.078324921
-3.51650133333 371.969033214
-3.51149866667 372.006825797
-3.506496 371.834910834
-3.50149333333 371.937893171
-3.49649066667 371.724654079
-3.491488 371.848689487
-3.48648533333 371.762494258
-3.48148266667 371.743015876
-3.47648 371.649524962
-3.47147733333 371.547191404
-3.46647466667 371.366011379
-3.461472 371.39859815
-3.45646933333 371.355920265
-3.45146666667 371.367361805
-3.446464 371.265609576
-3.44146133333 371.387536411
-3.43645866667 371.296502989
-3.431456 371.346095721
-3.42645333333 371.247046398
-3.42145066667 371.250500855
-3.416448 371.185552102
-3.41144533333 371.298545345
-3.40644266667 371.290475682
-3.40144 371.331835076
-3.39643733333 371.329646145
-3.39143466667 371.353964338
-3.386432 371.393598531
-3.38142933333 371.471353806
-3.37642666667 371.420912943
-3.371424 371.519507412
-3.36642133333 371.555441502
-3.36141866667 371.580147726
-3.356416 371.663064564
-3.35141333333 371.846985149
-3.34641066667 372.231239917
-3.341408 372.779444402
-3.33640533333 374.475668958
-3.33140266667 379.033056407
-3.3264 386.357415066
-3.32139733333 391.821089394
-3.31639466667 395.939799344
-3.311392 398.765702818
-3.30638933333 400.919266259
-3.30138666667 403.573979303
-3.296384 403.561309662
-3.29138133333 403.720149188
-3.28637866667 403.618550148
-3.281376 403.636967483
-3.27637333333 403.668869965
-3.27137066667 403.570257539
-3.266368 403.521620948
-3.26136533333 403.441367062
-3.25636266667 403.351023786
-3.25136 403.310060866
-3.24635733333 403.062491311
-3.24135466667 402.930660332
-3.236352 402.692161613
-3.23134933333 402.516701638
-3.22634666667 402.261170156
-3.221344 402.164235867
-3.21634133333 401.971928278
-3.21133866667 401.99272522
-3.206336 401.732141568
-3.20133333333 401.72455272
-3.19633066667 401.243966298
-3.191328 401.281174116
-3.18632533333 401.241934769
-3.18132266667 401.313706091
-3.17632 401.171132138
-3.17131733333 401.011672357
-3.16631466667 400.830671605
-3.161312 400.79546579
-3.15630933333 400.697882068
-3.15130666667 400.658791525
-3.146304 400.469880346
-3.14130133333 400.381500991
-3.13629866667 400.344017551
-3.131296 400.367757063
-3.12629333333 400.280983127
-3.12129066667 400.222779508
-3.116288 400.14623246
-3.11128533333 400.140882625
-3.10628266667 400.132490763
-3.10128 400.13684406
-3.09627733333 400.07782661
-3.09127466667 400.073411564
-3.086272 399.961408091
-3.08126933333 399.890909323
-3.07626666667 399.746153762
-3.071264 399.551671008
-3.06626133333 399.448242187
-3.06125866667 399.412382469
-3.056256 399.425340275
-3.05125333333 399.423595995
-3.04625066667 399.350848205
-3.041248 399.30823994
-3.03624533333 399.160912409
-3.03124266667 399.177153066
-3.02624 399.051998665
-3.02123733333 399.199662194
-3.01623466667 399.098763039
-3.011232 399.131595503
-3.00622933333 399.089563113
-3.00122666667 399.188517029
-2.996224 399.108727683
-2.99122133333 399.170138703
-2.98621866667 399.14655763
-2.981216 399.100288041
-2.97621333333 399.045786413
-2.97121066667 399.04859761
-2.966208 399.016092326
-2.96120533333 398.985006907
-2.95620266667 399.022145019
-2.9512 399.006999725
-2.94619733333 398.944358624
-2.94119466667 399.015372772
-2.936192 398.958306611
-2.93118933333 398.958213963
-2.92618666667 398.993998098
-2.921184 398.943481135
-2.91618133333 398.89798875
-2.91117866667 398.881859268
-2.906176 398.790534112
-2.90117333333 398.844997348
-2.89617066667 398.768104641
-2.891168 398.760222595
-2.88616533333 398.783110572
-2.88116266667 398.749259669
-2.87616 398.628558972
-2.87115733333 398.639891865
-2.86615466667 398.593408347
-2.861152 398.712611063
-2.85614933333 398.630852267
-2.85114666667 398.667493789
-2.846144 398.679037949
-2.84114133333 398.610104093
-2.83613866667 398.656668176
-2.831136 398.614199673
-2.82613333333 398.582101997
-2.82113066667 398.662378562
-2.816128 398.576526552
-2.81112533333 398.689307718
-2.80612266667 398.590407484
-2.80112 398.641245797
-2.79611733333 398.517986543
-2.79111466667 398.582522832
-2.786112 398.57428237
-2.78110933333 398.547582769
-2.77610666667 398.489498519
-2.771104 398.516595427
-2.76610133333 398.477517579
-2.76109866667 398.585028602
-2.756096 398.612431628
-2.75109333333 398.59788632
-2.74609066667 398.591525047
-2.741088 398.680037254
-2.73608533333 398.605105595
-2.73108266667 398.67007838
-2.72608 398.628258687
-2.72107733333 398.678960581
-2.71607466667 398.747009003
-2.711072 398.675174267
-2.70606933333 398.745911699
-2.70106666667 398.749830921
-2.696064 398.762556063
-2.69106133333 398.668157069
-2.68605866667 398.723050346
-2.681056 398.750308262
-2.67605333333 398.669784694
-2.67105066667 398.661259781
-2.666048 398.596294213
-2.66104533333 398.581144148
-2.65604266667 398.542114793
-2.65104 398.600788076
-2.64603733333 398.629891755
-2.64103466667 398.540008941
-2.636032 398.601131059
-2.63102933333 398.628916223
-2.62602666667 398.595263526
-2.621024 398.642422536
-2.61602133333 398.501883749
-2.61101866667 398.515274185
-2.606016 398.406947801
-2.60101333333 398.523863645
-2.59601066667 398.528487648
-2.591008 398.505180798
-2.58600533333 398.482590334
-2.58100266667 398.409593316
-2.576 398.45686205
-2.57099733333 398.428390372
-2.56599466667 398.447744984
-2.560992 398.435920735
-2.55598933333 398.437409423
-2.55098666667 398.371613006
-2.545984 398.266052701
-2.54098133333 398.381006684
-2.53597866667 398.278826062
-2.530976 398.265692033
-2.52597333333 398.229627811
-2.52097066667 398.308049707
-2.515968 398.28866379
-2.51096533333 398.210835045
-2.50596266667 398.254413362
-2.50096 398.231316051
-2.49595733333 398.218746229
-2.49095466667 398.221239592
-2.485952 398.088369272
-2.48094933333 398.202607509
-2.47594666667 398.115460699
-2.470944 398.114553249
-2.46594133333 398.019635025
-2.46093866667 397.753976198
-2.455936 397.683592066
-2.45093333333 397.629440693
-2.44593066667 397.533438956
-2.440928 397.513585281
-2.43592533333 397.600910391
-2.43092266667 397.617371689
-2.42592 397.59773319
-2.42091733333 397.59830919
-2.41591466667 397.622385205
-2.410912 397.575891142
-2.40590933333 397.50398732
-2.40090666667 397.472317293
-2.395904 397.35297487
-2.39090133333 397.254674242
-2.38589866667 397.219634049
-2.380896 397.154413729
-2.37589333333 397.050517131
-2.37089066667 397.047208837
-2.365888 397.084972833
-2.36088533333 397.041778141
-2.35588266667 396.942739999
-2.35088 396.899862534
-2.34587733333 396.839651921
-2.34087466667 396.852708703
-2.335872 396.863414307
-2.33086933333 396.868519996
-2.32586666667 396.807195791
-2.320864 396.88533302
-2.31586133333 396.85196324
-2.31085866667 396.864462603
-2.305856 396.893162532
-2.30085333333 396.892163513
-2.29585066667 396.925546082
-2.290848 396.87009775
-2.28584533333 396.921017157
-2.28084266667 396.951769702
-2.27584 396.934423641
-2.27083733333 396.924289835
-2.26583466667 396.921288961
-2.260832 396.929876106
-2.25582933333 396.89463232
-2.25082666667 396.868550528
-2.245824 396.938241285
-2.24082133333 396.908742849
-2.23581866667 396.886894543
-2.230816 396.890532098
-2.22581333333 396.928517683
-2.22081066667 396.949960593
-2.215808 396.888782749
-2.21080533333 396.866749073
-2.20580266667 396.825439993
-2.2008 396.809953507
-2.19579733333 396.783147361
-2.19079466667 396.728021539
-2.185792 396.743960182
-2.18078933333 396.753215737
-2.17578666667 396.778036365
-2.170784 396.704431484
-2.16578133333 396.840327341
-2.16077866667 396.76259675
-2.155776 396.735283422
-2.15077333333 396.693487562
-2.14577066667 396.703041449
-2.140768 396.691904986
-2.13576533333 396.762888478
-2.13076266667 396.686018142
-2.12576 396.688183418
-2.12075733333 396.692538407
-2.11575466667 396.667825557
-2.110752 396.574594197
-2.10574933333 396.619968619
-2.10074666667 396.604602286
-2.095744 396.729061126
-2.09074133333 396.682629025
-2.08573866667 396.67355925
-2.080736 396.571950843
-2.07573333333 396.618776012
-2.07073066667 396.586584042
-2.065728 396.617316354
-2.06072533333 396.603385608
-2.05572266667 396.589630683
-2.05072 396.507454936
-2.04571733333 396.505539293
-2.04071466667 396.419810138
-2.035712 396.302753655
-2.03070933333 395.961086138
-2.02570666667 395.747511381
-2.020704 395.379528928
-2.01570133333 395.135420638
-2.01069866667 394.959606898
-2.005696 394.884717779
-2.00069333333 394.571272478
-1.99569066667 394.235513294
-1.990688 393.744609324
-1.98568533333 393.405209134
-1.98068266667 392.954680451
-1.97568 392.787470229
-1.97067733333 392.564112241
-1.96567466667 392.234386987
-1.960672 391.94931137
-1.95566933333 391.720489585
-1.95066666667 391.400402131
-1.945664 390.987910665
-1.94066133333 390.246757713
-1.93565866667 389.307076215
-1.930656 386.389898279
-1.92565333333 382.206645167
-1.92065066667 378.189964603
-1.915648 375.701654847
-1.91064533333 374.579003136
-1.90564266667 373.692734389
-1.90064 372.885367862
-1.89563733333 372.541286286
-1.89063466667 372.121759761
-1.885632 371.638792147
-1.88062933333 370.015205307
-1.87562666667 369.122325799
-1.870624 368.153783117
-1.86562133333 367.151427709
-1.86061866667 366.162703183
-1.855616 365.29463113
-1.85061333333 364.703359591
-1.84561066667 364.220704855
-1.840608 363.782231739
-1.83560533333 363.455682606
-1.83060266667 363.081605146
-1.8256 363.046088536
-1.82059733333 362.876358995
-1.81559466667 362.708171929
-1.810592 362.387075954
-1.80558933333 362.138831796
-1.80058666667 361.977588562
-1.795584 361.791834399
-1.79058133333 361.748432682
-1.78557866667 361.668907993
-1.780576 361.517109987
-1.77557333333 360.880420605
-1.77057066667 360.049617224
-1.765568 359.467433778
-1.76056533333 359.082277657
-1.75556266667 359.033829079
-1.75056 358.825140162
-1.74555733333 358.684316194
-1.74055466667 358.499081705
-1.735552 358.547560768
-1.73054933333 358.421636086
-1.72554666667 358.508325069
-1.720544 358.395807919
-1.71554133333 358.380382661
-1.71053866667 358.290442449
-1.705536 358.446348216
-1.70053333333 358.559364205
-1.69553066667 359.873623712
-1.690528 361.586276082
-1.68552533333 362.452933429
-1.68052266667 362.576138602
-1.67552 362.707060815
-1.67051733333 362.572375059
-1.66551466667 362.56279899
-1.660512 362.963785107
-1.65550933333 364.885189431
-1.65050666667 367.778894351
-1.645504 368.712968813
-1.64050133333 368.704930229
-1.63549866667 369.066935551
-1.630496 369.448392967
-1.62549333333 370.525431679
-1.62049066667 372.361003256
-1.615488 375.011564727
-1.61048533333 376.641582562
-1.60548266667 376.715005242
-1.60048 376.663819474
-1.59547733333 376.797711743
-1.59047466667 376.929573512
-1.585472 377.891610484
-1.58046933333 379.607948441
-1.57546666667 381.549451256
-1.570464 382.823103601
-1.56546133333 383.164610237
-1.56045866667 383.275997469
-1.555456 383.354039095
-1.55045333333 383.557533138
-1.54545066667 383.594494631
-1.540448 383.634621727
-1.53544533333 383.735096318
-1.53044266667 383.761858693
-1.52544 383.916345545
-1.52043733333 383.747385935
-1.51543466667 383.787438579
-1.510432 383.739922331
-1.50542933333 383.838106259
-1.50042666667 383.751441918
-1.495424 383.837175815
-1.49042133333 383.661795271
-1.48541866667 383.759153377
-1.480416 383.765129063
-1.47541333333 383.779257098
-1.47041066667 383.619043256
-1.465408 383.452771304
-1.46040533333 383.126661641
-1.45540266667 383.068364839
-1.4504 382.925557764
-1.44539733333 382.917089176
-1.44039466667 382.772484014
-1.435392 382.918382352
-1.43038933333 382.843353741
-1.42538666667 382.953582258
-1.420384 382.92686829
-1.41538133333 382.843575441
-1.41037866667 382.688841103
-1.405376 382.688753005
-1.40037333333 381.608225888
-1.39537066667 380.160713834
-1.390368 379.660548512
-1.38536533333 379.946275255
-1.38036266667 379.955189905
-1.37536 380.030454588
-1.37035733333 379.813157223
-1.36535466667 379.633471034
-1.360352 379.43195982
-1.35534933333 379.633858453
-1.35034666667 379.777618768
-1.345344 379.868710834
-1.34034133333 379.66276736
-1.33533866667 379.647388775
-1.330336 379.446452622
-1.32533333333 379.538734595
-1.32033066667 379.452848117
-1.315328 379.50518349
-1.31032533333 379.466052897
-1.30532266667 379.515515628
-1.30032 379.451880277
-1.29531733333 379.582790337
-1.29031466667 379.428134446
-1.285312 379.493750113
-1.28030933333 379.435436259
-1.27530666667 379.483494765
-1.270304 379.332322019
-1.26530133333 379.334755233
-1.26029866667 379.139265557
-1.255296 379.055026266
-1.25029333333 378.691123688
-1.24529066667 378.497446122
-1.240288 378.184532895
-1.23528533333 377.993842278
-1.23028266667 377.875481372
-1.22528 377.920985511
-1.22027733333 377.70425147
-1.21527466667 377.666988911
-1.210272 377.582592252
-1.20526933333 377.712327407
-1.20026666667 377.584620916
-1.195264 377.81721424
-1.19026133333 377.760019044
-1.18525866667 377.89170812
-1.180256 377.688617623
-1.17525333333 377.778477911
-1.17025066667 377.669262729
-1.165248 377.784605159
-1.16024533333 377.706121115
-1.15524266667 377.845832961
-1.15024 377.762310403
-1.14523733333 377.858146509
-1.14023466667 377.718603852
-1.135232 377.744976144
-1.13022933333 377.734755242
-1.12522666667 377.800491176
-1.120224 377.750905736
-1.11522133333 377.838489901
-1.11021866667 377.71855596
-1.105216 377.945547563
-1.10021333333 377.888302606
-1.09521066667 377.849596819
-1.090208 377.758673093
-1.08520533333 377.913014739
-1.08020266667 377.767252571
-1.0752 377.88404867
-1.07019733333 377.868571712
-1.06519466667 377.942243849
-1.060192 377.801240206
-1.05518933333 377.823291748
-1.05018666667 377.820138513
-1.045184 377.809583806
-1.04018133333 377.785971139
-1.03517866667 377.886244564
-1.030176 377.792041562
-1.02517333333 377.982946908
-1.02017066667 377.78164056
-1.015168 377.930230193
-1.01016533333 377.928880685
-1.00516266667 377.952465416
-1.00016 377.799925587
-0.995157333333 377.830379341
-0.990154666667 377.766349309
-0.985152 377.779818593
-0.980149333333 377.732227486
-0.975146666667 377.735971921
-0.970144 377.653981356
-0.965141333333 377.89819737
-0.960138666667 377.79319405
-0.955136 378.10415544
-0.950133333333 378.030378277
-0.945130666667 378.168176278
-0.940128 378.200294328
-0.935125333333 378.331873745
-0.930122666667 378.326403175
-0.92512 378.485292102
-0.920117333333 378.510938338
-0.915114666667 378.633567528
-0.910112 378.521334361
-0.905109333333 378.625794962
-0.900106666667 378.459986653
-0.895104 378.565760323
-0.890101333333 378.384005855
-0.885098666667 378.470273922
-0.880096 378.220907749
-0.875093333333 378.354826217
-0.870090666667 378.227568446
-0.865088 378.267982118
-0.860085333333 378.14973607
-0.855082666667 378.294963406
-0.85008 378.176933591
-0.845077333333 378.316307489
-0.840074666667 378.467353256
-0.835072 378.894711791
-0.830069333333 379.359156313
-0.825066666667 379.820066199
-0.820064 379.907771186
-0.815061333333 380.066258229
-0.810058666667 379.937709417
-0.805056 379.951915157
-0.800053333333 379.78121132
-0.795050666667 379.625764661
-0.790048 379.428210428
-0.785045333333 379.749903225
-0.780042666667 379.638360237
-0.77504 379.687695497
-0.770037333333 379.701923828
-0.765034666667 380.449517809
-0.760032 381.550846925
-0.755029333333 383.945982475
-0.750026666667 385.737418595
-0.745024 386.662446125
-0.740021333333 386.695526125
-0.735018666667 386.683215644
-0.730016 386.656588429
-0.725013333333 386.841013762
-0.720010666667 386.057513372
-0.715008 385.786749941
-0.710005333333 384.334240987
-0.705002666667 383.720432192
-0.7 382.956363584
-0.694997333333 383.078079978
-0.689994666667 382.704629485
-0.684992 382.699313424
-0.679989333333 381.951370482
-0.674986666667 382.320293324
-0.669984 382.248920717
-0.664981333333 381.910446483
-0.659978666667 381.67049447
-0.654976 381.413469594
-0.649973333333 381.159504609
-0.644970666667 381.210877544
-0.639968 380.978487999
-0.634965333333 381.188210074
-0.629962666667 381.080586993
-0.62496 381.277972277
-0.619957333333 381.068437385
-0.614954666667 381.075534038
-0.609952 381.03979414
-0.604949333333 381.171277144
-0.599946666667 381.02199455
-0.594944 381.006602428
-0.589941333333 380.928478572
-0.584938666667 380.976606692
-0.579936 380.900670892
-0.574933333333 380.912571715
-0.569930666667 380.736755435
-0.564928 380.897069338
-0.559925333333 380.741651106
-0.554922666667 380.91332094
-0.54992 380.85558943
-0.544917333333 380.931449771
-0.539914666667 380.797871108
-0.534912 380.934408848
-0.529909333333 380.796222073
-0.524906666667 380.761316845
-0.519904 380.520735686
-0.514901333333 380.614927475
-0.509898666667 380.519180781
-0.504896 380.646162263
-0.499893333333 380.465809405
-0.494890666667 380.532388826
-0.489888 380.286739347
-0.484885333333 380.344968159
-0.479882666667 380.290999616
-0.47488 380.340915538
-0.469877333333 380.348656455
-0.464874666667 380.351512939
-0.459872 380.319167325
-0.454869333333 380.40746656
-0.449866666667 380.365760695
-0.444864 380.388884731
-0.439861333333 380.357273549
-0.434858666667 380.362942645
-0.429856 380.247384549
-0.424853333333 380.265018316
-0.419850666667 380.159517188
-0.414848 380.266935031
-0.409845333333 380.229619786
-0.404842666667 380.274902638
-0.39984 380.205266965
-0.394837333333 380.338513033
-0.389834666667 380.220145754
-0.384832 380.296407451
-0.379829333333 380.15940548
-0.374826666667 380.392486691
-0.369824 380.251558732
-0.364821333333 380.307763886
-0.359818666667 380.210993986
-0.354816 380.40208923
-0.349813333333 380.342029772
-0.344810666667 380.374224048
-0.339808 380.289732979
-0.334805333333 380.435491032
-0.329802666667 380.280603407
-0.3248 380.418306557
-0.319797333333 380.246643344
-0.314794666667 380.319967016
-0.309792 380.208999757
-0.304789333333 380.348759716
-0.299786666667 380.222472919
-0.294784 380.410083191
-0.289781333333 380.324259592
-0.284778666667 380.397164896
-0.279776 380.284067195
-0.274773333333 380.446937357
-0.269770666667 380.277076758
-0.264768 380.34099931
-0.259765333333 380.276772753
-0.254762666667 380.399666717
-0.24976 380.356531473
-0.244757333333 380.432064252
-0.239754666667 380.327648297
-0.234752 380.452590409
-0.229749333333 380.311774538
-0.224746666667 380.323401955
-0.219744 380.247296909
-0.214741333333 380.335664423
-0.209738666667 380.282406372
-0.204736 380.297833991
-0.199733333333 380.188353219
-0.194730666667 380.351133814
-0.189728 380.280182617
-0.184725333333 380.314364448
-0.179722666667 380.222941879
-0.17472 380.262851439
-0.169717333333 380.22520143
-0.164714666667 380.316628739
-0.159712 380.135183351
-0.154709333333 380.215363867
-0.149706666667 380.151168027
-0.144704 380.239821089
-0.139701333333 380.132506806
-0.134698666667 380.194970819
-0.129696 380.130889447
-0.124693333333 380.215898797
-0.119690666667 380.11248683
-0.114688 380.155175747
-0.109685333333 380.119121336
-0.104682666667 380.166578343
-0.09968 380.121464526
-0.0946773333333 380.209694436
-0.0896746666667 380.146182661
-0.084672 380.228658499
-0.0796693333333 380.223841314
-0.0746666666667 380.203058384
-0.069664 380.117945338
-0.0646613333333 380.207433153
-0.0596586666667 380.202470977
-0.054656 380.291515512
-0.0496533333333 380.193964846
-0.0446506666667 380.373854892
-0.039648 380.285251588
-0.0346453333333 380.37210093
-0.0296426666667 380.171636036
-0.02464 380.12982293
-0.0196373333333 379.982709012
-0.0146346666667 380.032461738
-0.009632 379.901492781
-0.00462933333333 379.974196108
