-9.99995733333 344.324642099
-9.99495466667 344.851115326
-9.989952 345.625752385
-9.98494933333 346.450361145
-9.97994666667 347.027136467
-9.974944 347.146202925
-9.96994133333 347.028147696
-9.96493866667 347.002803555
-9.959936 347.017221395
-9.95493333333 347.183244232
-9.94993066667 348.450414553
-9.944928 349.926691377
-9.93992533333 349.507677948
-9.93492266667 350.722604233
-9.92992 352.318958101
-9.92491733333 352.132185074
-9.91991466667 352.017617022
-9.914912 351.942107552
-9.90990933333 352.348156324
-9.90490666667 352.417952917
-9.899904 352.143280475
-9.89490133333 351.637998387
-9.88989866667 351.270905601
-9.884896 351.290954584
-9.87989333333 351.523099713
-9.87489066667 351.726947894
-9.869888 351.550071812
-9.86488533333 351.303856404
-9.85988266667 351.106670629
-9.85488 351.009339958
-9.84987733333 350.902908497
-9.84487466667 350.928234997
-9.839872 350.982860956
-9.83486933333 350.922805646
-9.82986666667 350.807011954
-9.824864 350.665113399
-9.81986133333 350.493374565
-9.81485866667 349.97962618
-9.809856 349.200487128
-9.80485333333 348.304314099
-9.79985066667 346.917396572
-9.794848 345.517365211
-9.78984533333 344.334847149
-9.78484266667 343.728406462
-9.77984 343.288386054
-9.77483733333 342.927382947
-9.76983466667 342.511151558
-9.764832 342.176149735
-9.75982933333 341.86266555
-9.75482666667 341.580580509
-9.749824 341.256595615
-9.74482133333 340.763207397
-9.73981866667 340.214785351
-9.734816 339.7075081
-9.72981333333 339.476109126
-9.72481066667 339.534463839
-9.719808 339.584069896
-9.71480533333 339.273029219
-9.70980266667 338.775295156
-9.7048 338.502389663
-9.69979733333 338.391354606
-9.69479466667 338.388613339
-9.689792 338.332889554
-9.68478933333 338.352630224
-9.67978666667 338.375083929
-9.674784 338.324142399
-9.66978133333 338.291666991
-9.66477866667 338.317018374
-9.659776 338.297824238
-9.65477333333 338.318560106
-9.64977066667 338.233688602
-9.644768 338.100955955
-9.63976533333 337.936611739
-9.63476266667 337.852558707
-9.62976 337.545010525
-9.62475733333 337.467377949
-9.61975466667 337.471776152
-9.614752 337.436982352
-9.60974933333 337.504037605
-9.60474666667 337.508056632
-9.599744 337.751660059
-9.59474133333 337.632384732
-9.58973866667 337.744555113
-9.584736 339.892039384
-9.57973333333 340.339946505
-9.57473066667 342.21141918
-9.569728 342.975571786
-9.56472533333 342.098117549
-9.55972266667 338.725179566
-9.55472 337.658405515
-9.54971733333 337.594073023
-9.54471466667 337.30016989
-9.539712 338.280261614
-9.53470933333 338.576810389
-9.52970666667 338.74211141
-9.524704 338.37850194
-9.51970133333 339.215542901
-9.51469866667 339.564531827
-9.509696 340.783363078
-9.50469333333 342.562094778
-9.49969066667 341.804723342
-9.494688 340.070905437
-9.48968533333 339.97647438
-9.48468266667 340.350616559
-9.47968 340.615586625
-9.47467733333 340.788364393
-9.46967466667 341.370667241
-9.464672 342.154921878
-9.45966933333 342.34696902
-9.45466666667 343.33286295
-9.449664 348.307077673
-9.44466133333 365.519047641
-9.43965866667 426.670445291
-9.434656 522.526400635
-9.42965333333 531.567128409
-9.42465066667 531.0603854
-9.419648 531.535667246
-9.41464533333 534.522876078
-9.40964266667 534.636067648
-9.40464 535.131510754
-9.39963733333 535.388973797
-9.39463466667 533.978687762
-9.389632 532.165591241
-9.38462933333 528.483816714
-9.37962666667 525.5251206
-9.374624 528.210176268
-9.36962133333 533.154399308
-9.36461866667 535.1985764
-9.359616 535.135158348
-9.35461333333 534.113611327
-9.34961066667 532.14919331
-9.344608 529.849441784
-9.33960533333 530.465150398
-9.33460266667 530.363897671
-9.3296 531.156466892
-9.32459733333 536.502822128
-9.31959466667 540.399089484
-9.314592 538.037411751
-9.30958933333 536.539335916
-9.30458666667 540.109899875
-9.299584 542.35008679
-9.29458133333 544.400149164
-9.28957866667 547.917727293
-9.284576 546.610309808
-9.27957333333 543.661947816
-9.27457066667 541.465461353
-9.269568 547.447741706
-9.26456533333 546.070973561
-9.25956266667 544.059584318
-9.25456 541.652923511
-9.24955733333 539.597011782
-9.24455466667 542.799425941
-9.239552 545.155805581
-9.23454933333 544.737696303
-9.22954666667 555.157429132
-9.224544 395.644242981
-9.21954133333 366.373237416
-9.21453866667 360.76312042
-9.209536 348.68397704
-9.20453333333 344.926347506
-9.19953066667 350.454911724
-9.194528 341.751657539
-9.18952533333 336.744294449
-9.18452266667 333.999236162
-9.17952 332.379712088
-9.17451733333 332.023355045
-9.16951466667 331.384148883
-9.164512 330.752289459
-9.15950933333 330.023782224
-9.15450666667 329.472238448
-9.149504 329.307634156
-9.14450133333 329.229882683
-9.13949866667 328.843833124
-9.134496 331.449362224
-9.12949333333 333.071361293
-9.12449066667 334.536187106
-9.119488 329.166580123
-9.11448533333 328.542395982
-9.10948266667 328.595540166
-9.10448 329.989644257
-9.09947733333 333.769008925
-9.09447466667 335.80413845
-9.089472 331.477927601
-9.08446933333 328.39477992
-9.07946666667 327.217985516
-9.074464 325.976210504
-9.06946133333 326.082094123
-9.06445866667 326.09454124
-9.059456 326.555424377
-9.05445333333 325.614896952
-9.04945066667 325.918150251
-9.044448 325.920977924
-9.03944533333 326.714680739
-9.03444266667 327.661281266
-9.02944 329.832995676
-9.02443733333 392.413895764
-9.01943466667 450.384302715
-9.014432 492.14278644
-9.00942933333 547.863667803
-9.00442666667 561.480884344
-8.999424 526.576927808
-8.99442133333 496.817978346
-8.98941866667 498.150677819
-8.984416 410.534282514
-8.97941333333 395.76830481
-8.97441066667 392.319100781
-8.969408 393.182322305
-8.96440533333 393.49396675
-8.95940266667 394.75268229
-8.9544 395.030524369
-8.94939733333 391.395829434
-8.94439466667 386.707977013
-8.939392 382.003863324
-8.93438933333 383.240130336
-8.92938666667 384.338482235
-8.924384 384.055924811
-8.91938133333 384.007017405
-8.91437866667 383.911905788
-8.909376 383.906760335
-8.90437333333 383.831139552
-8.89937066667 383.698262292
-8.894368 383.607568111
-8.88936533333 383.600293831
-8.88436266667 383.727274373
-8.87936 383.871317008
-8.87435733333 383.463443804
-8.86935466667 383.052105112
-8.864352 382.828231469
-8.85934933333 382.388091724
-8.85434666667 380.758644658
-8.849344 379.517513881
-8.84434133333 378.131843856
-8.83933866667 377.549161771
-8.834336 376.976810073
-8.82933333333 376.059796228
-8.82433066667 375.317457256
-8.819328 374.578148209
-8.81432533333 374.060460849
-8.80932266667 374.297231018
-8.80432 374.56875496
-8.79931733333 374.597470939
-8.79431466667 373.801152237
-8.789312 373.536665379
-8.78430933333 373.293129503
-8.77930666667 373.186802299
-8.774304 373.775378307
-8.76930133333 374.593174459
-8.76429866667 375.35029151
-8.759296 375.676095796
-8.75429333333 376.029762475
-8.74929066667 377.812859841
-8.744288 386.980747635
-8.73928533333 384.95534208
-8.73428266667 379.300204941
-8.72928 378.789522281
-8.72427733333 379.716908286
-8.71927466667 381.762835114
-8.714272 383.160512855
-8.70926933333 383.668080966
-8.70426666667 383.906672121
-8.699264 383.840800877
-8.69426133333 384.002995287
-8.68925866667 383.981003183
-8.684256 383.788796055
-8.67925333333 383.065911877
-8.67425066667 382.571238915
-8.669248 382.749539754
-8.66424533333 382.562216851
-8.65924266667 382.886896979
-8.65424 382.843791228
-8.64923733333 385.372183459
-8.64423466667 393.385800475
-8.639232 395.012521879
-8.63422933333 393.676864522
-8.62922666667 394.154995408
-8.624224 393.593308614
-8.61922133333 389.924237326
-8.61421866667 390.754827901
-8.609216 391.329704553
-8.60421333333 393.688396855
-8.59921066667 408.550942474
-8.594208 416.298315374
-8.58920533333 471.905934392
-8.58420266667 509.204121495
-8.5792 504.727755643
-8.57419733333 497.895289792
-8.56919466667 499.15610158
-8.564192 517.502281546
-8.55918933333 529.264991955
-8.55418666667 522.178146908
-8.549184 529.976466052
-8.54418133333 539.032904889
-8.53917866667 538.211128161
-8.534176 547.40013582
-8.52917333333 561.413635896
-8.52417066667 560.924966315
-8.519168 553.625776673
-8.51416533333 557.169062886
-8.50916266667 559.046283281
-8.50416 564.548985449
-8.49915733333 569.063535977
-8.49415466667 594.899234216
-8.489152 586.762290453
-8.48414933333 577.674687164
-8.47914666667 595.702777099
-8.474144 577.583287753
-8.46914133333 583.13917314
-8.46413866667 608.116440013
-8.459136 619.346385625
-8.45413333333 621.696990989
-8.44913066667 620.825080784
-8.444128 613.538885902
-8.43912533333 607.16986339
-8.43412266667 595.514865385
-8.42912 590.863584793
-8.42411733333 590.31590054
-8.41911466667 592.716856024
-8.414112 593.641089948
-8.40910933333 592.481075998
-8.40410666667 590.260195526
-8.399104 585.495904421
-8.39410133333 578.025846473
-8.38909866667 572.291599675
-8.384096 570.941065725
-8.37909333333 572.039926521
-8.37409066667 570.251179195
-8.369088 569.19273513
-8.36408533333 566.760246121
-8.35908266667 563.879717822
-8.35408 556.474617048
-8.34907733333 555.778756068
-8.34407466667 555.427916806
-8.339072 555.424702557
-8.33406933333 555.961178677
-8.32906666667 557.345224583
-8.324064 558.313206261
-8.31906133333 559.553193432
-8.31405866667 559.461402411
-8.309056 560.583662486
-8.30405333333 561.687221103
-8.29905066667 561.004686881
-8.294048 562.309233216
-8.28904533333 561.005015675
-8.28404266667 560.072277946
-8.27904 560.234923492
-8.27403733333 560.259217368
-8.26903466667 560.289792782
-8.264032 560.985265573
-8.25902933333 559.530362075
-8.25402666667 559.250304175
-8.249024 558.01665026
-8.24402133333 559.304057795
-8.23901866667 558.173181726
-8.234016 566.669514242
-8.22901333333 573.124732262
-8.22401066667 576.6948253
-8.219008 584.843486356
-8.21400533333 588.480688478
-8.20900266667 591.40768613
-8.204 591.885314214
-8.19899733333 591.541171168
-8.19399466667 591.947326679
-8.188992 591.703681356
-8.18398933333 591.327714946
-8.17898666667 589.921875636
-8.173984 592.521014344
-8.16898133333 599.478864653
-8.16397866667 598.123041417
-8.158976 601.525452989
-8.15397333333 603.05577853
-8.14897066667 601.324991766
-8.143968 602.516505183
-8.13896533333 606.651402237
-8.13396266667 606.899019809
-8.12896 600.61727136
-8.12395733333 596.935685077
-8.11895466667 594.563494659
-8.113952 594.971637427
-8.10894933333 595.430223999
-8.10394666667 597.504504749
-8.098944 598.388031615
-8.09394133333 595.27601916
-8.08893866667 592.526590389
-8.083936 593.059745724
-8.07893333333 596.43496114
-8.07393066667 597.558040121
-8.068928 598.473624044
-8.06392533333 596.41501766
-8.05892266667 591.471230425
-8.05392 596.945074944
-8.04891733333 600.334878094
-8.04391466667 604.362761042
-8.038912 602.978461415
-8.03390933333 604.251377364
-8.02890666667 600.471021967
-8.023904 597.406888296
-8.01890133333 599.828193361
-8.01389866667 600.038157202
-8.008896 597.444974346
-8.00389333333 599.075914765
-7.99889066667 597.349152219
-7.993888 598.152852839
-7.98888533333 601.003088754
-7.98388266667 601.930378351
-7.97888 600.663634345
-7.97387733333 598.837559644
-7.96887466667 599.704822694
-7.963872 599.875392012
-7.95886933333 597.598234455
-7.95386666667 600.849211813
-7.948864 602.581533844
-7.94386133333 603.06559419
-7.93885866667 603.488686245
-7.933856 604.687405457
-7.92885333333 602.732000245
-7.92385066667 603.827476534
-7.918848 604.409322533
-7.91384533333 604.7276789
-7.90884266667 604.310046044
-7.90384 601.311862775
-7.89883733333 597.259575938
-7.89383466667 597.741722432
-7.888832 591.59078395
-7.88382933333 587.206659937
-7.87882666667 585.639719371
-7.873824 586.389924124
-7.86882133333 587.537845244
-7.86381866667 588.375468884
-7.858816 586.973081517
-7.85381333333 587.965457658
-7.84881066667 587.979016315
-7.843808 590.27055694
-7.83880533333 591.325526446
-7.83380266667 592.360792283
-7.8288 591.800560122
-7.82379733333 595.034666724
-7.81879466667 597.78635279
-7.813792 598.845912976
-7.80878933333 598.100890811
-7.80378666667 600.304528185
-7.798784 603.294847121
-7.79378133333 604.219426908
-7.78877866667 604.013896351
-7.783776 603.426896955
-7.77877333333 604.090433631
-7.77377066667 605.313949851
-7.768768 605.513199913
-7.76376533333 605.378528606
-7.75876266667 605.007995746
-7.75376 604.314663391
-7.74875733333 603.747286023
-7.74375466667 605.625176612
-7.738752 606.38341893
-7.73374933333 605.924091901
-7.72874666667 605.896482131
-7.723744 606.268304133
-7.71874133333 607.152986496
-7.71373866667 606.047178984
-7.708736 606.390683529
-7.70373333333 606.127030928
-7.69873066667 605.615326745
-7.693728 604.090803618
-7.68872533333 602.680642962
-7.68372266667 599.667883926
-7.67872 597.492094496
-7.67371733333 597.819484986
-7.66871466667 598.705572678
-7.663712 599.999912469
-7.65870933333 603.286969012
-7.65370666667 607.003614823
-7.648704 606.735193437
-7.64370133333 601.499117071
-7.63869866667 602.057177914
-7.633696 606.944463519
-7.62869333333 607.211846247
-7.62369066667 604.499269962
-7.618688 599.188228395
-7.61368533333 596.402197403
-7.60868266667 596.984905724
-7.60368 595.111540375
-7.59867733333 594.755277637
-7.59367466667 594.543289666
-7.588672 591.449909887
-7.58366933333 595.110927814
-7.57866666667 596.754793792
-7.573664 599.655493023
-7.56866133333 600.216353102
-7.56365866667 604.466197077
-7.558656 605.074003522
-7.55365333333 605.457148836
-7.54865066667 605.681327113
-7.543648 606.950666691
-7.53864533333 607.67957571
-7.53364266667 610.255022452
-7.52864 610.904010126
-7.52363733333 607.995336424
-7.51863466667 601.429897105
-7.513632 598.648990208
-7.50862933333 595.599710761
-7.50362666667 593.843299115
-7.498624 594.923563147
-7.49362133333 599.53774133
-7.48861866667 603.273985708
-7.483616 604.360403787
-7.47861333333 607.133580948
-7.47361066667 607.744279079
-7.468608 608.088995892
-7.46360533333 608.843724588
-7.45860266667 609.831223349
-7.4536 610.573710439
-7.44859733333 609.368588487
-7.44359466667 608.080037058
-7.438592 608.546409929
-7.43358933333 608.079490356
-7.42858666667 607.593345992
-7.423584 608.626743508
-7.41858133333 609.201114554
-7.41357866667 610.026840452
-7.408576 611.480778622
-7.40357333333 612.102800067
-7.39857066667 613.621258912
-7.393568 615.759371946
-7.38856533333 616.296412031
-7.38356266667 618.158341309
-7.37856 620.173953396
-7.37355733333 620.249935412
-7.36855466667 620.161260891
-7.363552 620.794744433
-7.35854933333 621.463525849
-7.35354666667 622.378185679
-7.348544 622.620692488
-7.34354133333 622.722611705
-7.33853866667 622.186860501
-7.333536 622.049356625
-7.32853333333 620.952962645
-7.32353066667 617.037836371
-7.318528 617.73615493
-7.31352533333 616.189612516
-7.30852266667 614.966422093
-7.30352 612.977865372
-7.29851733333 610.963109595
-7.29351466667 611.402573855
-7.288512 609.794617597
-7.28350933333 609.806752616
-7.27850666667 611.080303179
-7.273504 611.846763041
-7.26850133333 612.737274409
-7.26349866667 613.066009513
-7.258496 613.731930052
-7.25349333333 615.342793554
-7.24849066667 615.218933429
-7.243488 614.727294448
-7.23848533333 615.128372997
-7.23348266667 615.523418345
-7.22848 615.354829883
-7.22347733333 615.080883252
-7.21847466667 614.999779139
-7.213472 619.265364506
-7.20846933333 615.871634314
-7.20346666667 617.450949773
-7.198464 616.314847171
-7.19346133333 617.385187025
-7.18845866667 617.070541985
-7.183456 616.174771152
-7.17845333333 616.097456286
-7.17345066667 616.306187986
-7.168448 616.139134201
-7.16344533333 616.745162061
-7.15844266667 616.99226884
-7.15344 616.885956973
-7.14843733333 616.916840414
-7.14343466667 616.888172704
-7.138432 616.953752884
-7.13342933333 617.315462384
-7.12842666667 617.556464289
-7.123424 618.039200541
-7.11842133333 618.162819041
-7.11341866667 617.259846093
-7.108416 615.698186504
-7.10341333333 614.335016998
-7.09841066667 618.264451869
-7.093408 618.175972664
-7.08840533333 618.622103261
-7.08340266667 618.376404152
-7.0784 617.139290375
-7.07339733333 616.202687476
-7.06839466667 617.180860539
-7.063392 617.31020422
-7.05838933333 617.465678701
-7.05338666667 617.712521794
-7.048384 618.441367874
-7.04338133333 619.147009411
-7.03837866667 619.289297252
-7.033376 617.037363337
-7.02837333333 612.445285236
-7.02337066667 607.273522768
-7.018368 603.683365227
-7.01336533333 601.887441243
-7.00836266667 597.199524912
-7.00336 604.048467565
-6.99835733333 607.877039745
-6.99335466667 610.282216956
-6.988352 611.327182319
-6.98334933333 613.990080086
-6.97834666667 615.048342255
-6.973344 615.762417481
-6.96834133333 615.256596538
-6.96333866667 615.31461045
-6.958336 614.26555922
-6.95333333333 613.477692525
-6.94833066667 607.303229765
-6.943328 601.705162269
-6.93832533333 595.988431583
-6.93332266667 583.276838612
-6.92832 577.969673191
-6.92331733333 577.130011617
-6.91831466667 574.826703842
-6.913312 572.449326605
-6.90830933333 571.106711296
-6.90330666667 568.581319358
-6.898304 567.390496478
-6.89330133333 566.875044255
-6.88829866667 566.0265398
-6.883296 565.043999713
-6.87829333333 565.864718474
-6.87329066667 566.116086605
-6.868288 566.960374232
-6.86328533333 567.641407316
-6.85828266667 569.272988106
-6.85328 570.891799109
-6.84827733333 570.763191239
-6.84327466667 572.311021439
-6.838272 572.134101805
-6.83326933333 580.036163066
-6.82826666667 583.642594989
-6.823264 585.818334708
-6.81826133333 587.437669829
-6.81325866667 590.005000439
-6.808256 589.059120261
-6.80325333333 588.469795093
-6.79825066667 588.841284083
-6.793248 588.436453258
-6.78824533333 589.379634223
-6.78324266667 590.178151797
-6.77824 592.559946817
-6.77323733333 592.526157969
-6.76823466667 593.496787455
-6.763232 595.665539322
-6.75822933333 600.286836793
-6.75322666667 600.177602464
-6.748224 602.053838046
-6.74322133333 602.236616629
-6.73821866667 603.528744463
-6.733216 605.107160202
-6.72821333333 604.250938461
-6.72321066667 603.799428675
-6.718208 602.140931915
-6.71320533333 601.791194984
-6.70820266667 603.435733043
-6.7032 602.85176038
-6.69819733333 600.099473216
-6.69319466667 597.285696257
-6.688192 596.732474099
-6.68318933333 595.423234286
-6.67818666667 592.178289427
-6.673184 591.799223625
-6.66818133333 591.523191833
-6.66317866667 592.153990562
-6.658176 593.251262884
-6.65317333333 595.121223855
-6.64817066667 595.077646674
-6.643168 595.985840283
-6.63816533333 595.999353368
-6.63316266667 594.919276459
-6.62816 594.392953375
-6.62315733333 592.380478607
-6.61815466667 592.393648681
-6.613152 592.155124754
-6.60814933333 595.465458024
-6.60314666667 601.438600384
-6.598144 606.569173583
-6.59314133333 606.557091793
-6.58813866667 603.21450563
-6.583136 601.993254425
-6.57813333333 602.053512692
-6.57313066667 603.708527942
-6.568128 604.093578297
-6.56312533333 604.670335742
-6.55812266667 604.89780355
-6.55312 604.356773542
-6.54811733333 604.482777889
-6.54311466667 604.125737938
-6.538112 603.194936211
-6.53310933333 603.341353861
-6.52810666667 604.10463145
-6.523104 605.110068692
-6.51810133333 604.896782098
-6.51309866667 604.482299384
-6.508096 600.336152357
-6.50309333333 595.072332901
-6.49809066667 587.170625174
-6.493088 581.178850207
-6.48808533333 581.058848805
-6.48308266667 577.437328693
-6.47808 576.842290048
-6.47307733333 574.393501809
-6.46807466667 573.594451462
-6.463072 573.36706918
-6.45806933333 574.40161722
-6.45306666667 575.745867633
-6.448064 577.364906575
-6.44306133333 581.24362547
-6.43805866667 586.368129919
-6.433056 590.965574431
-6.42805333333 593.66888814
-6.42305066667 594.534455028
-6.418048 596.001644783
-6.41304533333 595.738302136
-6.40804266667 596.530240455
-6.40304 597.722014467
-6.39803733333 596.781358538
-6.39303466667 600.471972186
-6.388032 603.452245193
-6.38302933333 603.591992533
-6.37802666667 608.355550045
-6.373024 607.714700949
-6.36802133333 607.501026415
-6.36301866667 608.059395625
-6.358016 607.54287816
-6.35301333333 610.000798262
-6.34801066667 610.497850776
-6.343008 615.063046882
-6.33800533333 616.98730291
-6.33300266667 617.514547289
-6.328 618.918801376
-6.32299733333 619.09969257
-6.31799466667 619.198419136
-6.312992 618.27736018
-6.30798933333 616.715517897
-6.30298666667 616.747895235
-6.297984 614.79788921
-6.29298133333 613.549102355
-6.28797866667 613.964535213
-6.282976 615.051147556
-6.27797333333 616.026983753
-6.27297066667 613.308730648
-6.267968 613.674115917
-6.26296533333 616.260139702
-6.25796266667 616.229610783
-6.25296 613.832181503
-6.24795733333 611.03696542
-6.24295466667 611.171505359
-6.237952 610.35743966
-6.23294933333 609.906698116
-6.22794666667 608.881893837
-6.222944 607.888638805
-6.21794133333 607.622358162
-6.21293866667 609.640959884
-6.207936 612.336056394
-6.20293333333 612.447547862
-6.19793066667 610.597960551
-6.192928 613.245364099
-6.18792533333 613.882053974
-6.18292266667 611.110624792
-6.17792 610.71846879
-6.17291733333 612.47199144
-6.16791466667 613.016605433
-6.162912 611.684443043
-6.15790933333 610.712519044
-6.15290666667 612.866922276
-6.147904 614.90498208
-6.14290133333 615.351087317
-6.13789866667 616.193586923
-6.132896 617.31517261
-6.12789333333 617.875498335
-6.12289066667 617.438290434
-6.117888 617.495418603
-6.11288533333 617.155755569
-6.10788266667 616.85510138
-6.10288 616.87203695
-6.09787733333 616.044822347
-6.09287466667 616.477473399
-6.087872 616.015029376
-6.08286933333 615.923542134
-6.07786666667 616.027174361
-6.072864 615.954689324
-6.06786133333 615.608673015
-6.06285866667 615.504472107
-6.057856 614.561897269
-6.05285333333 614.0461064
-6.04785066667 613.734176216
-6.042848 612.766599468
-6.03784533333 612.174724436
-6.03284266667 609.870989524
-6.02784 608.226776185
-6.02283733333 606.502032551
-6.01783466667 606.099254046
-6.012832 606.688175428
-6.00782933333 606.937439239
-6.00282666667 606.855453207
-5.997824 606.719853868
-5.99282133333 606.258773149
-5.98781866667 606.147115798
-5.982816 606.172625033
-5.97781333333 603.432827425
-5.97281066667 600.431894756
-5.967808 596.438662137
-5.96280533333 595.434826169
-5.95780266667 595.47462606
-5.9528 594.647013358
-5.94779733333 593.907329412
-5.94279466667 594.425466223
-5.937792 591.998720926
-5.93278933333 591.33458945
-5.92778666667 592.76304548
-5.922784 596.892660727
-5.91778133333 602.447778208
-5.91277866667 611.875048817
-5.907776 613.463227659
-5.90277333333 615.058072514
-5.89777066667 612.892107473
-5.892768 609.232945514
-5.88776533333 611.176164346
-5.88276266667 609.50624434
-5.87776 614.55010321
-5.87275733333 613.436512955
-5.86775466667 613.571465645
-5.862752 613.384662372
-5.85774933333 612.082373564
-5.85274666667 611.019089887
-5.847744 601.776878446
-5.84274133333 588.531629222
-5.83773866667 577.324778592
-5.832736 567.317934551
-5.82773333333 567.071097312
-5.82273066667 579.937520149
-5.817728 586.399762824
-5.81272533333 586.187750515
-5.80772266667 580.778555723
-5.80272 583.827370936
-5.79771733333 588.334163632
-5.79271466667 585.533451298
-5.787712 578.481682986
-5.78270933333 575.696330143
-5.77770666667 576.259036228
-5.772704 577.682659438
-5.76770133333 366.462518223
-5.76269866667 335.415755874
-5.757696 331.71696329
-5.75269333333 330.376201891
-5.74769066667 330.212409513
-5.742688 329.91665509
-5.73768533333 329.854374364
-5.73268266667 329.865929755
-5.72768 329.870234949
-5.72267733333 329.773570315
-5.71767466667 329.818750733
-5.712672 329.879118267
-5.70766933333 329.461835465
-5.70266666667 329.312194901
-5.697664 329.110962958
-5.69266133333 329.263652432
-5.68765866667 329.075093918
-5.682656 328.983728488
-5.67765333333 329.325113368
-5.67265066667 329.469651906
-5.667648 328.920623925
-5.66264533333 329.84124735
-5.65764266667 330.330426315
-5.65264 330.724126599
-5.64763733333 330.79827894
-5.64263466667 333.509227827
-5.637632 381.384658607
-5.63262933333 512.02989343
-5.62762666667 564.154225724
-5.622624 564.554961785
-5.61762133333 565.522428828
-5.61261866667 564.302827125
-5.607616 562.82660908
-5.60261333333 564.766357818
-5.59761066667 565.818761923
-5.592608 566.572313656
-5.58760533333 566.87028901
-5.58260266667 568.220745815
-5.5776 568.471582042
-5.57259733333 567.181436966
-5.56759466667 568.011662789
-5.562592 564.555542271
-5.55758933333 559.033777711
-5.55258666667 553.650162019
-5.547584 552.654743131
-5.54258133333 556.014646697
-5.53757866667 559.793315143
-5.532576 562.860210813
-5.52757333333 565.165842884
-5.52257066667 564.402096663
-5.517568 565.117199255
-5.51256533333 569.587922111
-5.50756266667 573.679340203
-5.50256 576.52905417
-5.49755733333 570.641721033
-5.49255466667 567.719726635
-5.487552 574.941404192
-5.48254933333 575.456493337
-5.47754666667 575.451797732
-5.472544 569.640090936
-5.46754133333 500.397807305
-5.46253866667 365.32029771
-5.457536 427.137643206
-5.45253333333 419.360824735
-5.44753066667 345.522390163
-5.442528 339.773618726
-5.43752533333 343.99796793
-5.43252266667 340.683489409
-5.42752 335.380092292
-5.42251733333 334.38736196
-5.41751466667 330.899857103
-5.412512 329.63954274
-5.40750933333 329.376082169
-5.40250666667 329.737292999
-5.397504 329.38922534
-5.39250133333 328.632520661
-5.38749866667 328.543468594
-5.382496 327.576582892
-5.37749333333 326.781040544
-5.37249066667 326.031456425
-5.367488 325.565970237
-5.36248533333 325.433175541
-5.35748266667 325.032607306
-5.35248 324.898277903
-5.34747733333 324.855426229
-5.34247466667 325.047921642
-5.337472 325.68716237
-5.33246933333 327.784887437
-5.32746666667 331.77292094
-5.322464 335.745436106
-5.31746133333 334.498470674
-5.31245866667 335.361061924
-5.307456 339.211623643
-5.30245333333 355.582051382
-5.29745066667 601.551155875
-5.292448 611.943285152
-5.28744533333 613.198594256
-5.28244266667 613.853875848
-5.27744 614.114433268
-5.27243733333 614.394483596
-5.26743466667 613.168598482
-5.262432 610.768508931
-5.25742933333 615.798941735
-5.25242666667 616.297084541
-5.247424 614.889437542
-5.24242133333 616.623636964
-5.23741866667 617.16691863
-5.232416 617.250137691
-5.22741333333 617.336793355
-5.22241066667 617.907406234
-5.217408 618.473354409
-5.21240533333 618.577427447
-5.20740266667 619.738389546
-5.2024 619.984641877
-5.19739733333 620.473961525
-5.19239466667 619.955356876
-5.187392 619.585763639
-5.18238933333 619.250752137
-5.17738666667 618.47173358
-5.172384 616.836138967
-5.16738133333 612.263504836
-5.16237866667 615.671565164
-5.157376 617.546288627
-5.15237333333 617.551717942
-5.14737066667 617.196221023
-5.142368 616.785997946
-5.13736533333 616.490725205
-5.13236266667 617.144963798
-5.12736 616.889862121
-5.12235733333 617.007956645
-5.11735466667 616.87003218
-5.112352 616.988858212
-5.10734933333 617.164976186
-5.10234666667 617.514598021
-5.097344 617.557361287
-5.09234133333 617.666299597
-5.08733866667 617.483158377
-5.082336 617.421535971
-5.07733333333 617.375486451
-5.07233066667 617.706648721
-5.067328 617.665155212
-5.06232533333 617.905928737
-5.05732266667 618.106447248
-5.05232 617.795902223
-5.04731733333 617.76626314
-5.04231466667 618.069575403
-5.037312 618.207050714
-5.03230933333 618.172830912
-5.02730666667 618.097089985
-5.022304 618.116181242
-5.01730133333 618.03477376
-5.01229866667 618.242534004
-5.007296 618.302519966
-5.00229333333 618.512423776
-4.99729066667 618.398944762
-4.992288 618.561481426
-4.98728533333 618.883852841
-4.98228266667 619.484971459
-4.97728 619.595203134
-4.97227733333 619.840517766
-4.96727466667 619.71275146
-4.962272 619.839015967
-4.95726933333 619.914456298
-4.95226666667 620.46989057
-4.947264 620.059626604
-4.94226133333 620.151518428
-4.93725866667 620.098596156
-4.932256 620.278365144
-4.92725333333 620.274409587
-4.92225066667 620.446322171
-4.917248 620.660547331
-4.91224533333 620.799267415
-4.90724266667 620.815427235
-4.90224 621.030225866
-4.89723733333 621.19527196
-4.89223466667 621.088589593
-4.887232 621.075802833
-4.88222933333 621.130406801
-4.87722666667 621.231083614
-4.872224 621.035397012
-4.86722133333 620.83610973
-4.86221866667 621.293938357
-4.857216 621.307542124
-4.85221333333 621.413821263
-4.84721066667 621.2449168
-4.842208 621.300806131
-4.83720533333 621.642492239
-4.83220266667 621.569690709
-4.8272 621.468665682
-4.82219733333 621.569835938
-4.81719466667 621.534644919
-4.812192 621.274304011
-4.80718933333 621.040352508
-4.80218666667 621.207015702
-4.797184 621.244106533
-4.79218133333 621.483169545
-4.78717866667 621.444574544
-4.782176 621.598082236
-4.77717333333 621.569615651
-4.77217066667 621.598749934
-4.767168 621.338470697
-4.76216533333 621.343205357
-4.75716266667 621.364862019
-4.75216 621.462039473
-4.74715733333 621.541079957
-4.74215466667 621.57720904
-4.737152 621.521871943
-4.73214933333 621.658739999
-4.72714666667 621.62755809
-4.722144 621.803788108
-4.71714133333 621.650115064
-4.71213866667 621.654299555
-4.707136 621.463532198
-4.70213333333 621.762111748
-4.69713066667 621.855957531
-4.692128 621.913533022
-4.68712533333 621.85543492
-4.68212266667 622.039251745
-4.67712 621.904310144
-4.67211733333 622.033141514
-4.66711466667 621.902285345
-4.662112 621.990465101
-4.65710933333 621.941554033
-4.65210666667 622.067579557
-4.647104 621.88296541
-4.64210133333 622.104483742
-4.63709866667 622.062526549
-4.632096 622.104777562
-4.62709333333 622.126789617
-4.62209066667 622.247971115
-4.617088 622.06207965
-4.61208533333 622.323926185
-4.60708266667 621.99797481
-4.60208 622.106848907
-4.59707733333 622.260837458
-4.59207466667 622.348654716
-4.587072 622.340574906
-4.58206933333 622.422106838
-4.57706666667 622.287207686
-4.572064 622.454866959
-4.56706133333 622.349985789
-4.56205866667 622.485021967
-4.557056 622.606497922
-4.55205333333 622.757480438
-4.54705066667 622.560967446
-4.542048 622.700995623
-4.53704533333 622.585921557
-4.53204266667 622.821401812
-4.52704 622.746903827
-4.52203733333 622.804951305
-4.51703466667 622.734760393
-4.512032 622.733449653
-4.50702933333 622.758033429
-4.50202666667 622.803184682
-4.497024 622.699637168
-4.49202133333 623.035057438
-4.48701866667 622.67770862
-4.482016 622.779043969
-4.47701333333 622.550619027
-4.47201066667 622.486255164
-4.467008 622.434797283
-4.46200533333 622.51159089
-4.45700266667 622.498124457
-4.452 622.471803855
-4.44699733333 622.454554261
-4.44199466667 622.587225905
-4.436992 622.471226181
-4.43198933333 622.542766732
-4.42698666667 622.451909386
-4.421984 622.527180518
-4.41698133333 622.517695305
-4.41197866667 622.527519341
-4.406976 622.268370498
-4.40197333333 622.347453872
-4.39697066667 622.346271066
-4.391968 622.478970051
-4.38696533333 622.365482337
-4.38196266667 622.355223829
-4.37696 622.378678837
-4.37195733333 622.462648763
-4.36695466667 622.349347226
-4.361952 622.483299317
-4.35694933333 622.373417038
-4.35194666667 622.331347508
-4.346944 622.324304283
-4.34194133333 622.515968573
-4.33693866667 622.345084968
-4.331936 622.441942368
-4.32693333333 622.320897415
-4.32193066667 622.447896968
-4.316928 622.348011948
-4.31192533333 622.646930704
-4.30692266667 622.262145692
-4.30192 622.679372718
-4.29691733333 622.551074527
-4.29191466667 622.694444954
-4.286912 622.554607687
-4.28190933333 622.712108865
-4.27690666667 622.653494186
-4.271904 622.724402917
-4.26690133333 622.787800303
-4.26189866667 622.890558572
-4.256896 622.620537812
-4.25189333333 622.654757519
-4.24689066667 622.656501128
-4.241888 623.177550248
-4.23688533333 622.781600115
-4.23188266667 622.812287889
-4.22688 622.668121058
-4.22187733333 622.868838181
-4.21687466667 623.039421055
-4.211872 623.10726687
-4.20686933333 622.974400804
-4.20186666667 623.042445468
-4.196864 623.075579787
-4.19186133333 623.046814384
-4.18685866667 622.836807142
-4.181856 622.793009022
-4.17685333333 622.92853371
-4.17185066667 623.077314347
-4.166848 622.632644622
-4.16184533333 622.42786142
-4.15684266667 622.450459262
-4.15184 622.565626429
-4.14683733333 622.674272648
-4.14183466667 622.987235683
-4.136832 622.82087905
-4.13182933333 622.870617109
-4.12682666667 622.741290147
-4.121824 622.319197907
-4.11682133333 622.348603566
-4.11181866667 622.539130072
-4.106816 622.616715801
-4.10181333333 623.037817788
-4.09681066667 623.005089032
-4.091808 623.224567345
-4.08680533333 622.682464529
-4.08180266667 622.61913248
-4.0768 622.49446503
-4.07179733333 622.417025868
-4.06679466667 622.070215769
-4.061792 622.232395179
-4.05678933333 622.235709228
-4.05178666667 622.306192391
-4.046784 622.274522482
-4.04178133333 622.507711641
-4.03677866667 622.213424589
-4.031776 622.234715978
-4.02677333333 622.228300544
-4.02177066667 622.193731841
-4.016768 621.984191553
-4.01176533333 622.142428027
-4.00676266667 620.092256308
-4.00176 618.805507967
-3.99675733333 618.882123079
-3.99175466667 620.33196267
-3.986752 619.136710551
-3.98174933333 619.614227676
-3.97674666667 620.230731818
-3.971744 619.755981281
-3.96674133333 618.802320046
-3.96173866667 616.776447043
-3.956736 615.296095664
-3.95173333333 613.084598522
-3.94673066667 611.132777836
-3.941728 608.453270989
-3.93672533333 603.5340615
-3.93172266667 602.607717818
-3.92672 609.024275551
-3.92171733333 606.360217143
-3.91671466667 607.845853938
-3.911712 604.374002471
-3.90670933333 604.744091726
-3.90170666667 610.832936565
-3.896704 609.505567539
-3.89170133333 616.104411998
-3.88669866667 613.61750852
-3.881696 617.854573862
-3.87669333333 616.316890187
-3.87169066667 617.757795499
-3.866688 615.963640068
-3.86168533333 600.342079778
-3.85668266667 592.568455119
-3.85168 593.912831975
-3.84667733333 593.498883412
-3.84167466667 594.711116426
-3.836672 593.557426108
-3.83166933333 589.603136148
-3.82666666667 590.911722353
-3.821664 591.03614835
-3.81666133333 592.331192973
-3.81165866667 588.799233924
-3.806656 586.121840996
-3.80165333333 582.579920705
-3.79665066667 580.160142379
-3.791648 584.301920549
-3.78664533333 586.450520569
-3.78164266667 602.734119937
-3.77664 608.064329408
-3.77163733333 609.313215045
-3.76663466667 615.942148594
-3.761632 616.465814586
-3.75662933333 613.781918746
-3.75162666667 615.604630749
-3.746624 616.217228351
-3.74162133333 614.80940753
-3.73661866667 614.479400016
-3.731616 616.051261478
-3.72661333333 617.934650171
-3.72161066667 617.768269893
-3.716608 616.011832481
-3.71160533333 611.239176438
-3.70660266667 609.750805778
-3.7016 606.880232558
-3.69659733333 609.90209122
-3.69159466667 611.622780078
-3.686592 529.172765464
-3.68158933333 597.493900083
-3.67658666667 619.512548291
-3.671584 617.729527043
-3.66658133333 615.856655486
-3.66157866667 614.455268606
-3.656576 612.26475914
-3.65157333333 609.141723494
-3.64657066667 607.2390919
-3.641568 605.472025364
-3.63656533333 605.981038627
-3.63156266667 607.476306997
-3.62656 608.910784504
-3.62155733333 608.621554018
-3.61655466667 607.816123626
-3.611552 606.774208495
-3.60654933333 606.041569279
-3.60154666667 606.07303811
-3.596544 608.482074772
-3.59154133333 607.809221875
-3.58653866667 607.840890959
-3.581536 605.897259536
-3.57653333333 604.881351874
-3.57153066667 607.072159223
-3.566528 608.235220119
-3.56152533333 607.592507619
-3.55652266667 606.388523051
-3.55152 606.430144645
-3.54651733333 608.721488192
-3.54151466667 606.145988441
-3.536512 605.313624554
-3.53150933333 602.211088224
-3.52650666667 603.555024677
-3.521504 600.0850925
-3.51650133333 599.193475085
-3.51149866667 600.500170268
-3.506496 598.783545998
-3.50149333333 597.175630802
-3.49649066667 598.125860139
-3.491488 598.527322231
-3.48648533333 600.372468749
-3.48148266667 600.513711334
-3.47648 599.372634103
-3.47147733333 599.065235486
-3.46647466667 599.138832314
-3.461472 597.895969915
-3.45646933333 597.035538609
-3.45146666667 596.859132112
-3.446464 596.835254615
-3.44146133333 595.071284376
-3.43645866667 595.690869142
-3.431456 595.014321315
-3.42645333333 598.781331598
-3.42145066667 601.012074859
-3.416448 601.169155238
-3.41144533333 601.33408595
-3.40644266667 601.868318664
-3.40144 603.217689355
-3.39643733333 605.62096366
-3.39143466667 607.45264626
-3.386432 607.784046886
-3.38142933333 608.181251835
-3.37642666667 608.797676145
-3.371424 609.563371134
-3.36642133333 611.205068671
-3.36141866667 611.089498045
-3.356416 612.411302582
-3.35141333333 609.714651664
-3.34641066667 610.887138437
-3.341408 610.8593082
-3.33640533333 609.81744136
-3.33140266667 610.805852114
-3.3264 610.266324784
-3.32139733333 609.762581136
-3.31639466667 609.646982625
-3.311392 609.9181501
-3.30638933333 609.520151792
-3.30138666667 608.016924059
-3.296384 606.895294362
-3.29138133333 605.998388781
-3.28637866667 606.097686789
-3.281376 606.100592305
-3.27637333333 605.676135334
-3.27137066667 604.453216929
-3.266368 603.192303403
-3.26136533333 602.445148662
-3.25636266667 600.955701265
-3.25136 599.879274765
-3.24635733333 598.695670856
-3.24135466667 599.176249975
-3.236352 599.690368743
-3.23134933333 600.097235175
-3.22634666667 599.982418906
-3.221344 599.820642078
-3.21634133333 599.402569037
-3.21133866667 598.952851101
-3.206336 597.84280572
-3.20133333333 597.487126168
-3.19633066667 596.041827385
-3.191328 595.100988142
-3.18632533333 595.318947334
-3.18132266667 595.716321185
-3.17632 595.862918514
-3.17131733333 596.486881071
-3.16631466667 595.622605882
-3.161312 595.904712568
-3.15630933333 491.96059877
-3.15130666667 422.421768909
-3.146304 410.755662321
-3.14130133333 418.518953862
-3.13629866667 471.344597341
-3.131296 589.866921592
-3.12629333333 604.323010607
-3.12129066667 603.474168117
-3.116288 603.089581048
-3.11128533333 602.664493941
-3.10628266667 602.426861365
-3.10128 602.16049029
-3.09627733333 601.078581878
-3.09127466667 601.007649973
-3.086272 600.261696994
-3.08126933333 600.301939556
-3.07626666667 600.469037591
-3.071264 600.037809304
-3.06626133333 598.002944233
-3.06125866667 598.515139464
-3.056256 597.501138
-3.05125333333 596.833041308
-3.04625066667 594.124040429
-3.041248 594.085849753
-3.03624533333 592.899922951
-3.03124266667 592.371239332
-3.02624 592.051347922
-3.02123733333 592.241646618
-3.01623466667 592.714522681
-3.011232 590.957024353
-3.00622933333 587.943503746
-3.00122666667 587.295752844
-2.996224 587.125414008
-2.99122133333 585.866326185
-2.98621866667 588.640658592
-2.981216 596.394769685
-2.97621333333 596.87340329
-2.97121066667 596.350445536
-2.966208 597.774769035
-2.96120533333 600.939726221
-2.95620266667 599.738677102
-2.9512 598.356121576
-2.94619733333 597.129854788
-2.94119466667 597.18573013
-2.936192 595.997462117
-2.93118933333 596.437102081
-2.92618666667 595.665835788
-2.921184 594.986628203
-2.91618133333 595.651706709
-2.91117866667 598.040276495
-2.906176 599.924904227
-2.90117333333 604.837539777
-2.89617066667 606.027051119
-2.891168 608.704029653
-2.88616533333 611.128942633
-2.88116266667 610.264325244
-2.87616 612.157805607
-2.87115733333 610.696178757
-2.86615466667 610.076494985
-2.861152 613.717720431
-2.85614933333 612.906878481
-2.85114666667 612.624264768
-2.846144 612.78326304
-2.84114133333 607.302754326
-2.83613866667 607.791521091
-2.831136 602.432304904
-2.82613333333 607.003195438
-2.82113066667 608.558348689
-2.816128 604.372399452
-2.81112533333 603.196510479
-2.80612266667 604.242586756
-2.80112 596.276106398
-2.79611733333 590.004312824
-2.79111466667 590.044207909
-2.786112 590.527614197
-2.78110933333 579.478788795
-2.77610666667 575.918050792
-2.771104 576.169063549
-2.76610133333 575.304277259
-2.76109866667 576.898464519
-2.756096 565.885041431
-2.75109333333 391.329315717
-2.74609066667 362.687692644
-2.741088 356.918108763
-2.73608533333 368.087291087
-2.73108266667 403.754613287
-2.72608 335.475365959
-2.72107733333 330.842335584
-2.71607466667 329.296356254
-2.711072 328.995542477
-2.70606933333 328.803496858
-2.70106666667 328.807783208
-2.696064 328.615108638
-2.69106133333 328.65057823
-2.68605866667 328.667662725
-2.681056 328.82506951
-2.67605333333 328.865709858
-2.67105066667 329.084775761
-2.666048 329.540578897
-2.66104533333 330.185115357
-2.65604266667 331.343039058
-2.65104 332.915787621
-2.64603733333 334.07723987
-2.64103466667 334.890994512
-2.636032 335.263614622
-2.63102933333 335.407937923
-2.62602666667 335.302887764
-2.621024 335.335898656
-2.61602133333 335.63835331
-2.61101866667 336.152442652
-2.606016 337.133876718
-2.60101333333 337.498999389
-2.59601066667 337.35764563
-2.591008 337.471188476
-2.58600533333 335.225848421
-2.58100266667 331.303992411
-2.576 330.631286812
-2.57099733333 329.951682077
-2.56599466667 329.961450878
-2.560992 329.839432686
-2.55598933333 329.747945181
-2.55098666667 329.927572696
-2.545984 330.217240188
-2.54098133333 330.455587843
-2.53597866667 330.450582159
-2.530976 330.609080996
-2.52597333333 330.512462394
-2.52097066667 330.528413437
-2.515968 330.547530015
-2.51096533333 330.675806574
-2.50596266667 330.626548686
-2.50096 330.587319847
-2.49595733333 330.455073476
-2.49095466667 330.406721982
-2.485952 330.151633063
-2.48094933333 330.014938413
-2.47594666667 329.899125386
-2.470944 329.81130789
-2.46594133333 329.648134911
-2.46093866667 329.57156424
-2.455936 329.470572999
-2.45093333333 329.329295942
-2.44593066667 329.106652251
-2.440928 328.972661972
-2.43592533333 328.77103876
-2.43092266667 328.976961628
-2.42592 328.681829862
-2.42091733333 328.691141761
-2.41591466667 328.603928497
-2.410912 328.779414744
-2.40590933333 329.041470579
-2.40090666667 329.517949313
-2.395904 329.997900202
-2.39090133333 330.718268863
-2.38589866667 334.693304996
-2.380896 339.159818612
-2.37589333333 336.823810897
-2.37089066667 341.6564595
-2.365888 339.063291813
-2.36088533333 339.142709743
-2.35588266667 339.949532257
-2.35088 339.603787202
-2.34587733333 337.949614668
-2.34087466667 338.834363476
-2.335872 338.859346705
-2.33086933333 340.220916979
-2.32586666667 356.121226473
-2.320864 346.436149023
-2.31586133333 342.37799705
-2.31085866667 534.34701566
-2.305856 611.108669529
-2.30085333333 609.317776741
-2.29585066667 605.55339471
-2.290848 612.552797697
-2.28584533333 614.546566325
-2.28084266667 612.259002893
-2.27584 609.371792395
-2.27083733333 613.207245662
-2.26583466667 609.01016492
-2.260832 609.809657029
-2.25582933333 616.037887705
-2.25082666667 614.746944788
-2.245824 614.289293491
-2.24082133333 616.205220173
-2.23581866667 616.007022513
-2.230816 614.133869519
-2.22581333333 614.450317704
-2.22081066667 614.517199381
-2.215808 617.304389469
-2.21080533333 617.580296991
-2.20580266667 617.275782463
-2.2008 617.577246006
-2.19579733333 617.562217171
-2.19079466667 617.617412806
-2.185792 617.140125773
-2.18078933333 617.458483807
-2.17578666667 617.39298424
-2.170784 617.662202236
-2.16578133333 616.754314616
-2.16077866667 615.185019879
-2.155776 613.0033551
-2.15077333333 611.319149024
-2.14577066667 608.26915987
-2.140768 607.613253291
-2.13576533333 607.400365749
-2.13076266667 607.68727121
-2.12576 608.155377005
-2.12075733333 608.535746434
-2.11575466667 609.204722092
-2.110752 609.698216918
-2.10574933333 610.966403965
-2.10074666667 611.318617349
-2.095744 611.20290993
-2.09074133333 611.280098758
-2.08573866667 611.258789941
-2.080736 611.666641701
-2.07573333333 611.956238296
-2.07073066667 612.526902485
-2.065728 612.471328689
-2.06072533333 612.758488756
-2.05572266667 612.932935072
-2.05072 613.236935209
-2.04571733333 613.271089473
-2.04071466667 613.85131181
-2.035712 614.418666603
-2.03070933333 614.601969974
-2.02570666667 614.455432509
-2.020704 614.594547449
-2.01570133333 614.683968942
-2.01069866667 614.774824615
-2.005696 614.673316672
-2.00069333333 614.747194617
-1.99569066667 614.707816423
-1.990688 614.906910592
-1.98568533333 614.775398826
-1.98068266667 614.861005498
-1.97568 614.731909389
-1.97067733333 614.593870902
-1.96567466667 614.581559033
-1.960672 614.714117798
-1.95566933333 614.826057491
-1.95066666667 614.667176837
-1.945664 614.407597414
-1.94066133333 614.335161557
-1.93565866667 613.521140669
-1.930656 612.368472762
-1.92565333333 611.327153545
-1.92065066667 611.504210961
-1.915648 612.694483017
-1.91064533333 612.912682913
-1.90564266667 609.922534249
-1.90064 606.350264929
-1.89563733333 606.911133748
-1.89063466667 608.324220551
-1.885632 608.669408652
-1.88062933333 608.471203218
-1.87562666667 607.48043697
-1.870624 606.883631563
-1.86562133333 606.134312607
-1.86061866667 605.97206306
-1.855616 607.570659078
-1.85061333333 607.71276066
-1.84561066667 609.059605957
-1.840608 610.646695624
-1.83560533333 611.772736947
-1.83060266667 612.500324355
-1.8256 612.398697041
-1.82059733333 612.000402191
-1.81559466667 610.207048288
-1.810592 608.032418384
-1.80558933333 606.489778316
-1.80058666667 605.645544518
-1.795584 605.156270618
-1.79058133333 604.331562071
-1.78557866667 603.795421939
-1.780576 602.824041559
-1.77557333333 601.504338931
-1.77057066667 600.754206883
-1.765568 599.887888511
-1.76056533333 599.422151125
-1.75556266667 600.099700006
-1.75056 600.515723071
-1.74555733333 599.990322666
-1.74055466667 600.431510862
-1.735552 599.867967823
-1.73054933333 600.15199427
-1.72554666667 600.127251252
-1.720544 600.857782614
-1.71554133333 601.042237496
-1.71053866667 599.521515907
-1.705536 598.142493565
-1.70053333333 597.460170187
-1.69553066667 595.621023321
-1.690528 596.887156432
-1.68552533333 596.44081729
-1.68052266667 596.884489475
-1.67552 596.783156951
-1.67051733333 597.327508085
-1.66551466667 598.225178625
-1.660512 599.902864574
-1.65550933333 598.799938812
-1.65050666667 598.088953407
-1.645504 597.9058349
-1.64050133333 598.169932063
-1.63549866667 597.911006593
-1.630496 598.709659375
-1.62549333333 598.222860511
-1.62049066667 598.609942156
-1.615488 599.846188738
-1.61048533333 599.868504347
-1.60548266667 600.363575167
-1.60048 604.272672477
-1.59547733333 606.875800898
-1.59047466667 609.605671284
-1.585472 608.163355437
-1.58046933333 609.347584077
-1.57546666667 609.713716735
-1.570464 609.742382535
-1.56546133333 608.634874947
-1.56045866667 605.5948734
-1.555456 601.854685857
-1.55045333333 599.796651439
-1.54545066667 598.578500292
-1.540448 598.433656903
-1.53544533333 598.289541657
-1.53044266667 598.848020885
-1.52544 598.308857266
-1.52043733333 598.612802367
-1.51543466667 598.623368736
-1.510432 597.940844799
-1.50542933333 597.258351652
-1.50042666667 598.814975564
-1.495424 600.539465243
-1.49042133333 599.279957426
-1.48541866667 599.1959117
-1.480416 599.127744513
-1.47541333333 599.513169237
-1.47041066667 599.971914783
-1.465408 599.322679645
-1.46040533333 599.869125983
-1.45540266667 599.467572603
-1.4504 599.277430834
-1.44539733333 599.196471764
-1.44039466667 597.166585016
-1.435392 595.971670518
-1.43038933333 596.919560278
-1.42538666667 595.78687813
-1.420384 594.586897359
-1.41538133333 592.72924559
-1.41037866667 593.279491351
-1.405376 594.154147631
-1.40037333333 594.973066485
-1.39537066667 595.433759153
-1.390368 595.207929216
-1.38536533333 595.832750073
-1.38036266667 596.462534644
-1.37536 596.388354206
-1.37035733333 595.72643239
-1.36535466667 595.664521299
-1.360352 594.708749036
-1.35534933333 594.351400326
-1.35034666667 594.482428038
-1.345344 594.139229463
-1.34034133333 594.797003394
-1.33533866667 594.714873752
-1.330336 595.295131072
-1.32533333333 595.192018435
-1.32033066667 595.691532969
-1.315328 595.057367506
-1.31032533333 593.197004319
-1.30532266667 596.093976862
-1.30032 598.022170516
-1.29531733333 599.146475983
-1.29031466667 599.771621121
-1.285312 599.075324224
-1.28030933333 599.136673636
-1.27530666667 599.44792535
-1.270304 599.416332885
-1.26530133333 599.296593345
-1.26029866667 599.359178902
-1.255296 599.409236487
-1.25029333333 599.227105144
-1.24529066667 598.994695319
-1.240288 599.479064951
-1.23528533333 599.487435414
-1.23028266667 599.616500547
-1.22528 599.460841484
-1.22027733333 598.867806679
-1.21527466667 599.436294499
-1.210272 600.041366128
-1.20526933333 599.707420753
-1.20026666667 599.605221631
-1.195264 599.525241551
-1.19026133333 599.138240539
-1.18525866667 597.887778993
-1.180256 597.491155139
-1.17525333333 596.964477056
-1.17025066667 597.24779692
-1.165248 596.810801618
-1.16024533333 596.976427464
-1.15524266667 597.346925695
-1.15024 597.586351765
-1.14523733333 597.757853418
-1.14023466667 597.436570047
-1.135232 597.369038429
-1.13022933333 597.545552007
-1.12522666667 597.700894694
-1.120224 597.953559263
-1.11522133333 597.864989431
-1.11021866667 597.550065653
-1.105216 597.741529681
-1.10021333333 597.533483834
-1.09521066667 597.11994295
-1.090208 596.936282642
-1.08520533333 595.889914629
-1.08020266667 594.504125463
-1.0752 593.700853475
-1.07019733333 591.793450306
-1.06519466667 591.873773932
-1.060192 591.807437666
-1.05518933333 592.118750653
-1.05018666667 592.231272008
-1.045184 593.157803247
-1.04018133333 594.112664626
-1.03517866667 595.005473561
-1.030176 595.336586416
-1.02517333333 595.450941085
-1.02017066667 596.01502956
-1.015168 596.040730178
-1.01016533333 596.77916279
-1.00516266667 596.470904797
-1.00016 596.340382987
-0.995157333333 596.385794614
-0.990154666667 597.160449178
-0.985152 598.37459591
-0.980149333333 600.508534758
-0.975146666667 601.031681438
-0.970144 601.137608903
-0.965141333333 600.908441116
-0.960138666667 600.988000463
-0.955136 601.381491728
-0.950133333333 601.599652928
-0.945130666667 601.083772109
-0.940128 599.505085402
-0.935125333333 598.629137599
-0.930122666667 597.969895584
-0.92512 596.480443856
-0.920117333333 595.638532396
-0.915114666667 596.859017856
-0.910112 599.594336448
-0.905109333333 603.822489103
-0.900106666667 605.854207873
-0.895104 606.515516518
-0.890101333333 606.571925128
-0.885098666667 606.099034096
-0.880096 606.551524892
-0.875093333333 604.516972474
-0.870090666667 602.054251644
-0.865088 599.360520165
-0.860085333333 598.78161356
-0.855082666667 598.001204038
-0.85008 597.21577378
-0.845077333333 596.362892412
-0.840074666667 595.77706765
-0.835072 595.234520372
-0.830069333333 594.454360253
-0.825066666667 593.748755265
-0.820064 593.534481019
-0.815061333333 593.568003059
-0.810058666667 593.635761414
-0.805056 593.345549024
-0.800053333333 593.352618294
-0.795050666667 593.357126844
-0.790048 593.364671152
-0.785045333333 592.856263102
-0.780042666667 592.079208013
-0.77504 592.180562673
-0.770037333333 591.969111186
-0.765034666667 590.899959656
-0.760032 589.972148797
-0.755029333333 589.900077213
-0.750026666667 590.292692419
-0.745024 589.644613164
-0.740021333333 589.443847359
-0.735018666667 589.645337974
-0.730016 589.883392078
-0.725013333333 589.424372607
-0.720010666667 589.339806906
-0.715008 589.373767207
-0.710005333333 589.414945411
-0.705002666667 589.266057058
-0.7 589.466691434
-0.694997333333 589.537806282
-0.689994666667 589.726869778
-0.684992 589.43389563
-0.679989333333 590.858374481
-0.674986666667 591.325437975
-0.669984 591.582645119
-0.664981333333 590.881583742
-0.659978666667 590.924111919
-0.654976 590.728638026
-0.649973333333 591.006195249
-0.644970666667 591.21250178
-0.639968 591.933314729
-0.634965333333 592.470734002
-0.629962666667 592.842246516
-0.62496 593.228233137
-0.619957333333 593.442370211
-0.614954666667 593.635379274
-0.609952 594.371910839
-0.604949333333 594.202675061
-0.599946666667 594.8142893
-0.594944 595.224830599
-0.589941333333 595.900713396
-0.584938666667 596.716931901
-0.579936 596.907946196
-0.574933333333 597.240816037
-0.569930666667 597.826752197
-0.564928 597.84649439
-0.559925333333 597.927086445
-0.554922666667 597.679811356
-0.54992 597.893384571
-0.544917333333 597.587857383
-0.539914666667 597.373366872
-0.534912 597.180012868
-0.529909333333 597.303631287
-0.524906666667 597.030942505
-0.519904 596.873603221
-0.514901333333 596.874160543
-0.509898666667 596.41475663
-0.504896 596.186676587
-0.499893333333 596.011514483
-0.494890666667 595.760109838
-0.489888 595.579999168
-0.484885333333 595.237339804
-0.479882666667 595.124339334
-0.47488 594.718981924
-0.469877333333 594.848464347
-0.464874666667 594.696784588
-0.459872 594.444046006
-0.454869333333 594.385754382
-0.449866666667 594.333195841
-0.444864 593.839940843
-0.439861333333 594.197882481
-0.434858666667 594.032377096
-0.429856 594.148889345
-0.424853333333 593.955490465
-0.419850666667 594.389829466
-0.414848 594.191790792
-0.409845333333 594.431128333
-0.404842666667 594.159892971
-0.39984 594.241868584
-0.394837333333 593.740939136
-0.389834666667 594.041269676
-0.384832 594.154859532
-0.379829333333 594.321648711
-0.374826666667 594.205113634
-0.369824 595.062125915
-0.364821333333 595.076715169
-0.359818666667 595.511799874
-0.354816 595.571730732
-0.349813333333 595.657735889
-0.344810666667 596.102236572
-0.339808 597.211691589
-0.334805333333 597.851551838
-0.329802666667 598.053461549
-0.3248 597.725516117
-0.319797333333 598.032405127
-0.314794666667 597.967779247
-0.309792 598.346458046
-0.304789333333 598.040077999
-0.299786666667 598.705285395
-0.294784 599.398751815
-0.289781333333 599.654612496
-0.284778666667 599.384866844
-0.279776 600.354127484
-0.274773333333 600.711785888
-0.269770666667 601.975060351
-0.264768 601.636385197
-0.259765333333 599.394955223
-0.254762666667 599.81187627
-0.24976 601.646524892
-0.244757333333 602.131000133
-0.239754666667 601.745383596
-0.234752 601.802430431
-0.229749333333 601.069371239
-0.224746666667 600.650982323
-0.219744 600.642163261
-0.214741333333 600.714956714
-0.209738666667 600.75207087
-0.204736 600.712407801
-0.199733333333 600.414613995
-0.194730666667 600.091301839
-0.189728 602.349419472
-0.184725333333 605.20347651
-0.179722666667 607.118170453
-0.17472 603.423676986
-0.169717333333 606.53472369
-0.164714666667 608.486728612
-0.159712 608.952729364
-0.154709333333 607.979116584
-0.149706666667 606.746253005
-0.144704 606.475036159
-0.139701333333 606.93138679
-0.134698666667 607.279473941
-0.129696 607.703466556
-0.124693333333 607.413707134
-0.119690666667 607.48490995
-0.114688 607.365481645
-0.109685333333 607.442601223
-0.104682666667 607.291895092
-0.09968 607.2861764
-0.0946773333333 607.29065932
-0.0896746666667 607.598251111
-0.084672 607.205710847
-0.0796693333333 607.438789461
-0.0746666666667 607.267080053
-0.069664 607.218604015
-0.0646613333333 607.519243568
-0.0596586666667 607.145972337
-0.054656 606.459146401
-0.0496533333333 606.206659304
-0.0446506666667 607.983273273
-0.039648 608.441029918
-0.0346453333333 608.970932469
-0.0296426666667 609.135443514
-0.02464 608.881011678
-0.0196373333333 609.054712326
-0.0146346666667 608.915054868
-0.009632 609.020472171
-0.00462933333333 607.553744294
