-9.99995733333 301.400670793
-9.99495466667 301.316203635
-9.989952 301.334302465
-9.98494933333 301.36822604
-9.97994666667 301.502232311
-9.974944 301.434378015
-9.96994133333 301.445296915
-9.96493866667 301.423019284
-9.959936 301.432429161
-9.95493333333 301.418353531
-9.94993066667 301.507223365
-9.944928 301.394730288
-9.93992533333 301.458504805
-9.93492266667 301.378592837
-9.92992 301.466760523
-9.92491733333 301.462890664
-9.91991466667 301.542854676
-9.914912 301.540602868
-9.90990933333 301.537702755
-9.90490666667 301.519130071
-9.899904 301.60534987
-9.89490133333 301.513520305
-9.88989866667 301.549431863
-9.884896 301.511574457
-9.87989333333 301.58918349
-9.87489066667 301.533074127
-9.869888 301.602059633
-9.86488533333 301.555363144
-9.85988266667 301.606818919
-9.85488 301.566145663
-9.84987733333 301.532369519
-9.84487466667 301.497869495
-9.839872 301.523702298
-9.83486933333 301.492785222
-9.82986666667 301.571806193
-9.824864 301.574890712
-9.81986133333 301.696474155
-9.81485866667 301.638425336
-9.809856 301.637598782
-9.80485333333 301.598341967
-9.79985066667 301.694052182
-9.794848 301.645261617
-9.78984533333 301.697685031
-9.78484266667 301.611029391
-9.77984 301.645011795
-9.77483733333 301.638544998
-9.76983466667 301.669300335
-9.764832 301.60620427
-9.75982933333 301.649042235
-9.75482666667 301.60182973
-9.749824 301.682598326
-9.74482133333 301.574856291
-9.73981866667 301.574511837
-9.734816 301.613058708
-9.72981333333 301.671449092
-9.72481066667 301.560930219
-9.719808 301.616321247
-9.71480533333 301.595403905
-9.70980266667 301.595461388
-9.7048 301.508248045
-9.69979733333 301.556657158
-9.69479466667 301.591295672
-9.689792 301.594799248
-9.68478933333 301.52724102
-9.67978666667 301.583152627
-9.674784 301.540830773
-9.66978133333 301.566100812
-9.66477866667 301.499256476
-9.659776 301.538937101
-9.65477333333 301.475899752
-9.64977066667 301.514388113
-9.644768 301.544911017
-9.63976533333 301.547283361
-9.63476266667 301.545661986
-9.62976 301.600675443
-9.62475733333 301.546490015
-9.61975466667 301.620516042
-9.614752 301.606491446
-9.60974933333 301.627175969
-9.60474666667 301.627509426
-9.599744 301.645472681
-9.59474133333 301.63270705
-9.58973866667 301.634307749
-9.584736 301.644664171
-9.57973333333 301.763327985
-9.57473066667 301.732669799
-9.569728 301.743711577
-9.56472533333 301.694271229
-9.55972266667 301.742666912
-9.55472 301.7614681
-9.54971733333 301.816866712
-9.54471466667 301.75578565
-9.539712 301.88192738
-9.53470933333 301.843945726
-9.52970666667 301.958683309
-9.524704 301.896173944
-9.51970133333 301.963773384
-9.51469866667 301.953995575
-9.509696 302.000184096
-9.50469333333 301.92471757
-9.49969066667 302.004397085
-9.494688 301.990093125
-9.48968533333 302.037969972
-9.48468266667 301.997443456
-9.47968 302.058199289
-9.47467733333 302.043727683
-9.46967466667 302.121677317
-9.464672 302.072974708
-9.45966933333 302.136491866
-9.45466666667 302.139553274
-9.449664 302.154425096
-9.44466133333 302.095006973
-9.43965866667 302.202239594
-9.434656 302.155046138
-9.42965333333 302.183084064
-9.42465066667 302.114000394
-9.419648 302.2148011
-9.41464533333 302.145967874
-9.40964266667 302.213575717
-9.40464 302.153797078
-9.39963733333 302.2002167
-9.39463466667 302.13896776
-9.389632 302.194105974
-9.38462933333 302.138407915
-9.37962666667 302.204553696
-9.374624 302.169427313
-9.36962133333 302.212887645
-9.36461866667 302.16567412
-9.359616 302.195001499
-9.35461333333 302.181191372
-9.34961066667 302.244543223
-9.344608 302.181187045
-9.33960533333 302.252575618
-9.33460266667 302.225456494
-9.3296 302.234447611
-9.32459733333 302.226102312
-9.31959466667 302.292848813
-9.314592 302.261818266
-9.30958933333 302.3396871
-9.30458666667 302.278226095
-9.299584 302.349536038
-9.29458133333 302.277803902
-9.28957866667 302.307748802
-9.284576 302.283155824
-9.27957333333 302.357811953
-9.27457066667 302.312948613
-9.269568 302.304886198
-9.26456533333 302.221570947
-9.25956266667 302.292368828
-9.25456 302.236545781
-9.24955733333 302.263847145
-9.24455466667 302.24739298
-9.239552 302.314467183
-9.23454933333 302.292747428
-9.22954666667 302.323880076
-9.224544 302.270266858
-9.21954133333 302.350650939
-9.21453866667 302.308203856
-9.209536 302.388064871
-9.20453333333 302.352463714
-9.19953066667 302.448311534
-9.194528 302.419418044
-9.18952533333 302.45519081
-9.18452266667 302.395941273
-9.17952 302.494993579
-9.17451733333 302.44469954
-9.16951466667 302.530140654
-9.164512 302.445939852
-9.15950933333 302.508502048
-9.15450666667 302.471016649
-9.149504 302.526007651
-9.14450133333 302.447454507
-9.13949866667 302.488391946
-9.134496 302.429140057
-9.12949333333 302.473196977
-9.12449066667 302.43560543
-9.119488 302.497006644
-9.11448533333 302.449930852
-9.10948266667 302.50941975
-9.10448 302.47892464
-9.09947733333 302.520604034
-9.09447466667 302.466658092
-9.089472 302.554663752
-9.08446933333 302.474806539
-9.07946666667 302.483706638
-9.074464 302.430419662
-9.06946133333 302.495237876
-9.06445866667 302.47778757
-9.059456 302.545126772
-9.05445333333 302.468577671
-9.04945066667 302.509502194
-9.044448 302.489878759
-9.03944533333 302.48730515
-9.03444266667 302.476586545
-9.02944 302.535995513
-9.02443733333 302.491521485
-9.01943466667 302.521766266
-9.014432 302.449032128
-9.00942933333 302.564791404
-9.00442666667 302.548877699
-8.999424 302.591940223
-8.99442133333 302.541995015
-8.98941866667 302.591109912
-8.984416 302.536987692
-8.97941333333 302.586667666
-8.97441066667 302.524499163
-8.969408 302.530020923
-8.96440533333 302.529080582
-8.95940266667 302.541248389
-8.9544 302.505730575
-8.94939733333 302.555198923
-8.94439466667 302.525531792
-8.939392 302.583960797
-8.93438933333 302.553172859
-8.92938666667 302.582343982
-8.924384 302.503763737
-8.91938133333 302.59063981
-8.91437866667 302.526581475
-8.909376 302.63330566
-8.90437333333 302.532758585
-8.89937066667 302.57070426
-8.894368 302.490463091
-8.88936533333 302.551314273
-8.88436266667 302.491304394
-8.87936 302.554913516
-8.87435733333 302.487854291
-8.86935466667 302.550472056
-8.864352 302.507244372
-8.85934933333 302.555588062
-8.85434666667 302.519593257
-8.849344 302.559669185
-8.84434133333 302.524873589
-8.83933866667 302.577791467
-8.834336 302.511485972
-8.82933333333 302.561824344
-8.82433066667 302.492576678
-8.819328 302.565976283
-8.81432533333 302.512571171
-8.80932266667 302.536646786
-8.80432 302.489215249
-8.79931733333 302.543432043
-8.79431466667 302.481785048
-8.789312 302.565021548
-8.78430933333 302.522325325
-8.77930666667 302.567147481
-8.774304 302.495083948
-8.76930133333 302.520951957
-8.76429866667 302.46985105
-8.759296 302.557261116
-8.75429333333 302.48815142
-8.74929066667 302.566944189
-8.744288 302.493951367
-8.73928533333 302.569637958
-8.73428266667 302.52864707
-8.72928 302.562405398
-8.72427733333 302.586406815
-8.71927466667 302.593774405
-8.714272 302.51750756
-8.70926933333 302.585593493
-8.70426666667 302.559592452
-8.699264 302.600353461
-8.69426133333 302.520296502
-8.68925866667 302.568461565
-8.684256 302.548163133
-8.67925333333 302.679307339
-8.67425066667 302.637414249
-8.669248 302.67339674
-8.66424533333 302.664207974
-8.65924266667 302.725304235
-8.65424 302.703043873
-8.64923733333 302.740084765
-8.64423466667 302.699143529
-8.639232 302.762466037
-8.63422933333 302.707060025
-8.62922666667 302.802187017
-8.624224 302.692367302
-8.61922133333 302.769142292
-8.61421866667 302.690357938
-8.609216 302.731989782
-8.60421333333 302.674542324
-8.59921066667 302.732171279
-8.594208 302.637620195
-8.58920533333 302.697855213
-8.58420266667 302.66750649
-8.5792 302.739169244
-8.57419733333 302.686476828
-8.56919466667 302.758779073
-8.564192 302.733306075
-8.55918933333 302.794705554
-8.55418666667 302.704615559
-8.549184 302.749492734
-8.54418133333 302.678823821
-8.53917866667 302.775326225
-8.534176 302.711115324
-8.52917333333 302.717078861
-8.52417066667 302.658148267
-8.519168 302.683297795
-8.51416533333 302.630801045
-8.50916266667 302.693391918
-8.50416 302.625681364
-8.49915733333 302.679610378
-8.49415466667 302.528193915
-8.489152 302.547607814
-8.48414933333 302.537101789
-8.47914666667 302.617262592
-8.474144 302.536668523
-8.46914133333 302.575903831
-8.46413866667 302.494728697
-8.459136 302.525488447
-8.45413333333 302.474979112
-8.44913066667 302.501768989
-8.444128 302.513094982
-8.43912533333 302.572348202
-8.43412266667 302.465239446
-8.42912 302.457351735
-8.42411733333 302.412167373
-8.41911466667 302.485485198
-8.414112 302.44894867
-8.40910933333 302.493787328
-8.40410666667 302.408855992
-8.399104 302.479816241
-8.39410133333 302.414007854
-8.38909866667 302.452804674
-8.384096 302.405571196
-8.37909333333 302.411562149
-8.37409066667 302.39591355
-8.369088 302.423683283
-8.36408533333 302.316490445
-8.35908266667 302.353646986
-8.35408 302.291967938
-8.34907733333 302.287706182
-8.34407466667 302.248344339
-8.339072 302.267029256
-8.33406933333 302.230098529
-8.32906666667 302.282487678
-8.324064 302.236368403
-8.31906133333 302.248992131
-8.31405866667 302.183532582
-8.309056 302.181848417
-8.30405333333 302.167982718
-8.29905066667 302.227059533
-8.294048 302.128678011
-8.28904533333 302.139723063
-8.28404266667 302.091526004
-8.27904 302.107966067
-8.27403733333 302.054746837
-8.26903466667 302.043341392
-8.264032 302.020909789
-8.25902933333 302.019058831
-8.25402666667 301.972283102
-8.249024 301.983853582
-8.24402133333 301.878161842
-8.23901866667 301.917128396
-8.234016 301.933660984
-8.22901333333 301.871269559
-8.22401066667 301.866829715
-8.219008 301.860190187
-8.21400533333 301.784622767
-8.20900266667 301.849385561
-8.204 301.819657583
-8.19899733333 301.806189447
-8.19399466667 301.759190762
-8.188992 301.788088542
-8.18398933333 301.759490424
-8.17898666667 301.827927654
-8.173984 301.803137478
-8.16898133333 301.783078957
-8.16397866667 301.742102553
-8.158976 301.824790551
-8.15397333333 301.777049008
-8.14897066667 301.80169229
-8.143968 301.851110191
-8.13896533333 301.901051106
-8.13396266667 301.838752623
-8.12896 301.864028729
-8.12395733333 301.814977991
-8.11895466667 301.838778442
-8.113952 301.835076737
-8.10894933333 301.862817173
-8.10394666667 301.821172027
-8.098944 301.873305156
-8.09394133333 301.820777112
-8.08893866667 301.84124439
-8.083936 301.793027916
-8.07893333333 301.868022141
-8.07393066667 301.8374138
-8.068928 301.837895302
-8.06392533333 301.833373855
-8.05892266667 301.915808336
-8.05392 301.877558892
-8.04891733333 301.952327694
-8.04391466667 301.877144936
-8.038912 301.931836298
-8.03390933333 301.829997753
-8.02890666667 301.890316891
-8.023904 301.843401359
-8.01890133333 301.91746599
-8.01389866667 301.884254227
-8.008896 301.887336247
-8.00389333333 301.828500867
-7.99889066667 301.887147148
-7.993888 301.830522214
-7.98888533333 301.839625017
-7.98388266667 301.839915997
-7.97888 301.879964112
-7.97387733333 301.802037986
-7.96887466667 301.899619655
-7.963872 301.916034044
-7.95886933333 302.012718869
-7.95386666667 302.056884906
-7.948864 302.11352133
-7.94386133333 302.083048488
-7.93885866667 302.097359888
-7.933856 302.065538518
-7.92885333333 302.128732663
-7.92385066667 302.092485667
-7.918848 302.07105142
-7.91384533333 302.015813366
-7.90884266667 301.997107358
-7.90384 301.966500468
-7.89883733333 302.077442554
-7.89383466667 302.054329796
-7.888832 302.1156991
-7.88382933333 302.0786254
-7.87882666667 302.160156164
-7.873824 302.100424439
-7.86882133333 302.151833762
-7.86381866667 302.038103585
-7.858816 302.120581215
-7.85381333333 302.077681912
-7.84881066667 302.137948917
-7.843808 302.079856746
-7.83880533333 302.126982451
-7.83380266667 302.111177427
-7.8288 302.137206854
-7.82379733333 302.066879705
-7.81879466667 302.137029011
-7.813792 302.110176719
-7.80878933333 302.121342786
-7.80378666667 302.088910796
-7.798784 302.175394106
-7.79378133333 302.130967584
-7.78877866667 302.147869908
-7.783776 302.135290793
-7.77877333333 302.188235365
-7.77377066667 302.17775278
-7.768768 302.209658882
-7.76376533333 302.162991971
-7.75876266667 302.177821196
-7.75376 302.165945512
-7.74875733333 302.174386092
-7.74375466667 302.09786095
-7.738752 302.139901388
-7.73374933333 302.066713343
-7.72874666667 302.070545755
-7.723744 302.000168704
-7.71874133333 302.027735772
-7.71373866667 301.96546304
-7.708736 302.011394781
-7.70373333333 301.962556223
-7.69873066667 301.988668077
-7.693728 301.953306091
-7.68872533333 301.994940327
-7.68372266667 301.971343578
-7.67872 301.991652621
-7.67371733333 301.929745529
-7.66871466667 301.975741789
-7.663712 301.918944135
-7.65870933333 301.962529708
-7.65370666667 301.97041354
-7.648704 301.967588982
-7.64370133333 301.937924787
-7.63869866667 301.94046552
-7.633696 301.892995515
-7.62869333333 301.887175469
-7.62369066667 301.831531714
-7.618688 301.828728087
-7.61368533333 301.817017671
-7.60868266667 301.779121573
-7.60368 301.738632622
-7.59867733333 301.767651121
-7.59367466667 301.704266155
-7.588672 301.699395179
-7.58366933333 301.639755723
-7.57866666667 301.689500517
-7.573664 301.644701742
-7.56866133333 301.63441799
-7.56365866667 301.577889069
-7.558656 301.617384219
-7.55365333333 301.596987881
-7.54865066667 301.574093568
-7.543648 301.49980589
-7.53864533333 301.54194954
-7.53364266667 301.536438348
-7.52864 301.589005957
-7.52363733333 301.532988844
-7.51863466667 301.58664668
-7.513632 301.532337618
-7.50862933333 301.517224695
-7.50362666667 301.451547509
-7.498624 301.52866015
-7.49362133333 301.499606905
-7.48861866667 301.564068111
-7.483616 301.489761717
-7.47861333333 301.479294208
-7.47361066667 301.413064637
-7.468608 301.470265849
-7.46360533333 301.449971136
-7.45860266667 301.530260517
-7.4536 301.457702477
-7.44859733333 301.453365621
-7.44359466667 301.42505884
-7.438592 301.476360724
-7.43358933333 301.462600689
-7.42858666667 301.451679162
-7.423584 301.392168312
-7.41858133333 301.366002913
-7.41357866667 301.04069855
-7.408576 300.577087133
-7.40357333333 299.485676062
-7.39857066667 298.251683649
-7.393568 296.718672473
-7.38856533333 295.773391296
-7.38356266667 295.166789335
-7.37856 294.964862672
-7.37355733333 294.708228353
-7.36855466667 294.525175557
-7.363552 294.429714431
-7.35854933333 294.432890378
-7.35354666667 294.337551752
-7.348544 294.307400092
-7.34354133333 294.366372965
-7.33853866667 294.539749784
-7.333536 294.592429497
-7.32853333333 294.695828396
-7.32353066667 294.724045127
-7.318528 294.791609791
-7.31352533333 294.774671167
-7.30852266667 294.845234979
-7.30352 294.858597607
-7.29851733333 295.300952315
-7.29351466667 296.435456016
-7.288512 297.721149417
-7.28350933333 297.746696819
-7.27850666667 297.680856067
-7.273504 297.529298748
-7.26850133333 297.662843666
-7.26349866667 297.889863151
-7.258496 298.747893259
-7.25349333333 299.133311837
-7.24849066667 299.606565211
-7.243488 299.623638749
-7.23848533333 299.929847933
-7.23348266667 300.234336281
-7.22848 300.6638791
-7.22347733333 301.427905598
-7.21847466667 302.572600041
-7.213472 303.13777719
-7.20846933333 303.283385913
-7.20346666667 303.368738082
-7.198464 303.45285946
-7.19346133333 303.377062029
-7.18845866667 303.406905005
-7.183456 303.391932951
-7.17845333333 303.427519614
-7.17345066667 303.360722605
-7.168448 303.407924063
-7.16344533333 303.446198034
-7.15844266667 303.53169411
-7.15344 303.592474599
-7.14843733333 303.762737322
-7.14343466667 303.869882114
-7.138432 304.047992329
-7.13342933333 304.115562783
-7.12842666667 304.214336265
-7.123424 304.214749369
-7.11842133333 304.291328977
-7.11341866667 304.248556213
-7.108416 304.381670843
-7.10341333333 304.443724303
-7.09841066667 304.572830676
-7.093408 304.592123433
-7.08840533333 304.503732689
-7.08340266667 304.394463006
-7.0784 304.289130872
-7.07339733333 304.186511143
-7.06839466667 303.973171846
-7.063392 302.461089534
-7.05838933333 298.058278704
-7.05338666667 292.386937506
-7.048384 289.81181984
-7.04338133333 288.968168083
-7.03837866667 288.361200935
-7.033376 287.978020065
-7.02837333333 287.677924408
-7.02337066667 289.089489546
-7.018368 291.984518475
-7.01336533333 296.781945041
-7.00836266667 301.806056227
-7.00336 299.406672052
-6.99835733333 297.722864744
-6.99335466667 300.458948774
-6.988352 302.550455566
-6.98334933333 302.539710697
-6.97834666667 302.758960228
-6.973344 302.939899042
-6.96834133333 303.057485353
-6.96333866667 302.754617735
-6.958336 302.894264549
-6.95333333333 303.006358518
-6.94833066667 299.410593441
-6.943328 297.892340892
-6.93832533333 297.401284344
-6.93332266667 297.364469526
-6.92832 298.026252191
-6.92331733333 299.343547681
-6.91831466667 301.585056227
-6.913312 303.469196696
-6.90830933333 303.592030824
-6.90330666667 303.586186971
-6.898304 303.513384404
-6.89330133333 303.407398629
-6.88829866667 303.395961241
-6.883296 303.295647331
-6.87829333333 303.037754016
-6.87329066667 302.641992896
-6.868288 302.384396408
-6.86328533333 302.122706608
-6.85828266667 301.868755878
-6.85328 301.710974967
-6.84827733333 301.695491181
-6.84327466667 301.708960534
-6.838272 301.713168922
-6.83326933333 300.958726565
-6.82826666667 300.385569453
-6.823264 299.752653386
-6.81826133333 299.597463601
-6.81325866667 299.614163794
-6.808256 300.091132914
-6.80325333333 300.190470476
-6.79825066667 300.808408567
-6.793248 301.099485246
-6.78824533333 301.213477713
-6.78324266667 301.154695874
-6.77824 301.277979815
-6.77323733333 301.656337199
-6.76823466667 301.939735724
-6.763232 301.747817337
-6.75822933333 301.607851434
-6.75322666667 301.472376803
-6.748224 301.60242789
-6.74322133333 301.942571045
-6.73821866667 302.048160688
-6.733216 301.964609996
-6.72821333333 301.980713355
-6.72321066667 301.892819591
-6.718208 301.897391208
-6.71320533333 301.844619363
-6.70820266667 301.84439008
-6.7032 301.776440381
-6.69819733333 301.702144727
-6.69319466667 301.575739222
-6.688192 301.6527903
-6.68318933333 301.573254646
-6.67818666667 301.590054854
-6.673184 301.462893501
-6.66818133333 301.443590434
-6.66317866667 301.320230853
-6.658176 301.304968354
-6.65317333333 301.254086513
-6.64817066667 301.292907207
-6.643168 301.292609621
-6.63816533333 301.310602317
-6.63316266667 301.244882199
-6.62816 301.226667395
-6.62315733333 301.105555523
-6.61815466667 301.072116621
-6.613152 300.961250186
-6.60814933333 300.879551433
-6.60314666667 300.773946575
-6.598144 300.834029947
-6.59314133333 300.805235987
-6.58813866667 300.802310899
-6.583136 300.749426125
-6.57813333333 300.728337947
-6.57313066667 300.646488039
-6.568128 300.57344396
-6.56312533333 300.420172736
-6.55812266667 300.333424428
-6.55312 300.185780604
-6.54811733333 300.102886996
-6.54311466667 300.022011899
-6.538112 300.120413911
-6.53310933333 300.022969516
-6.52810666667 300.00044356
-6.523104 299.889628472
-6.51810133333 299.782686459
-6.51309866667 299.595394022
-6.508096 299.486085644
-6.50309333333 299.232090722
-6.49809066667 299.152474455
-6.493088 299.037497148
-6.48808533333 298.870639677
-6.48308266667 298.6835619
-6.47808 298.582828097
-6.47307733333 298.391038197
-6.46807466667 298.220101199
-6.463072 297.858003722
-6.45806933333 297.625683026
-6.45306666667 297.397698312
-6.448064 297.119188516
-6.44306133333 296.808168352
-6.43805866667 296.622177183
-6.433056 296.35468403
-6.42805333333 296.284868499
-6.42305066667 296.015885073
-6.418048 295.807332302
-6.41304533333 295.734373279
-6.40804266667 295.692235462
-6.40304 295.631350421
-6.39803733333 295.741200599
-6.39303466667 295.481945694
-6.388032 295.162303653
-6.38302933333 295.714772995
-6.37802666667 296.144945977
-6.373024 296.057233377
-6.36802133333 294.573970062
-6.36301866667 297.317678344
-6.358016 297.906239307
-6.35301333333 298.561113864
-6.34801066667 298.742559067
-6.343008 298.882406625
-6.33800533333 298.996954576
-6.33300266667 298.96501103
-6.328 298.994536958
-6.32299733333 298.986329962
-6.31799466667 299.059846237
-6.312992 299.10925861
-6.30798933333 299.221307207
-6.30298666667 299.259178935
-6.297984 299.422489726
-6.29298133333 299.493909114
-6.28797866667 299.659849035
-6.282976 299.799057325
-6.27797333333 300.027473363
-6.27297066667 300.169214001
-6.267968 300.398243572
-6.26296533333 300.49075817
-6.25796266667 300.614740888
-6.25296 300.739145746
-6.24795733333 300.932456501
-6.24295466667 300.977081361
-6.237952 301.09157091
-6.23294933333 301.097356148
-6.22794666667 301.261709331
-6.222944 301.33221982
-6.21794133333 301.511605835
-6.21293866667 301.603864496
-6.207936 301.680497798
-6.20293333333 301.670368255
-6.19793066667 301.747646648
-6.192928 301.749049955
-6.18792533333 301.857587029
-6.18292266667 301.824665022
-6.17792 301.953399008
-6.17291733333 301.993807643
-6.16791466667 302.005131374
-6.162912 301.893589892
-6.15790933333 301.947729916
-6.15290666667 302.035810839
-6.147904 302.094480949
-6.14290133333 302.05208492
-6.13789866667 302.081246175
-6.132896 302.059093489
-6.12789333333 302.1200935
-6.12289066667 302.140648152
-6.117888 302.24061255
-6.11288533333 302.205364412
-6.10788266667 302.208760676
-6.10288 302.160565746
-6.09787733333 302.23309214
-6.09287466667 302.222511617
-6.087872 302.225934148
-6.08286933333 302.163826439
-6.07786666667 302.111393479
-6.072864 302.061748411
-6.06786133333 302.061625856
-6.06285866667 301.999813953
-6.057856 302.031057296
-6.05285333333 301.99221964
-6.04785066667 301.944306867
-6.042848 301.89220885
-6.03784533333 301.877635977
-6.03284266667 301.832372244
-6.02784 301.835445804
-6.02283733333 301.739190497
-6.01783466667 301.798880131
-6.012832 301.725511381
-6.00782933333 301.741346522
-6.00282666667 301.622060021
-5.997824 301.721214525
-5.99282133333 301.634246272
-5.98781866667 301.639391032
-5.982816 301.660565655
-5.97781333333 301.691515798
-5.97281066667 301.620062881
-5.967808 301.632679312
-5.96280533333 301.505774742
-5.95780266667 301.563342295
-5.9528 301.460169353
-5.94779733333 301.446733758
-5.94279466667 301.397540565
-5.937792 301.476881062
-5.93278933333 301.388511619
-5.92778666667 301.392417805
-5.922784 301.295582479
-5.91778133333 301.308130237
-5.91277866667 301.277395032
-5.907776 301.26964351
-5.90277333333 301.198479464
-5.89777066667 301.260863364
-5.892768 301.207407353
-5.88776533333 301.197888628
-5.88276266667 301.152209352
-5.87776 301.135006622
-5.87275733333 301.104062026
-5.86775466667 301.115401097
-5.862752 301.080244625
-5.85774933333 301.038057874
-5.85274666667 300.973819633
-5.847744 301.01116456
-5.84274133333 300.943659614
-5.83773866667 300.960636188
-5.832736 300.908967702
-5.82773333333 300.907397032
-5.82273066667 300.854786373
-5.817728 300.834302993
-5.81272533333 300.818020492
-5.80772266667 300.805316314
-5.80272 300.756096168
-5.79771733333 300.737662135
-5.79271466667 300.742687877
-5.787712 300.759478694
-5.78270933333 300.641396957
-5.77770666667 300.718125641
-5.772704 300.684965811
-5.76770133333 300.737686598
-5.76269866667 300.660860875
-5.757696 300.706615685
-5.75269333333 300.698443284
-5.74769066667 300.704211059
-5.742688 300.623871643
-5.73768533333 300.635326057
-5.73268266667 300.578921502
-5.72768 300.635306479
-5.72267733333 300.583918335
-5.71767466667 300.616658587
-5.712672 300.588097908
-5.70766933333 300.643332162
-5.70266666667 300.617487407
-5.697664 300.666408438
-5.69266133333 300.614873338
-5.68765866667 300.660780617
-5.682656 300.560253974
-5.67765333333 300.610390004
-5.67265066667 300.545362354
-5.667648 300.577883676
-5.66264533333 300.521784226
-5.65764266667 300.538975299
-5.65264 300.545080692
-5.64763733333 300.583062758
-5.64263466667 300.51717964
-5.637632 300.588509753
-5.63262933333 300.524194766
-5.62762666667 300.545410976
-5.622624 300.544053643
-5.61762133333 300.585210787
-5.61261866667 300.553732956
-5.607616 300.569279378
-5.60261333333 300.542757021
-5.59761066667 300.596970918
-5.592608 300.535845855
-5.58760533333 300.565780392
-5.58260266667 300.540670941
-5.5776 300.619835383
-5.57259733333 300.584999274
-5.56759466667 300.648144009
-5.562592 300.579817583
-5.55758933333 300.629296751
-5.55258666667 300.622898586
-5.547584 300.704684259
-5.54258133333 300.653680818
-5.53757866667 300.670120212
-5.532576 300.650636276
-5.52757333333 300.650227138
-5.52257066667 300.608213154
-5.517568 300.672707992
-5.51256533333 300.649668381
-5.50756266667 300.627369183
-5.50256 300.582417145
-5.49755733333 300.63182735
-5.49255466667 300.584998389
-5.487552 300.603836946
-5.48254933333 300.594980489
-5.47754666667 300.661263619
-5.472544 300.568655909
-5.46754133333 300.593849897
-5.46253866667 300.521700109
-5.457536 300.584764363
-5.45253333333 300.548231016
-5.44753066667 300.646663821
-5.442528 300.576259924
-5.43752533333 300.622968548
-5.43252266667 300.603360956
-5.42752 300.5610981
-5.42251733333 300.563349759
-5.41751466667 300.598539892
-5.412512 300.58885833
-5.40750933333 300.545676836
-5.40250666667 300.516620895
-5.397504 300.575524332
-5.39250133333 300.524431084
-5.38749866667 300.568736507
-5.382496 300.532081382
-5.37749333333 300.565141616
-5.37249066667 300.503953664
-5.367488 300.525200986
-5.36248533333 300.480030496
-5.35748266667 300.517420098
-5.35248 300.509121791
-5.34747733333 300.549968475
-5.34247466667 300.519723786
-5.337472 300.575904677
-5.33246933333 300.532856227
-5.32746666667 300.556450632
-5.322464 300.538348091
-5.31746133333 300.598753434
-5.31245866667 300.546285095
-5.307456 300.543993964
-5.30245333333 300.527072434
-5.29745066667 300.581168262
-5.292448 300.569050738
-5.28744533333 300.569274089
-5.28244266667 300.574811182
-5.27744 300.644056266
-5.27243733333 300.616850834
-5.26743466667 300.650484458
-5.262432 300.608833287
-5.25742933333 300.649256547
-5.25242666667 300.668751752
-5.247424 300.657080489
-5.24242133333 300.625369214
-5.23741866667 300.692666955
-5.232416 300.659636262
-5.22741333333 300.686753675
-5.22241066667 300.671975119
-5.217408 300.730082663
-5.21240533333 300.705872344
-5.20740266667 300.693244118
-5.2024 300.71058677
-5.19739733333 300.73263023
-5.19239466667 300.693605756
-5.187392 300.737096927
-5.18238933333 300.690746313
-5.17738666667 300.697016881
-5.172384 300.744466269
-5.16738133333 300.769218595
-5.16237866667 300.727124389
-5.157376 300.775124608
-5.15237333333 300.789159315
-5.14737066667 300.803684017
-5.142368 300.776285557
-5.13736533333 300.799627369
-5.13236266667 300.821078397
-5.12736 300.866073164
-5.12235733333 300.811617238
-5.11735466667 300.841596139
-5.112352 300.892549917
-5.10734933333 300.925284468
-5.10234666667 300.900047638
-5.097344 300.933922251
-5.09234133333 300.906317969
-5.08733866667 300.966900786
-5.082336 300.972256723
-5.07733333333 301.009489703
-5.07233066667 301.007075404
-5.067328 301.020468178
-5.06232533333 300.993318509
-5.05732266667 301.008015675
-5.05232 300.987504265
-5.04731733333 301.014244913
-5.04231466667 300.99887131
-5.037312 301.067428158
-5.03230933333 300.981219374
-5.02730666667 301.034038131
-5.022304 301.022046673
-5.01730133333 301.085619607
-5.01229866667 301.067004511
-5.007296 301.077313175
-5.00229333333 301.087943991
-4.99729066667 301.130723308
-4.992288 301.143548031
-4.98728533333 301.179976362
-4.98228266667 301.183864138
-4.97728 301.182353315
-4.97227733333 301.177917347
-4.96727466667 301.18860871
-4.962272 301.153552918
-4.95726933333 301.199283759
-4.95226666667 301.189533463
-4.947264 301.197598129
-4.94226133333 301.200543042
-4.93725866667 301.263390924
-4.932256 301.206944393
-4.92725333333 301.255581249
-4.92225066667 301.248101442
-4.917248 301.279099573
-4.91224533333 301.267098312
-4.90724266667 301.303953785
-4.90224 301.25983963
-4.89723733333 301.299373547
-4.89223466667 301.284521304
-4.887232 301.307348678
-4.88222933333 301.284444813
-4.87722666667 301.325762887
-4.872224 301.264712881
-4.86722133333 301.353362608
-4.86221866667 301.300926031
-4.857216 301.3590312
-4.85221333333 301.288455919
-4.84721066667 301.306109756
-4.842208 301.27308598
-4.83720533333 301.309248667
-4.83220266667 301.298806456
-4.8272 301.301411687
-4.82219733333 301.212080806
-4.81719466667 301.27675145
-4.812192 301.232976158
-4.80718933333 301.226786713
-4.80218666667 301.156428091
-4.797184 301.213564658
-4.79218133333 301.149847003
-4.78717866667 301.18175244
-4.782176 301.135606259
-4.77717333333 301.144660224
-4.77217066667 301.13255976
-4.767168 301.156280993
-4.76216533333 301.086748978
-4.75716266667 301.139758182
-4.75216 301.128925358
-4.74715733333 301.153391217
-4.74215466667 301.07494814
-4.737152 301.140558443
-4.73214933333 301.086493732
-4.72714666667 301.121056967
-4.722144 301.119372533
-4.71714133333 301.213263158
-4.71213866667 301.222256817
-4.707136 301.244237003
-4.70213333333 301.248366557
-4.69713066667 301.298498498
-4.692128 301.254153465
-4.68712533333 301.281528492
-4.68212266667 301.286987581
-4.67712 301.339753701
-4.67211733333 301.298028097
-4.66711466667 301.380458125
-4.662112 301.363508782
-4.65710933333 301.420568466
-4.65210666667 301.411659599
-4.647104 301.456278421
-4.64210133333 301.408141481
-4.63709866667 301.462966821
-4.632096 301.436230799
-4.62709333333 301.40171765
-4.62209066667 301.378341442
-4.617088 301.455115498
-4.61208533333 301.387359621
-4.60708266667 301.357403619
-4.60208 301.327895658
-4.59707733333 301.375866496
-4.59207466667 301.374081969
-4.587072 301.371036902
-4.58206933333 301.475203534
-4.57706666667 301.492674194
-4.572064 301.521469945
-4.56706133333 301.506152225
-4.56205866667 301.442791695
-4.557056 301.576595132
-4.55205333333 301.793234902
-4.54705066667 302.071172707
-4.542048 302.130873761
-4.53704533333 302.155867948
-4.53204266667 302.116762576
-4.52704 302.120751009
-4.52203733333 302.149274591
-4.51703466667 302.346267515
-4.512032 302.460757466
-4.50702933333 302.64752476
-4.50202666667 302.795559175
-4.497024 303.078558919
-4.49202133333 303.186484549
-4.48701866667 303.398517254
-4.482016 303.517544778
-4.47701333333 303.745754726
-4.47201066667 303.903095609
-4.467008 304.028830929
-4.46200533333 304.161626754
-4.45700266667 304.341949387
-4.452 304.573375848
-4.44699733333 304.704542186
-4.44199466667 304.779132752
-4.436992 304.927812113
-4.43198933333 305.069518236
-4.42698666667 305.226639118
-4.421984 305.357983088
-4.41698133333 305.527393234
-4.41197866667 305.588815127
-4.406976 305.797129806
-4.40197333333 305.876778637
-4.39697066667 306.043314982
-4.391968 306.175297799
-4.38696533333 306.284036909
-4.38196266667 306.337771388
-4.37696 306.510220186
-4.37195733333 306.594209219
-4.36695466667 306.697471713
-4.361952 306.721312463
-4.35694933333 306.841401617
-4.35194666667 306.81974077
-4.346944 306.885360703
-4.34194133333 306.958919249
-4.33693866667 307.052722335
-4.331936 307.056897791
-4.32693333333 307.15073777
-4.32193066667 307.105822031
-4.316928 307.123168507
-4.31192533333 307.143202122
-4.30692266667 307.269766123
-4.30192 307.178944567
-4.29691733333 307.32142006
-4.29191466667 307.316491534
-4.286912 307.35609035
-4.28190933333 307.411840806
-4.27690666667 307.498474493
-4.271904 307.552398425
-4.26690133333 307.585509854
-4.26189866667 307.645547238
-4.256896 307.7571422
-4.25189333333 307.769852605
-4.24689066667 307.790325898
-4.241888 307.732445609
-4.23688533333 307.77952798
-4.23188266667 307.776126527
-4.22688 307.888338128
-4.22187733333 307.917455745
-4.21687466667 307.960200031
-4.211872 307.880760239
-4.20686933333 307.865588193
-4.20186666667 307.832043001
-4.196864 307.87318317
-4.19186133333 307.854048468
-4.18685866667 307.893880113
-4.181856 307.838813243
-4.17685333333 307.886726521
-4.17185066667 307.805062858
-4.166848 307.760304673
-4.16184533333 307.719658716
-4.15684266667 307.791418441
-4.15184 307.802445801
-4.14683733333 307.770272921
-4.14183466667 307.766586674
-4.136832 307.78679815
-4.13182933333 307.824189571
-4.12682666667 307.841009285
-4.121824 307.870483975
-4.11682133333 307.879575844
-4.11181866667 307.809704774
-4.106816 307.880383623
-4.10181333333 307.839415522
-4.09681066667 307.828371855
-4.091808 307.714400209
-4.08680533333 307.668056742
-4.08180266667 307.513845947
-4.0768 307.490282041
-4.07179733333 307.438107587
-4.06679466667 307.440361863
-4.061792 307.367270895
-4.05678933333 307.413960759
-4.05178666667 307.346298298
-4.046784 307.410304376
-4.04178133333 307.422530903
-4.03677866667 307.463952506
-4.031776 307.456567843
-4.02677333333 307.439354393
-4.02177066667 307.326339006
-4.016768 307.384579219
-4.01176533333 307.447199204
-4.00676266667 307.433128781
-4.00176 307.359667403
-3.99675733333 307.315563905
-3.99175466667 307.111820986
-3.986752 306.891939126
-3.98174933333 306.705872495
-3.97674666667 306.423224376
-3.971744 306.222643873
-3.96674133333 306.079019838
-3.96173866667 305.565618578
-3.956736 305.09427337
-3.95173333333 304.393285802
-3.94673066667 303.762061037
-3.941728 303.075101537
-3.93672533333 303.235405559
-3.93172266667 302.870666714
-3.92672 302.563471849
-3.92171733333 302.272321434
-3.91671466667 302.325074704
-3.911712 302.520755663
-3.90670933333 303.050310797
-3.90170666667 303.140466556
-3.896704 302.917092592
-3.89170133333 302.919615081
-3.88669866667 303.077217786
-3.881696 302.969550087
-3.87669333333 302.807299853
-3.87169066667 302.812367118
-3.866688 302.732793252
-3.86168533333 302.758856423
-3.85668266667 302.974705887
-3.85168 303.025413867
-3.84667733333 303.198754752
-3.84167466667 303.130496806
-3.836672 303.100148725
-3.83166933333 302.951986735
-3.82666666667 302.843042512
-3.821664 302.777375321
-3.81666133333 302.740921702
-3.81165866667 302.527029431
-3.806656 302.421753016
-3.80165333333 302.394410284
-3.79665066667 302.509652283
-3.791648 302.461780341
-3.78664533333 302.487641414
-3.78164266667 302.344428843
-3.77664 302.362058688
-3.77163733333 302.28817067
-3.76663466667 302.171901698
-3.761632 302.17372554
-3.75662933333 302.177470981
-3.75162666667 302.090784156
-3.746624 302.060237461
-3.74162133333 301.939695522
-3.73661866667 301.92394947
-3.731616 301.890664003
-3.72661333333 301.885503542
-3.72161066667 301.821770699
-3.716608 301.781635308
-3.71160533333 301.772924415
-3.70660266667 301.785434505
-3.7016 301.796051339
-3.69659733333 301.825259272
-3.69159466667 301.812338821
-3.686592 301.826662258
-3.68158933333 301.791631153
-3.67658666667 301.815973119
-3.671584 301.925368682
-3.66658133333 302.0151345
-3.66157866667 301.96406424
-3.656576 302.100005453
-3.65157333333 302.061840506
-3.64657066667 302.018786047
-3.641568 301.866824442
-3.63656533333 301.842815007
-3.63156266667 301.699405973
-3.62656 301.632325493
-3.62155733333 301.4108188
-3.61655466667 301.325805245
-3.611552 301.304829902
-3.60654933333 301.40425689
-3.60154666667 301.301061889
-3.596544 301.320664286
-3.59154133333 301.252526062
-3.58653866667 301.204183607
-3.581536 301.041410589
-3.57653333333 300.941870961
-3.57153066667 300.848333568
-3.566528 300.678648954
-3.56152533333 300.570169867
-3.55652266667 300.406016801
-3.55152 300.225105708
-3.54651733333 300.113151229
-3.54151466667 299.988651137
-3.536512 299.956391703
-3.53150933333 299.829458934
-3.52650666667 299.862210083
-3.521504 299.776701736
-3.51650133333 299.860729246
-3.51149866667 300.014711941
-3.506496 301.134510945
-3.50149333333 302.218662262
-3.49649066667 302.472196794
-3.491488 302.610205574
-3.48648533333 302.710427463
-3.48148266667 302.597161007
-3.47648 302.57927598
-3.47147733333 302.435917939
-3.46647466667 302.225266353
-3.461472 302.022384423
-3.45646933333 301.81688202
-3.45146666667 301.648217102
-3.446464 301.51854876
-3.44146133333 301.271935732
-3.43645866667 301.1277946
-3.431456 300.843046784
-3.42645333333 300.684017461
-3.42145066667 300.323748838
-3.416448 299.958588642
-3.41144533333 299.515918986
-3.40644266667 299.251537029
-3.40144 298.897879043
-3.39643733333 298.731864103
-3.39143466667 298.429621436
-3.386432 298.22226497
-3.38142933333 297.85831445
-3.37642666667 297.384387945
-3.371424 296.744898917
-3.36642133333 296.418880144
-3.36141866667 295.962603985
-3.356416 295.619848803
-3.35141333333 295.175783961
-3.34641066667 294.502243409
-3.341408 294.14724739
-3.33640533333 294.257202209
-3.33140266667 294.295352517
-3.3264 294.489598303
-3.32139733333 294.796836669
-3.31639466667 294.871173434
-3.311392 294.876876212
-3.30638933333 295.219507918
-3.30138666667 295.244564324
-3.296384 295.57362407
-3.29138133333 295.86397242
-3.28637866667 295.859618534
-3.281376 296.017544168
-3.27637333333 296.687984882
-3.27137066667 297.210236159
-3.266368 297.403641179
-3.26136533333 296.543954029
-3.25636266667 294.0609903
-3.25136 291.498121395
-3.24635733333 290.382205911
-3.24135466667 290.022110564
-3.236352 289.962255042
-3.23134933333 290.006860831
-3.22634666667 289.916564822
-3.221344 289.959245904
-3.21634133333 289.968232258
-3.21133866667 289.839097939
-3.206336 289.787599241
-3.20133333333 289.69043524
-3.19633066667 289.738068505
-3.191328 289.693388582
-3.18632533333 289.739859846
-3.18132266667 289.814598
-3.17632 289.860420455
-3.17131733333 289.721275187
-3.16631466667 289.705146091
-3.161312 289.675546796
-3.15630933333 289.74032336
-3.15130666667 289.783063005
-3.146304 289.82068597
-3.14130133333 289.911660735
-3.13629866667 290.023669623
-3.131296 290.064203484
-3.12629333333 290.188502158
-3.12129066667 290.311693797
-3.116288 290.4655887
-3.11128533333 290.535716857
-3.10628266667 290.687074974
-3.10128 290.726505097
-3.09627733333 290.838110328
-3.09127466667 290.932916758
-3.086272 291.075476634
-3.08126933333 291.061992657
-3.07626666667 291.114283981
-3.071264 291.11809874
-3.06626133333 291.167321591
-3.06125866667 291.177020367
-3.056256 291.232648274
-3.05125333333 291.283274661
-3.04625066667 291.393087652
-3.041248 291.356160179
-3.03624533333 291.405476104
-3.03124266667 291.40600651
-3.02624 291.401000632
-3.02123733333 291.407322523
-3.01623466667 291.418128498
-3.011232 291.446410774
-3.00622933333 291.441630993
-3.00122666667 291.484803373
-2.996224 291.542027433
-2.99122133333 291.550735728
-2.98621866667 291.589895147
-2.981216 291.602233112
-2.97621333333 291.662644583
-2.97121066667 291.720214791
-2.966208 291.791294793
-2.96120533333 291.792694218
-2.95620266667 291.863901858
-2.9512 291.862982278
-2.94619733333 291.965892221
-2.94119466667 291.949655658
-2.936192 292.044653676
-2.93118933333 292.083982311
-2.92618666667 292.156923823
-2.921184 292.182347095
-2.91618133333 292.252297246
-2.91117866667 292.306306522
-2.906176 292.338764981
-2.90117333333 292.381963788
-2.89617066667 292.484104789
-2.891168 292.463162285
-2.88616533333 292.53839759
-2.88116266667 292.478208409
-2.87616 292.507930669
-2.87115733333 292.543132693
-2.86615466667 292.566185219
-2.861152 292.649065138
-2.85614933333 292.69434101
-2.85114666667 292.717485057
-2.846144 292.739163162
-2.84114133333 292.792099118
-2.83613866667 292.823743538
-2.831136 292.839741967
-2.82613333333 292.819243667
-2.82113066667 292.852515212
-2.816128 292.906413804
-2.81112533333 292.866447508
-2.80612266667 292.919893691
-2.80112 292.912041244
-2.79611733333 292.95163786
-2.79111466667 292.948223798
-2.786112 293.025799738
-2.78110933333 293.011180599
-2.77610666667 293.061982701
-2.771104 293.080031657
-2.76610133333 293.12443814
-2.76109866667 293.138736436
-2.756096 293.241909623
-2.75109333333 293.315685875
-2.74609066667 293.384194768
-2.741088 293.401081795
-2.73608533333 293.462393748
-2.73108266667 293.494850896
-2.72608 293.559754584
-2.72107733333 293.595265659
-2.71607466667 293.646165042
-2.711072 293.648369495
-2.70606933333 293.714112526
-2.70106666667 293.690480854
-2.696064 293.737938337
-2.69106133333 293.764159255
-2.68605866667 293.807373574
-2.681056 293.810950427
-2.67605333333 293.82248903
-2.67105066667 293.85705391
-2.666048 293.845151742
-2.66104533333 293.883377562
-2.65604266667 293.940073428
-2.65104 293.977656931
-2.64603733333 293.963065708
-2.64103466667 293.955973957
-2.636032 293.985048587
-2.63102933333 294.046809442
-2.62602666667 294.007217619
-2.621024 294.006777648
-2.61602133333 294.018329571
-2.61101866667 294.036595098
-2.606016 294.041239308
-2.60101333333 294.028806989
-2.59601066667 294.070769574
-2.591008 294.092021518
-2.58600533333 294.136549282
-2.58100266667 294.119167191
-2.576 294.173982231
-2.57099733333 294.136241182
-2.56599466667 294.161685992
-2.560992 294.223970275
-2.55598933333 294.195276495
-2.55098666667 294.190023348
-2.545984 294.203098775
-2.54098133333 294.189801437
-2.53597866667 294.224495458
-2.530976 294.222417913
-2.52597333333 294.239655346
-2.52097066667 294.257692206
-2.515968 294.282473695
-2.51096533333 294.28438629
-2.50596266667 294.326460881
-2.50096 294.313864921
-2.49595733333 294.346837052
-2.49095466667 294.375561552
-2.485952 294.377677675
-2.48094933333 294.347727422
-2.47594666667 294.396947505
-2.470944 294.417129485
-2.46594133333 294.417138277
-2.46093866667 294.397673024
-2.455936 294.435862558
-2.45093333333 294.444818188
-2.44593066667 294.473925946
-2.440928 294.500149478
-2.43592533333 294.529596144
-2.43092266667 294.480784007
-2.42592 294.521887313
-2.42091733333 294.515414503
-2.41591466667 294.562387366
-2.410912 294.556175305
-2.40590933333 294.573466562
-2.40090666667 294.570135537
-2.395904 294.568862425
-2.39090133333 294.602271297
-2.38589866667 294.604211046
-2.380896 294.638780254
-2.37589333333 294.6604682
-2.37089066667 294.636067409
-2.365888 294.685068145
-2.36088533333 294.650694531
-2.35588266667 294.711507948
-2.35088 294.727108676
-2.34587733333 294.770146367
-2.34087466667 294.719835174
-2.335872 294.756826009
-2.33086933333 294.717903372
-2.32586666667 294.738306539
-2.320864 294.753844346
-2.31586133333 294.776852122
-2.31085866667 294.799350299
-2.305856 294.773957794
-2.30085333333 294.770534694
-2.29585066667 294.827929717
-2.290848 294.834328962
-2.28584533333 294.823816649
-2.28084266667 294.814253833
-2.27584 294.835292459
-2.27083733333 294.792781822
-2.26583466667 294.84026436
-2.260832 294.81515369
-2.25582933333 294.84179536
-2.25082666667 294.820652833
-2.245824 294.862618335
-2.24082133333 294.826013227
-2.23581866667 294.890466362
-2.230816 294.828017057
-2.22581333333 294.865882048
-2.22081066667 294.867406471
-2.215808 294.913139188
-2.21080533333 294.878785271
-2.20580266667 294.862936631
-2.2008 294.815263829
-2.19579733333 294.870589089
-2.19079466667 294.905317871
-2.185792 294.898793801
-2.18078933333 294.840000487
-2.17578666667 294.892232889
-2.170784 294.913671199
-2.16578133333 294.940167444
-2.16077866667 294.940034132
-2.155776 294.959267063
-2.15077333333 294.914507871
-2.14577066667 294.959952216
-2.140768 294.903431617
-2.13576533333 295.00428276
-2.13076266667 294.949070137
-2.12576 294.937497341
-2.12075733333 294.884219236
-2.11575466667 294.910536378
-2.110752 294.918420114
-2.10574933333 294.914151542
-2.10074666667 294.914586167
-2.095744 294.928818059
-2.09074133333 294.878510469
-2.08573866667 294.904496432
-2.080736 294.841330809
-2.07573333333 294.892992959
-2.07073066667 294.834871856
-2.065728 294.838010713
-2.06072533333 294.788463042
-2.05572266667 294.788763946
-2.05072 294.789574615
-2.04571733333 294.817420693
-2.04071466667 294.769197079
-2.035712 294.808628851
-2.03070933333 294.761112654
-2.02570666667 294.77241674
-2.020704 294.750431855
-2.01570133333 294.772214976
-2.01069866667 294.732128905
-2.005696 294.786508815
-2.00069333333 294.721416951
-1.99569066667 294.731295959
-1.990688 294.681631103
-1.98568533333 294.694180428
-1.98068266667 294.696765893
-1.97568 294.702559664
-1.97067733333 294.665436878
-1.96567466667 294.695187753
-1.960672 294.653228971
-1.95566933333 294.728055476
-1.95066666667 294.6994913
-1.945664 294.726753206
-1.94066133333 294.725425077
-1.93565866667 294.746089081
-1.930656 294.700850618
-1.92565333333 294.737182823
-1.92065066667 294.739844917
-1.915648 294.751495375
-1.91064533333 294.76408242
-1.90564266667 294.784486873
-1.90064 294.771904147
-1.89563733333 294.80227364
-1.89063466667 294.745106627
-1.885632 294.815904883
-1.88062933333 294.800376789
-1.87562666667 294.821332326
-1.870624 294.778143859
-1.86562133333 294.802654
-1.86061866667 294.782328609
-1.855616 294.829122888
-1.85061333333 294.810782307
-1.84561066667 294.795351362
-1.840608 294.81713233
-1.83560533333 294.845590121
-1.83060266667 294.806558156
-1.8256 294.838171619
-1.82059733333 294.828629682
-1.81559466667 294.836686435
-1.810592 294.82473132
-1.80558933333 294.808098079
-1.80058666667 294.800905136
-1.795584 294.84305944
-1.79058133333 294.786395192
-1.78557866667 294.791989097
-1.780576 294.738784868
-1.77557333333 294.773839119
-1.77057066667 294.717721898
-1.765568 294.754416119
-1.76056533333 294.721640552
-1.75556266667 294.752232923
-1.75056 294.722708368
-1.74555733333 294.77725237
-1.74055466667 294.7277434
-1.735552 294.760549021
-1.73054933333 294.709787825
-1.72554666667 294.689698483
-1.720544 294.702464099
-1.71554133333 294.708831583
-1.71053866667 294.706983337
-1.705536 294.697795981
-1.70053333333 294.686384724
-1.69553066667 294.690945562
-1.690528 294.61807982
-1.68552533333 294.620128651
-1.68052266667 294.63335089
-1.67552 294.668857263
-1.67051733333 294.655908519
-1.66551466667 294.657925686
-1.660512 294.670408022
-1.65550933333 294.681919317
-1.65050666667 294.686126974
-1.645504 294.690340769
-1.64050133333 294.667527927
-1.63549866667 294.733919766
-1.630496 294.680665497
-1.62549333333 294.711462834
-1.62049066667 294.707450816
-1.615488 294.682356053
-1.61048533333 294.642101682
-1.60548266667 294.702708749
-1.60048 294.66841994
-1.59547733333 294.691500207
-1.59047466667 294.672127151
-1.585472 294.706679015
-1.58046933333 294.765909211
-1.57546666667 294.731223547
-1.570464 294.712250345
-1.56546133333 294.793470169
-1.56045866667 294.83259981
-1.555456 294.911464593
-1.55045333333 294.977941275
-1.54545066667 295.086330277
-1.540448 295.189606355
-1.53544533333 295.326948148
-1.53044266667 295.614208327
-1.52544 295.768703107
-1.52043733333 295.988477428
-1.51543466667 296.191967894
-1.510432 296.310724531
-1.50542933333 296.399925098
-1.50042666667 296.560218562
-1.495424 296.774200146
-1.49042133333 296.971920628
-1.48541866667 297.255278841
-1.480416 297.488734736
-1.47541333333 297.603945985
-1.47041066667 297.722373991
-1.465408 298.097566023
-1.46040533333 298.191564429
-1.45540266667 298.458280482
-1.4504 298.543067891
-1.44539733333 298.738612743
-1.44039466667 298.961413384
-1.435392 299.146247397
-1.43038933333 299.301412858
-1.42538666667 299.28934354
-1.420384 299.551147749
-1.41538133333 299.790063534
-1.41037866667 299.904931117
-1.405376 299.943268917
-1.40037333333 300.067404175
-1.39537066667 300.219081312
-1.390368 300.272204167
-1.38536533333 300.379690716
-1.38036266667 300.476329034
-1.37536 300.547578385
-1.37035733333 300.523533724
-1.36535466667 300.507806719
-1.360352 300.576703952
-1.35534933333 300.570491864
-1.35034666667 300.554005855
-1.345344 300.551369327
-1.34034133333 300.483984623
-1.33533866667 300.525869888
-1.330336 300.459431995
-1.32533333333 300.381020408
-1.32033066667 300.291079704
-1.315328 300.269960134
-1.31032533333 300.213410323
-1.30532266667 300.133212634
-1.30032 300.099993567
-1.29531733333 300.115670923
-1.29031466667 300.102438917
-1.285312 300.040960418
-1.28030933333 299.974930213
-1.27530666667 299.992694329
-1.270304 299.935957951
-1.26530133333 299.948540318
-1.26029866667 299.887748801
-1.255296 299.942604955
-1.25029333333 299.908408026
-1.24529066667 299.931586198
-1.240288 299.936139437
-1.23528533333 299.976847502
-1.23028266667 299.908134374
-1.22528 299.889298723
-1.22027733333 299.888878309
-1.21527466667 299.893186879
-1.210272 299.882734286
-1.20526933333 299.898712896
-1.20026666667 299.913840178
-1.195264 299.932804708
-1.19026133333 299.917098765
-1.18525866667 299.943508908
-1.180256 299.967574321
-1.17525333333 299.977760085
-1.17025066667 299.978067653
-1.165248 299.974008245
-1.16024533333 300.009164267
-1.15524266667 300.034485251
-1.15024 300.072581019
-1.14523733333 300.07078779
-1.14023466667 300.061195999
-1.135232 300.073613739
-1.13022933333 300.085566152
-1.12522666667 300.100410211
-1.120224 300.144131071
-1.11522133333 300.228815761
-1.11021866667 300.215637749
-1.105216 300.219513337
-1.10021333333 300.216958165
-1.09521066667 300.229783629
-1.090208 300.276016218
-1.08520533333 300.2322632
-1.08020266667 300.238817353
-1.0752 300.282147591
-1.07019733333 300.295773578
-1.06519466667 300.302340249
-1.060192 300.285054493
-1.05518933333 300.346034128
-1.05018666667 300.368487407
-1.045184 300.316781259
-1.04018133333 300.304634323
-1.03517866667 300.341873568
-1.030176 300.420438559
-1.02517333333 300.422669571
-1.02017066667 300.408025029
-1.015168 300.463964295
-1.01016533333 300.442631198
-1.00516266667 300.465929111
-1.00016 300.407734288
-0.995157333333 300.482662542
-0.990154666667 300.494872445
-0.985152 300.48312418
-0.980149333333 300.45721088
-0.975146666667 300.470167839
-0.970144 300.474362692
-0.965141333333 300.467585698
-0.960138666667 300.477377055
-0.955136 300.483541352
-0.950133333333 300.433003412
-0.945130666667 300.441499633
-0.940128 300.433574477
-0.935125333333 300.490507813
-0.930122666667 300.469262962
-0.92512 300.458362837
-0.920117333333 300.446405351
-0.915114666667 300.474115178
-0.910112 300.448706631
-0.905109333333 300.427653018
-0.900106666667 300.423008117
-0.895104 300.489261691
-0.890101333333 300.430970571
-0.885098666667 300.410211347
-0.880096 300.425427338
-0.875093333333 300.448581585
-0.870090666667 300.45280747
-0.865088 300.447425713
-0.860085333333 300.442468885
-0.855082666667 300.450086275
-0.85008 300.413199298
-0.845077333333 300.427765114
-0.840074666667 300.450003723
-0.835072 300.466705768
-0.830069333333 300.493217032
-0.825066666667 300.470241714
-0.820064 300.449630128
-0.815061333333 300.501513319
-0.810058666667 300.498356067
-0.805056 300.511884238
-0.800053333333 300.438297803
-0.795050666667 300.495289901
-0.790048 300.478795279
-0.785045333333 300.488591629
-0.780042666667 300.479752429
-0.77504 300.519248313
-0.770037333333 300.486872001
-0.765034666667 300.487002901
-0.760032 300.48809622
-0.755029333333 300.480454996
-0.750026666667 300.492201221
-0.745024 300.455142333
-0.740021333333 300.505580865
-0.735018666667 300.538641335
-0.730016 300.517364472
-0.725013333333 300.541102868
-0.720010666667 300.557852206
-0.715008 300.584439928
-0.710005333333 300.613204237
-0.705002666667 300.644027196
-0.7 300.65811223
-0.694997333333 300.689003991
-0.689994666667 300.728043211
-0.684992 300.726831847
-0.679989333333 300.700110128
-0.674986666667 300.705311864
-0.669984 300.658074482
-0.664981333333 300.741647641
-0.659978666667 300.775330415
-0.654976 300.788624861
-0.649973333333 300.79843115
-0.644970666667 300.796950804
-0.639968 300.785414496
-0.634965333333 300.760048996
-0.629962666667 300.77324621
-0.62496 300.761247481
-0.619957333333 300.752186863
-0.614954666667 300.7271926
-0.609952 300.721333579
-0.604949333333 300.744219519
-0.599946666667 300.739951798
-0.594944 300.781682096
-0.589941333333 300.769151567
-0.584938666667 300.790761922
-0.579936 300.742069295
-0.574933333333 300.784908329
-0.569930666667 300.803671254
-0.564928 300.814712794
-0.559925333333 300.768255827
-0.554922666667 300.810280547
-0.54992 300.737126306
-0.544917333333 300.763413547
-0.539914666667 300.763214443
-0.534912 300.801710983
-0.529909333333 300.777010494
-0.524906666667 300.811353474
-0.519904 300.843721205
-0.514901333333 300.848619329
-0.509898666667 300.847652448
-0.504896 300.876265757
-0.499893333333 300.870347146
-0.494890666667 300.896214434
-0.489888 300.888382131
-0.484885333333 300.882241153
-0.479882666667 300.687057971
-0.47488 300.712565173
-0.469877333333 300.677407338
-0.464874666667 300.689213023
-0.459872 300.649449366
-0.454869333333 300.669198036
-0.449866666667 300.633135822
-0.444864 300.642925567
-0.439861333333 300.580452442
-0.434858666667 300.616166172
-0.429856 300.556996666
-0.424853333333 300.538561993
-0.419850666667 300.497391741
-0.414848 300.546722234
-0.409845333333 300.566124479
-0.404842666667 300.609169555
-0.39984 300.511219722
-0.394837333333 300.513502964
-0.389834666667 300.537472396
-0.384832 300.539065414
-0.379829333333 300.55301333
-0.374826666667 300.565700119
-0.369824 300.513133721
-0.364821333333 300.509930435
-0.359818666667 300.537324207
-0.354816 300.5272519
-0.349813333333 300.538724482
-0.344810666667 300.560372495
-0.339808 300.5221402
-0.334805333333 300.531597081
-0.329802666667 300.525060238
-0.3248 300.529137028
-0.319797333333 300.502667426
-0.314794666667 300.562179036
-0.309792 300.530054367
-0.304789333333 300.534711147
-0.299786666667 300.554470948
-0.294784 300.552639264
-0.289781333333 300.499778037
-0.284778666667 300.556574111
-0.279776 300.562756045
-0.274773333333 300.57579761
-0.269770666667 300.513608586
-0.264768 300.525016435
-0.259765333333 300.492795076
-0.254762666667 300.555468947
-0.24976 300.522538642
-0.244757333333 300.525214808
-0.239754666667 300.490812633
-0.234752 300.505036135
-0.229749333333 300.521276905
-0.224746666667 300.547863164
-0.219744 300.579318539
-0.214741333333 300.6028026
-0.209738666667 300.61845768
-0.204736 300.690302083
-0.199733333333 300.704304881
-0.194730666667 300.786765542
-0.189728 300.843286525
-0.184725333333 300.863663713
-0.179722666667 300.974194829
-0.17472 301.039745292
-0.169717333333 301.049023229
-0.164714666667 301.181828797
-0.159712 301.206187586
-0.154709333333 301.173381641
-0.149706666667 301.214030842
-0.144704 301.224011773
-0.139701333333 301.21607829
-0.134698666667 301.266438933
-0.129696 301.229090911
-0.124693333333 301.26006252
-0.119690666667 301.256980363
-0.114688 301.286880652
-0.109685333333 301.299206424
-0.104682666667 301.321048039
-0.09968 301.294251687
-0.0946773333333 301.283854071
-0.0896746666667 301.296756789
-0.084672 301.269201253
-0.0796693333333 301.303387341
-0.0746666666667 301.308691894
-0.069664 301.31990024
-0.0646613333333 301.356075037
-0.0596586666667 301.34322511
-0.054656 301.402793376
-0.0496533333333 301.36253247
-0.0446506666667 301.350155362
-0.039648 301.372044462
-0.0346453333333 301.396427428
-0.0296426666667 301.400747111
-0.02464 301.412377016
-0.0196373333333 301.4121646
-0.0146346666667 301.492902499
-0.009632 301.495843513
-0.00462933333333 301.502361114
