-9.99995733333 315.142288627
-9.99495466667 315.228378182
-9.989952 315.26768817
-9.98494933333 315.364481982
-9.97994666667 315.359570647
-9.974944 315.467794533
-9.96994133333 315.521263489
-9.96493866667 315.598528325
-9.959936 315.704288694
-9.95493333333 315.770753755
-9.94993066667 315.782242636
-9.944928 315.819390451
-9.93992533333 315.771657657
-9.93492266667 315.779768439
-9.92992 315.758061458
-9.92491733333 315.792307622
-9.91991466667 315.728838118
-9.914912 315.753450007
-9.90990933333 315.73693862
-9.90490666667 315.75741713
-9.899904 315.769234097
-9.89490133333 315.813757824
-9.88989866667 315.796279081
-9.884896 315.850262933
-9.87989333333 315.790027168
-9.87489066667 315.864182359
-9.869888 315.819303524
-9.86488533333 315.877167335
-9.85988266667 315.80799699
-9.85488 315.799372694
-9.84987733333 315.757192501
-9.84487466667 315.799641265
-9.839872 315.752076171
-9.83486933333 315.773354249
-9.82986666667 315.687781385
-9.824864 315.73362267
-9.81986133333 315.672127666
-9.81485866667 315.689598766
-9.809856 315.603208946
-9.80485333333 315.627343551
-9.79985066667 315.531800291
-9.794848 315.513480081
-9.78984533333 315.431234734
-9.78484266667 315.47588957
-9.77984 315.378824112
-9.77483733333 315.360710235
-9.76983466667 315.304994467
-9.764832 315.311427013
-9.75982933333 315.205448238
-9.75482666667 315.194976392
-9.749824 315.153881299
-9.74482133333 315.142299593
-9.73981866667 315.093037756
-9.734816 315.124524672
-9.72981333333 315.057391005
-9.72481066667 315.112935795
-9.719808 315.06181989
-9.71480533333 315.06418734
-9.70980266667 315.043399236
-9.7048 315.092920412
-9.69979733333 314.991261789
-9.69479466667 315.006544329
-9.689792 314.955696024
-9.68478933333 314.998681382
-9.67978666667 314.922028688
-9.674784 314.943099578
-9.66978133333 314.856557633
-9.66477866667 314.909483176
-9.659776 314.791806034
-9.65477333333 314.781214884
-9.64977066667 314.723419468
-9.644768 314.766265394
-9.63976533333 314.679705605
-9.63476266667 314.654096743
-9.62976 314.605269241
-9.62475733333 314.631571002
-9.61975466667 314.611432219
-9.614752 314.597864132
-9.60974933333 314.54312547
-9.60474666667 314.639319608
-9.599744 314.648390568
-9.59474133333 314.714243179
-9.58973866667 314.703016539
-9.584736 314.742903302
-9.57973333333 314.736506489
-9.57473066667 314.815691663
-9.569728 314.796638569
-9.56472533333 314.916841055
-9.55972266667 314.88580621
-9.55472 314.994453954
-9.54971733333 314.998382233
-9.54471466667 315.130591292
-9.539712 315.160634126
-9.53470933333 315.246156835
-9.52970666667 315.276065973
-9.524704 315.36865931
-9.51970133333 315.344844141
-9.51469866667 315.436197422
-9.509696 315.484948493
-9.50469333333 315.576549029
-9.49969066667 315.589541728
-9.494688 315.648376701
-9.48968533333 315.648836982
-9.48468266667 315.760015898
-9.47968 315.725122785
-9.47467733333 315.805175194
-9.46967466667 315.790243953
-9.464672 315.886317572
-9.45966933333 315.861858378
-9.45466666667 315.914922342
-9.449664 315.869090793
-9.44466133333 315.987651201
-9.43965866667 315.887935181
-9.434656 315.953542167
-9.42965333333 315.893624026
-9.42465066667 315.924375465
-9.419648 315.831335033
-9.41464533333 315.820538647
-9.40964266667 315.778665067
-9.40464 315.797286419
-9.39963733333 315.724001999
-9.39463466667 315.718335394
-9.389632 315.71089194
-9.38462933333 315.739582703
-9.37962666667 315.656621618
-9.374624 315.722028156
-9.36962133333 315.680391762
-9.36461866667 315.69889958
-9.359616 315.645214464
-9.35461333333 315.673427586
-9.34961066667 315.649878368
-9.344608 315.724524899
-9.33960533333 315.645193592
-9.33460266667 315.665385425
-9.3296 315.614093432
-9.32459733333 315.663178785
-9.31959466667 315.598320769
-9.314592 315.616570635
-9.30958933333 315.542381369
-9.30458666667 315.604949505
-9.299584 315.523611618
-9.29458133333 315.546825716
-9.28957866667 315.55551842
-9.284576 315.565085707
-9.27957333333 315.536340364
-9.27457066667 315.596659586
-9.269568 315.556958283
-9.26456533333 315.58965553
-9.25956266667 315.506721951
-9.25456 315.549294902
-9.24955733333 315.512537199
-9.24455466667 315.556693165
-9.239552 315.499076473
-9.23454933333 315.547449653
-9.22954666667 315.552235278
-9.224544 315.643570948
-9.21954133333 315.623362853
-9.21453866667 315.632937024
-9.209536 315.572247208
-9.20453333333 315.680149116
-9.19953066667 315.699629738
-9.194528 315.781610409
-9.18952533333 315.945013508
-9.18452266667 316.135745518
-9.17952 316.301357029
-9.17451733333 316.564227271
-9.16951466667 316.771988845
-9.164512 317.022566736
-9.15950933333 317.187886947
-9.15450666667 317.467189744
-9.149504 317.692615337
-9.14450133333 317.997111554
-9.13949866667 318.195943195
-9.134496 318.498761874
-9.12949333333 318.744630754
-9.12449066667 318.999156322
-9.119488 317.704604323
-9.11448533333 318.213340804
-9.10948266667 318.421106831
-9.10448 318.504425821
-9.09947733333 318.63251775
-9.09447466667 318.892255287
-9.089472 318.982512672
-9.08446933333 319.077628902
-9.07946666667 319.183321251
-9.074464 319.260285981
-9.06946133333 319.248324911
-9.06445866667 319.377179729
-9.059456 319.374552729
-9.05445333333 319.489118493
-9.04945066667 319.478659551
-9.044448 318.965039221
-9.03944533333 318.237741417
-9.03444266667 317.502126446
-9.02944 315.993903297
-9.02443733333 314.635646685
-9.01943466667 313.639946343
-9.014432 313.378161869
-9.00942933333 312.89159257
-9.00442666667 310.344495588
-8.999424 307.19099212
-8.99442133333 306.278463967
-8.98941866667 306.78012904
-8.984416 309.135363858
-8.97941333333 309.542052044
-8.97441066667 308.822264631
-8.969408 308.504282258
-8.96440533333 308.487086007
-8.95940266667 308.651319705
-8.9544 309.321452739
-8.94939733333 309.502352376
-8.94439466667 309.38585763
-8.939392 309.243552073
-8.93438933333 309.311423077
-8.92938666667 309.25860378
-8.924384 309.246185579
-8.91938133333 309.183761582
-8.91437866667 309.255294967
-8.909376 309.231219719
-8.90437333333 309.236977891
-8.89937066667 309.104695651
-8.894368 309.14382074
-8.88936533333 309.020453509
-8.88436266667 309.067335897
-8.87936 308.950716117
-8.87435733333 308.956466713
-8.86935466667 308.911087399
-8.864352 308.925954076
-8.85934933333 308.85755165
-8.85434666667 308.861029713
-8.849344 308.762063057
-8.84434133333 308.799266196
-8.83933866667 308.678009555
-8.834336 308.662882296
-8.82933333333 308.551217459
-8.82433066667 308.53196555
-8.819328 308.406708459
-8.81432533333 308.378162363
-8.80932266667 308.327463044
-8.80432 308.480756869
-8.79931733333 308.39241972
-8.79431466667 308.419254176
-8.789312 308.459128245
-8.78430933333 309.08190046
-8.77930666667 309.500267331
-8.774304 309.315288815
-8.76930133333 309.943376338
-8.76429866667 309.315459259
-8.759296 310.622838289
-8.75429333333 318.901317064
-8.74929066667 319.285189913
-8.744288 319.326431823
-8.73928533333 319.494886781
-8.73428266667 320.828453122
-8.72928 320.833120657
-8.72427733333 320.911414364
-8.71927466667 320.82896921
-8.714272 320.870785911
-8.70926933333 320.882240537
-8.70426666667 320.948893689
-8.699264 320.937414579
-8.69426133333 321.039175997
-8.68925866667 321.089917031
-8.684256 321.224287407
-8.67925333333 321.264254457
-8.67425066667 321.437150947
-8.669248 321.537277918
-8.66424533333 321.728589858
-8.65924266667 321.782931943
-8.65424 321.943446201
-8.64923733333 322.032834754
-8.64423466667 322.285406387
-8.639232 322.425127871
-8.63422933333 322.701405815
-8.62922666667 322.917063619
-8.624224 323.250320691
-8.61922133333 323.490823449
-8.61421866667 323.798669243
-8.609216 323.954134678
-8.60421333333 324.058997275
-8.59921066667 324.067046792
-8.594208 324.130511882
-8.58920533333 324.039981765
-8.58420266667 323.866129224
-8.5792 323.743457872
-8.57419733333 323.573739169
-8.56919466667 323.261575716
-8.564192 322.90610776
-8.55918933333 322.447968975
-8.55418666667 322.137528696
-8.549184 321.745461199
-8.54418133333 321.434513007
-8.53917866667 321.124626877
-8.534176 320.759664284
-8.52917333333 320.30783571
-8.52417066667 320.012102867
-8.519168 319.624918578
-8.51416533333 319.314019724
-8.50916266667 318.939682709
-8.50416 318.563755647
-8.49915733333 318.340054644
-8.49415466667 318.31019321
-8.489152 318.552204858
-8.48414933333 318.345785489
-8.47914666667 318.475894522
-8.474144 318.302357528
-8.46914133333 318.059785407
-8.46413866667 317.898032614
-8.459136 317.733993188
-8.45413333333 317.766113027
-8.44913066667 317.704202488
-8.444128 317.471439893
-8.43912533333 317.629940789
-8.43412266667 317.707243471
-8.42912 317.662775185
-8.42411733333 317.716693662
-8.41911466667 317.643356018
-8.414112 317.637944803
-8.40910933333 317.619624858
-8.40410666667 317.672894555
-8.399104 317.663314414
-8.39410133333 317.688833456
-8.38909866667 317.710493564
-8.384096 317.824589107
-8.37909333333 317.829108295
-8.37409066667 317.956170103
-8.369088 317.985126874
-8.36408533333 318.12751699
-8.35908266667 318.147863664
-8.35408 318.296547458
-8.34907733333 318.324022633
-8.34407466667 318.419040996
-8.339072 318.503236223
-8.33406933333 318.618896635
-8.32906666667 318.731061866
-8.324064 318.893192854
-8.31906133333 318.982610284
-8.31405866667 319.160014005
-8.309056 319.257082594
-8.30405333333 319.379588446
-8.29905066667 319.425049747
-8.294048 319.598188791
-8.28904533333 319.720885757
-8.28404266667 319.852339496
-8.27904 319.92429322
-8.27403733333 320.078153848
-8.26903466667 320.181150327
-8.264032 320.341974187
-8.25902933333 320.377981604
-8.25402666667 320.526165566
-8.249024 320.616847625
-8.24402133333 320.764802857
-8.23901866667 320.889003541
-8.234016 321.053780553
-8.22901333333 321.131739795
-8.22401066667 321.264099023
-8.219008 321.350791833
-8.21400533333 321.509438712
-8.20900266667 321.653754859
-8.204 321.792139954
-8.19899733333 321.899432387
-8.19399466667 322.11513045
-8.188992 322.189279142
-8.18398933333 322.347925352
-8.17898666667 322.390518749
-8.173984 322.540158874
-8.16898133333 322.667642231
-8.16397866667 322.847068766
-8.158976 322.890095432
-8.15397333333 323.129418643
-8.14897066667 323.33119238
-8.143968 323.547173622
-8.13896533333 323.683631542
-8.13396266667 323.912059019
-8.12896 324.073420208
-8.12395733333 324.229731495
-8.11895466667 324.282899326
-8.113952 324.438616256
-8.10894933333 324.56190545
-8.10394666667 324.698908755
-8.098944 324.734898202
-8.09394133333 324.816048728
-8.08893866667 324.836993873
-8.083936 324.953859259
-8.07893333333 324.919239499
-8.07393066667 324.951328758
-8.068928 325.011771028
-8.06392533333 325.054123122
-8.05892266667 325.058604039
-8.05392 325.133322502
-8.04891733333 325.152453341
-8.04391466667 325.247743484
-8.038912 325.170673922
-8.03390933333 325.236802725
-8.02890666667 325.309269871
-8.023904 325.355453879
-8.01890133333 325.338888116
-8.01389866667 325.365909083
-8.008896 325.396094684
-8.00389333333 325.374906067
-7.99889066667 325.388345471
-7.993888 325.414748956
-7.98888533333 325.402722611
-7.98388266667 325.482574804
-7.97888 325.395344837
-7.97387733333 325.422841531
-7.96887466667 325.436692056
-7.963872 325.44658243
-7.95886933333 325.395824061
-7.95386666667 325.407355459
-7.948864 325.410726962
-7.94386133333 325.450788947
-7.93885866667 325.415035262
-7.933856 325.441285643
-7.92885333333 325.441434116
-7.92385066667 325.414166777
-7.918848 325.320698485
-7.91384533333 325.309639141
-7.90884266667 325.29979995
-7.90384 325.285165624
-7.89883733333 325.217252074
-7.89383466667 325.236671793
-7.888832 325.182057564
-7.88382933333 325.165308526
-7.87882666667 325.119372649
-7.873824 325.150642043
-7.86882133333 325.158183807
-7.86381866667 325.121259571
-7.858816 325.072814887
-7.85381333333 325.077126519
-7.84881066667 325.091330208
-7.843808 325.103958479
-7.83880533333 325.037551102
-7.83380266667 325.03939707
-7.8288 325.030652374
-7.82379733333 325.047011401
-7.81879466667 324.978440887
-7.813792 324.9784868
-7.80878933333 324.928919262
-7.80378666667 324.928552031
-7.798784 324.867657668
-7.79378133333 324.921924381
-7.78877866667 324.904381031
-7.783776 324.931141655
-7.77877333333 324.86550916
-7.77377066667 324.895293305
-7.768768 324.901246186
-7.76376533333 324.908036427
-7.75876266667 324.833436126
-7.75376 324.823726269
-7.74875733333 324.832160948
-7.74375466667 324.80047084
-7.738752 324.77230914
-7.73374933333 324.772785305
-7.72874666667 324.79655527
-7.723744 324.786655998
-7.71874133333 324.713243388
-7.71373866667 324.735959303
-7.708736 324.682412074
-7.70373333333 324.679444687
-7.69873066667 324.641247505
-7.693728 324.649087809
-7.68872533333 324.654805377
-7.68372266667 324.668707249
-7.67872 324.614313024
-7.67371733333 324.670541155
-7.66871466667 324.649656336
-7.663712 324.635961106
-7.65870933333 324.586510855
-7.65370666667 324.607302772
-7.648704 324.562070213
-7.64370133333 324.575008495
-7.63869866667 324.544753202
-7.633696 324.53075241
-7.62869333333 324.498923459
-7.62369066667 324.500759542
-7.618688 324.477402527
-7.61368533333 324.481964911
-7.60868266667 324.48295713
-7.60368 324.510798808
-7.59867733333 324.504193317
-7.59367466667 324.47611899
-7.588672 324.433030338
-7.58366933333 324.462745095
-7.57866666667 324.422517932
-7.573664 324.475321179
-7.56866133333 324.449465737
-7.56365866667 324.455754093
-7.558656 324.393847569
-7.55365333333 324.468182423
-7.54865066667 324.425759859
-7.543648 324.424245907
-7.53864533333 324.376840448
-7.53364266667 324.379101239
-7.52864 324.439624963
-7.52363733333 324.403086633
-7.51863466667 324.378793344
-7.513632 324.38870964
-7.50862933333 324.374241632
-7.50362666667 324.391677333
-7.498624 324.346472358
-7.49362133333 324.341949232
-7.48861866667 324.336604475
-7.483616 324.350281917
-7.47861333333 324.312320052
-7.47361066667 324.34045778
-7.468608 324.371472271
-7.46360533333 324.347103289
-7.45860266667 324.363727365
-7.4536 324.294769681
-7.44859733333 324.316166375
-7.44359466667 324.312195211
-7.438592 324.27822553
-7.43358933333 324.280729077
-7.42858666667 324.298828595
-7.423584 324.287556092
-7.41858133333 324.266616587
-7.41357866667 324.286985537
-7.408576 324.312043249
-7.40357333333 324.281088081
-7.39857066667 324.229253448
-7.393568 324.263938226
-7.38856533333 324.251729789
-7.38356266667 324.259601236
-7.37856 324.258308984
-7.37355733333 324.274548213
-7.36855466667 324.277048589
-7.363552 324.270541376
-7.35854933333 324.247463292
-7.35354666667 324.249821958
-7.348544 324.237378822
-7.34354133333 324.246673994
-7.33853866667 324.231411464
-7.333536 324.234333907
-7.32853333333 324.246143523
-7.32353066667 324.255930488
-7.318528 324.261171922
-7.31352533333 324.241082167
-7.30852266667 324.236285932
-7.30352 324.227894667
-7.29851733333 324.20986616
-7.29351466667 324.216080727
-7.288512 324.226628341
-7.28350933333 324.214712236
-7.27850666667 324.182704382
-7.273504 324.189413377
-7.26850133333 324.213954295
-7.26349866667 324.203562031
-7.258496 324.160768603
-7.25349333333 324.203314935
-7.24849066667 324.181271344
-7.243488 324.177452516
-7.23848533333 324.160187554
-7.23348266667 324.178350057
-7.22848 324.184108213
-7.22347733333 324.195006693
-7.21847466667 324.18604684
-7.213472 324.205225537
-7.20846933333 324.201042335
-7.20346666667 324.221088457
-7.198464 324.165909372
-7.19346133333 324.192364541
-7.18845866667 324.221432735
-7.183456 324.228590722
-7.17845333333 324.211897988
-7.17345066667 324.232537642
-7.168448 324.294579803
-7.16344533333 324.282381279
-7.15844266667 324.299849792
-7.15344 324.323467854
-7.14843733333 324.354966459
-7.14343466667 324.356676445
-7.138432 324.385818287
-7.13342933333 324.359463409
-7.12842666667 324.434597243
-7.123424 324.39559546
-7.11842133333 324.438492678
-7.11341866667 324.402488676
-7.108416 324.448717968
-7.10341333333 324.502020569
-7.09841066667 324.473869989
-7.093408 324.500269036
-7.08840533333 324.526640666
-7.08340266667 324.527926777
-7.0784 324.546193777
-7.07339733333 324.560290425
-7.06839466667 324.589193089
-7.063392 324.614756712
-7.05838933333 324.64396462
-7.05338666667 324.614229875
-7.048384 324.681144821
-7.04338133333 324.663567263
-7.03837866667 324.703679716
-7.033376 324.705234762
-7.02837333333 324.716033323
-7.02337066667 324.752209945
-7.018368 324.753209369
-7.01336533333 324.784939476
-7.00836266667 324.829556734
-7.00336 324.797450245
-6.99835733333 324.815433066
-6.99335466667 324.850279167
-6.988352 324.876807782
-6.98334933333 324.898067171
-6.97834666667 324.862039745
-6.973344 324.898588654
-6.96834133333 324.896640267
-6.96333866667 324.907678575
-6.958336 324.872254207
-6.95333333333 324.921339752
-6.94833066667 324.917064354
-6.943328 324.90080094
-6.93832533333 324.901950272
-6.93332266667 324.892357967
-6.92832 324.895169723
-6.92331733333 324.870912154
-6.91831466667 324.841876908
-6.913312 324.828284631
-6.90830933333 324.853609665
-6.90330666667 324.838668248
-6.898304 324.82913583
-6.89330133333 324.82473588
-6.88829866667 324.830253015
-6.883296 324.775533653
-6.87829333333 324.767815201
-6.87329066667 324.706640128
-6.868288 324.776825267
-6.86328533333 324.708388198
-6.85828266667 324.685186407
-6.85328 324.718543028
-6.84827733333 324.663747941
-6.84327466667 324.654557391
-6.838272 324.6095856
-6.83326933333 324.619953268
-6.82826666667 324.613973429
-6.823264 324.581656764
-6.81826133333 324.558089749
-6.81325866667 324.526757077
-6.808256 324.537681563
-6.80325333333 324.507876714
-6.79825066667 324.481660759
-6.793248 324.48270923
-6.78824533333 324.513910113
-6.78324266667 324.468164738
-6.77824 324.471442367
-6.77323733333 324.415694737
-6.76823466667 324.474730982
-6.763232 324.43170064
-6.75822933333 324.407441113
-6.75322666667 324.358922076
-6.748224 324.362232566
-6.74322133333 324.344241235
-6.73821866667 324.384893286
-6.733216 324.343851458
-6.72821333333 324.344078564
-6.72321066667 324.323625222
-6.718208 324.298851713
-6.71320533333 324.272474799
-6.70820266667 324.284088391
-6.7032 324.23950236
-6.69819733333 324.234434654
-6.69319466667 324.192277683
-6.688192 324.218098736
-6.68318933333 324.174202008
-6.67818666667 324.18207695
-6.673184 324.117681167
-6.66818133333 324.11366163
-6.66317866667 324.100360541
-6.658176 324.096815585
-6.65317333333 324.073645954
-6.64817066667 324.082178301
-6.643168 324.023159462
-6.63816533333 323.98197217
-6.63316266667 323.972852229
-6.62816 323.974774564
-6.62315733333 323.956182589
-6.61815466667 323.91620659
-6.613152 323.839560117
-6.60814933333 323.858230319
-6.60314666667 323.810468821
-6.598144 323.731330606
-6.59314133333 323.70671922
-6.58813866667 323.708826774
-6.583136 323.649949768
-6.57813333333 323.618264769
-6.57313066667 323.586297273
-6.568128 323.588331999
-6.56312533333 323.550233145
-6.55812266667 323.525441312
-6.55312 323.504180389
-6.54811733333 323.528906581
-6.54311466667 323.497084289
-6.538112 323.489919642
-6.53310933333 323.477551298
-6.52810666667 323.453685297
-6.523104 323.455515803
-6.51810133333 323.441646725
-6.51309866667 323.418690635
-6.508096 323.443574034
-6.50309333333 323.406561642
-6.49809066667 323.445308342
-6.493088 323.404425253
-6.48808533333 323.408924286
-6.48308266667 323.381825657
-6.47808 323.337625637
-6.47307733333 323.31045484
-6.46807466667 323.307581367
-6.463072 323.310820468
-6.45806933333 323.275611051
-6.45306666667 323.26230792
-6.448064 323.264281522
-6.44306133333 323.20468182
-6.43805866667 323.177465424
-6.433056 323.157461394
-6.42805333333 323.229218434
-6.42305066667 323.151412962
-6.418048 323.130734471
-6.41304533333 323.148075204
-6.40804266667 323.162611849
-6.40304 323.108775352
-6.39803733333 323.10141479
-6.39303466667 323.053849313
-6.388032 323.110955656
-6.38302933333 323.05832265
-6.37802666667 323.050633793
-6.373024 323.046635624
-6.36802133333 323.077634962
-6.36301866667 322.988638379
-6.358016 323.014678675
-6.35301333333 322.999187196
-6.34801066667 323.045233057
-6.343008 322.989931987
-6.33800533333 323.013434369
-6.33300266667 322.972056103
-6.328 323.028440076
-6.32299733333 322.980146527
-6.31799466667 322.954666125
-6.312992 322.92781573
-6.30798933333 322.940133527
-6.30298666667 322.901648993
-6.297984 322.904871549
-6.29298133333 322.894743417
-6.28797866667 322.942808637
-6.282976 322.874322515
-6.27797333333 322.909572898
-6.27297066667 322.867947325
-6.267968 322.908728119
-6.26296533333 322.883466292
-6.25796266667 322.91996829
-6.25296 322.864294657
-6.24795733333 322.898684337
-6.24295466667 322.901515214
-6.237952 322.899434757
-6.23294933333 322.879172645
-6.22794666667 322.934670047
-6.222944 322.855468843
-6.21794133333 322.878257418
-6.21293866667 322.8627144
-6.207936 322.905252884
-6.20293333333 322.877485423
-6.19793066667 322.856364816
-6.192928 322.8300405
-6.18792533333 322.876016405
-6.18292266667 322.816457447
-6.17792 322.878647337
-6.17291733333 322.83423275
-6.16791466667 322.868152526
-6.162912 322.801303917
-6.15790933333 322.833225233
-6.15290666667 322.803653487
-6.147904 322.831214446
-6.14290133333 322.780332909
-6.13789866667 322.767399468
-6.132896 322.754991306
-6.12789333333 322.765315135
-6.12289066667 322.724557052
-6.117888 322.736971619
-6.11288533333 322.71899161
-6.10788266667 322.726005487
-6.10288 322.677465404
-6.09787733333 322.654563029
-6.09287466667 322.669694264
-6.087872 322.69527706
-6.08286933333 322.645972826
-6.07786666667 322.65948498
-6.072864 322.621376424
-6.06786133333 322.673350716
-6.06285866667 322.624870411
-6.057856 322.667612772
-6.05285333333 322.623129336
-6.04785066667 322.696059115
-6.042848 322.613033582
-6.03784533333 322.647516316
-6.03284266667 322.645797102
-6.02784 322.696891991
-6.02283733333 322.628286297
-6.01783466667 322.646406865
-6.012832 322.609600587
-6.00782933333 322.654490826
-6.00282666667 322.576141936
-5.997824 322.620225409
-5.99282133333 322.566239076
-5.98781866667 322.605701412
-5.982816 322.568167076
-5.97781333333 322.57114835
-5.97281066667 322.571145815
-5.967808 322.576242114
-5.96280533333 322.528069939
-5.95780266667 322.542855282
-5.9528 322.563529268
-5.94779733333 322.581733341
-5.94279466667 322.585796151
-5.937792 322.580606698
-5.93278933333 322.559452244
-5.92778666667 322.600663465
-5.922784 322.557436673
-5.91778133333 322.592222765
-5.91277866667 322.516178558
-5.907776 322.542395744
-5.90277333333 322.49669134
-5.89777066667 322.502481694
-5.892768 322.466022466
-5.88776533333 322.513856731
-5.88276266667 322.385884076
-5.87776 322.46345352
-5.87275733333 322.423635468
-5.86775466667 322.415729926
-5.862752 322.40721221
-5.85774933333 322.425146127
-5.85274666667 322.407250716
-5.847744 322.450157425
-5.84274133333 322.442260668
-5.83773866667 322.477877168
-5.832736 322.483825847
-5.82773333333 322.566656022
-5.82273066667 322.516789257
-5.817728 322.522906208
-5.81272533333 322.517958408
-5.80772266667 322.591392258
-5.80272 322.546757517
-5.79771733333 322.615415556
-5.79271466667 322.586164188
-5.787712 322.687163292
-5.78270933333 322.64858532
-5.77770666667 322.699933526
-5.772704 322.670541527
-5.76770133333 322.723071874
-5.76269866667 322.604247821
-5.757696 322.599783425
-5.75269333333 322.531215463
-5.74769066667 322.518743661
-5.742688 322.444662745
-5.73768533333 322.467821946
-5.73268266667 322.36828507
-5.72768 322.341583179
-5.72267733333 322.246955315
-5.71767466667 322.225502252
-5.712672 322.182429312
-5.70766933333 322.184984003
-5.70266666667 322.087036283
-5.697664 322.055590544
-5.69266133333 321.948192796
-5.68765866667 321.939151528
-5.682656 321.839941691
-5.67765333333 321.849502013
-5.67265066667 321.713457206
-5.667648 321.684236132
-5.66264533333 321.58756961
-5.65764266667 321.544481942
-5.65264 321.479035867
-5.64763733333 321.419734738
-5.64263466667 321.349682359
-5.637632 321.310495598
-5.63262933333 321.24751333
-5.62762666667 321.237324678
-5.622624 321.139918777
-5.61762133333 321.143092578
-5.61261866667 321.078922603
-5.607616 321.124053483
-5.60261333333 321.014000814
-5.59761066667 321.012017406
-5.592608 320.97796604
-5.58760533333 320.974183301
-5.58260266667 320.928293683
-5.5776 320.932342369
-5.57259733333 320.903062673
-5.56759466667 320.908693414
-5.562592 320.862244644
-5.55758933333 320.896636511
-5.55258666667 320.841675653
-5.547584 320.849940464
-5.54258133333 320.805788519
-5.53757866667 320.820934091
-5.532576 320.811896198
-5.52757333333 320.826837765
-5.52257066667 320.773586074
-5.517568 320.840652908
-5.51256533333 320.785063044
-5.50756266667 320.817608743
-5.50256 320.733299491
-5.49755733333 320.757702309
-5.49255466667 320.719817045
-5.487552 320.749617133
-5.48254933333 320.656865953
-5.47754666667 320.684225607
-5.472544 320.605504347
-5.46754133333 320.630152555
-5.46253866667 320.563850969
-5.457536 320.587547377
-5.45253333333 320.56433674
-5.44753066667 320.584341213
-5.442528 320.509496621
-5.43752533333 320.529549201
-5.43252266667 320.504140771
-5.42752 320.528782402
-5.42251733333 320.460923471
-5.41751466667 320.461449875
-5.412512 320.424037067
-5.40750933333 320.469364151
-5.40250666667 320.378039926
-5.397504 320.428857052
-5.39250133333 320.371378748
-5.38749866667 320.38500183
-5.382496 320.319233633
-5.37749333333 320.390063653
-5.37249066667 320.342221934
-5.367488 320.401222432
-5.36248533333 320.354360024
-5.35748266667 320.359538717
-5.35248 320.305101691
-5.34747733333 320.374633403
-5.34247466667 320.349358672
-5.337472 320.397098258
-5.33246933333 320.358645558
-5.32746666667 320.41379533
-5.322464 320.360166035
-5.31746133333 320.389528142
-5.31245866667 320.379093465
-5.307456 320.416700641
-5.30245333333 320.350116165
-5.29745066667 320.394996315
-5.292448 320.370814642
-5.28744533333 320.464094819
-5.28244266667 320.37793211
-5.27744 320.406275853
-5.27243733333 320.408748655
-5.26743466667 320.470804375
-5.262432 320.418130376
-5.25742933333 320.445584465
-5.25242666667 320.416465218
-5.247424 320.46261781
-5.24242133333 320.402529727
-5.23741866667 320.4742177
-5.232416 320.478966233
-5.22741333333 320.522846188
-5.22241066667 320.479789776
-5.217408 320.5626362
-5.21240533333 320.49975188
-5.20740266667 320.511122266
-5.2024 320.333571076
-5.19739733333 320.101702089
-5.19239466667 319.960882311
-5.187392 320.038633259
-5.18238933333 320.045092525
-5.17738666667 320.16211039
-5.172384 320.229910408
-5.16738133333 320.380879581
-5.16237866667 320.433611293
-5.157376 320.598325123
-5.15237333333 320.799038188
-5.14737066667 321.140617067
-5.142368 321.438500748
-5.13736533333 321.686813613
-5.13236266667 321.798638169
-5.12736 322.049099249
-5.12235733333 321.990224186
-5.11735466667 322.113782946
-5.112352 322.116260186
-5.10734933333 322.168112332
-5.10234666667 322.065629767
-5.097344 322.08196154
-5.09234133333 322.005116024
-5.08733866667 322.010778326
-5.082336 321.979075711
-5.07733333333 322.007811612
-5.07233066667 321.959690659
-5.067328 321.88969951
-5.06232533333 321.819250192
-5.05732266667 321.869212685
-5.05232 321.77821193
-5.04731733333 321.684780251
-5.04231466667 320.383477913
-5.037312 320.176686057
-5.03230933333 319.953756831
-5.02730666667 319.885403492
-5.022304 319.720978594
-5.01730133333 319.67236195
-5.01229866667 319.53594374
-5.007296 319.504310066
-5.00229333333 319.365140431
-4.99729066667 319.629237862
-4.992288 319.591330709
-4.98728533333 318.660321581
-4.98228266667 317.849758816
-4.97728 317.764196734
-4.97227733333 317.688839502
-4.96727466667 317.721227833
-4.962272 317.631487382
-4.95726933333 317.506444393
-4.95226666667 317.49409337
-4.947264 317.981605175
-4.94226133333 319.304143614
-4.93725866667 319.426942716
-4.932256 319.090381901
-4.92725333333 318.901791901
-4.92225066667 318.695042417
-4.917248 318.706099012
-4.91224533333 318.759290741
-4.90724266667 317.692181222
-4.90224 312.982015795
-4.89723733333 312.10851637
-4.89223466667 311.750523098
-4.887232 310.78988972
-4.88222933333 309.865601434
-4.87722666667 308.372528568
-4.872224 305.812753631
-4.86722133333 305.190098195
-4.86221866667 304.220879175
-4.857216 301.89107493
-4.85221333333 301.051097807
-4.84721066667 301.581122395
-4.842208 301.880358061
-4.83720533333 302.548669731
-4.83220266667 303.807166493
-4.8272 305.868476622
-4.82219733333 308.045500064
-4.81719466667 310.096203402
-4.812192 311.743374705
-4.80718933333 313.073339012
-4.80218666667 313.68021459
-4.797184 314.273241594
-4.79218133333 314.694792474
-4.78717866667 314.966681666
-4.782176 314.863477707
-4.77717333333 314.729278532
-4.77217066667 314.57503672
-4.767168 314.641299965
-4.76216533333 314.508646296
-4.75716266667 314.382893978
-4.75216 314.272022946
-4.74715733333 314.280176714
-4.74215466667 314.008563843
-4.737152 313.89127889
-4.73214933333 313.598999947
-4.72714666667 313.33441269
-4.722144 312.703124176
-4.71714133333 312.198651799
-4.71213866667 311.905307476
-4.707136 311.571160264
-4.70213333333 311.114170481
-4.69713066667 310.661775585
-4.692128 310.278262484
-4.68712533333 309.85610717
-4.68212266667 309.488662684
-4.67712 309.416977236
-4.67211733333 309.291755308
-4.66711466667 309.566854444
-4.662112 308.828836517
-4.65710933333 308.272570761
-4.65210666667 308.088897155
-4.647104 307.959898188
-4.64210133333 307.620022579
-4.63709866667 307.425548764
-4.632096 307.211586148
-4.62709333333 306.975002145
-4.62209066667 306.713967162
-4.617088 306.572191625
-4.61208533333 306.336986134
-4.60708266667 306.08426375
-4.60208 305.798378408
-4.59707733333 305.759414808
-4.59207466667 305.516612616
-4.587072 305.401752113
-4.58206933333 305.217548033
-4.57706666667 305.009267937
-4.572064 304.886060652
-4.56706133333 304.834407173
-4.56205866667 304.68048748
-4.557056 304.537493372
-4.55205333333 304.336435576
-4.54705066667 304.165841811
-4.542048 303.988908877
-4.53704533333 303.949182449
-4.53204266667 303.670626145
-4.52704 303.328483773
-4.52203733333 302.990845292
-4.51703466667 302.854330666
-4.512032 302.77408489
-4.50702933333 302.912762157
-4.50202666667 303.052220086
-4.497024 303.238466958
-4.49202133333 302.835444831
-4.48701866667 302.185713948
-4.482016 301.86113938
-4.47701333333 302.105870854
-4.47201066667 302.154648378
-4.467008 301.450646811
-4.46200533333 307.867597416
-4.45700266667 312.412524511
-4.452 313.730589931
-4.44699733333 314.303900655
-4.44199466667 314.400091964
-4.436992 314.558439078
-4.43198933333 314.580412286
-4.42698666667 314.289621045
-4.421984 313.766045495
-4.41698133333 313.577345417
-4.41197866667 313.523960044
-4.406976 313.472358456
-4.40197333333 313.399681182
-4.39697066667 313.44727779
-4.391968 313.346085919
-4.38696533333 313.317634353
-4.38196266667 313.381177537
-4.37696 313.493816358
-4.37195733333 313.815069319
-4.36695466667 313.834438945
-4.361952 313.713744719
-4.35694933333 313.608934997
-4.35194666667 313.479377479
-4.346944 313.483343903
-4.34194133333 313.528625667
-4.33693866667 313.677285901
-4.331936 313.793634347
-4.32693333333 313.91162074
-4.32193066667 313.95117073
-4.316928 314.058557055
-4.31192533333 314.159793949
-4.30692266667 314.299172444
-4.30192 314.360749775
-4.29691733333 314.49742541
-4.29191466667 314.577935274
-4.286912 314.726321512
-4.28190933333 314.74647562
-4.27690666667 314.853362995
-4.271904 314.903517355
-4.26690133333 315.010916727
-4.26189866667 315.072212788
-4.256896 315.204285022
-4.25189333333 315.283382991
-4.24689066667 315.386596658
-4.241888 315.389367586
-4.23688533333 315.487368058
-4.23188266667 315.485239612
-4.22688 315.616885266
-4.22187733333 315.653639592
-4.21687466667 315.678832106
-4.211872 315.715687628
-4.20686933333 315.816245676
-4.20186666667 315.832056267
-4.196864 315.921754272
-4.19186133333 315.996145443
-4.18685866667 316.083012892
-4.181856 316.137776554
-4.17685333333 316.245017691
-4.17185066667 316.320000155
-4.166848 316.445815763
-4.16184533333 316.471089165
-4.15684266667 316.624066532
-4.15184 316.692956219
-4.14683733333 316.847989419
-4.14183466667 316.90102192
-4.136832 317.098351158
-4.13182933333 317.224523757
-4.12682666667 317.349972272
-4.121824 317.405493986
-4.11682133333 317.542812282
-4.11181866667 317.652733762
-4.106816 317.807266861
-4.10181333333 317.875852171
-4.09681066667 318.045922476
-4.091808 318.223957099
-4.08680533333 318.466374363
-4.08180266667 318.562894511
-4.0768 318.737921249
-4.07179733333 318.848908771
-4.06679466667 319.036279787
-4.061792 319.134791974
-4.05678933333 319.312136026
-4.05178666667 319.44275586
-4.046784 319.631980108
-4.04178133333 319.702527041
-4.03677866667 319.864108416
-4.031776 319.991037751
-4.02677333333 320.123569973
-4.02177066667 320.180346822
-4.016768 320.349889133
-4.01176533333 320.486546187
-4.00676266667 320.648757179
-4.00176 320.718334339
-3.99675733333 320.882458038
-3.99175466667 320.996329965
-3.986752 321.135853914
-3.98174933333 321.191146799
-3.97674666667 321.323645922
-3.971744 321.399646205
-3.96674133333 321.490462515
-3.96173866667 321.552250555
-3.956736 321.678620156
-3.95173333333 321.781159341
-3.94673066667 321.88932499
-3.941728 321.911283229
-3.93672533333 322.096039567
-3.93172266667 322.228941458
-3.92672 322.362217288
-3.92171733333 322.386818319
-3.91671466667 322.481964404
-3.911712 322.523150862
-3.90670933333 322.643597218
-3.90170666667 322.674325495
-3.896704 322.743504595
-3.89170133333 322.832254731
-3.88669866667 322.904794017
-3.881696 322.924515009
-3.87669333333 323.035977385
-3.87169066667 323.054842003
-3.866688 323.117257584
-3.86168533333 323.111987469
-3.85668266667 323.173253213
-3.85168 323.218285265
-3.84667733333 323.272362027
-3.84167466667 323.186764683
-3.836672 323.229204463
-3.83166933333 323.211437113
-3.82666666667 323.230281272
-3.821664 323.186009904
-3.81666133333 323.250853953
-3.81165866667 323.241100523
-3.806656 323.192450794
-3.80165333333 323.131624079
-3.79665066667 323.14905666
-3.791648 323.104450658
-3.78664533333 323.091877979
-3.78164266667 323.04179903
-3.77664 322.986088052
-3.77163733333 322.949642114
-3.76663466667 322.949873684
-3.761632 322.886162434
-3.75662933333 322.869570522
-3.75162666667 322.82483836
-3.746624 322.806833934
-3.74162133333 322.6968074
-3.73661866667 322.715282923
-3.731616 322.657726131
-3.72661333333 322.628255401
-3.72161066667 322.482788448
-3.716608 322.479894873
-3.71160533333 322.424657616
-3.70660266667 322.401822331
-3.7016 322.329335385
-3.69659733333 322.322433541
-3.69159466667 322.298842858
-3.686592 322.281608667
-3.68158933333 322.16678099
-3.67658666667 322.160690801
-3.671584 322.114149233
-3.66658133333 322.100237629
-3.66157866667 322.026161308
-3.656576 322.06682618
-3.65157333333 322.056751884
-3.64657066667 322.037650874
-3.641568 321.969598984
-3.63656533333 321.909542372
-3.63156266667 321.874692717
-3.62656 321.837642596
-3.62155733333 321.807860428
-3.61655466667 321.793119792
-3.611552 321.751989609
-3.60654933333 321.770217765
-3.60154666667 321.653068104
-3.596544 321.628214523
-3.59154133333 321.569077009
-3.58653866667 321.548176768
-3.581536 321.464452078
-3.57653333333 321.458883814
-3.57153066667 321.472907633
-3.566528 321.439553406
-3.56152533333 321.412427275
-3.55652266667 321.436370357
-3.55152 321.411505688
-3.54651733333 321.395337305
-3.54151466667 321.378685722
-3.536512 321.33468574
-3.53150933333 321.317779719
-3.52650666667 321.258854613
-3.521504 321.179783316
-3.51650133333 321.151153542
-3.51149866667 321.169326242
-3.506496 321.155945096
-3.50149333333 321.104170961
-3.49649066667 321.125124851
-3.491488 321.096907861
-3.48648533333 321.077615355
-3.48148266667 321.000310858
-3.47648 321.024846714
-3.47147733333 320.987283285
-3.46647466667 320.960456917
-3.461472 320.91911278
-3.45646933333 320.904133741
-3.45146666667 320.888787492
-3.446464 320.882933655
-3.44146133333 320.83997441
-3.43645866667 320.832317878
-3.431456 320.813668261
-3.42645333333 320.808667418
-3.42145066667 320.77458012
-3.416448 320.758702554
-3.41144533333 320.745613504
-3.40644266667 320.726551579
-3.40144 320.70522517
-3.39643733333 320.714101364
-3.39143466667 320.707337183
-3.386432 320.678801587
-3.38142933333 320.651386326
-3.37642666667 320.647434474
-3.371424 320.680018647
-3.36642133333 320.647893689
-3.36141866667 320.582309446
-3.356416 320.583969176
-3.35141333333 320.564211185
-3.34641066667 320.570548313
-3.341408 320.476002612
-3.33640533333 320.49486693
-3.33140266667 320.508056829
-3.3264 320.472573555
-3.32139733333 320.408764812
-3.31639466667 320.398962907
-3.311392 320.413750091
-3.30638933333 320.398785758
-3.30138666667 320.358335079
-3.296384 320.354501033
-3.29138133333 320.379325622
-3.28637866667 320.355820195
-3.281376 320.343585947
-3.27637333333 320.349957802
-3.27137066667 320.350895052
-3.266368 320.328510465
-3.26136533333 320.273788672
-3.25636266667 320.268391937
-3.25136 320.289626907
-3.24635733333 320.273985514
-3.24135466667 320.251147044
-3.236352 320.256770484
-3.23134933333 320.24947535
-3.22634666667 320.234118753
-3.221344 320.164288584
-3.21634133333 320.158473781
-3.21133866667 320.175025722
-3.206336 320.143073463
-3.20133333333 320.100893277
-3.19633066667 320.084221995
-3.191328 320.082115864
-3.18632533333 320.076779346
-3.18132266667 320.043935868
-3.17632 320.034793794
-3.17131733333 320.005276013
-3.16631466667 320.041524219
-3.161312 319.975952994
-3.15630933333 319.972216484
-3.15130666667 319.968125669
-3.146304 319.946921076
-3.14130133333 319.904933242
-3.13629866667 319.932414661
-3.131296 319.923187639
-3.12629333333 319.880873338
-3.12129066667 319.872301659
-3.116288 319.827399502
-3.11128533333 319.831416102
-3.10628266667 319.823612884
-3.10128 319.768633911
-3.09627733333 319.773559946
-3.09127466667 319.747419049
-3.086272 319.715510167
-3.08126933333 319.637061986
-3.07626666667 319.601538794
-3.071264 319.549161412
-3.06626133333 319.502661033
-3.06125866667 319.432298271
-3.056256 319.383706638
-3.05125333333 319.329539194
-3.04625066667 319.319066354
-3.041248 319.33374851
-3.03624533333 319.278087445
-3.03124266667 319.254105642
-3.02624 319.196297528
-3.02123733333 319.12732879
-3.01623466667 319.063593972
-3.011232 319.038583733
-3.00622933333 318.954743043
-3.00122666667 318.902944213
-2.996224 318.857374358
-2.99122133333 318.849418835
-2.98621866667 318.743446983
-2.981216 318.685049842
-2.97621333333 318.642673686
-2.97121066667 318.560847657
-2.966208 318.491413285
-2.96120533333 318.420968852
-2.95620266667 318.366845659
-2.9512 318.313231148
-2.94619733333 318.190543187
-2.94119466667 318.062942884
-2.936192 317.944862695
-2.93118933333 317.892350289
-2.92618666667 317.793208091
-2.921184 317.726990479
-2.91618133333 317.621545231
-2.91117866667 317.56929489
-2.906176 317.513641462
-2.90117333333 317.427449461
-2.89617066667 317.393260884
-2.891168 317.337999854
-2.88616533333 317.278469333
-2.88116266667 317.267511333
-2.87616 317.236036127
-2.87115733333 317.23948088
-2.86615466667 317.180426579
-2.861152 317.140709123
-2.85614933333 317.124930754
-2.85114666667 317.073134514
-2.846144 317.014372244
-2.84114133333 317.010577857
-2.83613866667 316.96334621
-2.831136 316.96299917
-2.82613333333 316.916723758
-2.82113066667 316.905021581
-2.816128 316.893990361
-2.81112533333 316.901895197
-2.80612266667 316.910530609
-2.80112 316.907871368
-2.79611733333 316.917611475
-2.79111466667 316.955670188
-2.786112 316.986193322
-2.78110933333 317.006813401
-2.77610666667 317.056943935
-2.771104 317.071477504
-2.76610133333 317.065862032
-2.76109866667 317.024506764
-2.756096 317.039507443
-2.75109333333 317.070519472
-2.74609066667 317.044286385
-2.741088 317.058925143
-2.73608533333 317.036297299
-2.73108266667 317.049181761
-2.72608 317.00732677
-2.72107733333 316.984299592
-2.71607466667 316.973025433
-2.711072 317.030277441
-2.70606933333 316.975011823
-2.70106666667 316.962043568
-2.696064 316.997928343
-2.69106133333 316.999772794
-2.68605866667 316.973394112
-2.681056 316.998318611
-2.67605333333 316.989522799
-2.67105066667 317.019698477
-2.666048 317.028265228
-2.66104533333 317.05519633
-2.65604266667 317.038201561
-2.65104 317.116031805
-2.64603733333 317.039266206
-2.64103466667 317.097062864
-2.636032 317.094429511
-2.63102933333 317.128424074
-2.62602666667 317.136463959
-2.621024 317.15163584
-2.61602133333 317.126614323
-2.61101866667 317.162229641
-2.606016 317.1271672
-2.60101333333 317.13799684
-2.59601066667 317.117429848
-2.591008 317.151706168
-2.58600533333 317.130389222
-2.58100266667 317.106680403
-2.576 317.122095356
-2.57099733333 317.148881981
-2.56599466667 317.131309429
-2.560992 317.133943161
-2.55598933333 317.132494725
-2.55098666667 317.157482451
-2.545984 317.156395869
-2.54098133333 317.148001861
-2.53597866667 317.160500337
-2.530976 317.175141823
-2.52597333333 317.129379003
-2.52097066667 317.124463152
-2.515968 317.088720098
-2.51096533333 317.117367792
-2.50596266667 317.055223851
-2.50096 317.046386512
-2.49595733333 317.030890961
-2.49095466667 317.094632768
-2.485952 317.065150069
-2.48094933333 317.041104221
-2.47594666667 317.005829573
-2.470944 317.06653023
-2.46594133333 317.015963469
-2.46093866667 317.005501319
-2.455936 317.000561284
-2.45093333333 317.044779999
-2.44593066667 317.045089553
-2.440928 317.018910567
-2.43592533333 317.015173727
-2.43092266667 316.965138586
-2.42592 316.973635516
-2.42091733333 316.909474258
-2.41591466667 316.931685784
-2.410912 316.966203125
-2.40590933333 316.948649439
-2.40090666667 316.951024777
-2.395904 316.945031371
-2.39090133333 316.953427794
-2.38589866667 316.959789823
-2.380896 316.92477983
-2.37589333333 316.961744664
-2.37089066667 317.018624224
-2.365888 316.990464882
-2.36088533333 317.026867755
-2.35588266667 317.006035219
-2.35088 317.082454559
-2.34587733333 317.041238183
-2.34087466667 317.033983005
-2.335872 317.063784832
-2.33086933333 317.108192402
-2.32586666667 317.099369396
-2.320864 317.167578868
-2.31586133333 317.139719728
-2.31085866667 317.232059091
-2.305856 317.212084219
-2.30085333333 317.22862965
-2.29585066667 317.242696142
-2.290848 317.269516242
-2.28584533333 317.263201691
-2.28084266667 317.293020179
-2.27584 317.23850539
-2.27083733333 317.308615181
-2.26583466667 317.293622478
-2.260832 317.33961654
-2.25582933333 317.367022704
-2.25082666667 317.409739513
-2.245824 317.436640575
-2.24082133333 317.481798269
-2.23581866667 317.506872296
-2.230816 317.553346158
-2.22581333333 317.504682069
-2.22081066667 317.581774008
-2.215808 317.600982924
-2.21080533333 317.735835762
-2.20580266667 317.783386356
-2.2008 317.822117633
-2.19579733333 317.818100436
-2.19079466667 317.918903246
-2.185792 317.991691841
-2.18078933333 318.397760729
-2.17578666667 318.606354332
-2.170784 318.751432468
-2.16578133333 318.699397141
-2.16077866667 318.72330359
-2.155776 318.768944191
-2.15077333333 318.868493136
-2.14577066667 318.888593829
-2.140768 318.937840657
-2.13576533333 318.956758758
-2.13076266667 319.014156976
-2.12576 319.001455398
-2.12075733333 319.09588659
-2.11575466667 319.102692659
-2.110752 319.160734774
-2.10574933333 319.210104121
-2.10074666667 319.304067998
-2.095744 319.336215961
-2.09074133333 319.407360171
-2.08573866667 319.414236748
-2.080736 319.246836467
-2.07573333333 318.62977768
-2.07073066667 318.324123225
-2.065728 317.97785021
-2.06072533333 317.682398163
-2.05572266667 317.547008454
-2.05072 317.524485998
-2.04571733333 317.442771042
-2.04071466667 316.195431053
-2.035712 314.542950424
-2.03070933333 314.860216457
-2.02570666667 314.374273952
-2.020704 314.345560473
-2.01570133333 315.236200363
-2.01069866667 314.006249098
-2.005696 313.702305389
-2.00069333333 313.452243999
-1.99569066667 313.556640552
-1.990688 313.392847384
-1.98568533333 312.803961748
-1.98068266667 312.605610575
-1.97568 311.996192933
-1.97067733333 311.609290411
-1.96567466667 311.072538562
-1.960672 310.753558751
-1.95566933333 310.251750409
-1.95066666667 309.970655457
-1.945664 309.056134723
-1.94066133333 306.928580307
-1.93565866667 305.232364686
-1.930656 304.341346672
-1.92565333333 304.767862761
-1.92065066667 304.264453621
-1.915648 303.944364597
-1.91064533333 303.858000985
-1.90564266667 303.652296408
-1.90064 303.314362948
-1.89563733333 303.186056605
-1.89063466667 303.154008357
-1.885632 302.939025733
-1.88062933333 302.875402721
-1.87562666667 302.840551134
-1.870624 302.857882568
-1.86562133333 302.817910369
-1.86061866667 302.820566973
-1.855616 302.76667755
-1.85061333333 302.743705845
-1.84561066667 302.739468589
-1.840608 302.793706024
-1.83560533333 302.734927724
-1.83060266667 302.732601772
-1.8256 302.65145664
-1.82059733333 302.683896086
-1.81559466667 302.661002656
-1.810592 302.758027976
-1.80558933333 302.68667823
-1.80058666667 302.746282059
-1.795584 302.704069024
-1.79058133333 302.617075829
-1.78557866667 302.607422181
-1.780576 302.642072312
-1.77557333333 302.566808938
-1.77057066667 302.546968689
-1.765568 302.407902508
-1.76056533333 302.345254089
-1.75556266667 302.175245929
-1.75056 302.125802324
-1.74555733333 301.922083049
-1.74055466667 301.906953804
-1.735552 301.757452682
-1.73054933333 301.741525124
-1.72554666667 301.578789894
-1.720544 301.515951079
-1.71554133333 301.279128221
-1.71053866667 301.124118778
-1.705536 300.960661118
-1.70053333333 300.788919892
-1.69553066667 300.511741223
-1.690528 300.313316623
-1.68552533333 300.164358114
-1.68052266667 300.069535147
-1.67552 299.912567649
-1.67051733333 299.822481461
-1.66551466667 299.864949581
-1.660512 300.482462896
-1.65550933333 300.312272711
-1.65050666667 300.071202828
-1.645504 299.490497506
-1.64050133333 298.998344541
-1.63549866667 298.257140454
-1.630496 298.099747607
-1.62549333333 298.367148896
-1.62049066667 301.259022678
-1.615488 304.260345977
-1.61048533333 310.70115801
-1.60548266667 312.41644611
-1.60048 312.297350993
-1.59547733333 312.106815712
-1.59047466667 311.969376869
-1.585472 311.71875556
-1.58046933333 311.59592584
-1.57546666667 311.471593488
-1.570464 311.46325703
-1.56546133333 311.348148333
-1.56045866667 311.397874226
-1.555456 311.46402595
-1.55045333333 311.526397329
-1.54545066667 311.635794783
-1.540448 311.776645084
-1.53544533333 312.439712136
-1.53044266667 312.605986918
-1.52544 312.569216594
-1.52043733333 312.592633221
-1.51543466667 312.4996911
-1.510432 312.455309196
-1.50542933333 312.281208112
-1.50042666667 312.193890214
-1.495424 312.155840117
-1.49042133333 312.149515383
-1.48541866667 312.079763741
-1.480416 312.164004063
-1.47541333333 312.152990248
-1.47041066667 312.21911085
-1.465408 312.224587534
-1.46040533333 312.284605173
-1.45540266667 312.301381932
-1.4504 312.386441189
-1.44539733333 312.380413834
-1.44039466667 312.502040219
-1.435392 312.599660422
-1.43038933333 312.717032578
-1.42538666667 312.744759928
-1.420384 312.880590488
-1.41538133333 312.936153418
-1.41037866667 313.055348276
-1.405376 313.065664418
-1.40037333333 313.180547459
-1.39537066667 313.296355824
-1.390368 313.468160397
-1.38536533333 313.579969172
-1.38036266667 313.688054457
-1.37536 313.761581299
-1.37035733333 313.884705575
-1.36535466667 313.961537941
-1.360352 314.141739728
-1.35534933333 314.271254013
-1.35034666667 314.541662345
-1.345344 314.71309026
-1.34034133333 315.011910351
-1.33533866667 315.245429778
-1.330336 315.506171252
-1.32533333333 315.670975995
-1.32033066667 315.924649985
-1.315328 316.048347627
-1.31032533333 316.235582821
-1.30532266667 316.352525223
-1.30032 316.522164208
-1.29531733333 316.635363861
-1.29031466667 316.85140703
-1.285312 316.911926203
-1.28030933333 317.070097111
-1.27530666667 317.151141442
-1.270304 317.274483402
-1.26530133333 317.329536886
-1.26029866667 317.444785922
-1.255296 317.513710075
-1.25029333333 317.62758835
-1.24529066667 317.643924902
-1.240288 317.758195351
-1.23528533333 317.762815068
-1.23028266667 317.939070698
-1.22528 317.917747655
-1.22027733333 318.009627544
-1.21527466667 318.01537687
-1.210272 318.140680831
-1.20526933333 318.17658549
-1.20026666667 318.315789462
-1.195264 318.415598001
-1.19026133333 318.6171202
-1.18525866667 318.702745356
-1.180256 318.943168809
-1.17525333333 319.072536711
-1.17025066667 319.221467514
-1.165248 319.222781686
-1.16024533333 319.3644189
-1.15524266667 319.398113309
-1.15024 319.509325862
-1.14523733333 319.542416569
-1.14023466667 319.60613522
-1.135232 319.637113954
-1.13022933333 319.755937382
-1.12522666667 319.748662724
-1.120224 319.849001613
-1.11522133333 319.892728662
-1.11021866667 320.001202746
-1.105216 320.014365914
-1.10021333333 320.110847753
-1.09521066667 320.112257558
-1.090208 320.215692425
-1.08520533333 320.188688769
-1.08020266667 320.260604436
-1.0752 320.228849752
-1.07019733333 320.335794719
-1.06519466667 320.269647438
-1.060192 320.357955835
-1.05518933333 320.349852692
-1.05018666667 320.409873373
-1.045184 320.334975249
-1.04018133333 320.366881284
-1.03517866667 320.311688409
-1.030176 320.370701261
-1.02517333333 320.268738946
-1.02017066667 320.339623128
-1.015168 320.278492638
-1.01016533333 320.317651465
-1.00516266667 320.252769361
-1.00016 320.281323966
-0.995157333333 320.233602544
-0.990154666667 320.251584127
-0.985152 320.188123914
-0.980149333333 320.236898083
-0.975146666667 320.18250738
-0.970144 320.208359683
-0.965141333333 320.165550881
-0.960138666667 320.196700239
-0.955136 320.151316397
-0.950133333333 320.178553523
-0.945130666667 320.067821246
-0.940128 320.130695231
-0.935125333333 320.088050579
-0.930122666667 320.10549614
-0.92512 319.993787167
-0.920117333333 320.025064009
-0.915114666667 319.969831942
-0.910112 319.978747224
-0.905109333333 319.924411669
-0.900106666667 319.962557671
-0.895104 319.913603123
-0.890101333333 319.908687572
-0.885098666667 319.798373566
-0.880096 319.799107575
-0.875093333333 319.693381533
-0.870090666667 319.687793996
-0.865088 319.636301372
-0.860085333333 319.669150018
-0.855082666667 319.596938898
-0.85008 319.635746878
-0.845077333333 319.561542473
-0.840074666667 319.580532109
-0.835072 319.538473735
-0.830069333333 319.526429102
-0.825066666667 319.503154023
-0.820064 319.50941744
-0.815061333333 319.495263678
-0.810058666667 319.498892656
-0.805056 319.452473195
-0.800053333333 319.467576175
-0.795050666667 319.441136959
-0.790048 319.500756713
-0.785045333333 319.465154389
-0.780042666667 319.465534228
-0.77504 319.437065476
-0.770037333333 319.460371006
-0.765034666667 319.409029146
-0.760032 319.447104326
-0.755029333333 319.409580222
-0.750026666667 319.416544148
-0.745024 319.403141063
-0.740021333333 319.448507903
-0.735018666667 319.423885346
-0.730016 319.445944533
-0.725013333333 319.394299694
-0.720010666667 319.431702937
-0.715008 319.396554626
-0.710005333333 319.452347041
-0.705002666667 319.385988834
-0.7 319.399940791
-0.694997333333 319.352511913
-0.689994666667 319.432655871
-0.684992 319.3382917
-0.679989333333 319.424193909
-0.674986666667 319.393734082
-0.669984 319.428422206
-0.664981333333 319.377531509
-0.659978666667 319.387154039
-0.654976 319.381070558
-0.649973333333 319.385436998
-0.644970666667 319.313949333
-0.639968 319.342530214
-0.634965333333 319.294174982
-0.629962666667 319.302430712
-0.62496 319.254983434
-0.619957333333 319.277230281
-0.614954666667 319.210113575
-0.609952 319.251924788
-0.604949333333 319.137873254
-0.599946666667 319.211776127
-0.594944 319.173789803
-0.589941333333 319.210577689
-0.584938666667 319.092331829
-0.579936 319.146047181
-0.574933333333 319.106323264
-0.569930666667 319.127721424
-0.564928 319.064282924
-0.559925333333 319.067564161
-0.554922666667 319.037630522
-0.54992 319.072042397
-0.544917333333 319.000857865
-0.539914666667 319.02212272
-0.534912 319.009456813
-0.529909333333 319.00902863
-0.524906666667 318.949067878
-0.519904 318.985084768
-0.514901333333 318.939171178
-0.509898666667 318.957962846
-0.504896 318.906829555
-0.499893333333 318.933162825
-0.494890666667 318.900910476
-0.489888 318.946529883
-0.484885333333 318.858828067
-0.479882666667 318.893235898
-0.47488 318.859673853
-0.469877333333 318.908629131
-0.464874666667 318.802588767
-0.459872 318.854457091
-0.454869333333 318.813049818
-0.449866666667 318.844008463
-0.444864 318.784708651
-0.439861333333 318.808390343
-0.434858666667 318.768859306
-0.429856 318.806160028
-0.424853333333 318.736356626
-0.419850666667 318.746301686
-0.414848 318.732891254
-0.409845333333 318.759289819
-0.404842666667 318.705242946
-0.39984 318.690526731
-0.394837333333 318.683063524
-0.389834666667 318.703726983
-0.384832 318.624718943
-0.379829333333 318.656302704
-0.374826666667 318.640988861
-0.369824 318.689091445
-0.364821333333 318.627051574
-0.359818666667 318.665543107
-0.354816 318.631544798
-0.349813333333 318.725403082
-0.344810666667 318.656946732
-0.339808 318.678729653
-0.334805333333 318.67130503
-0.329802666667 318.680379132
-0.3248 318.649412806
-0.319797333333 318.666360352
-0.314794666667 318.670717909
-0.309792 318.716169966
-0.304789333333 318.666880774
-0.299786666667 318.703711259
-0.294784 318.667294801
-0.289781333333 318.728713331
-0.284778666667 318.679917374
-0.279776 318.725220291
-0.274773333333 318.702501641
-0.269770666667 318.732932156
-0.264768 318.68554323
-0.259765333333 318.727930957
-0.254762666667 318.714365092
-0.24976 318.76146607
-0.244757333333 318.705400709
-0.239754666667 318.775835942
-0.234752 318.766687602
-0.229749333333 318.813836827
-0.224746666667 318.759349932
-0.219744 318.778194818
-0.214741333333 318.705006098
-0.209738666667 318.713244677
-0.204736 318.626313797
-0.199733333333 318.687705447
-0.194730666667 318.648141707
-0.189728 318.680776121
-0.184725333333 318.578217053
-0.179722666667 318.622019999
-0.17472 318.601154011
-0.169717333333 318.604610736
-0.164714666667 318.552772745
-0.159712 318.583692225
-0.154709333333 318.538677691
-0.149706666667 318.562103945
-0.144704 318.502720747
-0.139701333333 318.534776856
-0.134698666667 318.531935913
-0.129696 318.575180652
-0.124693333333 318.500268626
-0.119690666667 318.536719612
-0.114688 318.506786313
-0.109685333333 318.557880527
-0.104682666667 318.49116595
-0.09968 318.520931848
-0.0946773333333 318.496053682
-0.0896746666667 318.528940037
-0.084672 318.477863708
-0.0796693333333 318.535073231
-0.0746666666667 318.521929258
-0.069664 318.525501098
-0.0646613333333 318.497750173
-0.0596586666667 318.523844064
-0.054656 318.49202527
-0.0496533333333 318.532258337
-0.0446506666667 318.468107667
-0.039648 318.52018993
-0.0346453333333 318.500157227
-0.0296426666667 318.554202634
-0.02464 318.504541223
-0.0196373333333 318.530878849
-0.0146346666667 318.513854875
-0.009632 318.552859859
-0.00462933333333 318.473919624
