-9.99995733333 464.699372276
-9.99495466667 464.194186672
-9.989952 464.058634028
-9.98494933333 463.856050694
-9.97994666667 463.753926806
-9.974944 463.751584519
-9.96994133333 463.78783867
-9.96493866667 463.860084928
-9.959936 463.975832537
-9.95493333333 463.999855638
-9.94993066667 464.160456864
-9.944928 464.275254873
-9.93992533333 464.428253094
-9.93492266667 464.446926209
-9.92992 464.481047991
-9.92491733333 464.423753631
-9.91991466667 464.467324853
-9.914912 464.372402512
-9.90990933333 464.430157749
-9.90490666667 464.44132281
-9.899904 464.566419104
-9.89490133333 464.670869527
-9.88989866667 464.928432175
-9.884896 465.12876281
-9.87989333333 465.562945423
-9.87489066667 465.718472886
-9.869888 465.809350683
-9.86488533333 465.907084751
-9.85988266667 465.985517167
-9.85488 466.017955456
-9.84987733333 466.112764779
-9.84487466667 466.213377047
-9.839872 466.240446853
-9.83486933333 466.111807478
-9.82986666667 466.180298404
-9.824864 466.197962243
-9.81986133333 466.243159733
-9.81485866667 466.163822745
-9.809856 466.235131408
-9.80485333333 466.327707882
-9.79985066667 466.423702477
-9.794848 466.426121304
-9.78984533333 466.434510112
-9.78484266667 466.286262062
-9.77984 466.302748924
-9.77483733333 466.153686465
-9.76983466667 466.113895726
-9.764832 466.026282353
-9.75982933333 466.377117592
-9.75482666667 466.456939168
-9.749824 466.621676067
-9.74482133333 466.892761282
-9.73981866667 467.09841541
-9.734816 467.057478464
-9.72981333333 467.076141665
-9.72481066667 467.014507629
-9.719808 467.345991744
-9.71480533333 467.48882331
-9.70980266667 467.610175982
-9.7048 467.567097342
-9.69979733333 467.768472542
-9.69479466667 467.845196028
-9.689792 468.068558802
-9.68478933333 468.168850897
-9.67978666667 468.267420426
-9.674784 468.524717951
-9.66978133333 468.770563871
-9.66477866667 468.863315414
-9.659776 469.053987647
-9.65477333333 469.106605376
-9.64977066667 469.390119552
-9.644768 469.396302486
-9.63976533333 469.483466505
-9.63476266667 469.582030795
-9.62976 469.820500059
-9.62475733333 469.867666805
-9.61975466667 470.054780598
-9.614752 470.160107237
-9.60974933333 470.214455613
-9.60474666667 470.243064778
-9.599744 470.380461185
-9.59474133333 470.340316809
-9.58973866667 470.528500177
-9.584736 470.549504578
-9.57973333333 470.800279031
-9.57473066667 470.800864169
-9.569728 470.995178068
-9.56472533333 471.279498708
-9.55972266667 471.501516192
-9.55472 471.70779164
-9.54971733333 472.129520463
-9.54471466667 472.283394275
-9.539712 472.597009141
-9.53470933333 472.886090462
-9.52970666667 473.176893042
-9.524704 473.448998966
-9.51970133333 473.787793531
-9.51469866667 473.938679257
-9.509696 474.236417541
-9.50469333333 474.598188803
-9.49969066667 474.901869779
-9.494688 475.03734186
-9.48968533333 475.365650924
-9.48468266667 475.353199276
-9.47968 475.413568151
-9.47467733333 475.41436259
-9.46967466667 475.438861987
-9.464672 475.626339347
-9.45966933333 475.729241124
-9.45466666667 475.83224114
-9.449664 476.176359298
-9.44466133333 476.458187901
-9.43965866667 476.70340995
-9.434656 477.051324915
-9.42965333333 477.403060078
-9.42465066667 477.696370082
-9.419648 478.286596205
-9.41464533333 478.711421429
-9.40964266667 479.389656544
-9.40464 479.786724842
-9.39963733333 480.33843403
-9.39463466667 480.925003002
-9.389632 481.424544543
-9.38462933333 481.877775941
-9.37962666667 482.419142645
-9.374624 482.737408621
-9.36962133333 483.078768743
-9.36461866667 483.426709677
-9.359616 483.85340316
-9.35461333333 484.137737233
-9.34961066667 484.41783972
-9.344608 484.64715714
-9.33960533333 484.93498022
-9.33460266667 485.117851616
-9.3296 485.397884378
-9.32459733333 485.819178923
-9.31959466667 486.348524091
-9.314592 486.681947033
-9.30958933333 487.108918087
-9.30458666667 487.404201154
-9.299584 487.632790669
-9.29458133333 487.648357463
-9.28957866667 487.851981142
-9.284576 487.805799648
-9.27957333333 487.881797951
-9.27457066667 487.907197985
-9.269568 488.03342617
-9.26456533333 488.116131766
-9.25956266667 488.217276872
-9.25456 488.247094168
-9.24955733333 488.433800803
-9.24455466667 488.698444854
-9.239552 488.989781287
-9.23454933333 489.086459139
-9.22954666667 489.332386662
-9.224544 489.74429762
-9.21954133333 490.072666944
-9.21453866667 490.387928621
-9.209536 490.573920729
-9.20453333333 490.814731018
-9.19953066667 491.222922811
-9.194528 491.412529598
-9.18952533333 491.562052071
-9.18452266667 491.755743607
-9.17952 492.051705992
-9.17451733333 492.10079437
-9.16951466667 492.282965638
-9.164512 492.38199017
-9.15950933333 492.6918798
-9.15450666667 492.739582793
-9.149504 492.921148109
-9.14450133333 493.165424309
-9.13949866667 493.398521224
-9.134496 493.410140841
-9.12949333333 493.386470682
-9.12449066667 493.381822922
-9.119488 493.491954662
-9.11448533333 493.542634161
-9.10948266667 493.836313187
-9.10448 494.095164726
-9.09947733333 494.365021427
-9.09447466667 494.426974114
-9.089472 494.449917585
-9.08446933333 494.364201463
-9.07946666667 494.326633279
-9.074464 494.253701249
-9.06946133333 494.198223573
-9.06445866667 494.092807551
-9.059456 494.190547214
-9.05445333333 494.304665064
-9.04945066667 494.514976393
-9.044448 494.676801115
-9.03944533333 494.898021143
-9.03444266667 494.965432667
-9.02944 495.09609919
-9.02443733333 495.171431534
-9.01943466667 495.258914214
-9.014432 495.208975396
-9.00942933333 495.352286561
-9.00442666667 495.302676879
-8.999424 495.231676789
-8.99442133333 495.201885933
-8.98941866667 495.177844575
-8.984416 495.059264209
-8.97941333333 494.943428863
-8.97441066667 494.596399806
-8.969408 494.362589379
-8.96440533333 494.074914843
-8.95940266667 493.714985711
-8.9544 493.277627151
-8.94939733333 492.922106318
-8.94439466667 492.656344053
-8.939392 492.494900372
-8.93438933333 492.242509719
-8.92938666667 492.059438209
-8.924384 491.734709353
-8.91938133333 491.573526535
-8.91437866667 491.349557461
-8.909376 491.082597988
-8.90437333333 490.867026035
-8.89937066667 490.702142232
-8.894368 490.408483754
-8.88936533333 490.29045167
-8.88436266667 490.03945085
-8.87936 490.083263718
-8.87435733333 489.882206762
-8.86935466667 489.911944444
-8.864352 489.881001032
-8.85934933333 489.915256562
-8.85434666667 489.898542405
-8.849344 489.790721036
-8.84434133333 489.721732852
-8.83933866667 489.727685047
-8.834336 489.671516021
-8.82933333333 489.716580442
-8.82433066667 489.564621037
-8.819328 489.661504553
-8.81432533333 489.683921007
-8.80932266667 489.832638865
-8.80432 490.020858929
-8.79931733333 490.128347794
-8.79431466667 490.226735612
-8.789312 490.419020177
-8.78430933333 490.568298859
-8.77930666667 490.818740801
-8.774304 490.897193203
-8.76930133333 491.176264758
-8.76429866667 491.328530083
-8.759296 491.593791295
-8.75429333333 491.849276397
-8.74929066667 492.193154007
-8.744288 492.411324398
-8.73928533333 492.870639909
-8.73428266667 493.117727261
-8.72928 493.383328578
-8.72427733333 493.551188414
-8.71927466667 493.609559406
-8.714272 493.626516078
-8.70926933333 493.596322093
-8.70426666667 493.575439087
-8.699264 493.539365744
-8.69426133333 493.256236903
-8.68925866667 493.169170126
-8.684256 493.014570768
-8.67925333333 493.048799501
-8.67425066667 493.048532109
-8.669248 493.024413472
-8.66424533333 493.159882768
-8.65924266667 493.121567707
-8.65424 493.268855882
-8.64923733333 493.339080237
-8.64423466667 493.282286139
-8.639232 493.296501285
-8.63422933333 493.203251874
-8.62922666667 493.214763171
-8.624224 493.274483443
-8.61922133333 493.365934904
-8.61421866667 493.246510371
-8.609216 493.360841424
-8.60421333333 493.407972863
-8.59921066667 493.589362572
-8.594208 493.613304087
-8.58920533333 493.67878062
-8.58420266667 493.640767006
-8.5792 493.613313809
-8.57419733333 493.452943382
-8.56919466667 493.253407514
-8.564192 493.197495623
-8.55918933333 493.280842165
-8.55418666667 493.257567597
-8.549184 493.466996817
-8.54418133333 493.605756899
-8.53917866667 494.023277551
-8.534176 494.293963901
-8.52917333333 494.645582072
-8.52417066667 495.099203755
-8.519168 495.711848092
-8.51416533333 496.02880906
-8.50916266667 496.639700173
-8.50416 496.876729348
-8.49915733333 497.11669786
-8.49415466667 497.170501386
-8.489152 497.518564919
-8.48414933333 497.626049114
-8.47914666667 497.882412376
-8.474144 498.290353231
-8.46914133333 498.874748196
-8.46413866667 499.429574557
-8.459136 499.853996531
-8.45413333333 499.957945024
-8.44913066667 500.153780069
-8.444128 500.255572355
-8.43912533333 500.329010369
-8.43412266667 500.327510372
-8.42912 500.410657114
-8.42411733333 500.326592998
-8.41911466667 500.322298999
-8.414112 500.421164548
-8.40910933333 500.478413433
-8.40410666667 500.428886449
-8.399104 500.556871831
-8.39410133333 500.439400826
-8.38909866667 500.471139548
-8.384096 500.402104166
-8.37909333333 500.484057189
-8.37409066667 500.368845175
-8.369088 500.488095101
-8.36408533333 500.53138004
-8.35908266667 500.701446914
-8.35408 500.713792912
-8.34907733333 500.806144215
-8.34407466667 500.809470644
-8.339072 500.868041855
-8.33406933333 500.775818563
-8.32906666667 500.667179152
-8.324064 500.702733218
-8.31906133333 500.782156001
-8.31405866667 500.632369266
-8.309056 500.519038638
-8.30405333333 500.44949614
-8.29905066667 500.285108966
-8.294048 500.188984301
-8.28904533333 500.008815313
-8.28404266667 499.593420517
-8.27904 499.223150851
-8.27403733333 498.802365336
-8.26903466667 498.280788474
-8.264032 497.804953287
-8.25902933333 497.14448038
-8.25402666667 496.500031141
-8.249024 495.994633552
-8.24402133333 495.539965926
-8.23901866667 495.353664567
-8.234016 494.813509298
-8.22901333333 494.622208982
-8.22401066667 494.11896888
-8.219008 493.781247585
-8.21400533333 493.35242258
-8.20900266667 492.977708044
-8.204 492.522011153
-8.19899733333 492.025520385
-8.19399466667 491.687320512
-8.188992 491.23169855
-8.18398933333 490.846264016
-8.17898666667 490.608761253
-8.173984 490.265071434
-8.16898133333 489.988722542
-8.16397866667 489.61004897
-8.158976 489.42561145
-8.15397333333 489.079553557
-8.14897066667 488.858595069
-8.143968 488.563316296
-8.13896533333 488.513953407
-8.13396266667 488.031753145
-8.12896 487.783857839
-8.12395733333 487.473059593
-8.11895466667 487.296616479
-8.113952 487.099503107
-8.10894933333 486.926580491
-8.10394666667 486.968928984
-8.098944 486.961027136
-8.09394133333 486.997381932
-8.08893866667 487.103955286
-8.083936 487.042460364
-8.07893333333 487.089785796
-8.07393066667 487.015264738
-8.068928 486.905167412
-8.06392533333 486.974954629
-8.05892266667 487.078835533
-8.05392 487.019227614
-8.04891733333 487.053665189
-8.04391466667 487.005441134
-8.038912 487.11018568
-8.03390933333 486.9812991
-8.02890666667 486.975867436
-8.023904 487.013096644
-8.01890133333 487.017165439
-8.01389866667 487.019075039
-8.008896 486.941427334
-8.00389333333 486.843889883
-7.99889066667 486.856780235
-7.993888 486.700094262
-7.98888533333 486.530659255
-7.98388266667 486.507630892
-7.97888 486.544050236
-7.97387733333 486.422340849
-7.96887466667 486.35132675
-7.963872 486.33477742
-7.95886933333 486.376288282
-7.95386666667 486.364916373
-7.948864 486.404896681
-7.94386133333 486.425088835
-7.93885866667 486.445845403
-7.933856 486.475130177
-7.92885333333 486.553337734
-7.92385066667 486.61488591
-7.918848 486.760055468
-7.91384533333 486.876562773
-7.90884266667 487.012097593
-7.90384 487.191365013
-7.89883733333 487.405376174
-7.89383466667 487.479720664
-7.888832 487.547083748
-7.88382933333 487.707108684
-7.87882666667 487.969854741
-7.873824 488.140728187
-7.86882133333 488.485766773
-7.86381866667 488.825643915
-7.858816 489.036857054
-7.85381333333 489.242126886
-7.84881066667 489.307645085
-7.843808 489.456509196
-7.83880533333 489.648810718
-7.83380266667 489.894685313
-7.8288 489.892312209
-7.82379733333 490.091612828
-7.81879466667 490.095670315
-7.813792 490.005822984
-7.80878933333 490.020052807
-7.80378666667 490.222616835
-7.798784 490.259864261
-7.79378133333 490.294672472
-7.78877866667 490.46745312
-7.783776 490.372903108
-7.77877333333 490.462683854
-7.77377066667 490.328799529
-7.768768 490.260764393
-7.76376533333 490.269280796
-7.75876266667 490.300194293
-7.75376 490.060997842
-7.74875733333 490.017593742
-7.74375466667 489.841407492
-7.738752 489.75215859
-7.73374933333 489.490714927
-7.72874666667 489.343638145
-7.723744 489.16049842
-7.71874133333 489.169689241
-7.71373866667 489.067830245
-7.708736 489.070104697
-7.70373333333 489.030823038
-7.69873066667 489.021717074
-7.693728 489.00915109
-7.68872533333 489.113852209
-7.68372266667 489.288946005
-7.67872 489.971972842
-7.67371733333 490.337816079
-7.66871466667 490.913044818
-7.663712 491.264247547
-7.65870933333 491.548183513
-7.65370666667 491.896230209
-7.648704 492.231478897
-7.64370133333 492.285957952
-7.63869866667 492.323874411
-7.633696 492.167528516
-7.62869333333 492.051902731
-7.62369066667 492.065486555
-7.618688 492.102878584
-7.61368533333 491.867074947
-7.60868266667 491.83194647
-7.60368 491.728405556
-7.59867733333 491.730920718
-7.59367466667 491.634368436
-7.588672 491.71401059
-7.58366933333 491.783505687
-7.57866666667 491.879456653
-7.573664 491.797376527
-7.56866133333 491.81909488
-7.56365866667 491.742318569
-7.558656 491.765542828
-7.55365333333 491.674543868
-7.54865066667 491.560031445
-7.543648 491.380967746
-7.53864533333 491.398743418
-7.53364266667 491.121026405
-7.52864 491.036418921
-7.52363733333 490.802999842
-7.51863466667 490.721945028
-7.513632 490.590077313
-7.50862933333 490.547439592
-7.50362666667 490.460911879
-7.498624 490.575096084
-7.49362133333 490.515748991
-7.48861866667 490.490324305
-7.483616 490.4334314
-7.47861333333 490.471769092
-7.47361066667 490.438797115
-7.468608 490.518400007
-7.46360533333 490.39030117
-7.45860266667 490.367528303
-7.4536 490.198096347
-7.44859733333 490.003841541
-7.44359466667 489.947250277
-7.438592 489.863180381
-7.43358933333 489.772625307
-7.42858666667 489.661627181
-7.423584 489.541320373
-7.41858133333 489.509093149
-7.41357866667 489.103899367
-7.408576 488.85359617
-7.40357333333 488.481030475
-7.39857066667 488.204438306
-7.393568 487.939245369
-7.38856533333 487.717922097
-7.38356266667 487.534014517
-7.37856 487.246692816
-7.37355733333 487.114001088
-7.36855466667 487.023720464
-7.363552 486.861867562
-7.35854933333 486.703364842
-7.35354666667 486.650767002
-7.348544 486.633845802
-7.34354133333 486.513535193
-7.33853866667 486.532577548
-7.333536 486.476404647
-7.32853333333 486.489614211
-7.32353066667 486.417844445
-7.318528 486.580521005
-7.31352533333 486.593225893
-7.30852266667 486.667124495
-7.30352 486.818534271
-7.29851733333 486.845327381
-7.29351466667 486.834943758
-7.288512 486.878626514
-7.28350933333 486.731225768
-7.27850666667 486.631571557
-7.273504 486.426663505
-7.26850133333 486.162563499
-7.26349866667 485.919459897
-7.258496 485.686496167
-7.25349333333 485.435482794
-7.24849066667 485.357002019
-7.243488 485.015134802
-7.23848533333 484.801263587
-7.23348266667 484.660765589
-7.22848 484.511623208
-7.22347733333 484.320796828
-7.21847466667 484.093860503
-7.213472 483.90602199
-7.20846933333 483.7478511
-7.20346666667 483.666436613
-7.198464 483.576330516
-7.19346133333 483.268876018
-7.18845866667 483.208554713
-7.183456 483.185302332
-7.17845333333 483.315195298
-7.17345066667 483.407777158
-7.168448 483.50847764
-7.16344533333 483.682401323
-7.15844266667 483.949540221
-7.15344 484.184267985
-7.14843733333 484.56263969
-7.14343466667 484.714735407
-7.138432 484.98375739
-7.13342933333 485.114233331
-7.12842666667 485.374314317
-7.123424 485.457818569
-7.11842133333 485.478577804
-7.11341866667 485.478968302
-7.108416 485.49413577
-7.10341333333 485.463060849
-7.09841066667 485.494201522
-7.093408 485.373882171
-7.08840533333 485.307953862
-7.08340266667 485.099839627
-7.0784 484.922303897
-7.07339733333 484.732825506
-7.06839466667 484.625905052
-7.063392 484.528788868
-7.05838933333 484.466625471
-7.05338666667 484.307890296
-7.048384 484.104492654
-7.04338133333 483.892753097
-7.03837866667 483.61835153
-7.033376 483.363494354
-7.02837333333 483.043123539
-7.02337066667 482.598312042
-7.018368 482.437112342
-7.01336533333 482.215631612
-7.00836266667 481.899543985
-7.00336 481.749477309
-6.99835733333 481.485879339
-6.99335466667 481.230496363
-6.988352 481.072349771
-6.98334933333 480.911326727
-6.97834666667 480.839042128
-6.973344 480.754314615
-6.96834133333 480.585558483
-6.96333866667 480.431896331
-6.958336 480.211530281
-6.95333333333 480.001909316
-6.94833066667 479.849238291
-6.943328 479.716509191
-6.93832533333 479.66588569
-6.93332266667 479.643470837
-6.92832 479.62296001
-6.92331733333 479.559427716
-6.91831466667 479.47291568
-6.913312 479.260533198
-6.90830933333 479.100727702
-6.90330666667 478.943261374
-6.898304 478.784997067
-6.89330133333 478.689934366
-6.88829866667 478.597707704
-6.883296 478.486951214
-6.87829333333 478.398422589
-6.87329066667 478.235031961
-6.868288 478.082958074
-6.86328533333 477.80737852
-6.85828266667 477.811270575
-6.85328 477.743148178
-6.84827733333 477.824106854
-6.84327466667 477.775099795
-6.838272 477.828186411
-6.83326933333 477.88043405
-6.82826666667 477.91250628
-6.823264 477.925913699
-6.81826133333 478.042548803
-6.81325866667 478.064080519
-6.808256 478.280424707
-6.80325333333 478.435322834
-6.79825066667 478.688103963
-6.793248 478.771962455
-6.78824533333 478.958381327
-6.78324266667 478.967882088
-6.77824 479.200897271
-6.77323733333 479.253747847
-6.76823466667 479.451414305
-6.763232 479.7459534
-6.75822933333 480.023134699
-6.75322666667 480.1537097
-6.748224 480.366933051
-6.74322133333 480.554568121
-6.73821866667 480.830101939
-6.733216 481.08982726
-6.72821333333 481.329364197
-6.72321066667 481.585106947
-6.718208 481.818499239
-6.71320533333 481.885573649
-6.70820266667 482.091508747
-6.7032 482.248120905
-6.69819733333 482.515976111
-6.69319466667 482.698034276
-6.688192 482.934930742
-6.68318933333 483.065727916
-6.67818666667 483.33126829
-6.673184 483.508467956
-6.66818133333 483.792517551
-6.66317866667 484.109250122
-6.658176 484.364415372
-6.65317333333 484.733786276
-6.64817066667 485.03990071
-6.643168 485.421366132
-6.63816533333 485.940514466
-6.63316266667 486.359448922
-6.62816 486.812354236
-6.62315733333 487.224017684
-6.61815466667 487.795351773
-6.613152 488.136110782
-6.60814933333 488.546871088
-6.60314666667 489.075872858
-6.598144 489.550753589
-6.59314133333 489.852982551
-6.58813866667 490.162728946
-6.583136 490.26078485
-6.57813333333 490.381929455
-6.57313066667 490.427872936
-6.568128 490.569189836
-6.56312533333 490.511058763
-6.55812266667 490.561963287
-6.55312 490.533703382
-6.54811733333 490.551717311
-6.54311466667 490.597579912
-6.538112 490.647410705
-6.53310933333 490.468355032
-6.52810666667 490.184020722
-6.523104 489.946192247
-6.51810133333 489.67764963
-6.51309866667 489.405011648
-6.508096 489.410745243
-6.50309333333 489.420922363
-6.49809066667 489.399458172
-6.493088 489.31835196
-6.48808533333 489.397143243
-6.48308266667 489.518613667
-6.47808 489.741620399
-6.47307733333 489.811856059
-6.46807466667 489.829281777
-6.463072 490.057590467
-6.45806933333 490.328227396
-6.45306666667 490.484346403
-6.448064 490.744929077
-6.44306133333 490.92478186
-6.43805866667 491.29519137
-6.433056 491.492914014
-6.42805333333 491.732574532
-6.42305066667 491.914351222
-6.418048 492.378054137
-6.41304533333 492.462462329
-6.40804266667 492.49072238
-6.40304 492.610027125
-6.39803733333 492.783969693
-6.39303466667 492.710423772
-6.388032 492.877914969
-6.38302933333 492.949147077
-6.37802666667 493.16195706
-6.373024 493.184592215
-6.36802133333 493.287432766
-6.36301866667 493.433408701
-6.358016 493.630551648
-6.35301333333 493.740403486
-6.34801066667 493.912882398
-6.343008 493.788623416
-6.33800533333 493.783699142
-6.33300266667 493.591402284
-6.328 493.39860317
-6.32299733333 493.4836268
-6.31799466667 493.651656015
-6.312992 493.786402847
-6.30798933333 493.908194998
-6.30298666667 494.222619854
-6.297984 494.383568626
-6.29298133333 494.450316398
-6.28797866667 494.338950596
-6.282976 494.166627773
-6.27797333333 494.144353702
-6.27297066667 494.070367562
-6.267968 494.265769201
-6.26296533333 494.535536783
-6.25796266667 494.817042661
-6.25296 495.010753834
-6.24795733333 495.142064461
-6.24295466667 495.204962772
-6.237952 495.252612183
-6.23294933333 495.395734342
-6.22794666667 495.672907091
-6.222944 495.670494287
-6.21794133333 495.546059763
-6.21293866667 495.197202598
-6.207936 495.040299207
-6.20293333333 494.863972267
-6.19793066667 494.764528076
-6.192928 494.538350312
-6.18792533333 494.182484042
-6.18292266667 494.109443623
-6.17792 493.964742478
-6.17291733333 493.625344195
-6.16791466667 493.501334406
-6.162912 493.365257477
-6.15790933333 493.393326448
-6.15290666667 493.402410641
-6.147904 493.352487713
-6.14290133333 493.350611763
-6.13789866667 493.497039157
-6.132896 493.657008182
-6.12789333333 493.748440067
-6.12289066667 493.716799611
-6.117888 493.664155731
-6.11288533333 493.291365923
-6.10788266667 493.168350941
-6.10288 492.993980795
-6.09787733333 492.766280845
-6.09287466667 492.486030352
-6.087872 492.350151681
-6.08286933333 492.260456994
-6.07786666667 492.121238436
-6.072864 492.08989996
-6.06786133333 491.961041193
-6.06285866667 491.856969562
-6.057856 491.920395237
-6.05285333333 491.730049794
-6.04785066667 491.451462913
-6.042848 490.923188581
-6.03784533333 490.384083029
-6.03284266667 489.955601674
-6.02784 489.391601899
-6.02283733333 489.024509476
-6.01783466667 488.678366316
-6.012832 488.344917297
-6.00782933333 488.179858425
-6.00282666667 488.138363791
-5.997824 488.282316415
-5.99282133333 488.456349519
-5.98781866667 488.600219619
-5.982816 488.673502757
-5.97781333333 488.757651291
-5.97281066667 488.885748729
-5.967808 488.994897867
-5.96280533333 489.229389085
-5.95780266667 489.289672976
-5.9528 489.38833649
-5.94779733333 489.378972948
-5.94279466667 489.365729728
-5.937792 489.516368635
-5.93278933333 489.545612118
-5.92778666667 489.7122501
-5.922784 489.9070745
-5.91778133333 489.935262723
-5.91277866667 490.022168884
-5.907776 490.082250358
-5.90277333333 490.063814205
-5.89777066667 490.083930959
-5.892768 490.006861646
-5.88776533333 489.814138656
-5.88276266667 489.722875695
-5.87776 489.656188912
-5.87275733333 489.670899644
-5.86775466667 489.742790395
-5.862752 489.945543404
-5.85774933333 490.115934033
-5.85274666667 490.152239604
-5.847744 490.241079027
-5.84274133333 490.327484031
-5.83773866667 490.468519216
-5.832736 490.573630321
-5.82773333333 490.407894887
-5.82273066667 490.29785611
-5.817728 490.195175522
-5.81272533333 490.147158482
-5.80772266667 490.061713433
-5.80272 489.932568453
-5.79771733333 489.827535368
-5.79271466667 489.900928508
-5.787712 489.850988349
-5.78270933333 489.80543341
-5.77770666667 489.836899819
-5.772704 489.75928124
-5.76770133333 489.747281343
-5.76269866667 489.965211033
-5.757696 490.060712456
-5.75269333333 490.273769451
-5.74769066667 490.442682563
-5.742688 490.412054406
-5.73768533333 490.498448381
-5.73268266667 490.307404835
-5.72768 490.326433192
-5.72267733333 490.170203946
-5.71767466667 490.26765827
-5.712672 490.136548382
-5.70766933333 490.118492225
-5.70266666667 489.986123393
-5.697664 489.812902601
-5.69266133333 489.644640586
-5.68765866667 489.574458082
-5.682656 489.42923901
-5.67765333333 489.36951418
-5.67265066667 489.447590744
-5.667648 489.599816711
-5.66264533333 489.695560629
-5.65764266667 489.808223702
-5.65264 489.737799857
-5.64763733333 489.668152566
-5.64263466667 489.79395313
-5.637632 489.913736021
-5.63262933333 489.888128798
-5.62762666667 489.891987101
-5.622624 489.913550425
-5.61762133333 489.908707529
-5.61261866667 489.782107766
-5.607616 489.673324124
-5.60261333333 489.394464333
-5.59761066667 489.223741158
-5.592608 489.006541244
-5.58760533333 489.000786832
-5.58260266667 488.916811184
-5.5776 489.049242753
-5.57259733333 489.112285549
-5.56759466667 489.256973376
-5.562592 489.424691466
-5.55758933333 489.651941053
-5.55258666667 489.909546465
-5.547584 490.200698195
-5.54258133333 490.310783066
-5.53757866667 490.443067639
-5.532576 490.473267017
-5.52757333333 490.549841038
-5.52257066667 490.546744587
-5.517568 490.494989846
-5.51256533333 490.356840562
-5.50756266667 490.104562875
-5.50256 489.834443631
-5.49755733333 489.50423478
-5.49255466667 489.331468226
-5.487552 489.11156979
-5.48254933333 488.858395768
-5.47754666667 488.619548429
-5.472544 488.248400333
-5.46754133333 487.937074611
-5.46253866667 487.561383417
-5.457536 487.317820365
-5.45253333333 486.889473503
-5.44753066667 486.534387583
-5.442528 486.138721909
-5.43752533333 485.776577943
-5.43252266667 485.421649843
-5.42752 485.049342638
-5.42251733333 484.671941826
-5.41751466667 484.332285161
-5.412512 483.805867873
-5.40750933333 483.486633749
-5.40250666667 482.982217412
-5.397504 482.554745374
-5.39250133333 482.076050111
-5.38749866667 481.78326934
-5.382496 481.385889146
-5.37749333333 481.044464548
-5.37249066667 480.829015985
-5.367488 480.570279267
-5.36248533333 480.356138075
-5.35748266667 480.21204818
-5.35248 480.099437802
-5.34747733333 480.013117088
-5.34247466667 479.796090474
-5.337472 479.75201415
-5.33246933333 479.630362256
-5.32746666667 479.534625669
-5.322464 479.471571654
-5.31746133333 479.4069793
-5.31245866667 479.056194751
-5.307456 478.845158388
-5.30245333333 478.554900615
-5.29745066667 478.389651926
-5.292448 478.049792965
-5.28744533333 477.777298548
-5.28244266667 477.493172631
-5.27744 477.416622347
-5.27243733333 477.165972897
-5.26743466667 476.974929404
-5.262432 476.944874553
-5.25742933333 476.898438866
-5.25242666667 476.641042758
-5.247424 476.602852729
-5.24242133333 476.432859305
-5.23741866667 476.304864185
-5.232416 476.363326145
-5.22741333333 476.545793808
-5.22241066667 476.697532585
-5.217408 476.911120627
-5.21240533333 476.964140602
-5.20740266667 477.181410328
-5.2024 477.088384451
-5.19739733333 477.190962749
-5.19239466667 477.142362846
-5.187392 477.217712309
-5.18238933333 477.295337716
-5.17738666667 477.376536863
-5.172384 477.620417304
-5.16738133333 477.869197647
-5.16237866667 478.019137105
-5.157376 478.280173358
-5.15237333333 478.386269155
-5.14737066667 478.418509922
-5.142368 478.456955888
-5.13736533333 478.441415407
-5.13236266667 478.474969629
-5.12736 478.617633442
-5.12235733333 478.742864773
-5.11735466667 479.014498117
-5.112352 479.311696129
-5.10734933333 479.680640838
-5.10234666667 480.295385769
-5.097344 480.930618752
-5.09234133333 481.472906367
-5.08733866667 482.192932785
-5.082336 482.685735595
-5.07733333333 483.020404641
-5.07233066667 483.291062946
-5.067328 483.498450979
-5.06232533333 483.716383677
-5.05732266667 484.217499058
-5.05232 484.622152537
-5.04731733333 485.209443629
-5.04231466667 485.711371178
-5.037312 486.202673958
-5.03230933333 486.675923088
-5.02730666667 487.060852125
-5.022304 487.504439797
-5.01730133333 487.892494738
-5.01229866667 488.213546858
-5.007296 488.225195985
-5.00229333333 488.311407964
-4.99729066667 488.345349548
-4.992288 488.48523742
-4.98728533333 488.777396811
-4.98228266667 488.969659808
-4.97728 489.070876698
-4.97227733333 489.142768001
-4.96727466667 489.223362608
-4.962272 489.307597912
-4.95726933333 489.411357594
-4.95226666667 489.554922405
-4.947264 489.77265915
-4.94226133333 489.911147424
-4.93725866667 490.205383406
-4.932256 490.186965102
-4.92725333333 490.351918206
-4.92225066667 490.401300832
-4.917248 490.470453401
-4.91224533333 490.411568002
-4.90724266667 490.340281306
-4.90224 490.443492625
-4.89723733333 490.373892914
-4.89223466667 490.37918152
-4.887232 490.197763501
-4.88222933333 490.156599788
-4.87722666667 490.28644624
-4.872224 490.088233053
-4.86722133333 489.99294499
-4.86221866667 489.916156571
-4.857216 489.839181216
-4.85221333333 489.551612747
-4.84721066667 489.361321341
-4.842208 489.175042373
-4.83720533333 489.058427829
-4.83220266667 488.716076542
-4.8272 488.365085001
-4.82219733333 488.175538971
-4.81719466667 487.828413752
-4.812192 487.552896261
-4.80718933333 487.205219415
-4.80218666667 486.848101898
-4.797184 486.46622842
-4.79218133333 486.077657402
-4.78717866667 485.699013929
-4.782176 485.343244583
-4.77717333333 484.931203381
-4.77217066667 484.607786501
-4.767168 484.143979821
-4.76216533333 483.78790248
-4.75716266667 483.517880311
-4.75216 483.161801738
-4.74715733333 482.7441216
-4.74215466667 482.412200737
-4.737152 482.183566361
-4.73214933333 481.880022622
-4.72714666667 481.541720898
-4.722144 481.293106665
-4.71714133333 481.117169218
-4.71213866667 480.852539807
-4.707136 480.627452289
-4.70213333333 480.426737468
-4.69713066667 480.148337683
-4.692128 479.886149146
-4.68712533333 479.510093122
-4.68212266667 479.366636349
-4.67712 479.128504627
-4.67211733333 478.882121098
-4.66711466667 478.749517572
-4.662112 478.598868167
-4.65710933333 478.423502101
-4.65210666667 478.402951324
-4.647104 478.285699992
-4.64210133333 478.154978476
-4.63709866667 478.135748901
-4.632096 477.895566461
-4.62709333333 477.881079474
-4.62209066667 477.806917436
-4.617088 477.707547192
-4.61208533333 477.574220097
-4.60708266667 477.363927384
-4.60208 477.173645794
-4.59707733333 476.970348314
-4.59207466667 476.735864017
-4.587072 476.721688087
-4.58206933333 476.681535393
-4.57706666667 476.749340588
-4.572064 476.60071313
-4.56706133333 476.540073148
-4.56205866667 476.311275764
-4.557056 475.839312217
-4.55205333333 475.544407374
-4.54705066667 474.997498728
-4.542048 474.55349502
-4.53704533333 474.015715918
-4.53204266667 473.31951586
-4.52704 472.62706683
-4.52203733333 471.964400631
-4.51703466667 471.402919261
-4.512032 470.804094834
-4.50702933333 470.207089821
-4.50202666667 469.618142237
-4.497024 468.96735983
-4.49202133333 468.167173112
-4.48701866667 467.165832065
-4.482016 465.939859846
-4.47701333333 464.988990555
-4.47201066667 464.074151104
-4.467008 462.979527103
-4.46200533333 461.60275704
-4.45700266667 460.310299555
-4.452 459.076179112
-4.44699733333 457.939563621
-4.44199466667 456.843490788
-4.436992 455.609908275
-4.43198933333 454.572171772
-4.42698666667 453.648557698
-4.421984 452.780896514
-4.41698133333 452.017239144
-4.41197866667 451.175704422
-4.406976 450.506185945
-4.40197333333 449.851575477
-4.39697066667 449.297564455
-4.391968 448.632786421
-4.38696533333 448.042931219
-4.38196266667 447.4561039
-4.37696 446.824766286
-4.37195733333 446.224478312
-4.36695466667 445.613562792
-4.361952 444.84433374
-4.35694933333 444.193276263
-4.35194666667 443.563856464
-4.346944 442.875845567
-4.34194133333 442.194000939
-4.33693866667 441.501293667
-4.331936 440.669499251
-4.32693333333 439.938232729
-4.32193066667 439.443756802
-4.316928 438.951578761
-4.31192533333 438.444294542
-4.30692266667 438.010853584
-4.30192 437.515678724
-4.29691733333 437.08800619
-4.29191466667 436.525403666
-4.286912 436.004694849
-4.28190933333 435.569800961
-4.27690666667 435.150296336
-4.271904 434.581540182
-4.26690133333 434.069092761
-4.26189866667 433.521762341
-4.256896 433.017642854
-4.25189333333 432.677536654
-4.24689066667 432.495272844
-4.241888 432.244896338
-4.23688533333 432.045667364
-4.23188266667 431.942454925
-4.22688 431.950915129
-4.22187733333 432.114352638
-4.21687466667 432.37367764
-4.211872 432.613147104
-4.20686933333 432.851997449
-4.20186666667 433.244965263
-4.196864 433.704254826
-4.19186133333 434.163448068
-4.18685866667 434.675135365
-4.181856 435.436129369
-4.17685333333 436.151812836
-4.17185066667 437.051800305
-4.166848 437.885108654
-4.16184533333 438.672629519
-4.15684266667 439.653540268
-4.15184 440.511648312
-4.14683733333 441.59169384
-4.14183466667 442.585064363
-4.136832 443.656249429
-4.13182933333 444.722730951
-4.12682666667 445.834689269
-4.121824 446.772681418
-4.11682133333 447.688791377
-4.11181866667 448.619539055
-4.106816 449.718983089
-4.10181333333 450.969837522
-4.09681066667 452.571739656
-4.091808 454.472845432
-4.08680533333 456.28981265
-4.08180266667 458.459078651
-4.0768 460.93816412
-4.07179733333 463.57396638
-4.06679466667 466.310490822
-4.061792 469.305662613
-4.05678933333 471.974793415
-4.05178666667 474.433544946
-4.046784 476.29383298
-4.04178133333 478.307545219
-4.03677866667 480.286636967
-4.031776 481.874964693
-4.02677333333 483.295339398
-4.02177066667 484.562381986
-4.016768 485.720272824
-4.01176533333 486.634091617
-4.00676266667 487.256279864
-4.00176 487.354881175
-3.99675733333 487.506292425
-3.99175466667 487.344575899
-3.986752 487.261136213
-3.98174933333 487.06100319
-3.97674666667 486.733879685
-3.971744 486.224631226
-3.96674133333 485.853660107
-3.96173866667 485.464573541
-3.956736 485.18251902
-3.95173333333 484.702047643
-3.94673066667 484.186432791
-3.941728 483.625321903
-3.93672533333 483.061715482
-3.93172266667 482.462954101
-3.92672 482.026531468
-3.92171733333 481.660565243
-3.91671466667 480.926123327
-3.911712 480.365712059
-3.90670933333 479.665247891
-3.90170666667 478.976830276
-3.896704 478.304744531
-3.89170133333 477.501334083
-3.88669866667 477.22834388
-3.881696 477.283930086
-3.87669333333 477.646357545
-3.87169066667 478.764705866
-3.866688 482.797997038
-3.86168533333 484.021875529
-3.85668266667 484.714354462
-3.85168 486.984035634
-3.84667733333 490.258428844
-3.84167466667 492.851847992
-3.836672 495.285114563
-3.83166933333 498.168379472
-3.82666666667 503.015077233
-3.821664 507.191450324
-3.81666133333 507.359149469
-3.81165866667 507.016350666
-3.806656 506.506321485
-3.80165333333 506.372514438
-3.79665066667 506.171152385
-3.791648 505.811656476
-3.78664533333 505.157477765
-3.78164266667 504.583453702
-3.77664 504.022664701
-3.77163733333 503.473648803
-3.76663466667 503.010004566
-3.761632 502.766282976
-3.75662933333 502.522452774
-3.75162666667 502.322421218
-3.746624 502.196742653
-3.74162133333 502.312681877
-3.73661866667 502.194192195
-3.731616 502.09872675
-3.72661333333 502.054081256
-3.72161066667 502.045841257
-3.716608 502.020892341
-3.71160533333 501.939648757
-3.70660266667 501.918548663
-3.7016 501.907184779
-3.69659733333 501.903088293
-3.69159466667 501.701165435
-3.686592 501.647822795
-3.68158933333 501.550279898
-3.67658666667 501.510987637
-3.671584 501.582989096
-3.66658133333 501.402437271
-3.66157866667 500.898947807
-3.656576 500.473471135
-3.65157333333 500.401231624
-3.64657066667 500.289690598
-3.641568 500.430840634
-3.63656533333 500.614538992
-3.63156266667 500.660909374
-3.62656 500.743994428
-3.62155733333 500.92996022
-3.61655466667 500.986419604
-3.611552 500.993586978
-3.60654933333 500.963177453
-3.60154666667 500.97734178
-3.596544 501.037203979
-3.59154133333 500.977319109
-3.58653866667 500.969272683
-3.581536 501.039205572
-3.57653333333 500.979606659
-3.57153066667 501.087487863
-3.566528 501.091186947
-3.56152533333 501.239201368
-3.55652266667 501.323463268
-3.55152 501.623973748
-3.54651733333 501.846969604
-3.54151466667 502.284444001
-3.536512 502.656629059
-3.53150933333 503.130511915
-3.52650666667 503.614043312
-3.521504 504.137123768
-3.51650133333 504.808053633
-3.51149866667 505.308426156
-3.506496 505.788163813
-3.50149333333 506.312274989
-3.49649066667 506.655213863
-3.491488 507.168348612
-3.48648533333 507.434378965
-3.48148266667 507.771641481
-3.47648 507.980742887
-3.47147733333 508.177637732
-3.46647466667 508.211119424
-3.461472 508.380364833
-3.45646933333 508.408663151
-3.45146666667 508.496310706
-3.446464 508.599053722
-3.44146133333 508.684608641
-3.43645866667 508.809603509
-3.431456 508.859621832
-3.42645333333 508.989701243
-3.42145066667 509.175620788
-3.416448 509.379599734
-3.41144533333 509.605728784
-3.40644266667 509.909182856
-3.40144 510.492016267
-3.39643733333 510.972431742
-3.39143466667 511.369708084
-3.386432 511.455783412
-3.38142933333 511.760050806
-3.37642666667 511.933473356
-3.371424 512.073691025
-3.36642133333 512.258451087
-3.36141866667 512.470821574
-3.356416 512.432537227
-3.35141333333 512.717190406
-3.34641066667 512.775785338
-3.341408 513.082386406
-3.33640533333 513.315403328
-3.33140266667 513.551545757
-3.3264 513.56075995
-3.32139733333 513.778885177
-3.31639466667 513.947647916
-3.311392 513.986248717
-3.30638933333 514.002892283
-3.30138666667 514.321475351
-3.296384 514.7915268
-3.29138133333 515.192386144
-3.28637866667 515.804763162
-3.281376 516.066142219
-3.27637333333 516.274094986
-3.27137066667 516.39100981
-3.266368 516.440212933
-3.26136533333 516.554466292
-3.25636266667 516.540219565
-3.25136 516.434478935
-3.24635733333 516.594321533
-3.24135466667 516.456940208
-3.236352 516.486577215
-3.23134933333 516.51909826
-3.22634666667 516.351033257
-3.221344 516.29218534
-3.21634133333 516.219552546
-3.21133866667 516.123610893
-3.206336 516.006404541
-3.20133333333 515.9145719
-3.19633066667 515.813033829
-3.191328 515.652393713
-3.18632533333 515.427252567
-3.18132266667 515.29148181
-3.17632 515.176459471
-3.17131733333 515.297381915
-3.16631466667 515.170351403
-3.161312 515.155154782
-3.15630933333 515.22323002
-3.15130666667 515.341028608
-3.146304 515.396890761
-3.14130133333 515.540031712
-3.13629866667 515.600614935
-3.131296 515.763591956
-3.12629333333 515.858082654
-3.12129066667 515.925323725
-3.116288 516.046081509
-3.11128533333 516.258479465
-3.10628266667 516.335881046
-3.10128 516.47591885
-3.09627733333 516.621867949
-3.09127466667 516.828222567
-3.086272 516.804842987
-3.08126933333 517.044212706
-3.07626666667 517.214342304
-3.071264 517.381659518
-3.06626133333 517.499877027
-3.06125866667 517.636364827
-3.056256 517.998056283
-3.05125333333 518.220066297
-3.04625066667 518.350346836
-3.041248 518.64104692
-3.03624533333 518.63614862
-3.03124266667 518.745088791
-3.02624 518.784178839
-3.02123733333 518.866532982
-3.01623466667 518.777885163
-3.011232 518.822893297
-3.00622933333 518.829397953
-3.00122666667 519.030408872
-2.996224 519.267913316
-2.99122133333 519.437080746
-2.98621866667 519.497625886
-2.981216 519.813190434
-2.97621333333 520.138407505
-2.97121066667 520.283876094
-2.966208 520.453067147
-2.96120533333 520.60012076
-2.95620266667 520.634115354
-2.9512 520.896487153
-2.94619733333 520.955688751
-2.94119466667 521.122100016
-2.936192 521.180267881
-2.93118933333 521.29459069
-2.92618666667 521.37669874
-2.921184 521.439839908
-2.91618133333 521.407928402
-2.91117866667 521.451286527
-2.906176 521.241037622
-2.90117333333 521.280916402
-2.89617066667 521.203342404
-2.891168 521.084667922
-2.88616533333 520.850279407
-2.88116266667 520.724928401
-2.87616 520.507331036
-2.87115733333 520.195502295
-2.86615466667 519.900131373
-2.861152 519.702731491
-2.85614933333 519.557319086
-2.85114666667 519.306837969
-2.846144 519.06631156
-2.84114133333 519.032524077
-2.83613866667 518.682415771
-2.831136 518.514825174
-2.82613333333 518.36038146
-2.82113066667 517.943648682
-2.816128 517.522595554
-2.81112533333 516.94805293
-2.80612266667 516.404425024
-2.80112 515.755703418
-2.79611733333 514.828876061
-2.79111466667 514.002510908
-2.786112 513.188708727
-2.78110933333 512.326949003
-2.77610666667 511.4240886
-2.771104 510.487573908
-2.76610133333 509.380156881
-2.76109866667 508.449035281
-2.756096 507.162096544
-2.75109333333 506.052460484
-2.74609066667 505.038778452
-2.741088 504.235287896
-2.73608533333 503.263179955
-2.73108266667 502.251499637
-2.72608 501.192866717
-2.72107733333 500.306727346
-2.71607466667 499.442691021
-2.711072 498.560980592
-2.70606933333 497.615642634
-2.70106666667 496.944735522
-2.696064 495.993207375
-2.69106133333 495.027397847
-2.68605866667 494.108921107
-2.681056 493.377129726
-2.67605333333 492.455202477
-2.67105066667 491.655204815
-2.666048 490.797230586
-2.66104533333 490.085934042
-2.65604266667 489.458952167
-2.65104 489.095703972
-2.64603733333 488.797358108
-2.64103466667 488.362164468
-2.636032 487.775930809
-2.63102933333 487.261021405
-2.62602666667 486.678808838
-2.621024 486.200779854
-2.61602133333 485.738891437
-2.61101866667 485.490827684
-2.606016 485.362198029
-2.60101333333 485.36267688
-2.59601066667 485.411555171
-2.591008 485.453345726
-2.58600533333 485.399020431
-2.58100266667 485.404893122
-2.576 485.376290066
-2.57099733333 485.089025528
-2.56599466667 484.976404894
-2.560992 484.794654923
-2.55598933333 484.59981021
-2.55098666667 484.449704623
-2.545984 484.156671206
-2.54098133333 484.038072655
-2.53597866667 483.946043532
-2.530976 483.76563595
-2.52597333333 483.615765441
-2.52097066667 483.523835608
-2.515968 483.582362657
-2.51096533333 483.445231627
-2.50596266667 483.451553453
-2.50096 483.531653779
-2.49595733333 483.569619461
-2.49095466667 483.627958443
-2.485952 483.604332846
-2.48094933333 483.581764532
-2.47594666667 483.607664161
-2.470944 483.580114477
-2.46594133333 483.573328583
-2.46093866667 483.547031053
-2.455936 483.513279016
-2.45093333333 483.513585356
-2.44593066667 483.38771541
-2.440928 483.266652957
-2.43592533333 483.383606065
-2.43092266667 483.187738271
-2.42592 483.121323109
-2.42091733333 483.144167731
-2.41591466667 483.110515494
-2.410912 483.065019547
-2.40590933333 482.913912122
-2.40090666667 482.785818817
-2.395904 482.664079208
-2.39090133333 482.521849236
-2.38589866667 482.520374294
-2.380896 482.390030064
-2.37589333333 482.365056271
-2.37089066667 482.251609886
-2.365888 482.154691898
-2.36088533333 482.059610738
-2.35588266667 482.014068467
-2.35088 482.04118843
-2.34587733333 482.151677936
-2.34087466667 482.130704076
-2.335872 481.950456912
-2.33086933333 481.936488782
-2.32586666667 481.8086932
-2.320864 481.871891571
-2.31586133333 481.757117259
-2.31085866667 481.765946212
-2.305856 481.712931912
-2.30085333333 481.68585882
-2.29585066667 481.645895153
-2.290848 481.572123819
-2.28584533333 481.444665169
-2.28084266667 481.510141151
-2.27584 481.441884809
-2.27083733333 481.280639831
-2.26583466667 481.192044969
-2.260832 481.327345661
-2.25582933333 481.475732117
-2.25082666667 481.639848252
-2.245824 481.718439054
-2.24082133333 481.875676807
-2.23581866667 482.0185335
-2.230816 482.190688541
-2.22581333333 482.226024136
-2.22081066667 482.500316372
-2.215808 482.637834066
-2.21080533333 482.822555613
-2.20580266667 483.000013541
-2.2008 483.18899332
-2.19579733333 483.212676223
-2.19079466667 483.205982005
-2.185792 483.332764022
-2.18078933333 483.512174121
-2.17578666667 483.582427543
-2.170784 483.826744731
-2.16578133333 483.971461327
-2.16077866667 484.138809698
-2.155776 484.21291836
-2.15077333333 484.32723613
-2.14577066667 484.295938573
-2.140768 484.544347951
-2.13576533333 484.628877434
-2.13076266667 484.722008442
-2.12576 484.850116505
-2.12075733333 484.868521195
-2.11575466667 484.906634789
-2.110752 484.913473403
-2.10574933333 484.844013495
-2.10074666667 484.886263634
-2.095744 484.978506069
-2.09074133333 484.811542137
-2.08573866667 484.850539606
-2.080736 484.884399741
-2.07573333333 484.866245553
-2.07073066667 484.800965857
-2.065728 484.691004126
-2.06072533333 484.594774609
-2.05572266667 484.495678247
-2.05072 484.280702897
-2.04571733333 484.021917602
-2.04071466667 483.974330013
-2.035712 483.991186635
-2.03070933333 483.882726563
-2.02570666667 483.924201689
-2.020704 484.135394941
-2.01570133333 484.233220504
-2.01069866667 484.317710028
-2.005696 484.19467779
-2.00069333333 484.128939766
-1.99569066667 483.942776039
-1.990688 483.919579206
-1.98568533333 483.775591976
-1.98068266667 483.798312669
-1.97568 483.830171482
-1.97067733333 483.930207591
-1.96567466667 484.079149399
-1.960672 484.23178316
-1.95566933333 484.32484911
-1.95066666667 484.421573717
-1.945664 484.392663618
-1.94066133333 484.313759686
-1.93565866667 484.369889786
-1.930656 484.409996545
-1.92565333333 484.524522046
-1.92065066667 484.722177185
-1.915648 484.839490405
-1.91064533333 485.025884481
-1.90564266667 485.135040941
-1.90064 485.40912116
-1.89563733333 485.469721288
-1.89063466667 485.659655309
-1.885632 485.589559036
-1.88062933333 485.728112572
-1.87562666667 485.720299442
-1.870624 485.701966551
-1.86562133333 485.62902707
-1.86061866667 485.568684289
-1.855616 485.542758608
-1.85061333333 485.243871871
-1.84561066667 485.036097897
-1.840608 484.87043197
-1.83560533333 484.605725947
-1.83060266667 484.384496158
-1.8256 484.131906616
-1.82059733333 483.896401434
-1.81559466667 483.788151361
-1.810592 483.751575323
-1.80558933333 483.714865866
-1.80058666667 483.839248717
-1.795584 483.957097398
-1.79058133333 483.917046615
-1.78557866667 483.889531701
-1.780576 483.819735429
-1.77557333333 483.882059552
-1.77057066667 483.867006932
-1.765568 483.963031925
-1.76056533333 484.099496747
-1.75556266667 484.269251342
-1.75056 484.335487511
-1.74555733333 484.393991611
-1.74055466667 484.53937779
-1.735552 484.700152232
-1.73054933333 484.842109109
-1.72554666667 484.9433757
-1.720544 485.175559046
-1.71554133333 485.347022819
-1.71053866667 485.567258944
-1.705536 485.74762403
-1.70053333333 485.8975148
-1.69553066667 486.164820716
-1.690528 486.267573638
-1.68552533333 486.35078627
-1.68052266667 486.538303906
-1.67552 486.72617575
-1.67051733333 486.770216743
-1.66551466667 486.759171464
-1.660512 486.82701626
-1.65550933333 486.872582688
-1.65050666667 486.833283353
-1.645504 486.851853029
-1.64050133333 486.838192771
-1.63549866667 486.782719961
-1.630496 486.723324044
-1.62549333333 486.724544612
-1.62049066667 486.66935681
-1.615488 486.763218288
-1.61048533333 486.705547879
-1.60548266667 486.694422489
-1.60048 486.648215264
-1.59547733333 486.699131675
-1.59047466667 486.666139441
-1.585472 486.710198358
-1.58046933333 486.666518204
-1.57546666667 486.556826506
-1.570464 486.427355719
-1.56546133333 486.352913119
-1.56045866667 486.344076157
-1.555456 486.439093811
-1.55045333333 486.447034803
-1.54545066667 486.511331518
-1.540448 486.646152518
-1.53544533333 486.857874573
-1.53044266667 486.946170289
-1.52544 486.902580775
-1.52043733333 487.036688992
-1.51543466667 487.08960042
-1.510432 487.305873932
-1.50542933333 487.348597983
-1.50042666667 487.493111909
-1.495424 487.489112391
-1.49042133333 487.503822547
-1.48541866667 487.44598993
-1.480416 487.405024157
-1.47541333333 487.397754573
-1.47041066667 487.455493009
-1.465408 487.594576075
-1.46040533333 487.70026075
-1.45540266667 487.850340567
-1.4504 488.016104892
-1.44539733333 488.042304311
-1.44039466667 488.209278465
-1.435392 488.226461962
-1.43038933333 488.285986538
-1.42538666667 488.193878227
-1.420384 488.098584943
-1.41538133333 487.976341788
-1.41037866667 487.921319806
-1.405376 487.775028692
-1.40037333333 487.719677768
-1.39537066667 487.83382653
-1.390368 487.999999878
-1.38536533333 488.177739828
-1.38036266667 488.246548551
-1.37536 488.144771833
-1.37035733333 487.892580076
-1.36535466667 487.458654953
-1.360352 486.946241492
-1.35534933333 486.285855302
-1.35034666667 485.743765758
-1.345344 485.545028592
-1.34034133333 485.528937131
-1.33533866667 485.533813931
-1.330336 485.613017637
-1.32533333333 485.522724099
-1.32033066667 485.55725734
-1.315328 485.599495618
-1.31032533333 485.485974042
-1.30532266667 485.359082844
-1.30032 485.325334916
-1.29531733333 485.2858224
-1.29031466667 485.262575525
-1.285312 485.29409072
-1.28030933333 485.26649055
-1.27530666667 485.138692616
-1.270304 485.175523286
-1.26530133333 485.179632578
-1.26029866667 485.311379516
-1.255296 485.375037105
-1.25029333333 485.368775074
-1.24529066667 485.34963519
-1.240288 485.413747922
-1.23528533333 485.514740393
-1.23028266667 485.671108217
-1.22528 485.723006023
-1.22027733333 486.039205758
-1.21527466667 486.289072095
-1.210272 486.399102315
-1.20526933333 486.485494743
-1.20026666667 486.663435432
-1.195264 486.682340028
-1.19026133333 486.882542484
-1.18525866667 486.84604646
-1.180256 486.973312189
-1.17525333333 486.939704917
-1.17025066667 486.993446472
-1.165248 486.93937573
-1.16024533333 487.010409024
-1.15524266667 487.115008612
-1.15024 487.089930686
-1.14523733333 487.070911971
-1.14023466667 487.060602472
-1.135232 487.029307968
-1.13022933333 486.86844231
-1.12522666667 486.700009856
-1.120224 486.670556993
-1.11522133333 486.528874461
-1.11021866667 486.333161995
-1.105216 486.180595076
-1.10021333333 486.084111533
-1.09521066667 485.78441737
-1.090208 485.708915619
-1.08520533333 485.558876887
-1.08020266667 485.605103021
-1.0752 485.622804615
-1.07019733333 485.540679627
-1.06519466667 485.518939172
-1.060192 485.544888617
-1.05518933333 485.549063233
-1.05018666667 485.656349162
-1.045184 485.704713665
-1.04018133333 485.819007439
-1.03517866667 485.866285697
-1.030176 485.887005853
-1.02517333333 485.822230128
-1.02017066667 485.898588967
-1.015168 485.983226604
-1.01016533333 486.015588673
-1.00516266667 486.033720348
-1.00016 486.087437549
-0.995157333333 486.055948105
-0.990154666667 486.081908572
-0.985152 486.098113951
-0.980149333333 486.11626918
-0.975146666667 486.145697382
-0.970144 486.178045817
-0.965141333333 486.264394767
-0.960138666667 486.317997264
-0.955136 486.519344667
-0.950133333333 486.584787552
-0.945130666667 486.614372898
-0.940128 486.793699594
-0.935125333333 487.028786128
-0.930122666667 487.132616284
-0.92512 487.192457231
-0.920117333333 487.263580169
-0.915114666667 487.271556681
-0.910112 487.352103109
-0.905109333333 487.316267128
-0.900106666667 487.337609846
-0.895104 487.341898138
-0.890101333333 487.425671879
-0.885098666667 487.4056137
-0.880096 487.347417055
-0.875093333333 487.290892711
-0.870090666667 487.35328061
-0.865088 487.452450047
-0.860085333333 487.486113096
-0.855082666667 487.553569512
-0.85008 487.589010997
-0.845077333333 487.685766672
-0.840074666667 487.721705311
-0.835072 487.846656794
-0.830069333333 487.875270242
-0.825066666667 487.892613928
-0.820064 488.008342849
-0.815061333333 488.17006541
-0.810058666667 488.183488913
-0.805056 488.09023034
-0.800053333333 488.211770137
-0.795050666667 488.134710319
-0.790048 488.197019671
-0.785045333333 488.22632862
-0.780042666667 488.318523354
-0.77504 488.408288541
-0.770037333333 488.473367184
-0.765034666667 488.400719765
-0.760032 488.410748403
-0.755029333333 488.222005989
-0.750026666667 488.173861567
-0.745024 487.965164155
-0.740021333333 488.010992748
-0.735018666667 487.935829548
-0.730016 488.086251787
-0.725013333333 488.204394549
-0.720010666667 488.243412988
-0.715008 488.211283433
-0.710005333333 488.074384447
-0.705002666667 487.853984229
-0.7 487.724008829
-0.694997333333 487.388272377
-0.689994666667 487.165174052
-0.684992 486.96417907
-0.679989333333 486.869800055
-0.674986666667 486.81810088
-0.669984 486.730779585
-0.664981333333 486.607491529
-0.659978666667 486.505933641
-0.654976 486.490318422
-0.649973333333 486.50095008
-0.644970666667 486.384261919
-0.639968 486.21977608
-0.634965333333 486.083219044
-0.629962666667 485.761241233
-0.62496 485.422049165
-0.619957333333 485.214491653
-0.614954666667 485.068865214
-0.609952 484.836660254
-0.604949333333 484.740282179
-0.599946666667 484.539020936
-0.594944 484.501571278
-0.589941333333 484.330408039
-0.584938666667 484.225710282
-0.579936 484.010573152
-0.574933333333 483.881717223
-0.569930666667 483.51269654
-0.564928 483.069309844
-0.559925333333 482.730089325
-0.554922666667 482.531571788
-0.54992 482.496263314
-0.544917333333 482.417911549
-0.539914666667 482.338453613
-0.534912 482.252157208
-0.529909333333 482.194172731
-0.524906666667 482.011172118
-0.519904 481.988972164
-0.514901333333 481.706981379
-0.509898666667 481.61648171
-0.504896 481.434936414
-0.499893333333 481.489328618
-0.494890666667 481.565775932
-0.489888 481.81991746
-0.484885333333 482.079108962
-0.479882666667 482.428822096
-0.47488 482.76146314
-0.469877333333 483.147050946
-0.464874666667 483.405226694
-0.459872 483.768003337
-0.454869333333 484.012396404
-0.449866666667 484.348510139
-0.444864 484.365261194
-0.439861333333 484.455149624
-0.434858666667 484.359633105
-0.429856 484.286786821
-0.424853333333 484.241348519
-0.419850666667 484.240178391
-0.414848 484.16649339
-0.409845333333 484.144783079
-0.404842666667 484.146434499
-0.39984 484.051614584
-0.394837333333 483.997703792
-0.389834666667 483.911759186
-0.384832 483.951214114
-0.379829333333 483.939542217
-0.374826666667 483.913002225
-0.369824 483.933686137
-0.364821333333 483.974956522
-0.359818666667 483.990076877
-0.354816 484.002894298
-0.349813333333 484.205057603
-0.344810666667 484.279063044
-0.339808 484.480507583
-0.334805333333 484.698014259
-0.329802666667 484.748616879
-0.3248 484.921108089
-0.319797333333 484.944524099
-0.314794666667 485.004419141
-0.309792 485.104385978
-0.304789333333 485.223877077
-0.299786666667 485.41692429
-0.294784 485.648570728
-0.289781333333 486.008701101
-0.284778666667 486.282909817
-0.279776 486.654482519
-0.274773333333 487.022774939
-0.269770666667 487.204412891
-0.264768 487.352188872
-0.259765333333 487.681031617
-0.254762666667 487.947873608
-0.24976 488.181650718
-0.244757333333 488.428302932
-0.239754666667 488.65297018
-0.234752 488.927913875
-0.229749333333 489.107121473
-0.224746666667 489.305417213
-0.219744 489.597163733
-0.214741333333 489.92898947
-0.209738666667 490.130014999
-0.204736 490.248403648
-0.199733333333 490.401973259
-0.194730666667 490.545034593
-0.189728 490.636614829
-0.184725333333 490.657879441
-0.179722666667 490.779706977
-0.17472 490.843453384
-0.169717333333 490.929195999
-0.164714666667 491.036294798
-0.159712 491.140848509
-0.154709333333 491.40148946
-0.149706666667 491.408782851
-0.144704 491.460852662
-0.139701333333 491.649771486
-0.134698666667 491.897405461
-0.129696 492.142873541
-0.124693333333 492.150268801
-0.119690666667 492.287048428
-0.114688 492.319072066
-0.109685333333 492.322842902
-0.104682666667 492.308378176
-0.09968 492.327662152
-0.0946773333333 492.376181097
-0.0896746666667 492.608626898
-0.084672 492.696705727
-0.0796693333333 492.913474266
-0.0746666666667 493.155218191
-0.069664 493.220961001
-0.0646613333333 493.105222173
-0.0596586666667 493.137071425
-0.054656 493.018360959
-0.0496533333333 493.004001803
-0.0446506666667 493.162813039
-0.039648 493.452793319
-0.0346453333333 494.002420302
-0.0296426666667 494.371247883
-0.02464 494.624427069
-0.0196373333333 494.801712468
-0.0146346666667 494.921509042
-0.009632 494.920269375
-0.00462933333333 494.885364978
